927431,0.405,1.590,9.759,0.059,-0.034,-0.003,2513,0
927451,0.385,1.640,9.783,0.037,-0.061,-0.002,2512,0
927471,0.407,1.618,9.771,0.034,-0.067,-0.004,2512,0
927491,0.383,1.652,9.744,0.057,-0.052,-0.006,2514,0
927511,0.326,1.748,9.699,0.079,-0.057,0.004,2513,0
927531,0.345,1.774,9.627,0.066,-0.071,0.020,2513,0
927551,0.378,1.647,9.606,0.053,-0.062,0.032,2513,0
927571,0.371,1.561,9.665,0.058,-0.043,0.029,2513,0
927591,0.352,1.566,9.670,0.069,-0.044,0.021,2512,0
927611,0.354,1.583,9.634,0.072,-0.071,0.017,2513,0
927631,0.436,1.501,9.529,0.059,-0.085,0.011,2512,0
927651,0.460,1.499,9.491,0.060,-0.053,0.008,2513,0
927671,0.417,1.475,9.519,0.082,-0.027,-0.000,2512,0
927691,0.385,1.494,9.522,0.116,-0.038,-0.018,2511,0
927711,0.472,1.559,9.531,0.145,-0.046,-0.039,2512,0
927731,0.496,1.717,9.479,0.139,-0.025,-0.044,2512,0
927751,0.460,1.808,9.512,0.102,-0.000,-0.027,2513,0
927771,0.412,1.788,9.596,0.079,0.001,-0.004,2513,0
927791,0.424,1.688,9.598,0.087,-0.012,0.007,2512,0
927811,0.464,1.791,9.577,0.106,-0.014,-0.000,2513,0
927831,0.405,1.846,9.615,0.088,-0.006,-0.006,2512,0
927851,0.441,1.829,9.594,0.061,-0.014,0.009,2513,0
927871,0.496,1.743,9.627,0.062,-0.008,0.025,2512,0
927891,0.472,1.690,9.689,0.083,0.013,0.020,2512,0
927911,0.464,1.736,9.725,0.087,0.010,0.013,2512,0
927931,0.479,1.738,9.787,0.064,-0.002,0.014,2513,0
927951,0.508,1.693,9.754,0.042,-0.015,0.022,2512,0
927971,0.496,1.678,9.795,0.041,-0.023,0.018,2513,0
927991,0.496,1.626,9.831,0.055,-0.017,0.006,2512,0
928011,0.433,1.690,9.756,0.073,-0.033,-0.007,2512,0
928031,0.417,1.841,9.685,0.067,-0.052,-0.009,2512,0
928051,0.378,1.867,9.644,0.042,-0.060,-0.002,2513,0
928071,0.350,1.870,9.668,0.046,-0.044,0.005,2512,0
928091,0.304,1.863,9.680,0.076,-0.038,0.017,2512,0
928111,0.316,1.896,9.606,0.082,-0.052,0.028,2512,0
928131,0.381,1.786,9.538,0.040,-0.065,0.034,2513,0
928151,0.455,1.623,9.531,0.032,-0.053,0.025,2512,0
928171,0.426,1.590,9.567,0.062,-0.027,0.007,2512,0
928191,0.383,1.695,9.598,0.079,-0.017,0.004,2513,0
928211,0.366,1.755,9.606,0.062,-0.031,-0.001,2512,0
928231,0.397,1.724,9.615,0.044,-0.037,-0.011,2512,0
928251,0.366,1.827,9.615,0.035,-0.034,-0.011,2513,0
928271,0.366,1.827,9.601,0.026,-0.039,0.005,2512,0
928291,0.407,1.772,9.608,0.028,-0.027,0.011,2513,0
928311,0.383,1.815,9.608,0.023,-0.014,0.009,2514,0
928331,0.381,1.786,9.615,0.011,-0.019,0.010,2512,0
928351,0.402,1.714,9.646,0.012,-0.013,0.010,2512,0
928371,0.381,1.748,9.723,0.020,-0.009,0.014,2512,0
928391,0.378,1.765,9.701,0.010,-0.022,0.014,2512,0
928411,0.407,1.786,9.673,-0.005,-0.024,0.011,2512,0
928431,0.445,1.705,9.644,-0.016,-0.012,0.012,2513,0
928451,0.491,1.618,9.723,0.003,-0.015,0.007,2512,0
928471,0.460,1.666,9.764,0.018,-0.019,-0.002,2512,0
928491,0.436,1.729,9.787,0.002,-0.018,0.003,2513,0
928511,0.450,1.745,9.797,-0.009,-0.027,0.011,2514,0
928531,0.431,1.705,9.747,-0.008,-0.046,0.005,2513,0
928551,0.412,1.719,9.730,-0.016,-0.059,0.007,2513,0
928571,0.390,1.681,9.687,-0.033,-0.055,0.016,2513,0
928591,0.421,1.630,9.735,-0.026,-0.060,0.003,2514,0
928611,0.445,1.578,9.706,-0.011,-0.066,-0.013,2513,0
928631,0.431,1.642,9.627,0.002,-0.057,-0.012,2514,0
928651,0.414,1.686,9.574,0.005,-0.055,-0.010,2513,0
928671,0.385,1.654,9.589,-0.013,-0.055,-0.008,2513,0
928691,0.393,1.561,9.644,-0.026,-0.052,-0.002,2513,0
928711,0.424,1.504,9.644,-0.002,-0.058,-0.007,2512,0
928731,0.460,1.551,9.546,0.010,-0.049,-0.007,2513,0
928751,0.397,1.614,9.577,-0.020,-0.034,-0.006,2512,0
928771,0.340,1.542,9.598,-0.047,-0.039,-0.008,2513,0
928791,0.376,1.475,9.589,-0.044,-0.042,-0.009,2512,0
928811,0.433,1.489,9.608,-0.025,-0.019,-0.008,2513,0
928831,0.369,1.535,9.627,-0.023,0.005,-0.005,2513,0
928851,0.342,1.544,9.632,-0.037,-0.013,0.002,2512,0
928871,0.371,1.549,9.677,-0.054,-0.038,0.008,2512,0
928891,0.388,1.451,9.601,-0.056,-0.022,0.007,2512,0
928911,0.376,1.458,9.615,-0.040,-0.009,0.004,2512,0
928931,0.388,1.413,9.689,-0.027,-0.011,0.004,2512,0
928951,0.378,1.489,9.663,-0.013,-0.024,-0.006,2512,0
928971,0.357,1.525,9.663,-0.023,-0.031,-0.005,2512,0
928991,0.388,1.425,9.675,-0.024,-0.036,-0.004,2512,0
929011,0.424,1.362,9.625,0.004,-0.026,-0.010,2513,0
929031,0.426,1.432,9.553,0.020,-0.015,-0.011,2513,0
929051,0.419,1.496,9.519,-0.004,-0.023,0.003,2512,0
929071,0.414,1.434,9.558,-0.022,-0.018,0.007,2513,0
929091,0.369,1.374,9.629,-0.014,0.006,0.005,2511,0
929111,0.278,1.398,9.699,0.014,0.002,0.004,2513,0
929131,0.326,1.389,9.622,0.038,-0.037,0.001,2513,0
929151,0.357,1.355,9.562,0.060,-0.036,-0.002,2512,0
929171,0.357,1.396,9.524,0.071,-0.011,-0.014,2512,0
929191,0.266,1.460,9.641,0.071,0.015,-0.009,2512,0
929211,0.251,1.511,9.651,0.064,-0.001,0.001,2512,0
929231,0.297,1.477,9.641,0.054,-0.023,0.008,2513,0
929251,0.326,1.408,9.620,0.046,-0.013,0.011,2512,0
929271,0.350,1.300,9.692,0.054,0.002,0.010,2512,0
929291,0.362,1.281,9.708,0.087,0.002,-0.003,2512,0
929311,0.362,1.362,9.641,0.099,-0.010,-0.017,2513,0
929331,0.352,1.444,9.649,0.067,-0.013,-0.011,2512,0
929351,0.362,1.401,9.697,0.051,-0.007,-0.007,2512,0
929371,0.345,1.336,9.787,0.081,-0.008,-0.021,2512,0
929391,0.328,1.427,9.744,0.123,-0.017,-0.024,2512,0
929411,0.333,1.542,9.658,0.113,-0.027,-0.023,2513,0
929431,0.333,1.523,9.634,0.075,-0.036,-0.017,2512,0
929451,0.290,1.513,9.773,0.076,-0.014,-0.011,2513,0
929471,0.254,1.496,9.747,0.098,-0.022,-0.013,2512,0
929491,0.294,1.477,9.730,0.106,-0.039,-0.012,2512,0
929511,0.328,1.456,9.725,0.094,-0.036,-0.013,2512,0
929531,0.297,1.468,9.752,0.066,-0.030,-0.011,2511,0
929551,0.311,1.377,9.826,0.055,-0.031,-0.005,2513,0
929571,0.376,1.290,9.799,0.081,-0.034,-0.007,2512,0
929591,0.378,1.324,9.754,0.075,-0.037,-0.023,2511,0
929611,0.393,1.322,9.720,0.043,-0.038,-0.027,2512,0
929631,0.388,1.336,9.720,0.049,-0.027,-0.025,2512,0
929651,0.328,1.405,9.778,0.060,-0.026,-0.026,2512,0
929671,0.299,1.492,9.752,0.043,-0.043,-0.023,2512,0
929691,0.314,1.506,9.685,0.010,-0.063,-0.027,2512,0
929711,0.352,1.508,9.629,0.011,-0.060,-0.031,2513,0
929731,0.333,1.516,9.613,0.046,-0.038,-0.036,2512,0
929751,0.271,1.633,9.682,0.071,-0.028,-0.033,2512,0
929771,0.259,1.693,9.646,0.056,-0.043,-0.024,2512,0
929791,0.302,1.638,9.560,0.024,-0.068,-0.020,2513,0
929811,0.369,1.511,9.589,0.023,-0.056,-0.017,2514,0
929831,0.347,1.482,9.627,0.057,-0.022,-0.024,2512,0
929851,0.292,1.542,9.670,0.090,-0.023,-0.026,2512,0
929871,0.328,1.592,9.582,0.085,-0.053,-0.023,2512,0
929891,0.350,1.585,9.558,0.056,-0.046,-0.021,2512,0
929911,0.347,1.554,9.608,0.039,-0.034,-0.026,2512,0
929931,0.347,1.583,9.646,0.043,-0.031,-0.024,2512,0
929951,0.297,1.575,9.701,0.066,-0.026,-0.023,2512,0
929971,0.263,1.616,9.706,0.080,-0.030,-0.018,2512,0
929991,0.292,1.623,9.689,0.084,-0.043,-0.011,2511,0
930011,0.350,1.556,9.622,0.061,-0.055,-0.011,2512,0
930031,0.364,1.489,9.582,0.043,-0.049,-0.015,2512,0
930051,0.304,1.470,9.665,0.055,-0.023,-0.028,2512,0
930071,0.271,1.597,9.706,0.076,-0.017,-0.028,2512,0
930091,0.318,1.719,9.675,0.064,-0.033,-0.012,2512,0
930111,0.376,1.650,9.699,0.053,-0.030,-0.001,2513,0
930131,0.345,1.609,9.713,0.050,-0.024,-0.001,2513,0
930151,0.340,1.556,9.778,0.051,-0.037,-0.005,2513,0
930171,0.359,1.587,9.776,0.075,-0.035,-0.006,2512,0
930191,0.338,1.645,9.768,0.094,-0.043,0.000,2511,0
930211,0.280,1.686,9.764,0.074,-0.064,0.007,2512,0
930231,0.280,1.518,9.766,0.041,-0.077,0.002,2512,0
930251,0.318,1.372,9.718,0.057,-0.089,-0.012,2512,0
930271,0.342,1.434,9.613,0.088,-0.080,-0.029,2513,0
930291,0.302,1.539,9.572,0.084,-0.055,-0.031,2513,0
930311,0.285,1.602,9.555,0.040,-0.054,-0.027,2513,0
930331,0.292,1.523,9.594,0.019,-0.055,-0.020,2512,0
930351,0.314,1.470,9.596,0.037,-0.031,-0.023,2513,0
930371,0.335,1.520,9.553,0.050,-0.022,-0.025,2513,0
930391,0.369,1.551,9.519,0.031,-0.030,-0.022,2513,0
930411,0.402,1.547,9.541,0.010,-0.017,-0.025,2512,0
930431,0.364,1.590,9.608,0.004,0.010,-0.031,2513,0
930451,0.362,1.635,9.658,0.010,-0.005,-0.030,2511,0
930471,0.424,1.666,9.680,0.021,-0.020,-0.026,2511,0
930491,0.402,1.686,9.701,0.027,-0.002,-0.025,2514,0
930511,0.366,1.726,9.771,0.035,0.001,-0.026,2514,0
930531,0.376,1.700,9.766,0.036,-0.030,-0.018,2513,0
930551,0.441,1.645,9.701,0.043,-0.055,-0.014,2512,0
930571,0.409,1.647,9.658,0.039,-0.050,-0.017,2512,0
930591,0.385,1.690,9.589,0.038,-0.052,-0.010,2512,0
930611,0.388,1.695,9.579,0.042,-0.042,-0.008,2512,0
930631,0.376,1.688,9.613,0.057,-0.029,-0.007,2513,0
930651,0.340,1.693,9.610,0.062,-0.033,-0.005,2513,0
930671,0.383,1.676,9.572,0.053,-0.039,0.002,2512,0
930691,0.395,1.650,9.591,0.044,-0.025,0.007,2512,0
930711,0.390,1.626,9.639,0.048,-0.022,0.014,2514,0
930731,0.340,1.657,9.694,0.051,-0.029,0.018,2512,0
930751,0.287,1.678,9.723,0.036,-0.036,0.019,2512,0
930771,0.268,1.647,9.780,0.027,-0.032,0.027,2513,0
930791,0.251,1.532,9.843,0.043,-0.044,0.026,2513,0
930811,0.227,1.487,9.785,0.070,-0.064,0.012,2512,0
930831,0.223,1.537,9.708,0.077,-0.072,-0.003,2513,0
930851,0.204,1.573,9.665,0.067,-0.067,-0.007,2512,0
930871,0.225,1.571,9.670,0.057,-0.060,-0.009,2513,0
930891,0.247,1.504,9.708,0.051,-0.061,-0.011,2513,0
930911,0.290,1.446,9.685,0.056,-0.064,-0.016,2512,0
930931,0.275,1.410,9.687,0.055,-0.058,-0.029,2512,0
930951,0.318,1.389,9.634,0.046,-0.068,-0.042,2512,0
930971,0.424,1.386,9.531,0.035,-0.076,-0.059,2513,0
930991,0.424,1.439,9.524,0.037,-0.054,-0.074,2513,0
931011,0.385,1.530,9.598,0.031,-0.021,-0.080,2512,0
931031,0.316,1.578,9.692,0.022,-0.032,-0.086,2512,0
931051,0.390,1.616,9.670,0.025,-0.054,-0.085,2512,0
931071,0.378,1.664,9.639,0.029,-0.035,-0.078,2513,0
931091,0.314,1.650,9.737,0.014,-0.020,-0.071,2512,0
931111,0.302,1.583,9.855,0.008,-0.036,-0.071,2512,0
931131,0.297,1.638,9.902,0.029,-0.044,-0.078,2512,0
931151,0.242,1.707,9.864,0.031,-0.050,-0.072,2512,0
931171,0.206,1.645,9.874,0.008,-0.056,-0.059,2512,0
931191,0.211,1.532,9.931,-0.011,-0.062,-0.061,2512,0
931211,0.189,1.429,9.926,-0.011,-0.070,-0.068,2512,0
931231,0.247,1.379,9.850,0.011,-0.092,-0.074,2512,0
931251,0.347,1.338,9.639,0.013,-0.111,-0.078,2512,0
931271,0.366,1.300,9.620,-0.023,-0.092,-0.083,2511,0
931291,0.323,1.219,9.658,-0.057,-0.082,-0.091,2513,0
931311,0.340,1.202,9.629,-0.034,-0.098,-0.104,2512,0
931331,0.412,1.319,9.445,-0.002,-0.106,-0.117,2513,0
931351,0.436,1.468,9.400,-0.016,-0.086,-0.117,2513,0
931371,0.376,1.425,9.474,-0.051,-0.065,-0.113,2512,0
931391,0.390,1.372,9.558,-0.021,-0.081,-0.124,2512,0
931411,0.488,1.499,9.486,0.039,-0.097,-0.135,2512,0
931431,0.520,1.645,9.366,0.037,-0.090,-0.125,2513,0
931451,0.532,1.611,9.455,0.017,-0.062,-0.104,2512,0
931471,0.536,1.607,9.555,0.030,-0.047,-0.096,2513,0
931491,0.546,1.657,9.546,0.035,-0.076,-0.097,2512,0
931511,0.630,1.642,9.469,0.035,-0.100,-0.084,2512,0
931531,0.656,1.590,9.448,0.057,-0.070,-0.076,2512,0
931551,0.642,1.554,9.579,0.081,-0.043,-0.077,2511,0
931571,0.563,1.609,9.680,0.086,-0.042,-0.074,2512,0
931591,0.579,1.611,9.718,0.081,-0.064,-0.073,2513,0
931611,0.603,1.671,9.629,0.102,-0.071,-0.072,2513,0
931631,0.620,1.800,9.577,0.087,-0.055,-0.055,2512,0
931651,0.615,1.786,9.608,0.050,-0.052,-0.031,2513,0
931671,0.618,1.690,9.589,0.055,-0.056,-0.018,2513,0
931691,0.630,1.717,9.527,0.087,-0.041,-0.012,2512,0
931711,0.601,1.741,9.486,0.085,-0.029,-0.007,2512,0
931731,0.520,1.784,9.680,0.060,-0.019,-0.006,2512,0
931751,0.472,1.741,9.790,0.061,-0.031,-0.003,2512,0
931771,0.472,1.750,9.776,0.084,-0.051,0.002,2512,0
931791,0.484,1.683,9.711,0.106,-0.049,0.006,2512,0
931811,0.472,1.623,9.692,0.116,-0.035,-0.002,2512,0
931831,0.390,1.654,9.835,0.081,-0.030,-0.003,2512,0
931851,0.378,1.549,9.926,0.042,-0.055,0.002,2513,0
931871,0.443,1.389,9.871,0.068,-0.078,-0.009,2513,0
931891,0.500,1.427,9.747,0.094,-0.073,-0.018,2512,0
931911,0.474,1.456,9.704,0.049,-0.061,-0.019,2512,0
931931,0.486,1.367,9.716,0.001,-0.079,-0.014,2512,0
931951,0.541,1.247,9.644,0.005,-0.095,-0.029,2512,0
931971,0.603,1.221,9.596,0.050,-0.071,-0.054,2513,0
931991,0.575,1.350,9.586,0.068,-0.041,-0.072,2512,0
932011,0.536,1.448,9.651,0.031,-0.048,-0.063,2512,0
932031,0.608,1.417,9.620,0.011,-0.084,-0.065,2512,0
932051,0.697,1.444,9.438,0.025,-0.080,-0.074,2513,0
932071,0.687,1.551,9.416,0.025,-0.050,-0.070,2514,0
932091,0.675,1.551,9.483,0.018,-0.041,-0.064,2513,0
932111,0.702,1.583,9.448,0.034,-0.048,-0.058,2512,0
932131,0.747,1.647,9.409,0.032,-0.038,-0.053,2512,0
932151,0.725,1.700,9.448,0.013,-0.014,-0.050,2512,0
932171,0.651,1.697,9.591,0.010,-0.001,-0.039,2512,0
932191,0.649,1.645,9.601,0.046,-0.019,-0.034,2513,0
932211,0.702,1.729,9.500,0.081,-0.030,-0.035,2512,0
932231,0.685,1.846,9.531,0.056,-0.015,-0.013,2512,0
932251,0.599,1.767,9.629,0.029,-0.017,0.007,2514,0
932271,0.572,1.640,9.658,0.054,-0.030,0.005,2514,0
932291,0.620,1.714,9.538,0.091,-0.035,-0.004,2513,0
932311,0.670,1.803,9.421,0.104,-0.030,0.001,2512,0
932331,0.663,1.937,9.426,0.085,-0.015,0.019,2512,0
932351,0.625,1.903,9.450,0.068,0.002,0.039,2512,0
932371,0.613,1.841,9.522,0.078,0.013,0.049,2513,0
932391,0.601,1.848,9.558,0.098,0.007,0.054,2513,0
932411,0.644,1.889,9.517,0.097,0.006,0.066,2513,0
932431,0.591,1.896,9.598,0.084,0.026,0.071,2512,0
932451,0.510,1.860,9.735,0.083,0.024,0.081,2512,0
932471,0.474,1.853,9.773,0.109,-0.008,0.084,2512,0
932491,0.462,1.891,9.747,0.122,-0.015,0.083,2513,0
932511,0.469,1.882,9.692,0.109,-0.016,0.096,2513,0
932531,0.500,1.769,9.689,0.107,-0.011,0.106,2512,0
932551,0.488,1.700,9.756,0.123,0.002,0.100,2512,0
932571,0.460,1.686,9.809,0.108,0.009,0.098,2513,0
932591,0.424,1.609,9.871,0.086,-0.012,0.091,2512,0
932611,0.431,1.578,9.828,0.086,-0.030,0.082,2514,0
932631,0.419,1.551,9.840,0.090,-0.033,0.068,2513,0
932651,0.352,1.547,9.840,0.071,-0.030,0.052,2512,0
932671,0.369,1.580,9.857,0.059,-0.026,0.041,2513,0
932691,0.328,1.602,9.867,0.056,-0.034,0.036,2513,0
932711,0.318,1.607,9.895,0.044,-0.029,0.035,2513,0
932731,0.292,1.528,9.950,0.021,-0.038,0.023,2512,0
932751,0.328,1.487,9.934,0.010,-0.067,0.007,2512,0
932771,0.371,1.456,9.809,0.015,-0.066,-0.009,2513,0
932791,0.354,1.465,9.797,0.009,-0.053,-0.019,2512,0
932811,0.357,1.460,9.771,-0.015,-0.074,-0.027,2513,0
932831,0.393,1.381,9.663,-0.035,-0.071,-0.040,2512,0
932851,0.433,1.331,9.641,-0.034,-0.057,-0.061,2512,0
932871,0.481,1.365,9.661,-0.025,-0.057,-0.080,2512,0
932891,0.500,1.458,9.649,-0.027,-0.049,-0.086,2513,0
932911,0.515,1.542,9.613,-0.052,-0.038,-0.085,2513,0
932931,0.496,1.607,9.658,-0.072,-0.039,-0.079,2512,0
932951,0.551,1.585,9.673,-0.093,-0.057,-0.072,2512,0
932971,0.630,1.516,9.627,-0.075,-0.065,-0.074,2512,0
932991,0.675,1.571,9.519,-0.055,-0.054,-0.077,2512,0
933011,0.716,1.662,9.467,-0.061,-0.058,-0.069,2513,0
933031,0.771,1.659,9.424,-0.065,-0.059,-0.062,2512,0
933051,0.757,1.640,9.400,-0.042,-0.055,-0.066,2513,0
933071,0.747,1.662,9.397,-0.011,-0.060,-0.072,2513,0
933091,0.771,1.760,9.357,0.015,-0.068,-0.071,2512,0
933111,0.764,1.858,9.347,0.031,-0.054,-0.061,2512,0
933131,0.709,1.918,9.409,0.051,-0.027,-0.050,2512,0
933151,0.606,1.963,9.448,0.059,-0.021,-0.038,2512,0
933171,0.512,2.037,9.632,0.054,-0.025,-0.015,2512,0
933191,0.503,1.939,9.728,0.067,-0.031,0.013,2512,0
933211,0.484,1.812,9.742,0.076,-0.041,0.027,2513,0
933231,0.467,1.714,9.697,0.071,-0.037,0.037,2512,0
933251,0.464,1.626,9.780,0.055,-0.019,0.041,2512,0
933271,0.453,1.539,9.876,0.050,-0.023,0.048,2512,0
933291,0.453,1.460,9.821,0.060,-0.060,0.049,2513,0
933311,0.462,1.398,9.701,0.058,-0.071,0.046,2513,0
933331,0.467,1.264,9.656,0.038,-0.058,0.042,2512,0
933351,0.496,1.202,9.704,0.026,-0.054,0.027,2513,0
933371,0.541,1.195,9.656,0.035,-0.065,0.008,2513,0
933391,0.551,1.219,9.586,0.044,-0.054,-0.006,2513,0
933411,0.579,1.250,9.613,0.033,-0.045,-0.013,2513,0
933431,0.642,1.243,9.615,0.016,-0.052,-0.023,2513,0
933451,0.704,1.346,9.596,0.017,-0.042,-0.041,2512,0
933471,0.678,1.480,9.634,0.008,-0.031,-0.043,2513,0
933491,0.644,1.513,9.687,0.009,-0.046,-0.038,2512,0
933511,0.692,1.513,9.661,0.024,-0.062,-0.046,2512,0
933531,0.668,1.640,9.574,0.026,-0.055,-0.046,2512,0
933551,0.646,1.731,9.558,0.018,-0.054,-0.034,2512,0
933571,0.673,1.709,9.582,0.021,-0.055,-0.027,2512,0
933591,0.668,1.702,9.622,0.023,-0.035,-0.023,2512,0
933611,0.634,1.738,9.625,0.031,-0.033,-0.016,2513,0
933631,0.690,1.731,9.586,0.035,-0.044,0.002,2512,0
933651,0.737,1.688,9.555,0.032,-0.026,0.019,2512,0
933671,0.630,1.592,9.732,0.007,-0.003,0.029,2513,0
933691,0.639,1.482,9.807,-0.016,-0.019,0.038,2511,0
933711,0.702,1.329,9.790,-0.024,-0.051,0.042,2512,0
933731,0.769,1.211,9.764,-0.012,-0.051,0.032,2512,0
933751,0.778,1.123,9.771,-0.009,-0.051,0.017,2513,0
933771,0.776,1.135,9.740,-0.025,-0.068,-0.002,2514,0
933791,0.821,1.135,9.637,-0.044,-0.079,-0.010,2513,0
933811,0.874,1.195,9.594,-0.044,-0.066,-0.020,2513,0
933831,0.843,1.319,9.598,-0.064,-0.052,-0.029,2515,0
933851,0.826,1.358,9.606,-0.109,-0.060,-0.022,2514,0
933871,0.893,1.336,9.565,-0.153,-0.047,-0.007,2513,0
933891,0.891,1.298,9.594,-0.145,-0.007,-0.002,2513,0
933911,0.795,1.377,9.601,-0.128,0.023,0.001,2513,0
933931,0.800,1.460,9.728,-0.148,0.021,-0.003,2514,0
933951,0.785,1.434,9.742,-0.173,0.002,-0.021,2515,0
933971,0.766,1.346,9.677,-0.214,-0.022,-0.011,2518,0
933991,0.804,1.286,9.685,-0.210,-0.018,0.020,2520,0
934011,0.766,1.197,9.596,-0.208,0.023,0.040,2527,0
934031,0.723,1.238,9.658,-0.191,0.049,0.026,2535,0
934051,0.639,1.180,9.776,-0.164,0.022,0.028,2544,0
934071,0.625,1.192,9.764,-0.128,-0.040,0.050,2559,0
934091,0.661,1.211,9.697,-0.115,-0.056,0.074,2591,0
934111,0.685,1.176,9.634,-0.225,-0.012,0.103,2614,0
934131,0.766,1.082,9.701,-0.280,0.025,0.094,2657,0
934151,0.881,0.690,9.615,-0.193,0.152,0.088,2699,0
934171,0.802,0.402,9.536,-0.078,0.362,0.098,2731,0
934191,0.881,0.199,9.804,-0.059,0.472,0.078,2768,0
934211,0.618,0.371,9.902,0.037,0.544,0.025,2811,0
934231,0.781,0.769,10.020,0.015,0.521,-0.044,2863,0
934251,0.373,0.153,9.311,-0.229,0.432,-0.071,2906,0
934271,-0.244,0.230,9.199,-0.181,0.424,-0.140,2930,0
934291,-0.294,1.389,9.546,-0.255,0.296,-0.114,2961,0
934311,0.601,0.505,9.752,-0.677,0.086,-0.040,3017,0
934331,-0.115,0.041,9.661,-0.626,0.132,-0.192,3069,0
934351,-1.274,1.006,9.766,-0.331,0.084,-0.126,3097,0
934371,-2.143,1.219,8.088,-0.381,0.011,0.035,3128,1243
934391,0.175,-0.263,9.512,-0.723,0.443,0.049,3172,3702
934411,-0.419,-1.463,9.498,-0.339,0.866,-0.063,3188,4095
934431,-0.766,-0.311,9.610,-0.213,1.005,-0.075,3197,4095
934451,-1.374,-0.357,9.754,-0.339,0.799,-0.037,3186,4095
934471,-0.967,-0.826,9.893,-0.359,0.613,-0.122,3180,4095
934491,-1.223,-0.275,9.555,-0.441,0.507,-0.136,3171,4095
934511,-1.298,-0.476,9.632,-0.392,0.531,-0.055,3162,4095
934531,-1.386,-0.455,9.701,-0.290,0.552,0.060,3152,4095
934551,-1.872,-0.745,9.962,-0.200,0.361,0.089,3145,4095
934571,-1.724,-1.324,10.216,-0.070,0.167,0.023,3137,4095
934591,-1.348,-1.432,9.615,0.059,0.094,-0.114,3133,4095
934611,-1.815,-1.963,10.013,0.433,0.082,-0.218,3129,4095
934631,-1.425,-3.486,10.317,1.371,-0.001,-0.398,3125,4095
934651,-0.860,-3.843,9.407,3.301,0.193,-0.728,3120,4095
934671,-1.599,-1.058,8.356,4.865,0.489,-0.916,3116,4095
934691,-1.468,-0.105,8.145,5.428,0.721,-1.108,3112,4095
934711,-1.978,0.424,7.966,5.974,0.763,-1.390,3105,4095
934731,-2.665,1.676,7.523,6.880,0.738,-1.566,3103,4095
934751,-2.380,3.007,6.299,7.414,0.811,-1.801,3097,4095
934771,-3.096,5.344,4.875,7.439,0.914,-1.958,3094,4095
934791,-3.462,5.878,4.197,7.298,1.103,-1.905,3090,4095
934811,-3.431,5.895,2.672,7.631,1.285,-1.957,3087,4095
934831,-4.240,6.517,1.013,8.216,1.453,-1.936,3087,4095
934851,-4.884,7.788,-1.080,8.640,1.689,-1.886,3085,4095
934871,-5.732,7.848,-2.871,8.731,1.904,-1.703,3082,4095
934891,-6.249,6.464,-4.398,8.731,1.840,-1.656,3082,4095
934911,-7.130,7.245,-5.801,8.731,1.371,-1.734,3079,4095
934931,-6.184,7.333,-7.839,8.731,0.988,-1.529,3072,4095
934951,-7.046,10.159,-9.060,7.380,0.842,-1.114,3069,4095
934971,-7.111,10.192,-8.531,4.472,0.307,-0.197,3063,4095
934991,-5.681,4.755,-7.898,2.480,0.078,0.171,3061,4095
935011,-5.550,3.898,-7.503,1.816,-0.135,-0.141,3057,4095
935031,-5.420,5.406,-7.898,0.941,-0.322,-0.080,3057,4095
935051,-4.772,3.242,-8.001,0.378,-0.087,-0.059,3057,4095
935071,-5.624,4.027,-7.331,0.325,0.066,-0.208,3056,4095
935091,-6.014,4.781,-7.140,0.233,-0.001,-0.205,3056,4095
935111,-6.120,5.602,-7.061,0.009,-0.194,-0.094,3056,4095
935131,-5.643,5.215,-7.209,-0.202,-0.216,-0.031,3056,4095
935151,-5.612,5.083,-7.233,-0.259,-0.089,-0.001,3055,4095
935171,-5.717,4.092,-7.135,-0.163,0.010,-0.001,3053,4095
935191,-6.120,4.822,-7.398,0.106,0.063,-0.054,3051,4095
935211,-6.177,5.301,-7.554,-0.025,0.074,0.047,3052,4095
935231,-6.005,4.599,-7.247,-0.170,0.091,0.060,3051,4095
935251,-6.072,4.683,-7.008,-0.075,0.037,0.110,3050,4095
935271,-5.765,4.468,-6.902,0.039,-0.060,0.196,3053,4095
935291,-5.914,4.623,-6.728,0.148,-0.166,0.298,3055,4095
935311,-5.856,4.700,-6.948,0.103,-0.261,0.330,3063,4095
935331,-5.567,4.317,-6.993,0.042,-0.183,0.315,3066,4013
935351,-6.050,4.413,-6.778,-0.038,-0.238,0.328,3058,3398
935371,-5.657,4.113,-6.879,-0.061,-0.306,0.275,3041,791
935391,-6.100,4.707,-6.914,-0.104,-0.207,0.285,2995,0
935411,-6.201,4.803,-7.616,-0.404,-0.390,0.380,2925,0
935431,-5.732,4.298,-7.927,-0.547,-0.319,0.298,2832,0
935451,-5.380,5.454,-7.649,-0.263,0.092,0.300,2728,0
935471,-5.267,4.820,-7.922,-0.394,1.086,0.529,2616,0
935491,-5.076,6.151,-6.790,-0.111,1.445,0.663,2532,0
935511,-5.224,5.033,-6.495,-0.288,1.496,0.882,2496,0
935531,-4.578,4.554,-4.104,-0.538,0.858,0.790,2449,0
935551,-4.120,3.867,-7.496,-0.189,0.349,0.392,2415,0
935571,-4.846,4.918,-6.522,0.031,0.368,0.273,2383,0
935591,-3.737,4.985,-6.653,0.349,0.092,0.211,2364,0
935611,-4.492,5.634,-6.512,0.062,0.005,0.194,2352,0
935631,-4.707,4.460,-7.664,-0.054,-0.102,0.116,2347,0
935651,-3.924,5.693,-6.704,0.013,-0.096,0.095,2339,0
935671,-4.922,4.654,-6.680,-0.167,-0.165,0.026,2331,0
935691,-3.733,5.617,-7.171,0.038,-0.183,0.008,2324,0
935711,-4.671,5.586,-6.385,-0.152,-0.155,0.037,2323,0
935731,-4.389,4.887,-7.420,-0.045,-0.116,0.001,2321,0
935751,-4.257,6.155,-6.778,0.043,-0.144,0.021,2322,0
935771,-5.080,4.599,-6.888,-0.027,-0.228,0.010,2321,0
935791,-3.627,5.863,-7.266,0.164,-0.157,0.004,2322,0
935811,-4.963,5.265,-6.646,-0.058,0.012,0.023,2325,0
935831,-4.671,4.887,-7.228,0.110,0.051,-0.027,2332,0
935851,-4.638,5.562,-7.120,0.115,0.053,0.000,2330,0
935871,-4.475,5.576,-7.075,0.010,-0.050,-0.005,2332,0
935891,-4.357,5.464,-6.996,-0.052,-0.094,-0.024,2334,0
935911,-4.420,5.409,-6.998,-0.062,-0.030,-0.008,2337,0
935931,-4.539,5.320,-7.089,0.014,0.025,0.000,2340,0
935951,-4.583,5.456,-7.096,0.116,0.022,-0.007,2343,0
935971,-4.542,5.619,-7.106,0.114,-0.018,-0.007,2346,0
935991,-4.439,5.631,-7.061,0.011,-0.053,-0.001,2348,0
936011,-4.357,5.471,-7.061,-0.068,-0.045,0.010,2351,0
936031,-4.372,5.459,-7.020,-0.110,-0.010,0.007,2353,0
936051,-4.484,5.430,-7.099,-0.087,0.012,-0.004,2356,0
936071,-4.424,5.466,-6.936,0.005,0.011,-0.008,2361,0
936091,-4.422,5.729,-6.922,0.026,-0.002,-0.010,2367,0
936111,-4.506,5.739,-6.934,-0.056,-0.035,0.000,2372,0
936131,-4.539,5.691,-6.974,-0.087,-0.056,0.018,2378,0
936151,-4.554,5.734,-6.926,-0.138,-0.074,0.043,2382,0
936171,-4.513,5.634,-6.907,-0.188,-0.058,0.074,2384,0
936191,-4.472,5.468,-6.807,-0.151,-0.044,0.061,2388,0
936211,-4.515,5.756,-6.900,-0.124,-0.030,0.036,2392,0
936231,-4.470,5.760,-6.804,-0.170,-0.057,0.035,2398,0
936251,-4.381,5.555,-6.701,-0.115,-0.060,0.038,2403,0
936271,-4.415,5.672,-6.716,-0.009,-0.040,0.017,2407,0
936291,-4.415,5.772,-6.754,0.018,-0.023,0.022,2408,0
936311,-4.422,5.897,-6.802,-0.021,-0.023,0.032,2412,0
936331,-4.381,5.935,-6.737,-0.064,-0.024,0.032,2413,0
936351,-4.283,6.026,-6.194,-0.129,-0.070,0.036,2415,0
936371,-4.228,6.531,-6.493,-0.008,-0.038,0.036,2416,0
936391,-4.908,5.241,-6.539,-0.111,-0.040,0.050,2421,0
936411,-4.209,5.217,-7.207,-0.007,-0.031,0.025,2423,0
936431,-4.027,6.649,-6.529,0.033,-0.028,0.034,2426,0
936451,-4.990,5.248,-6.634,-0.083,-0.038,0.011,2431,0
936471,-3.859,6.610,-6.737,0.139,-0.023,0.010,2432,0
936491,-5.076,5.581,-6.445,-0.123,-0.023,0.057,2434,0
936511,-3.776,5.981,-7.113,0.019,-0.073,0.049,2432,0
936531,-4.882,6.311,-6.201,-0.192,-0.048,0.104,2434,0
936551,-4.106,5.088,-7.185,-0.010,-0.046,0.054,2436,0
936571,-4.164,6.541,-6.254,0.113,0.006,0.045,2436,0
936591,-4.666,5.097,-6.802,0.027,-0.016,0.015,2443,0
936611,-3.759,6.728,-6.610,0.117,-0.061,0.016,2446,0
936631,-5.004,5.535,-6.321,-0.193,-0.121,0.037,2448,0
936651,-3.551,5.969,-6.974,0.046,-0.118,0.005,2452,0
936671,-4.887,6.076,-6.086,-0.093,-0.022,0.042,2452,0
936691,-3.943,5.440,-7.104,0.127,-0.027,0.003,2451,0
936711,-4.559,6.723,-6.115,0.098,-0.018,0.033,2450,0
936731,-4.436,5.169,-7.044,0.041,-0.075,0.002,2449,0
936751,-4.020,6.754,-6.388,0.090,-0.068,0.017,2450,0
936771,-4.882,5.150,-6.723,-0.064,-0.075,0.004,2453,0
936791,-3.773,6.495,-6.771,0.159,-0.068,-0.002,2454,0
936811,-5.078,5.634,-6.445,-0.068,-0.053,0.018,2457,0
936831,-4.197,5.772,-7.104,0.060,-0.061,-0.008,2459,0
936851,-4.302,5.916,-6.577,0.040,-0.055,0.001,2458,0
936871,-4.357,6.000,-6.704,0.076,-0.038,0.001,2458,0
936891,-4.372,6.076,-6.692,0.085,-0.014,0.015,2459,0
936911,-4.401,6.017,-6.661,0.059,-0.017,0.030,2459,0
936931,-4.367,5.957,-6.601,0.043,-0.033,0.029,2459,0
936951,-4.350,5.906,-6.584,0.018,-0.035,0.026,2461,0
936971,-4.348,5.902,-6.601,-0.006,-0.051,0.021,2462,0
936991,-4.355,5.844,-6.594,0.024,-0.059,0.013,2463,0
937011,-4.326,5.930,-6.601,0.075,-0.041,0.008,2463,0
937031,-4.381,6.048,-6.606,0.079,-0.029,0.010,2465,0
937051,-4.408,6.062,-6.586,0.032,-0.054,0.010,2464,0
937071,-4.377,6.057,-6.620,-0.012,-0.072,0.011,2465,0
937091,-4.381,6.005,-6.639,-0.026,-0.062,0.027,2465,0
937111,-4.369,5.945,-6.613,0.028,-0.053,0.018,2469,0
