1104991,0.826,3.191,9.222,0.070,-0.035,0.007,2481,0
1105011,0.812,3.227,9.194,0.080,-0.018,0.005,2480,0
1105031,0.764,3.242,9.251,0.038,-0.030,0.007,2481,0
1105051,0.766,3.218,9.203,0.011,-0.053,0.005,2481,0
1105071,0.749,3.213,9.184,0.018,-0.050,0.001,2481,0
1105091,0.740,3.194,9.210,0.055,-0.035,0.013,2482,0
1105111,0.764,3.172,9.222,0.091,-0.017,0.025,2480,0
1105131,0.795,3.235,9.184,0.076,-0.024,0.022,2480,0
1105151,0.838,3.218,9.170,0.011,-0.035,0.018,2480,0
1105171,0.836,3.089,9.201,-0.007,-0.023,0.019,2480,0
1105191,0.826,3.098,9.249,0.031,-0.011,0.025,2480,0
1105211,0.761,3.069,9.273,0.049,-0.009,0.022,2482,0
1105231,0.783,3.105,9.258,0.043,-0.032,0.015,2481,0
1105251,0.816,3.074,9.227,0.019,-0.052,0.005,2481,0
1105271,0.809,3.062,9.218,0.013,-0.038,-0.005,2481,0
1105291,0.771,3.067,9.187,0.035,-0.030,-0.011,2480,0
1105311,0.776,3.108,9.225,0.074,-0.018,-0.004,2481,0
1105331,0.819,3.141,9.263,0.081,-0.011,-0.001,2481,0
1105351,0.792,3.194,9.256,0.032,-0.011,0.007,2481,0
1105371,0.814,3.091,9.273,-0.020,-0.034,0.007,2481,0
1105391,0.862,2.954,9.273,-0.002,-0.048,-0.012,2480,0
1105411,0.886,2.983,9.280,0.070,-0.021,-0.026,2482,0
1105431,0.804,3.136,9.311,0.110,-0.005,-0.031,2482,0
1105451,0.769,3.335,9.292,0.071,-0.035,-0.019,2481,0
1105471,0.783,3.323,9.232,0.000,-0.051,-0.001,2481,0
1105491,0.845,3.201,9.220,-0.009,-0.039,0.007,2481,0
1105511,0.828,3.096,9.287,0.031,-0.011,-0.000,2480,0
1105531,0.807,3.086,9.352,0.071,-0.005,-0.005,2484,0
1105551,0.809,3.177,9.301,0.068,-0.029,0.003,2481,0
1105571,0.809,3.208,9.208,0.018,-0.059,0.012,2482,0
1105591,0.826,3.110,9.266,-0.003,-0.058,0.004,2481,0
1105611,0.814,3.062,9.301,0.035,-0.042,-0.009,2482,0
1105631,0.800,3.089,9.242,0.057,-0.034,-0.013,2481,0
1105651,0.778,3.201,9.282,0.033,-0.041,-0.003,2483,0
1105671,0.783,3.168,9.275,0.001,-0.041,0.007,2481,0
1105691,0.828,3.124,9.340,-0.003,-0.040,0.007,2482,0
1105711,0.836,3.062,9.364,0.003,-0.042,0.001,2482,0
1105731,0.867,3.017,9.337,0.030,-0.049,-0.006,2481,0
1105751,0.857,3.081,9.270,0.033,-0.041,0.003,2482,0
1105771,0.809,3.184,9.340,0.007,-0.038,0.013,2481,0
1105791,0.804,3.144,9.397,-0.030,-0.058,0.015,2481,0
1105811,0.802,3.017,9.373,-0.017,-0.076,0.011,2482,0
1105831,0.831,3.007,9.249,0.021,-0.090,-0.006,2481,0
1105851,0.814,3.081,9.139,0.033,-0.075,-0.009,2482,0
1105871,0.814,3.158,9.175,0.013,-0.046,0.005,2482,0
1105891,0.802,3.112,9.244,0.002,-0.039,0.012,2481,0
1105911,0.807,3.024,9.263,0.027,-0.056,0.000,2481,0
1105931,0.821,3.055,9.199,0.050,-0.062,-0.009,2480,0
1105951,0.874,3.086,9.167,0.034,-0.039,0.001,2482,0
1105971,0.826,3.014,9.278,0.017,-0.031,0.007,2481,0
1105991,0.821,2.995,9.292,0.033,-0.059,-0.000,2480,0
1106011,0.845,3.062,9.177,0.049,-0.070,-0.010,2481,0
1106031,0.874,3.108,9.143,0.033,-0.050,-0.009,2481,0
1106051,0.838,3.112,9.251,0.030,-0.026,0.005,2480,0
1106071,0.821,3.103,9.325,0.053,-0.040,0.006,2481,0
1106091,0.862,3.098,9.290,0.056,-0.060,0.002,2481,0
1106111,0.857,3.091,9.189,0.035,-0.056,0.004,2480,0
1106131,0.886,3.029,9.210,0.021,-0.060,0.013,2480,0
1106151,0.898,3.012,9.249,0.039,-0.042,0.015,2480,0
1106171,0.857,3.033,9.256,0.039,-0.036,0.006,2481,0
1106191,0.905,3.072,9.251,0.006,-0.048,0.007,2481,0
1106211,0.871,3.067,9.292,-0.010,-0.042,0.014,2482,0
1106231,0.860,3.024,9.349,0.011,-0.033,0.013,2482,0
1106251,0.883,3.079,9.249,0.034,-0.031,0.015,2480,0
1106271,0.922,3.091,9.222,0.005,-0.040,0.020,2480,0
1106291,1.008,3.014,9.184,-0.025,-0.031,0.030,2481,0
1106311,0.996,3.010,9.227,-0.028,-0.007,0.034,2480,0
1106331,0.977,3.043,9.249,-0.022,0.001,0.035,2480,0
1106351,0.941,3.091,9.280,-0.050,-0.006,0.048,2481,0
1106371,0.955,2.998,9.366,-0.081,-0.003,0.067,2480,0
1106391,0.927,2.842,9.455,-0.083,-0.021,0.059,2481,0
1106411,0.924,2.727,9.491,-0.047,-0.054,0.041,2481,0
1106431,0.953,2.804,9.366,0.004,-0.062,0.026,2481,0
1106451,0.939,2.909,9.282,0.004,-0.049,0.018,2481,0
1106471,0.886,2.909,9.285,-0.024,-0.036,0.026,2481,0
1106491,0.886,2.808,9.333,-0.026,-0.052,0.032,2481,0
1106511,0.948,2.761,9.285,-0.015,-0.050,0.029,2481,0
1106531,0.958,2.715,9.316,0.006,-0.026,0.017,2480,0
1106551,0.903,2.727,9.378,0.019,-0.022,0.009,2481,0
1106571,0.879,2.715,9.388,0.028,-0.037,0.002,2480,0
1106591,0.912,2.804,9.309,0.041,-0.044,-0.002,2480,0
1106611,0.905,2.844,9.330,0.018,-0.032,-0.000,2481,0
1106631,0.898,2.770,9.328,0.005,-0.031,-0.001,2480,0
1106651,0.898,2.787,9.278,0.019,-0.031,-0.007,2480,0
1106671,0.857,2.880,9.237,0.025,-0.025,-0.005,2480,0
1106691,0.860,2.859,9.282,0.017,-0.019,0.003,2481,0
1106711,0.864,2.758,9.330,0.028,-0.004,0.012,2482,0
1106731,0.874,2.670,9.354,0.069,-0.006,-0.001,2479,0
1106751,0.860,2.828,9.306,0.103,-0.016,-0.018,2480,0
1106771,0.855,2.933,9.275,0.064,-0.019,-0.010,2480,0
1106791,0.905,2.840,9.290,0.011,-0.022,-0.002,2480,0
1106811,0.900,2.701,9.337,0.039,-0.016,-0.010,2480,0
1106831,0.912,2.741,9.340,0.085,-0.015,-0.021,2480,0
1106851,0.936,2.842,9.316,0.100,-0.009,-0.029,2480,0
1106871,0.974,2.887,9.333,0.092,-0.003,-0.034,2481,0
1106891,0.958,2.947,9.376,0.068,-0.007,-0.024,2481,0
1106911,0.919,2.887,9.455,0.032,-0.010,-0.010,2481,0
1106931,0.931,2.832,9.488,0.039,-0.026,-0.003,2481,0
1106951,0.953,2.784,9.455,0.073,-0.044,-0.007,2480,0
1106971,0.948,2.844,9.428,0.094,-0.035,-0.018,2480,0
1106991,0.900,2.887,9.407,0.082,-0.033,-0.018,2481,0
1107011,0.848,2.904,9.443,0.071,-0.054,-0.014,2481,0
1107031,0.819,2.931,9.385,0.062,-0.066,-0.007,2481,0
1107051,0.886,2.911,9.278,0.082,-0.061,0.001,2480,0
1107071,0.895,2.883,9.258,0.091,-0.037,-0.001,2480,0
1107091,0.848,2.825,9.290,0.099,-0.019,0.001,2480,0
1107111,0.792,2.868,9.328,0.099,-0.025,-0.005,2479,0
1107131,0.809,2.945,9.273,0.048,-0.049,-0.001,2480,0
1107151,0.879,2.856,9.187,0.005,-0.056,0.010,2479,0
1107171,0.924,2.792,9.155,0.027,-0.037,0.007,2481,0
1107191,0.886,2.796,9.225,0.054,-0.011,-0.004,2480,0
1107211,0.843,2.840,9.313,0.066,-0.002,-0.015,2480,0
1107231,0.836,2.887,9.345,0.072,-0.021,-0.024,2480,0
1107251,0.850,2.962,9.323,0.071,-0.040,-0.025,2480,0
1107271,0.881,2.986,9.306,0.070,-0.027,-0.013,2480,0
1107291,0.895,2.907,9.330,0.070,-0.010,-0.004,2480,0
1107311,0.879,2.873,9.345,0.096,-0.015,-0.015,2481,0
1107331,0.821,2.966,9.380,0.107,-0.016,-0.018,2479,0
1107351,0.790,3.036,9.383,0.066,-0.030,-0.005,2481,0
1107371,0.833,2.885,9.313,0.019,-0.048,0.001,2480,0
1107391,0.907,2.823,9.311,0.041,-0.046,-0.013,2481,0
1107411,0.907,2.957,9.297,0.074,-0.033,-0.029,2480,0
1107431,0.886,3.045,9.263,0.044,-0.028,-0.013,2480,0
1107451,0.912,2.926,9.306,0.019,-0.030,-0.005,2481,0
1107471,0.955,2.866,9.380,0.041,-0.019,-0.007,2480,0
1107491,0.946,2.904,9.412,0.041,-0.019,-0.006,2479,0
1107511,0.881,2.954,9.419,0.020,-0.043,-0.002,2480,0
1107531,0.910,2.969,9.373,0.024,-0.062,-0.006,2480,0
1107551,0.876,2.971,9.369,0.045,-0.054,-0.010,2481,0
1107571,0.824,2.995,9.325,0.057,-0.062,-0.013,2480,0
1107591,0.804,2.988,9.239,0.056,-0.076,-0.012,2480,0
1107611,0.867,3.038,9.117,0.064,-0.062,-0.009,2479,0
1107631,0.860,3.100,9.096,0.068,-0.023,-0.000,2480,0
1107651,0.802,3.072,9.206,0.038,-0.005,0.017,2480,0
1107671,0.843,2.923,9.282,0.021,-0.022,0.019,2480,0
1107691,0.895,2.851,9.299,0.038,-0.037,0.009,2481,0
1107711,0.895,2.883,9.292,0.064,-0.028,-0.001,2480,0
1107731,0.848,2.926,9.328,0.070,-0.024,-0.010,2480,0
1107751,0.845,2.926,9.330,0.066,-0.039,-0.015,2480,0
1107771,0.840,2.983,9.278,0.074,-0.042,-0.025,2480,0
1107791,0.816,3.067,9.222,0.074,-0.036,-0.020,2480,0
1107811,0.804,3.069,9.227,0.043,-0.029,-0.008,2481,0
1107831,0.802,3.026,9.266,0.037,-0.019,-0.002,2480,0
1107851,0.828,2.950,9.254,0.051,-0.017,-0.006,2480,0
1107871,0.871,2.966,9.222,0.046,-0.022,-0.006,2480,0
1107891,0.883,2.942,9.220,0.037,-0.023,-0.010,2481,0
1107911,0.831,2.993,9.304,0.043,-0.007,-0.007,2480,0
1107931,0.749,3.069,9.347,0.041,-0.005,0.001,2480,0
1107951,0.824,2.974,9.330,0.053,-0.027,0.006,2480,0
1107971,0.891,2.957,9.304,0.064,-0.032,-0.003,2481,0
1107991,0.891,2.969,9.304,0.050,-0.029,-0.011,2480,0
1108011,0.891,2.952,9.309,0.042,-0.019,-0.010,2480,0
1108031,0.888,2.928,9.306,0.051,-0.010,-0.012,2479,0
1108051,0.874,2.950,9.369,0.066,-0.007,-0.014,2480,0
1108071,0.867,3.005,9.383,0.044,-0.013,-0.010,2480,0
1108091,0.874,2.966,9.467,0.019,-0.034,-0.006,2480,0
1108111,0.895,2.880,9.428,0.038,-0.050,-0.012,2481,0
1108131,0.886,2.873,9.369,0.062,-0.046,-0.021,2480,0
1108151,0.867,2.914,9.301,0.061,-0.050,-0.022,2480,0
1108171,0.836,3.024,9.294,0.057,-0.050,-0.027,2480,0
1108191,0.809,3.089,9.242,0.035,-0.048,-0.022,2480,0
1108211,0.797,3.053,9.309,0.007,-0.040,-0.009,2481,0
1108231,0.797,2.940,9.371,0.037,-0.039,-0.013,2480,0
1108251,0.855,2.938,9.297,0.087,-0.037,-0.019,2480,0
1108271,0.848,3.019,9.199,0.080,-0.037,-0.017,2481,0
1108291,0.843,3.038,9.227,0.009,-0.048,-0.010,2480,0
1108311,0.864,2.911,9.316,-0.009,-0.042,-0.013,2480,0
1108331,0.857,2.885,9.309,0.044,-0.039,-0.028,2480,0
1108351,0.838,3.033,9.234,0.078,-0.042,-0.036,2481,0
1108371,0.864,3.108,9.175,0.041,-0.046,-0.025,2480,0
1108391,0.852,3.098,9.251,0.002,-0.039,-0.016,2481,0
1108411,0.852,2.981,9.352,0.008,-0.027,-0.019,2480,0
1108431,0.792,2.993,9.385,0.050,-0.033,-0.029,2481,0
1108451,0.821,3.105,9.292,0.084,-0.057,-0.026,2480,0
1108471,0.843,3.139,9.191,0.077,-0.058,-0.019,2480,0
1108491,0.824,3.134,9.210,0.028,-0.041,-0.006,2480,0
1108511,0.795,2.964,9.299,0.002,-0.044,-0.008,2481,0
1108531,0.840,2.847,9.306,0.055,-0.047,-0.022,2480,0
1108551,0.843,2.952,9.206,0.110,-0.042,-0.036,2479,0
1108571,0.862,3.098,9.177,0.097,-0.034,-0.033,2480,0
1108591,0.848,3.074,9.203,0.037,-0.014,-0.019,2480,0
1108611,0.869,2.911,9.292,0.018,-0.014,-0.022,2481,0
1108631,0.860,2.887,9.311,0.048,-0.017,-0.034,2482,0
1108651,0.852,2.971,9.292,0.067,-0.033,-0.046,2480,0
1108671,0.848,3.091,9.270,0.056,-0.022,-0.031,2480,0
1108691,0.814,3.165,9.340,0.034,-0.009,-0.017,2480,0
1108711,0.821,3.096,9.395,0.028,-0.036,-0.008,2481,0
1108731,0.895,3.033,9.359,0.055,-0.048,-0.009,2480,0
1108751,0.850,3.045,9.285,0.052,-0.035,-0.013,2480,0
1108771,0.809,3.074,9.313,0.021,-0.039,-0.016,2480,0
1108791,0.840,3.043,9.333,0.033,-0.044,-0.013,2480,0
1108811,0.876,3.065,9.292,0.071,-0.045,-0.015,2480,0
1108831,0.862,3.091,9.244,0.072,-0.038,-0.007,2479,0
1108851,0.826,3.045,9.263,0.039,-0.031,-0.004,2480,0
1108871,0.831,3.007,9.294,0.026,-0.043,-0.008,2480,0
1108891,0.867,2.986,9.311,0.042,-0.056,-0.018,2480,0
1108911,0.876,3.067,9.266,0.055,-0.049,-0.016,2480,0
1108931,0.843,3.103,9.299,0.047,-0.040,-0.010,2480,0
1108951,0.833,3.098,9.282,0.041,-0.048,-0.006,2480,0
1108971,0.862,3.093,9.258,0.043,-0.055,-0.008,2480,0
1108991,0.833,3.105,9.244,0.039,-0.044,-0.005,2480,0
1109011,0.840,3.067,9.273,0.039,-0.033,0.001,2480,0
1109031,0.831,3.019,9.342,0.050,-0.022,0.007,2479,0
1109051,0.840,3.017,9.311,0.059,-0.048,-0.001,2480,0
1109071,0.862,3.002,9.203,0.044,-0.072,-0.004,2481,0
1109091,0.833,3.000,9.163,0.037,-0.045,-0.005,2480,0
1109111,0.790,2.976,9.273,0.048,-0.017,-0.005,2480,0
1109131,0.836,3.007,9.278,0.063,-0.014,-0.010,2480,0
1109151,0.814,3.146,9.268,0.049,-0.021,-0.009,2482,0
1109171,0.824,3.115,9.280,0.015,-0.030,-0.001,2480,0
1109191,0.838,3.029,9.400,0.030,-0.019,0.003,2480,0
1109211,0.821,3.007,9.402,0.075,-0.025,-0.004,2480,0
1109231,0.871,3.086,9.328,0.071,-0.052,-0.005,2480,0
1109251,0.927,3.019,9.222,0.014,-0.053,0.001,2480,0
1109271,0.912,2.931,9.309,0.023,-0.038,-0.006,2480,0
1109291,0.836,2.986,9.402,0.080,-0.046,-0.016,2480,0
1109311,0.752,3.077,9.323,0.102,-0.064,-0.021,2480,0
1109331,0.776,3.191,9.215,0.077,-0.084,-0.008,2480,0
1109351,0.869,3.144,9.189,0.050,-0.075,0.004,2480,0
1109371,0.867,3.084,9.210,0.063,-0.048,-0.001,2480,0
1109391,0.891,3.136,9.103,0.071,-0.043,0.013,2481,0
1109411,0.977,3.141,9.033,0.036,-0.051,0.033,2480,0
1109431,1.010,2.995,9.136,0.002,-0.027,0.020,2481,0
1109451,0.905,3.024,9.352,0.034,-0.003,-0.002,2481,0
1109471,0.785,3.196,9.495,0.060,-0.014,-0.005,2480,0
1109491,0.828,3.215,9.505,0.054,-0.037,0.007,2480,0
1109511,0.876,3.081,9.483,0.054,-0.060,0.011,2480,0
1109531,0.848,3.031,9.493,0.035,-0.066,0.007,2480,0
1109551,0.850,2.947,9.503,0.007,-0.061,0.003,2480,0
1109571,0.855,2.921,9.507,0.005,-0.066,-0.004,2479,0
1109591,0.862,2.902,9.510,0.005,-0.065,-0.008,2480,0
1109611,0.816,2.964,9.491,0.003,-0.066,-0.015,2480,0
1109631,0.778,3.062,9.486,-0.030,-0.076,-0.016,2479,0
1109651,0.814,3.038,9.416,-0.061,-0.091,-0.001,2480,0
1109671,0.862,2.885,9.273,-0.047,-0.106,0.014,2480,0
1109691,0.915,2.717,9.215,-0.019,-0.087,0.008,2480,0
1109711,0.881,2.617,9.225,-0.007,-0.076,-0.019,2479,0
1109731,0.867,2.653,9.263,0.006,-0.106,-0.051,2481,0
1109751,0.903,2.737,9.108,0.036,-0.124,-0.072,2479,0
1109771,0.950,2.842,8.993,0.044,-0.104,-0.074,2481,0
1109791,0.948,2.856,9.038,0.039,-0.080,-0.064,2480,0
1109811,0.972,2.835,9.084,0.035,-0.069,-0.057,2480,0
1109831,1.030,2.825,9.052,0.041,-0.068,-0.066,2480,0
1109851,1.041,2.880,9.029,0.039,-0.065,-0.069,2480,0
1109871,1.070,2.887,9.057,0.040,-0.059,-0.072,2480,0
1109891,1.063,2.931,9.148,0.056,-0.050,-0.082,2480,0
1109911,1.010,3.079,9.124,0.067,-0.058,-0.078,2480,0
1109931,1.051,3.100,9.079,0.063,-0.068,-0.068,2480,0
1109951,1.099,3.062,9.086,0.064,-0.044,-0.067,2480,0
1109971,1.039,3.024,9.182,0.077,-0.024,-0.076,2480,0
1109991,1.022,3.189,9.210,0.102,-0.027,-0.079,2480,0
1110011,1.030,3.371,9.110,0.079,-0.035,-0.062,2480,0
1110031,1.087,3.440,9.069,0.048,-0.021,-0.030,2480,0
1110051,1.104,3.338,9.143,0.039,0.006,-0.017,2480,0
1110071,1.051,3.345,9.273,0.059,0.013,-0.013,2480,0
1110091,1.001,3.390,9.364,0.075,-0.004,-0.007,2481,0
1110111,0.939,3.467,9.378,0.068,-0.012,0.002,2480,0
1110131,0.883,3.512,9.440,0.059,-0.014,0.019,2480,0
1110151,0.850,3.383,9.572,0.049,-0.018,0.033,2480,0
1110171,0.812,3.156,9.646,0.061,-0.041,0.043,2480,0
1110191,0.895,2.942,9.615,0.086,-0.070,0.027,2480,0
1110211,0.946,2.897,9.443,0.111,-0.090,-0.002,2480,0
1110231,0.974,2.986,9.299,0.096,-0.077,-0.008,2479,0
1110251,0.979,2.933,9.244,0.053,-0.059,0.003,2480,0
1110271,1.003,2.799,9.309,0.038,-0.049,-0.004,2480,0
1110291,1.015,2.693,9.424,0.020,-0.046,-0.016,2481,0
1110311,1.034,2.638,9.464,0.006,-0.057,-0.032,2480,0
1110331,1.030,2.643,9.445,0.029,-0.079,-0.057,2480,0
1110351,1.080,2.753,9.390,0.047,-0.088,-0.076,2480,0
1110371,1.085,2.842,9.357,0.036,-0.082,-0.078,2480,0
1110391,1.065,2.828,9.304,0.015,-0.106,-0.074,2480,0
1110411,1.161,2.844,9.055,0.015,-0.118,-0.069,2480,0
1110431,1.199,2.902,8.878,0.004,-0.099,-0.060,2480,0
1110451,1.238,2.887,8.825,-0.018,-0.075,-0.051,2480,0
1110471,1.259,2.899,8.842,-0.018,-0.057,-0.057,2481,0
1110491,1.276,2.986,8.868,0.002,-0.033,-0.061,2480,0
1110511,1.214,3.115,8.978,0.017,-0.023,-0.064,2479,0
1110531,1.135,3.170,9.045,0.035,-0.035,-0.071,2481,0
1110551,1.132,3.270,9.017,0.064,-0.053,-0.075,2480,0
1110571,1.173,3.503,8.959,0.091,-0.027,-0.062,2480,0
1110591,1.123,3.610,9.120,0.082,0.011,-0.042,2480,0
1110611,1.089,3.539,9.266,0.082,-0.009,-0.022,2480,0
1110631,1.137,3.553,9.246,0.123,-0.034,-0.015,2480,0
1110651,1.109,3.673,9.230,0.132,-0.027,-0.002,2480,0
1110671,1.001,3.706,9.426,0.106,-0.002,0.036,2480,0
1110691,0.867,3.558,9.498,0.098,-0.019,0.058,2480,0
1110711,0.903,3.448,9.424,0.116,-0.067,0.062,2480,0
1110731,0.982,3.347,9.237,0.109,-0.055,0.074,2480,0
1110751,0.994,3.203,9.313,0.086,-0.015,0.084,2479,0
1110771,0.893,3.026,9.455,0.056,-0.005,0.080,2480,0
1110791,0.886,2.974,9.426,0.068,-0.048,0.067,2481,0
1110811,0.965,3.000,9.321,0.075,-0.058,0.052,2480,0
1110831,0.939,3.002,9.292,0.061,-0.031,0.041,2480,0
1110851,0.838,3.079,9.347,0.040,-0.006,0.038,2480,0
1110871,0.788,3.146,9.457,0.011,0.001,0.048,2480,0
1110891,0.838,3.086,9.455,-0.018,-0.030,0.054,2480,0
1110911,0.974,2.887,9.459,-0.032,-0.032,0.056,2481,0
1110931,1.030,2.662,9.491,-0.036,-0.030,0.030,2479,0
1110951,1.041,2.658,9.476,-0.020,-0.048,0.002,2481,0
1110971,1.092,2.782,9.287,-0.025,-0.063,-0.008,2480,0
1110991,1.195,2.796,9.210,-0.053,-0.058,-0.007,2480,0
1111011,1.192,2.818,9.234,-0.073,-0.034,-0.016,2481,0
1111031,1.132,2.823,9.301,-0.080,-0.034,-0.024,2479,0
1111051,1.068,2.897,9.383,-0.072,-0.044,-0.033,2480,0
1111071,1.106,2.983,9.345,-0.054,-0.050,-0.040,2479,0
1111091,1.092,3.079,9.261,-0.029,-0.048,-0.039,2479,0
1111111,1.075,3.194,9.218,-0.034,-0.048,-0.028,2480,0
1111131,1.077,3.165,9.275,-0.067,-0.032,-0.007,2480,0
1111151,1.085,3.041,9.464,-0.068,-0.026,0.002,2481,0
1111171,1.106,2.974,9.467,-0.034,-0.064,-0.008,2479,0
1111191,1.135,2.974,9.364,-0.006,-0.088,-0.007,2479,0
1111211,1.149,2.978,9.266,0.002,-0.076,-0.003,2479,0
1111231,1.166,2.885,9.275,-0.003,-0.075,0.001,2480,0
1111251,1.188,2.825,9.215,-0.006,-0.083,-0.001,2480,0
1111271,1.209,2.830,9.129,-0.001,-0.088,-0.008,2480,0
1111291,1.178,2.909,9.079,0.001,-0.076,-0.008,2479,0
1111311,1.171,2.940,9.100,0.006,-0.040,0.006,2480,0
1111331,1.164,2.935,9.189,0.000,-0.019,0.015,2480,0
1111351,1.132,2.890,9.254,-0.002,-0.034,0.024,2478,0
1111371,1.154,2.851,9.165,-0.002,-0.063,0.023,2480,0
1111391,1.211,2.818,9.155,-0.012,-0.042,0.026,2480,0
1111411,1.161,2.761,9.246,-0.004,-0.008,0.030,2480,0
1111431,1.156,2.749,9.256,0.007,-0.026,0.028,2480,0
1111451,1.219,2.729,9.230,-0.001,-0.050,0.022,2481,0
1111471,1.231,2.674,9.234,-0.000,-0.046,0.010,2480,0
1111491,1.204,2.715,9.263,0.032,-0.030,-0.007,2481,0
1111511,1.207,2.849,9.237,0.063,-0.033,-0.003,2480,0
1111531,1.216,2.916,9.167,0.042,-0.037,0.011,2479,0
1111551,1.233,2.835,9.206,0.000,-0.021,0.028,2480,0
1111571,1.219,2.744,9.292,-0.021,-0.026,0.030,2480,0
1111591,1.247,2.741,9.282,-0.023,-0.033,0.025,2480,0
1111611,1.207,2.768,9.297,-0.016,-0.019,0.019,2481,0
1111631,1.152,2.770,9.313,0.002,-0.019,0.017,2480,0
1111651,1.132,2.863,9.234,0.014,-0.029,0.018,2481,0
1111671,1.171,2.875,9.275,-0.026,-0.040,0.018,2482,0
1111691,1.195,2.818,9.292,-0.051,-0.023,0.036,2486,0
1111711,1.228,2.677,9.392,-0.068,-0.007,0.039,2487,0
1111731,1.214,2.677,9.404,-0.076,0.001,0.031,2489,0
1111751,1.188,2.708,9.335,-0.090,0.033,0.041,2490,0
1111771,1.204,2.729,9.352,-0.126,0.058,0.059,2489,0
1111791,1.226,2.648,9.467,-0.178,0.054,0.052,2488,0
1111811,1.216,2.437,9.550,-0.228,0.015,0.034,2491,0
1111831,1.233,2.392,9.479,-0.238,0.011,0.028,2492,0
1111851,1.274,2.452,9.541,-0.244,0.023,0.017,2492,0
1111871,1.324,2.454,9.517,-0.269,0.002,0.015,2494,0
1111891,1.341,2.476,9.407,-0.328,-0.014,0.010,2498,0
1111911,1.372,2.354,9.505,-0.415,0.001,0.010,2509,0
1111931,1.350,2.014,9.615,-0.462,0.025,-0.030,2537,0
1111951,1.499,1.937,10.386,-0.446,-0.023,-0.119,2607,0
1111971,1.504,1.769,9.919,-0.340,0.081,-0.154,2697,0
1111991,1.858,1.551,9.764,-0.101,0.420,-0.187,2773,0
1112011,1.875,1.595,9.538,0.241,0.725,-0.213,2845,0
1112031,0.886,2.066,9.357,0.016,0.635,-0.233,2878,0
1112051,0.915,2.646,9.541,-0.303,0.491,-0.296,2922,0
1112071,0.809,2.011,9.098,-0.590,0.318,-0.280,2969,0
1112091,0.395,1.911,8.921,-0.668,0.231,-0.260,2997,0
1112111,-0.457,2.806,9.285,-0.788,0.093,-0.184,3022,0
1112131,-0.601,2.689,8.650,-0.748,0.242,-0.121,3057,0
1112151,-1.228,2.207,8.054,-0.916,0.331,-0.047,3108,0
1112171,0.668,-0.232,8.660,-1.213,0.367,-0.029,3147,2240
1112191,0.127,-0.419,8.911,-0.597,0.687,-0.144,3168,3952
1112211,-0.014,0.460,9.392,-0.508,0.975,-0.233,3183,4095
1112231,-0.958,0.651,9.998,-0.606,0.914,-0.232,3181,4095
1112251,-1.128,0.043,10.879,-0.467,0.544,-0.075,3175,4095
1112271,-0.622,-0.117,10.221,-0.276,0.148,-0.100,3168,4095
1112291,-0.728,0.472,9.450,-0.322,0.120,-0.097,3159,4095
1112311,-0.441,-0.599,9.864,-0.313,0.385,-0.121,3152,4095
1112331,-1.015,-0.505,10.570,-0.113,0.343,-0.119,3147,4095
1112351,-1.367,-0.505,10.704,0.112,0.000,-0.137,3139,4095
1112371,-0.871,-0.929,10.613,0.240,-0.192,-0.201,3133,4095
1112391,-0.311,-1.659,10.192,0.584,-0.201,-0.377,3128,4095
1112411,-0.879,-1.870,10.163,1.442,-0.122,-0.497,3120,4095
1112431,-0.218,-2.921,9.622,2.896,0.019,-0.720,3119,4095
1112451,-0.031,-1.621,8.906,4.579,0.350,-1.051,3113,4095
1112471,-1.267,1.257,8.423,5.377,0.439,-1.232,3104,4095
1112491,-1.611,2.155,8.430,5.546,0.373,-1.292,3101,4095
1112511,-0.601,0.460,7.381,6.288,0.570,-1.573,3094,4095
1112531,-1.626,2.816,4.717,7.985,1.216,-1.955,3090,4095
1112551,-2.844,6.687,3.335,8.567,1.663,-1.921,3087,4095
1112571,-3.153,7.082,3.227,8.328,1.599,-1.854,3087,4095
1112591,-2.957,5.748,1.674,8.649,1.498,-2.024,3085,4095
1112611,-4.085,8.215,-1.290,8.731,1.823,-2.236,3081,4095
1112631,-5.037,11.463,-2.646,8.674,1.916,-1.828,3083,4095
1112651,-5.049,8.729,-3.378,7.768,1.637,-1.181,3081,4095
1112671,-4.381,4.173,-5.567,8.457,1.594,-1.463,3072,4095
1112691,-5.119,7.700,-7.772,8.731,1.656,-1.872,3072,4095
1112711,-5.974,10.862,-8.332,7.261,1.370,-1.369,3069,4095
1112731,-5.969,8.619,-8.162,5.377,0.978,-0.666,3067,4095
1112751,-5.540,7.803,-7.970,3.563,0.310,-0.162,3067,4095
1112771,-4.525,6.199,-8.150,1.907,-0.026,-0.088,3065,4095
1112791,-3.994,4.561,-8.437,0.852,0.012,-0.175,3061,4095
1112811,-4.719,4.870,-8.128,0.474,0.089,-0.223,3061,4095
1112831,-4.942,4.994,-7.827,-0.031,-0.137,-0.070,3060,4095
1112851,-4.587,4.640,-7.872,-0.180,-0.162,-0.071,3060,4095
1112871,-4.697,5.569,-7.812,-0.215,-0.105,-0.061,3057,4095
1112891,-4.487,4.784,-7.681,-0.226,0.008,-0.069,3057,4095
1112911,-4.858,5.485,-7.549,-0.099,0.050,-0.059,3058,4095
1112931,-4.616,4.537,-7.379,-0.032,0.035,-0.017,3057,4095
1112951,-4.762,5.432,-7.393,0.195,-0.020,-0.037,3056,4095
1112971,-4.834,5.583,-7.602,-0.042,-0.054,0.058,3055,4095
1112991,-4.657,4.630,-7.578,-0.095,-0.036,0.032,3056,4095
1113011,-4.731,4.822,-7.604,-0.023,-0.014,0.015,3055,4095
1113031,-4.724,4.618,-7.661,0.003,0.024,0.030,3055,4095
1113051,-4.889,4.817,-7.527,0.003,0.002,0.040,3055,4095
1113071,-4.858,4.743,-7.398,-0.074,-0.090,0.091,3054,4095
1113091,-4.843,4.671,-7.302,-0.076,-0.145,0.086,3056,4095
1113111,-4.958,5.136,-7.535,-0.048,-0.137,0.213,3061,4095
1113131,-5.818,5.186,-7.257,-0.322,-0.193,0.260,3079,4049
1113151,-6.155,6.024,-6.551,-0.815,-0.873,0.317,3054,2725
1113171,-3.838,3.670,-7.831,-1.078,-1.221,0.253,2992,0
1113191,-4.082,3.467,-8.461,-0.891,-0.434,-0.008,2908,0
1113211,-5.243,5.322,-8.310,-0.318,-0.092,-0.063,2807,0
1113231,-5.215,5.880,-8.660,-0.390,0.783,0.147,2706,0
1113251,-4.005,6.613,-7.451,-0.371,1.427,0.406,2601,0
1113271,-4.427,5.746,-6.127,-0.147,1.669,1.018,2542,0
1113291,-3.074,7.283,-3.845,-0.195,0.716,0.944,2461,0
1113311,-3.565,4.029,-7.288,-0.063,0.177,0.519,2401,0
1113331,-2.998,6.026,-6.563,0.522,0.205,0.111,2367,0
1113351,-4.456,5.239,-7.908,0.246,0.157,0.117,2345,0
1113371,-3.010,5.856,-6.938,0.175,-0.033,0.177,2326,0
1113391,-4.202,5.219,-6.685,-0.145,-0.263,0.104,2320,0
1113411,-3.417,5.447,-7.432,0.080,-0.250,-0.087,2320,0
1113431,-3.757,6.383,-6.725,-0.013,-0.133,-0.064,2322,0
1113451,-4.542,5.231,-7.140,-0.161,-0.161,-0.007,2324,0
1113471,-3.366,6.555,-7.264,-0.069,-0.276,0.042,2325,0
1113491,-4.494,5.686,-6.563,-0.343,-0.330,0.057,2327,0
1113511,-3.476,5.380,-7.432,-0.057,-0.282,-0.020,2332,0
1113531,-3.797,6.153,-6.483,-0.021,-0.021,0.032,2336,0
1113551,-4.381,4.985,-7.367,0.074,0.146,-0.016,2337,0
1113571,-3.996,6.938,-6.706,0.131,0.092,0.010,2341,0
1113591,-4.836,5.689,-6.776,-0.183,-0.087,0.034,2344,0
1113611,-3.165,6.503,-7.226,-0.058,-0.147,0.043,2349,0
1113631,-3.859,6.160,-6.764,-0.173,-0.031,0.077,2352,0
1113651,-4.008,5.739,-7.039,-0.087,0.010,0.041,2356,0
1113671,-3.960,5.715,-6.931,0.069,0.052,0.014,2359,0
1113691,-3.958,5.986,-6.864,0.098,0.050,0.015,2361,0
1113711,-3.946,6.069,-6.847,0.021,-0.001,0.021,2366,0
1113731,-3.883,6.041,-6.867,-0.072,-0.051,0.024,2368,0
1113751,-3.766,5.911,-6.785,-0.096,-0.037,0.034,2369,0
1113771,-3.824,5.933,-6.766,-0.021,0.023,0.027,2372,0
1113791,-3.847,6.103,-6.776,0.040,0.036,0.013,2375,0
1113811,-3.778,6.211,-6.740,0.053,-0.004,0.006,2381,0
1113831,-3.809,6.249,-6.780,0.031,-0.063,0.003,2381,0
1113851,-3.797,6.208,-6.847,-0.016,-0.122,0.004,2384,0
1113871,-3.788,6.177,-6.874,-0.048,-0.106,0.023,2387,0
1113891,-3.871,6.160,-6.907,-0.046,-0.082,0.044,2393,0
1113911,-3.962,6.242,-6.941,-0.034,-0.078,0.045,2399,0
1113931,-3.982,6.167,-6.972,-0.049,-0.084,0.042,2404,0
1113951,-3.934,6.170,-6.929,-0.094,-0.102,0.031,2405,0
1113971,-3.847,5.957,-6.864,-0.100,-0.112,0.033,2407,0
1113991,-3.845,6.029,-6.859,-0.036,-0.060,0.028,2412,0
1114011,-3.905,6.184,-6.797,-0.005,-0.031,0.018,2412,0
1114031,-3.955,6.203,-6.826,-0.021,-0.034,0.037,2414,0
1114051,-3.943,6.177,-6.728,-0.025,-0.046,0.066,2415,0
1114071,-3.883,6.074,-6.764,-0.034,-0.072,0.062,2416,0
1114091,-3.768,6.024,-6.744,-0.030,-0.064,0.041,2419,0
1114111,-3.790,6.026,-6.740,0.001,-0.030,0.041,2424,0
1114131,-3.831,6.177,-6.694,0.006,-0.015,0.051,2424,0
1114151,-3.950,5.997,-7.084,0.059,0.007,0.034,2427,0
1114171,-3.668,5.466,-7.209,0.058,-0.057,0.002,2430,0
1114191,-3.247,6.539,-6.991,0.170,-0.025,0.013,2431,0
1114211,-4.396,6.306,-6.182,-0.037,-0.024,0.054,2430,0
1114231,-3.572,5.538,-7.154,0.042,-0.070,0.011,2431,0
1114251,-3.687,6.883,-6.347,0.045,-0.018,0.025,2433,0
1114271,-4.274,5.373,-6.778,-0.078,-0.044,-0.007,2435,0
1114291,-3.156,6.728,-6.816,0.101,-0.053,-0.019,2438,0
1114311,-4.549,5.950,-6.330,-0.114,-0.065,-0.013,2444,0
1114331,-3.156,6.196,-7.242,0.148,-0.074,-0.046,2446,0
1114351,-4.281,6.869,-6.263,0.001,-0.005,0.016,2446,0
1114371,-3.156,6.239,-7.233,0.121,-0.019,-0.002,2446,0
1114391,-3.759,7.159,-6.462,0.043,0.008,0.027,2447,0
1114411,-4.171,5.502,-6.979,-0.054,-0.044,-0.007,2447,0
1114431,-3.330,7.113,-6.788,0.112,-0.027,0.010,2447,0
1114451,-4.561,5.784,-6.574,-0.100,-0.023,0.034,2447,0
1114471,-3.103,6.577,-6.974,0.157,-0.023,0.027,2448,0
1114491,-4.496,5.624,-6.563,-0.056,-0.017,0.044,2448,0
1114511,-3.249,6.043,-7.180,0.135,-0.068,0.012,2449,0
1114531,-4.305,6.728,-6.141,-0.035,-0.043,0.039,2448,0
1114551,-3.484,5.629,-7.168,0.012,-0.072,-0.003,2449,0
1114571,-3.934,6.962,-6.235,0.011,-0.010,0.028,2453,0
1114591,-3.862,5.428,-6.934,0.014,-0.020,0.003,2453,0
1114611,-4.008,7.077,-6.115,0.052,0.031,0.043,2455,0
1114631,-3.876,5.875,-6.383,-0.032,-0.064,0.042,2457,0
1114651,-3.759,6.285,-6.563,0.046,-0.069,0.017,2458,0
1114671,-3.735,6.297,-6.637,0.013,-0.097,-0.001,2460,0
1114691,-3.780,6.251,-6.709,0.028,-0.068,0.007,2463,0
1114711,-3.807,6.299,-6.701,0.051,-0.028,0.016,2464,0
1114731,-3.847,6.261,-6.737,0.043,-0.024,0.009,2464,0
1114751,-3.824,6.263,-6.764,0.038,-0.048,0.005,2464,0
1114771,-3.790,6.270,-6.778,-0.002,-0.058,-0.003,2465,0
1114791,-3.771,6.292,-6.709,-0.044,-0.033,0.002,2465,0
1114811,-3.785,6.268,-6.618,-0.034,-0.017,0.019,2466,0
1114831,-3.745,6.335,-6.603,0.019,-0.021,0.013,2467,0
1114851,-3.740,6.414,-6.646,0.043,-0.046,-0.010,2468,0
1114871,-3.740,6.371,-6.627,0.031,-0.054,-0.013,2470,0
1114891,-3.713,6.376,-6.598,0.039,-0.053,-0.003,2471,0
1114911,-3.682,6.347,-6.634,0.035,-0.033,0.009,2472,0
1114931,-3.718,6.359,-6.627,0.051,-0.018,0.011,2473,0
1114951,-3.819,6.397,-6.642,0.073,-0.037,-0.002,2475,0
