827751,1.343,4.408,8.650,-0.099,-0.050,0.043,2538,0
827771,1.338,4.355,8.600,-0.047,-0.054,0.040,2539,0
827791,1.348,4.439,8.523,-0.031,-0.061,0.033,2539,0
827811,1.348,4.544,8.480,-0.111,-0.056,0.048,2539,0
827831,1.384,4.305,8.622,-0.160,-0.027,0.069,2538,0
827851,1.403,3.991,8.780,-0.054,-0.019,0.057,2539,0
827871,1.417,3.984,8.792,0.118,-0.031,0.006,2539,0
827891,1.427,4.298,8.672,0.159,-0.043,-0.020,2538,0
827911,1.417,4.334,8.607,0.067,-0.025,-0.005,2540,0
827931,1.384,4.331,8.679,-0.012,-0.021,0.017,2540,0
827951,1.432,4.204,8.746,-0.038,-0.034,0.022,2540,0
827971,1.417,4.087,8.775,0.042,-0.026,0.013,2539,0
827991,1.446,4.156,8.674,0.147,-0.018,-0.007,2539,0
828011,1.456,4.231,8.590,0.179,0.014,-0.022,2538,0
828031,1.427,4.396,8.626,0.126,0.033,-0.007,2538,0
828051,1.391,4.429,8.653,0.037,0.027,0.023,2540,0
828071,1.415,4.300,8.717,0.004,0.005,0.034,2538,0
828091,1.477,4.183,8.698,0.037,-0.019,0.025,2537,0
828111,1.525,4.195,8.705,0.070,-0.002,0.018,2537,0
828131,1.508,4.259,8.701,0.066,0.017,0.008,2539,0
828151,1.439,4.286,8.739,0.038,-0.002,0.001,2539,0
828171,1.489,4.298,8.696,0.031,-0.024,-0.006,2538,0
828191,1.499,4.290,8.734,0.045,-0.006,-0.002,2540,0
828211,1.441,4.338,8.780,0.081,0.009,-0.000,2537,0
828231,1.432,4.312,8.799,0.121,-0.010,-0.004,2538,0
828251,1.413,4.484,8.744,0.126,-0.020,-0.002,2540,0
828271,1.372,4.506,8.701,0.068,-0.004,0.018,2539,0
828291,1.305,4.420,8.729,0.053,-0.014,0.038,2539,0
828311,1.319,4.410,8.736,0.062,-0.043,0.051,2538,0
828331,1.298,4.403,8.693,0.065,-0.048,0.053,2539,0
828351,1.305,4.360,8.655,0.043,-0.072,0.046,2539,0
828371,1.396,4.202,8.602,0.021,-0.078,0.030,2538,0
828391,1.422,4.135,8.564,0.041,-0.037,0.010,2538,0
828411,1.341,4.195,8.564,0.068,-0.028,0.001,2540,0
828431,1.381,4.264,8.516,0.068,-0.052,0.002,2535,0
828451,1.444,4.219,8.507,0.067,-0.036,-0.006,2538,0
828471,1.391,4.288,8.552,0.078,0.005,-0.022,2539,0
828491,1.314,4.360,8.638,0.051,-0.002,-0.025,2539,0
828511,1.329,4.293,8.648,0.038,-0.028,-0.018,2538,0
828531,1.377,4.295,8.665,0.055,-0.032,-0.023,2539,0
828551,1.384,4.338,8.660,0.078,-0.018,-0.037,2540,0
828571,1.343,4.408,8.691,0.092,0.001,-0.044,2540,0
828591,1.329,4.480,8.715,0.099,0.002,-0.038,2539,0
828611,1.348,4.506,8.691,0.070,-0.022,-0.025,2537,0
828631,1.396,4.441,8.720,0.038,-0.028,-0.015,2538,0
828651,1.444,4.362,8.701,0.051,-0.020,-0.016,2538,0
828671,1.437,4.405,8.674,0.103,-0.008,-0.029,2539,0
828691,1.343,4.559,8.677,0.114,-0.002,-0.022,2539,0
828711,1.302,4.568,8.672,0.046,-0.032,0.003,2538,0
828731,1.403,4.379,8.665,0.014,-0.057,0.006,2539,0
828751,1.456,4.310,8.636,0.064,-0.028,-0.018,2539,0
828771,1.415,4.458,8.638,0.099,0.013,-0.029,2539,0
828791,1.331,4.568,8.665,0.079,0.013,-0.011,2539,0
828811,1.343,4.508,8.751,0.039,-0.014,0.012,2540,0
828831,1.403,4.410,8.758,0.033,-0.025,0.011,2539,0
828851,1.403,4.377,8.765,0.054,-0.033,-0.005,2540,0
828871,1.379,4.429,8.722,0.081,-0.038,-0.008,2538,0
828891,1.341,4.492,8.672,0.088,-0.031,-0.002,2539,0
828911,1.329,4.472,8.696,0.073,-0.053,0.001,2540,0
828931,1.348,4.384,8.631,0.058,-0.068,-0.001,2540,0
828951,1.336,4.357,8.538,0.080,-0.059,-0.016,2537,0
828971,1.293,4.429,8.538,0.109,-0.042,-0.027,2539,0
828991,1.264,4.573,8.511,0.107,-0.034,-0.019,2539,0
829011,1.271,4.618,8.552,0.083,-0.019,-0.006,2539,0
829031,1.214,4.585,8.564,0.052,-0.021,0.003,2539,0
829051,1.252,4.530,8.590,0.037,-0.031,0.011,2539,0
829071,1.322,4.427,8.576,0.034,-0.024,0.011,2540,0
829091,1.334,4.377,8.643,0.047,-0.015,0.003,2539,0
829111,1.334,4.367,8.636,0.058,-0.023,-0.006,2539,0
829131,1.365,4.374,8.655,0.064,-0.028,-0.013,2539,0
829151,1.343,4.422,8.669,0.064,-0.022,-0.020,2537,0
829171,1.329,4.458,8.681,0.043,-0.022,-0.018,2540,0
829191,1.367,4.422,8.712,0.037,-0.039,-0.022,2541,0
829211,1.381,4.429,8.722,0.049,-0.033,-0.026,2540,0
829231,1.350,4.484,8.612,0.043,-0.039,-0.026,2539,0
829251,1.346,4.544,8.612,0.016,-0.044,-0.021,2539,0
829271,1.338,4.518,8.631,0.002,-0.033,-0.013,2540,0
829291,1.298,4.537,8.669,0.021,-0.035,-0.018,2539,0
829311,1.247,4.602,8.681,0.052,-0.039,-0.021,2539,0
829331,1.228,4.678,8.684,0.056,-0.055,-0.010,2538,0
829351,1.310,4.628,8.600,0.044,-0.070,0.006,2539,0
829371,1.314,4.506,8.643,0.049,-0.057,0.008,2540,0
829391,1.305,4.532,8.681,0.069,-0.059,0.009,2539,0
829411,1.358,4.494,8.674,0.074,-0.072,0.015,2538,0
829431,1.401,4.465,8.645,0.063,-0.087,0.009,2540,0
829451,1.389,4.472,8.631,0.036,-0.082,-0.002,2539,0
829471,1.336,4.513,8.724,0.023,-0.074,-0.006,2540,0
829491,1.334,4.508,8.789,0.044,-0.078,-0.001,2540,0
829511,1.346,4.542,8.729,0.075,-0.093,0.001,2540,0
829531,1.374,4.563,8.677,0.049,-0.090,0.003,2540,0
829551,1.355,4.439,8.653,0.010,-0.093,0.011,2540,0
829571,1.346,4.369,8.674,0.010,-0.115,0.007,2539,0
829591,1.381,4.353,8.643,0.034,-0.108,-0.001,2540,0
829611,1.425,4.432,8.593,0.061,-0.084,-0.004,2540,0
829631,1.391,4.513,8.571,0.049,-0.079,-0.007,2540,0
829651,1.401,4.508,8.552,0.011,-0.088,-0.005,2539,0
829671,1.396,4.463,8.602,0.007,-0.079,-0.005,2539,0
829691,1.391,4.436,8.614,0.041,-0.077,-0.007,2540,0
829711,1.427,4.470,8.622,0.068,-0.084,-0.007,2540,0
829731,1.477,4.484,8.540,0.064,-0.075,-0.009,2539,0
829751,1.468,4.523,8.499,0.031,-0.074,-0.017,2540,0
829771,1.463,4.458,8.552,0.001,-0.090,-0.016,2541,0
829791,1.520,4.393,8.564,0.027,-0.093,-0.010,2540,0
829811,1.590,4.403,8.464,0.065,-0.080,-0.022,2540,0
829831,1.571,4.480,8.377,0.063,-0.067,-0.029,2540,0
829851,1.539,4.494,8.344,0.021,-0.072,-0.024,2539,0
829871,1.568,4.494,8.404,0.023,-0.052,-0.023,2540,0
829891,1.559,4.551,8.437,0.056,-0.033,-0.026,2539,0
829911,1.556,4.599,8.464,0.080,-0.031,-0.027,2539,0
829931,1.583,4.614,8.428,0.072,-0.035,-0.027,2538,0
829951,1.633,4.590,8.411,0.064,-0.037,-0.030,2540,0
829971,1.623,4.580,8.461,0.070,-0.028,-0.027,2539,0
829991,1.604,4.616,8.552,0.077,-0.027,-0.025,2539,0
830011,1.607,4.578,8.571,0.076,-0.029,-0.017,2539,0
830031,1.599,4.551,8.535,0.089,-0.043,-0.017,2538,0
830051,1.604,4.551,8.497,0.088,-0.047,-0.017,2539,0
830071,1.595,4.506,8.509,0.071,-0.049,-0.015,2540,0
830091,1.585,4.482,8.533,0.065,-0.037,-0.021,2540,0
830111,1.537,4.554,8.569,0.076,-0.026,-0.024,2541,0
830131,1.501,4.614,8.593,0.074,-0.037,-0.014,2540,0
830151,1.516,4.549,8.593,0.070,-0.038,-0.013,2541,0
830171,1.513,4.496,8.602,0.083,-0.030,-0.022,2541,0
830191,1.480,4.544,8.612,0.094,-0.036,-0.027,2540,0
830211,1.506,4.535,8.559,0.089,-0.051,-0.025,2540,0
830231,1.556,4.523,8.492,0.093,-0.049,-0.025,2541,0
830251,1.542,4.563,8.418,0.076,-0.037,-0.029,2540,0
830271,1.520,4.575,8.404,0.050,-0.033,-0.028,2539,0
830291,1.549,4.580,8.452,0.054,-0.029,-0.029,2540,0
830311,1.528,4.652,8.420,0.052,-0.026,-0.035,2539,0
830331,1.535,4.693,8.425,0.038,-0.027,-0.030,2539,0
830351,1.556,4.664,8.499,0.038,-0.017,-0.025,2539,0
830371,1.544,4.650,8.509,0.058,-0.016,-0.028,2539,0
830391,1.537,4.695,8.516,0.070,-0.023,-0.032,2540,0
830411,1.551,4.781,8.473,0.075,-0.014,-0.026,2539,0
830431,1.494,4.767,8.475,0.061,-0.021,-0.013,2540,0
830451,1.530,4.738,8.461,0.053,-0.039,-0.003,2538,0
830471,1.513,4.695,8.444,0.073,-0.019,-0.010,2540,0
830491,1.528,4.752,8.420,0.095,-0.004,-0.014,2539,0
830511,1.511,4.760,8.502,0.106,0.010,-0.014,2538,0
830531,1.448,4.793,8.511,0.103,0.011,-0.008,2541,0
830551,1.475,4.784,8.538,0.075,-0.019,0.003,2540,0
830571,1.535,4.721,8.547,0.048,-0.021,0.011,2539,0
830591,1.559,4.652,8.569,0.051,-0.008,0.008,2540,0
830611,1.506,4.676,8.574,0.071,-0.014,0.006,2539,0
830631,1.441,4.779,8.614,0.066,-0.036,0.013,2540,0
830651,1.482,4.721,8.569,0.048,-0.046,0.022,2539,0
830671,1.460,4.638,8.507,0.051,-0.041,0.016,2540,0
830691,1.432,4.697,8.475,0.060,-0.046,0.010,2539,0
830711,1.427,4.697,8.444,0.056,-0.055,0.011,2540,0
830731,1.415,4.676,8.449,0.054,-0.045,0.008,2540,0
830751,1.405,4.669,8.444,0.050,-0.034,0.006,2540,0
830771,1.425,4.659,8.401,0.063,-0.032,0.005,2541,0
830791,1.446,4.669,8.404,0.068,-0.025,0.003,2540,0
830811,1.429,4.736,8.442,0.038,-0.018,0.014,2539,0
830831,1.448,4.614,8.487,0.002,-0.026,0.015,2539,0
830851,1.496,4.542,8.523,0.042,-0.025,-0.006,2538,0
830871,1.460,4.678,8.514,0.085,-0.011,-0.022,2540,0
830891,1.391,4.822,8.495,0.068,-0.012,-0.013,2540,0
830911,1.396,4.827,8.497,0.006,-0.038,0.010,2539,0
830931,1.470,4.650,8.509,0.003,-0.038,0.010,2539,0
830951,1.487,4.626,8.502,0.051,-0.021,-0.008,2539,0
830971,1.468,4.752,8.459,0.074,-0.017,-0.013,2540,0
830991,1.413,4.839,8.499,0.053,-0.020,0.003,2540,0
831011,1.396,4.834,8.543,0.019,-0.025,0.018,2538,0
831031,1.448,4.685,8.526,0.012,-0.039,0.020,2540,0
831051,1.453,4.618,8.497,0.034,-0.027,0.006,2540,0
831071,1.420,4.685,8.514,0.043,-0.024,-0.001,2540,0
831091,1.417,4.724,8.554,0.050,-0.021,0.005,2539,0
831111,1.437,4.724,8.629,0.074,-0.022,0.009,2540,0
831131,1.405,4.743,8.581,0.079,-0.038,0.011,2540,0
831151,1.415,4.717,8.578,0.053,-0.076,0.015,2540,0
831171,1.487,4.602,8.523,0.033,-0.092,0.017,2540,0
831191,1.496,4.537,8.509,0.049,-0.073,0.005,2539,0
831211,1.460,4.571,8.514,0.072,-0.061,0.003,2540,0
831231,1.427,4.642,8.452,0.047,-0.073,0.002,2540,0
831251,1.458,4.611,8.461,0.005,-0.070,-0.003,2541,0
831271,1.456,4.556,8.480,0.000,-0.059,-0.014,2540,0
831291,1.456,4.556,8.576,0.038,-0.059,-0.026,2539,0
831311,1.444,4.714,8.576,0.078,-0.050,-0.035,2540,0
831331,1.441,4.774,8.578,0.065,-0.066,-0.034,2538,0
831351,1.501,4.695,8.540,0.033,-0.087,-0.030,2541,0
831371,1.556,4.604,8.538,0.043,-0.103,-0.035,2541,0
831391,1.568,4.642,8.490,0.074,-0.096,-0.054,2541,0
831411,1.604,4.738,8.382,0.068,-0.087,-0.053,2542,0
831431,1.575,4.822,8.349,0.032,-0.088,-0.036,2541,0
831451,1.621,4.729,8.375,0.014,-0.103,-0.031,2541,0
831471,1.621,4.693,8.411,0.029,-0.086,-0.046,2542,0
831491,1.537,4.843,8.502,0.058,-0.051,-0.054,2541,0
831511,1.448,4.939,8.619,0.062,-0.064,-0.046,2541,0
831531,1.444,4.987,8.588,0.053,-0.088,-0.034,2543,0
831551,1.448,4.863,8.578,0.014,-0.089,-0.013,2541,0
831571,1.434,4.705,8.547,0.013,-0.084,-0.007,2542,0
831591,1.508,4.571,8.478,0.027,-0.094,-0.014,2542,0
831611,1.597,4.499,8.471,0.034,-0.075,-0.021,2542,0
831631,1.623,4.470,8.466,0.018,-0.064,-0.038,2542,0
831651,1.604,4.503,8.569,-0.018,-0.065,-0.047,2541,0
831671,1.604,4.484,8.576,-0.039,-0.075,-0.055,2542,0
831691,1.618,4.468,8.543,-0.039,-0.099,-0.066,2541,0
831711,1.647,4.439,8.516,-0.022,-0.110,-0.071,2541,0
831731,1.683,4.446,8.487,-0.007,-0.112,-0.079,2541,0
831751,1.650,4.492,8.475,0.001,-0.099,-0.098,2540,0
831771,1.590,4.621,8.471,-0.001,-0.100,-0.107,2541,0
831791,1.537,4.630,8.511,-0.008,-0.119,-0.108,2540,0
831811,1.556,4.568,8.461,0.014,-0.118,-0.110,2542,0
831831,1.578,4.628,8.382,0.041,-0.104,-0.120,2542,0
831851,1.547,4.681,8.375,0.032,-0.087,-0.118,2542,0
831871,1.561,4.724,8.411,0.010,-0.093,-0.102,2542,0
831891,1.640,4.611,8.447,0.017,-0.094,-0.096,2542,0
831911,1.671,4.542,8.413,0.045,-0.087,-0.102,2542,0
831931,1.654,4.640,8.373,0.041,-0.079,-0.104,2541,0
831951,1.657,4.709,8.322,0.008,-0.083,-0.088,2542,0
831971,1.721,4.700,8.248,0.011,-0.090,-0.076,2542,0
831991,1.750,4.709,8.215,0.035,-0.091,-0.076,2543,0
832011,1.729,4.729,8.224,0.048,-0.066,-0.081,2542,0
832031,1.683,4.827,8.262,0.051,-0.045,-0.074,2542,0
832051,1.693,4.870,8.255,0.043,-0.055,-0.053,2542,0
832071,1.714,4.805,8.270,0.052,-0.068,-0.046,2542,0
832091,1.760,4.764,8.250,0.087,-0.063,-0.052,2543,0
832111,1.736,4.843,8.236,0.115,-0.045,-0.055,2542,0
832131,1.717,4.982,8.210,0.088,-0.048,-0.045,2541,0
832151,1.738,4.963,8.200,0.067,-0.048,-0.028,2543,0
832171,1.750,4.937,8.210,0.089,-0.023,-0.026,2543,0
832191,1.681,5.040,8.286,0.106,0.005,-0.021,2541,0
832211,1.647,5.095,8.418,0.091,0.019,0.001,2543,0
832231,1.652,4.978,8.550,0.088,0.013,0.024,2541,0
832251,1.681,4.858,8.564,0.111,-0.003,0.027,2543,0
832271,1.635,4.855,8.576,0.102,-0.022,0.018,2543,0
832291,1.597,4.815,8.622,0.081,-0.028,0.022,2542,0
832311,1.532,4.762,8.739,0.081,-0.035,0.024,2541,0
832331,1.544,4.690,8.720,0.112,-0.054,0.016,2542,0
832351,1.530,4.688,8.622,0.122,-0.075,0.001,2543,0
832371,1.537,4.700,8.550,0.088,-0.085,-0.005,2542,0
832391,1.573,4.626,8.483,0.053,-0.083,-0.005,2542,0
832411,1.592,4.573,8.497,0.057,-0.066,-0.012,2542,0
832431,1.568,4.604,8.519,0.060,-0.065,-0.022,2541,0
832451,1.559,4.640,8.490,0.028,-0.079,-0.022,2543,0
832471,1.654,4.537,8.413,0.011,-0.090,-0.031,2544,0
832491,1.697,4.530,8.322,0.036,-0.076,-0.054,2543,0
832511,1.669,4.635,8.265,0.045,-0.058,-0.072,2542,0
832531,1.654,4.827,8.238,0.025,-0.060,-0.071,2542,0
832551,1.669,4.899,8.183,-0.010,-0.049,-0.064,2543,0
832571,1.678,4.942,8.198,-0.010,-0.040,-0.059,2542,0
832591,1.709,4.968,8.226,0.000,-0.023,-0.046,2542,0
832611,1.709,4.954,8.262,0.003,-0.018,-0.037,2543,0
832631,1.729,4.992,8.291,0.018,-0.011,-0.040,2541,0
832651,1.686,5.066,8.313,0.018,-0.003,-0.026,2541,0
832671,1.697,5.095,8.332,-0.001,-0.026,-0.003,2542,0
832691,1.729,4.999,8.416,0.002,-0.015,0.007,2542,0
832711,1.683,4.934,8.459,0.033,0.002,0.005,2543,0
832731,1.621,4.925,8.509,0.063,-0.023,0.001,2541,0
832751,1.726,4.942,8.384,0.061,-0.050,0.011,2542,0
832771,1.753,4.906,8.308,0.036,-0.032,0.025,2543,0
832791,1.755,4.776,8.382,0.023,-0.014,0.025,2540,0
832811,1.717,4.738,8.499,0.041,-0.014,0.014,2542,0
832831,1.659,4.791,8.552,0.055,-0.024,0.012,2541,0
832851,1.633,4.800,8.564,0.046,-0.043,0.025,2542,0
832871,1.666,4.719,8.521,0.038,-0.062,0.037,2539,0
832891,1.674,4.618,8.411,0.031,-0.068,0.026,2543,0
832911,1.674,4.635,8.349,0.030,-0.049,0.007,2543,0
832931,1.614,4.700,8.344,0.030,-0.042,0.005,2542,0
832951,1.611,4.741,8.373,0.030,-0.045,0.011,2542,0
832971,1.602,4.724,8.361,0.022,-0.036,0.015,2543,0
832991,1.571,4.650,8.380,0.029,-0.039,0.008,2540,0
833011,1.602,4.666,8.327,0.038,-0.035,0.000,2542,0
833031,1.604,4.717,8.308,0.037,-0.018,-0.005,2542,0
833051,1.595,4.717,8.396,0.035,-0.027,-0.005,2542,0
833071,1.607,4.654,8.401,0.038,-0.044,-0.007,2543,0
833091,1.647,4.650,8.308,0.046,-0.031,-0.014,2542,0
833111,1.654,4.714,8.341,0.045,-0.011,-0.014,2542,0
833131,1.626,4.743,8.437,0.034,-0.007,-0.010,2542,0
833151,1.628,4.700,8.497,0.033,-0.019,-0.013,2541,0
833171,1.652,4.717,8.511,0.042,-0.017,-0.017,2542,0
833191,1.652,4.762,8.466,0.033,-0.033,-0.013,2542,0
833211,1.695,4.764,8.464,0.030,-0.034,-0.008,2542,0
833231,1.652,4.738,8.502,0.038,-0.014,-0.010,2542,0
833251,1.585,4.738,8.559,0.041,-0.022,-0.010,2542,0
833271,1.583,4.714,8.574,0.043,-0.052,-0.013,2543,0
833291,1.609,4.640,8.504,0.041,-0.067,-0.018,2542,0
833311,1.633,4.594,8.454,0.046,-0.058,-0.026,2542,0
833331,1.583,4.590,8.432,0.060,-0.040,-0.037,2542,0
833351,1.597,4.638,8.380,0.058,-0.052,-0.039,2542,0
833371,1.652,4.642,8.356,0.034,-0.061,-0.039,2542,0
833391,1.700,4.618,8.358,0.010,-0.055,-0.038,2542,0
833411,1.688,4.594,8.449,0.014,-0.023,-0.044,2542,0
833431,1.585,4.678,8.562,0.046,-0.010,-0.046,2543,0
833451,1.551,4.788,8.545,0.045,-0.046,-0.042,2542,0
833471,1.618,4.786,8.449,-0.002,-0.080,-0.032,2541,0
833491,1.717,4.673,8.337,-0.018,-0.065,-0.031,2541,0
833511,1.719,4.650,8.267,0.020,-0.037,-0.044,2542,0
833531,1.642,4.824,8.286,0.040,-0.014,-0.044,2542,0
833551,1.616,4.927,8.294,0.012,-0.018,-0.020,2542,0
833571,1.707,4.791,8.289,-0.006,-0.039,-0.008,2542,0
833591,1.757,4.733,8.291,0.040,-0.018,-0.024,2541,0
833611,1.676,4.865,8.298,0.076,-0.011,-0.038,2542,0
833631,1.666,5.013,8.327,0.057,-0.033,-0.021,2542,0
833651,1.707,4.966,8.389,0.048,-0.027,-0.006,2542,0
833671,1.630,4.997,8.456,0.077,-0.017,-0.003,2541,0
833691,1.587,4.999,8.495,0.097,-0.027,0.003,2541,0
833711,1.580,4.994,8.456,0.092,-0.038,0.012,2542,0
833731,1.599,4.934,8.543,0.070,-0.044,0.032,2541,0
833751,1.618,4.769,8.607,0.068,-0.057,0.039,2542,0
833771,1.640,4.626,8.552,0.094,-0.060,0.025,2542,0
833791,1.647,4.666,8.478,0.113,-0.051,0.011,2542,0
833811,1.616,4.772,8.444,0.092,-0.048,0.017,2542,0
833831,1.642,4.791,8.437,0.040,-0.064,0.033,2542,0
833851,1.690,4.678,8.423,0.025,-0.062,0.038,2541,0
833871,1.669,4.628,8.337,0.047,-0.039,0.029,2542,0
833891,1.657,4.724,8.270,0.052,-0.032,0.024,2542,0
833911,1.633,4.788,8.303,0.018,-0.013,0.028,2541,0
833931,1.568,4.743,8.468,0.007,-0.004,0.018,2542,0
833951,1.532,4.726,8.607,0.033,-0.017,0.001,2542,0
833971,1.506,4.781,8.667,0.056,-0.035,-0.013,2543,0
833991,1.508,4.820,8.681,0.057,-0.058,-0.015,2542,0
834011,1.525,4.755,8.638,0.059,-0.069,-0.020,2542,0
834031,1.501,4.695,8.641,0.048,-0.081,-0.019,2542,0
834051,1.568,4.547,8.576,0.020,-0.098,-0.008,2543,0
834071,1.736,4.348,8.406,0.010,-0.102,-0.023,2541,0
834091,1.776,4.312,8.368,0.011,-0.060,-0.050,2542,0
834111,1.717,4.384,8.492,-0.013,-0.039,-0.066,2542,0
834131,1.729,4.401,8.665,-0.033,-0.051,-0.067,2542,0
834151,1.741,4.405,8.689,-0.040,-0.072,-0.078,2541,0
834171,1.786,4.448,8.566,-0.022,-0.094,-0.088,2542,0
834191,1.844,4.575,8.396,-0.020,-0.092,-0.091,2542,0
834211,1.820,4.690,8.380,-0.056,-0.068,-0.079,2543,0
834231,1.808,4.650,8.425,-0.082,-0.080,-0.059,2543,0
834251,1.853,4.628,8.408,-0.047,-0.098,-0.057,2543,0
834271,1.860,4.736,8.265,-0.028,-0.090,-0.063,2543,0
834291,1.853,4.803,8.217,-0.036,-0.073,-0.047,2541,0
834311,1.872,4.784,8.183,-0.022,-0.066,-0.037,2542,0
834331,1.872,4.820,8.183,-0.001,-0.061,-0.028,2542,0
834351,1.846,4.846,8.207,0.010,-0.063,-0.018,2542,0
834371,1.891,4.867,8.121,0.028,-0.082,-0.013,2543,0
834391,1.889,4.958,8.056,0.046,-0.068,-0.003,2542,0
834411,1.829,5.011,8.047,0.052,-0.040,0.010,2542,0
834431,1.774,5.047,8.025,0.060,-0.043,0.024,2543,0
834451,1.791,5.073,7.980,0.087,-0.033,0.044,2542,0
834471,1.800,5.104,7.944,0.109,-0.004,0.058,2543,0
834491,1.762,5.131,7.958,0.120,0.025,0.067,2543,0
834511,1.748,5.171,7.961,0.121,0.039,0.091,2543,0
834531,1.796,5.057,8.040,0.127,0.059,0.120,2542,0
834551,1.733,5.001,8.155,0.151,0.075,0.120,2542,0
834571,1.666,5.033,8.291,0.157,0.065,0.113,2543,0
834591,1.647,4.997,8.404,0.174,0.065,0.117,2543,0
834611,1.628,4.908,8.452,0.207,0.068,0.113,2543,0
834631,1.539,4.889,8.495,0.233,0.057,0.106,2543,0
834651,1.516,4.918,8.574,0.206,0.059,0.106,2542,0
834671,1.480,4.848,8.741,0.164,0.069,0.099,2542,0
834691,1.391,4.822,8.916,0.156,0.051,0.100,2541,0
834711,1.389,4.750,8.902,0.150,0.010,0.108,2541,0
834731,1.460,4.559,8.789,0.136,-0.001,0.112,2542,0
834751,1.525,4.472,8.739,0.113,0.013,0.102,2540,0
834771,1.492,4.398,8.775,0.065,0.002,0.096,2541,0
834791,1.549,4.266,8.727,0.023,-0.031,0.084,2541,0
834811,1.654,4.168,8.557,0.006,-0.046,0.054,2543,0
834831,1.702,4.211,8.497,0.004,-0.029,0.022,2542,0
834851,1.628,4.350,8.562,-0.002,-0.003,-0.009,2541,0
834871,1.578,4.506,8.600,-0.012,-0.032,-0.031,2540,0
834891,1.638,4.606,8.495,-0.021,-0.060,-0.038,2541,0
834911,1.705,4.578,8.416,-0.024,-0.062,-0.049,2542,0
834931,1.717,4.611,8.406,-0.002,-0.040,-0.062,2542,0
834951,1.635,4.748,8.382,0.005,-0.034,-0.064,2541,0
834971,1.683,4.774,8.337,-0.009,-0.051,-0.061,2541,0
834991,1.729,4.774,8.282,-0.011,-0.050,-0.062,2542,0
835011,1.724,4.831,8.262,-0.010,-0.034,-0.066,2542,0
835031,1.693,4.913,8.353,-0.006,-0.017,-0.066,2542,0
835051,1.688,4.966,8.399,0.017,-0.011,-0.057,2539,0
835071,1.664,5.037,8.361,0.027,-0.015,-0.043,2542,0
835091,1.662,5.028,8.420,-0.003,-0.013,-0.023,2542,0
835111,1.678,4.911,8.473,-0.016,-0.010,-0.006,2543,0
835131,1.681,4.829,8.535,-0.002,-0.018,0.002,2541,0
835151,1.671,4.796,8.557,0.015,-0.024,0.002,2542,0
835171,1.638,4.779,8.473,0.013,-0.048,0.005,2541,0
835191,1.686,4.724,8.418,-0.009,-0.057,0.008,2542,0
835211,1.688,4.719,8.411,-0.034,-0.037,0.006,2542,0
835231,1.595,4.750,8.437,-0.086,-0.046,0.019,2542,0
835251,1.640,4.669,8.413,-0.127,-0.055,0.037,2540,0
835271,1.717,4.532,8.454,-0.117,-0.037,0.029,2542,0
835291,1.695,4.501,8.519,-0.082,-0.032,0.015,2540,0
835311,1.707,4.503,8.535,-0.051,-0.047,0.011,2540,0
835331,1.738,4.571,8.521,-0.042,-0.056,0.008,2541,0
835351,1.760,4.518,8.495,-0.048,-0.055,0.007,2540,0
835371,1.788,4.472,8.511,-0.024,-0.050,-0.002,2541,0
835391,1.757,4.465,8.538,0.012,-0.042,-0.011,2541,0
835411,1.671,4.590,8.535,0.043,-0.048,-0.015,2541,0
835431,1.702,4.633,8.456,0.015,-0.067,-0.003,2541,0
835451,1.738,4.573,8.428,-0.001,-0.058,0.003,2541,0
835471,1.750,4.518,8.404,0.018,-0.041,-0.001,2542,0
835491,1.705,4.527,8.361,0.036,-0.044,-0.008,2541,0
835511,1.717,4.585,8.313,0.025,-0.050,0.001,2542,0
835531,1.726,4.556,8.305,0.007,-0.039,0.004,2541,0
835551,1.714,4.532,8.284,0.017,-0.030,-0.008,2542,0
835571,1.683,4.611,8.286,0.036,-0.001,-0.007,2542,0
835591,1.645,4.707,8.353,0.030,0.021,0.002,2542,0
835611,1.666,4.712,8.521,0.006,0.020,0.017,2542,0
835631,1.628,4.650,8.622,-0.010,0.029,0.024,2542,0
835651,1.647,4.587,8.686,-0.016,0.006,0.033,2541,0
835671,1.697,4.496,8.705,-0.003,0.000,0.037,2542,0
835691,1.686,4.520,8.662,0.007,0.015,0.050,2541,0
835711,1.681,4.456,8.686,-0.029,0.022,0.063,2542,0
835731,1.729,4.286,8.744,-0.063,0.009,0.064,2542,0
835751,1.772,4.092,8.813,-0.039,0.005,0.045,2542,0
835771,1.738,4.118,8.789,-0.008,-0.015,0.019,2542,0
835791,1.765,4.178,8.684,-0.006,-0.035,0.008,2542,0
835811,1.745,4.226,8.617,-0.041,-0.040,0.003,2542,0
835831,1.707,4.314,8.605,-0.066,-0.040,-0.001,2543,0
835851,1.726,4.324,8.569,-0.068,-0.048,-0.003,2543,0
835871,1.762,4.341,8.471,-0.070,-0.062,-0.005,2543,0
835891,1.774,4.331,8.356,-0.082,-0.038,-0.005,2544,0
835911,1.736,4.379,8.442,-0.091,-0.010,-0.006,2545,0
835931,1.707,4.417,8.420,-0.092,-0.004,-0.007,2544,0
835951,1.731,4.494,8.437,-0.109,-0.015,-0.013,2545,0
835971,1.748,4.501,8.535,-0.153,-0.037,-0.003,2544,0
835991,1.822,4.348,8.622,-0.213,-0.048,0.015,2546,0
836011,1.860,4.324,8.906,-0.224,-0.055,-0.002,2559,0
836031,1.889,4.034,8.854,-0.249,-0.038,-0.030,2585,0
836051,1.846,4.116,8.847,-0.142,-0.021,-0.055,2628,0
836071,1.968,4.269,9.086,-0.132,-0.030,-0.060,2671,0
836091,1.980,3.984,9.122,-0.126,-0.034,-0.082,2718,0
836111,1.726,4.264,8.878,-0.067,0.033,-0.089,2763,0
836131,1.508,4.494,8.928,-0.210,-0.011,-0.042,2806,0
836151,1.956,3.938,9.222,-0.447,-0.270,-0.034,2864,0
836171,2.272,3.405,9.378,-0.451,-0.339,-0.093,2928,0
836191,2.150,3.440,8.861,-0.382,-0.213,-0.039,2959,0
836211,1.652,3.682,8.447,-0.376,-0.097,-0.078,2971,0
836231,1.427,3.905,8.423,-0.370,-0.105,-0.142,2991,0
836251,1.748,3.891,8.880,-0.614,-0.166,-0.077,3023,0
836271,1.848,3.165,9.222,-0.672,-0.192,-0.051,3057,0
836291,1.930,3.043,9.177,-0.519,-0.063,-0.093,3088,0
836311,1.944,3.263,9.280,-0.356,0.030,-0.206,3120,0
836331,0.891,3.007,8.605,-0.346,-0.085,-0.270,3136,0
836351,1.331,3.084,8.921,-0.591,0.103,-0.360,3167,2667
836371,1.602,2.480,9.275,-0.468,0.204,-0.266,3189,3650
836391,2.157,1.786,9.242,-0.226,0.452,-0.371,3205,4054
836411,0.996,2.607,9.055,-0.039,0.513,-0.380,3208,4095
836431,1.094,2.200,9.306,0.175,0.484,-0.351,3197,4095
836451,1.489,1.652,9.500,0.318,0.480,-0.451,3184,4095
836471,0.381,2.258,9.852,0.653,0.255,-0.625,3174,4095
836491,0.898,1.877,9.524,0.991,0.019,-0.648,3163,4095
836511,1.635,0.247,8.882,1.874,0.105,-0.878,3153,4095
836531,1.365,0.654,7.975,3.223,0.246,-1.284,3144,4095
836551,1.274,0.242,7.752,4.748,0.590,-1.735,3134,4095
836571,-0.285,4.386,6.469,6.229,0.855,-2.312,3123,4095
836591,-0.809,6.144,5.760,6.184,0.819,-2.340,3118,4095
836611,0.017,4.362,4.264,6.558,1.147,-2.710,3112,4095
836631,-1.276,5.327,1.990,7.532,1.669,-3.168,3105,4095
836651,-2.365,6.505,0.120,8.501,2.245,-3.339,3101,4095
836671,-3.584,10.331,-2.093,8.731,2.454,-3.132,3095,4095
836691,-5.552,11.657,-2.406,7.960,2.463,-2.694,3093,4095
836711,-5.270,8.978,-2.646,7.050,1.935,-2.463,3088,4095
836731,-4.408,6.816,-5.013,7.056,1.815,-2.537,3087,4095
836751,-4.671,5.667,-6.936,7.823,2.148,-2.740,3086,4095
836771,-5.571,7.417,-8.497,8.141,2.460,-2.672,3084,4095
836791,-6.759,8.471,-8.358,7.381,2.041,-2.137,3081,4095
836811,-5.602,4.867,-9.469,6.993,1.683,-1.649,3073,4095
836831,-6.589,8.564,-10.625,6.037,1.317,-1.093,3070,4095
836851,-6.038,8.272,-10.331,3.488,0.766,-0.015,3063,4095
836871,-4.764,2.119,-9.244,1.648,0.545,0.388,3060,4095
836891,-4.393,0.792,-9.131,1.376,0.268,0.107,3058,4095
836911,-3.881,1.465,-9.670,0.691,0.057,0.176,3055,4095
836931,-3.778,0.800,-9.112,0.362,0.084,0.088,3054,4095
836951,-4.525,2.756,-8.796,-0.210,-0.226,0.155,3055,4095
836971,-3.469,-0.057,-8.871,-0.178,-0.192,-0.014,3053,4095
836991,-4.326,2.921,-8.808,-0.024,-0.222,-0.177,3053,4095
837011,-3.723,1.551,-8.696,-0.181,-0.185,-0.132,3052,4095
837031,-4.398,2.981,-8.736,0.031,-0.116,-0.161,3050,4095
837051,-4.654,2.983,-8.705,-0.156,-0.196,-0.026,3048,4095
837071,-4.652,2.523,-8.784,-0.220,-0.254,-0.018,3048,4095
837091,-4.911,2.006,-8.703,-0.273,-0.425,-0.016,3050,4095
837111,-4.717,1.927,-8.751,0.128,-0.473,0.126,3055,4095
837131,-4.369,1.990,-9.014,0.348,-0.419,0.243,3064,4090
837151,-5.090,2.581,-9.036,0.097,-0.233,0.174,3071,3393
837171,-5.145,2.310,-9.290,-0.403,-0.278,0.195,3060,0
837191,-5.459,1.221,-10.010,-0.916,-0.254,0.125,3023,0
837211,-4.312,1.499,-10.020,-0.961,-0.182,-0.142,2965,0
837231,-4.295,2.459,-9.486,-0.841,0.366,-0.139,2893,0
837251,-4.853,3.776,-9.371,-0.566,0.762,0.169,2799,0
837271,-5.296,3.864,-9.792,-0.387,1.419,0.555,2681,0
837291,-4.532,3.807,-10.111,-0.737,1.766,1.149,2589,0
837311,-2.610,4.226,-5.282,-0.840,1.831,1.607,2508,0
837331,-2.691,1.135,-6.153,-0.219,0.412,0.961,2451,0
837351,-2.389,1.733,-8.600,0.696,0.259,0.301,2408,0
837371,-3.048,3.646,-8.088,0.817,-0.011,0.260,2369,0
837391,-3.055,3.433,-8.329,0.421,-0.335,0.280,2350,0
837411,-2.416,3.345,-8.370,-0.181,-0.673,0.217,2343,0
837431,-3.491,1.405,-9.165,-0.160,-0.385,0.057,2345,0
837451,-3.084,2.782,-9.507,0.290,-0.076,-0.014,2346,0
837471,-4.034,3.608,-8.459,0.106,-0.062,0.032,2344,0
837491,-4.077,2.957,-9.091,-0.084,-0.309,0.002,2340,0
837511,-2.689,3.754,-8.782,-0.197,-0.351,0.038,2341,0
837531,-4.056,2.488,-8.717,-0.408,-0.132,0.046,2345,0
837551,-2.974,2.854,-8.988,0.173,0.001,-0.012,2346,0
837571,-3.321,3.759,-8.179,0.242,-0.141,-0.017,2347,0
837591,-4.149,3.060,-8.839,-0.003,-0.227,-0.013,2349,0
837611,-2.816,4.017,-8.748,-0.023,-0.156,0.000,2352,0
837631,-4.357,2.789,-8.662,-0.244,0.017,-0.004,2353,0
837651,-3.311,2.892,-9.304,0.146,0.031,-0.019,2355,0
837671,-3.608,4.061,-8.418,0.062,-0.078,0.013,2356,0
837691,-4.092,3.062,-9.060,-0.079,-0.106,-0.003,2359,0
837711,-2.890,4.219,-9.026,-0.082,-0.115,0.033,2362,0
837731,-4.085,3.402,-8.215,-0.375,-0.068,0.092,2366,0
837751,-3.309,2.911,-9.270,-0.094,-0.022,0.041,2370,0
837771,-3.297,3.828,-8.760,-0.002,0.001,0.050,2373,0
837791,-3.385,3.417,-8.619,-0.135,-0.088,0.076,2374,0
837811,-3.373,3.436,-8.622,-0.207,-0.154,0.082,2381,0
837831,-3.321,3.314,-8.698,-0.223,-0.155,0.072,2383,0
837851,-3.328,3.438,-8.794,-0.224,-0.110,0.081,2385,0
837871,-3.378,3.378,-8.782,-0.212,-0.068,0.105,2387,0
837891,-3.436,3.491,-8.820,-0.192,-0.068,0.104,2394,0
837911,-3.431,3.591,-8.763,-0.196,-0.109,0.069,2400,0
837931,-3.428,3.594,-8.727,-0.238,-0.132,0.066,2402,0
837951,-3.359,3.409,-8.768,-0.187,-0.048,0.075,2408,0
837971,-3.383,3.345,-8.746,-0.027,0.091,0.050,2410,0
837991,-3.570,3.589,-8.789,0.058,0.141,0.025,2408,0
838011,-3.582,3.740,-8.703,0.021,0.060,0.015,2409,0
838031,-3.496,3.625,-8.590,-0.055,-0.028,0.019,2411,0
838051,-3.369,3.527,-8.554,-0.034,-0.053,-0.005,2415,0
838071,-3.364,3.670,-8.528,0.020,-0.017,-0.030,2415,0
838091,-3.484,3.795,-8.586,0.049,-0.005,-0.063,2417,0
838111,-3.510,3.888,-8.574,0.047,-0.020,-0.095,2417,0
838131,-3.551,3.958,-8.559,0.035,-0.039,-0.094,2416,0
838151,-3.601,4.063,-8.535,0.005,-0.041,-0.051,2419,0
838171,-3.634,4.070,-8.550,-0.031,-0.052,-0.014,2421,0
838191,-3.620,4.049,-8.531,-0.041,-0.054,-0.000,2426,0
838211,-3.639,4.092,-8.471,0.014,-0.048,-0.010,2430,0
838231,-3.656,4.147,-8.509,0.034,-0.042,-0.015,2432,0
838251,-3.651,4.149,-8.478,-0.002,-0.035,0.001,2437,0
838271,-3.591,4.180,-8.394,-0.034,-0.035,0.029,2435,0
838291,-3.749,4.108,-8.346,-0.124,-0.046,0.054,2438,0
838311,-4.051,3.855,-7.848,-0.179,-0.039,0.074,2440,0
838331,-3.766,3.220,-8.724,-0.029,-0.035,0.055,2443,0
838351,-2.919,4.413,-8.674,0.157,-0.041,0.050,2446,0
838371,-3.919,4.391,-7.908,-0.117,-0.043,0.070,2448,0
838391,-3.613,3.244,-8.820,-0.126,-0.080,0.051,2448,0
838411,-2.883,4.489,-8.420,0.018,-0.088,0.067,2450,0
838431,-4.029,3.862,-7.951,-0.116,-0.080,0.066,2450,0
838451,-2.840,3.948,-8.926,0.181,-0.088,-0.007,2451,0
838471,-3.644,4.683,-7.973,0.009,-0.063,0.022,2454,0
838491,-4.113,3.484,-8.356,-0.115,-0.080,0.029,2453,0
838511,-2.813,3.948,-8.990,0.093,-0.060,0.014,2454,0
838531,-4.046,4.003,-7.975,-0.159,-0.030,0.053,2454,0
838551,-3.134,3.292,-8.978,0.040,-0.054,-0.006,2455,0
838571,-3.103,4.671,-8.140,0.087,-0.034,-0.003,2455,0
838591,-4.015,3.340,-8.387,-0.067,-0.040,-0.013,2456,0
838611,-2.761,4.085,-8.911,0.173,-0.053,-0.049,2458,0
838631,-3.862,4.482,-7.954,-0.028,-0.055,-0.007,2458,0
838651,-3.589,3.251,-9.031,0.013,-0.078,-0.029,2461,0
838671,-2.998,4.688,-8.566,0.135,-0.007,-0.016,2462,0
838691,-4.204,3.682,-8.322,-0.061,0.034,-0.011,2462,0
838711,-2.928,3.996,-8.995,0.164,0.007,-0.047,2462,0
838731,-3.706,4.853,-7.894,-0.011,-0.014,-0.002,2464,0
838751,-3.692,3.316,-8.787,-0.037,-0.059,-0.014,2464,0
838771,-3.364,4.307,-8.806,0.145,0.003,-0.020,2466,0
838791,-3.474,4.082,-8.423,0.048,0.006,-0.009,2468,0
838811,-3.570,4.123,-8.418,0.009,-0.003,-0.008,2469,0
838831,-3.558,4.140,-8.399,-0.011,-0.021,0.010,2470,0
838851,-3.522,4.142,-8.358,-0.007,-0.013,0.018,2471,0
838871,-3.546,4.118,-8.358,0.011,-0.010,0.010,2471,0
838891,-3.517,4.147,-8.315,0.022,-0.026,0.006,2474,0
838911,-3.522,4.044,-8.313,0.035,-0.041,0.010,2474,0
838931,-3.476,4.087,-8.351,0.043,-0.060,-0.009,2475,0
838951,-3.479,4.094,-8.368,0.028,-0.063,-0.016,2474,0
838971,-3.486,4.144,-8.394,0.016,-0.067,-0.015,2476,0
838991,-3.481,4.135,-8.432,0.021,-0.057,-0.010,2478,0
839011,-3.500,4.137,-8.440,0.037,-0.047,-0.000,2479,0
839031,-3.539,4.175,-8.430,0.036,-0.043,0.003,2480,0
839051,-3.531,4.175,-8.459,0.011,-0.059,0.002,2480,0
839071,-3.505,4.099,-8.444,-0.020,-0.046,0.002,2480,0
839091,-3.527,4.005,-8.399,0.013,-0.035,-0.006,2480,0
839111,-3.505,4.063,-8.399,0.025,-0.040,-0.017,2480,0
839131,-3.546,4.113,-8.377,0.005,-0.051,-0.019,2481,0
839151,-3.536,4.101,-8.394,0.006,-0.060,-0.023,2481,0
839171,-3.536,4.195,-8.389,0.007,-0.035,-0.014,2481,0
839191,-3.536,4.197,-8.341,0.006,-0.030,-0.010,2485,0
839211,-3.541,4.180,-8.322,0.003,-0.047,-0.005,2488,0
839231,-3.541,4.173,-8.351,0.007,-0.055,0.006,2489,0
839251,-3.529,4.199,-8.382,0.009,-0.056,0.003,2492,0
839271,-3.541,4.207,-8.375,-0.006,-0.051,0.004,2493,0
839291,-3.558,4.156,-8.399,-0.010,-0.048,0.009,2494,0
839311,-3.555,4.164,-8.404,0.013,-0.042,0.009,2494,0
839331,-3.508,4.190,-8.399,-0.001,-0.037,0.000,2492,0
839351,-3.484,4.183,-8.361,-0.024,-0.024,-0.008,2494,0
839371,-3.517,4.173,-8.320,-0.005,-0.025,-0.009,2495,0
839391,-3.529,4.247,-8.305,0.022,-0.024,-0.011,2495,0
839411,-3.565,4.276,-8.291,0.023,-0.036,-0.007,2495,0
839431,-3.539,4.231,-8.301,0.011,-0.039,0.003,2496,0
839451,-3.548,4.147,-8.303,0.013,-0.040,0.008,2495,0
839471,-3.524,4.147,-8.289,0.027,-0.033,0.001,2495,0
839491,-3.539,4.137,-8.341,0.038,-0.013,-0.013,2495,0
839511,-3.551,4.235,-8.284,0.045,-0.025,-0.021,2496,0
839531,-3.508,4.300,-8.303,0.023,-0.051,-0.024,2496,0
839551,-3.527,4.293,-8.305,0.006,-0.042,-0.017,2495,0
839571,-3.594,4.274,-8.301,0.009,-0.042,-0.018,2496,0
839591,-3.572,4.298,-8.286,0.027,-0.036,-0.010,2498,0
839611,-3.577,4.283,-8.270,0.050,-0.018,0.004,2499,0
839631,-3.594,4.207,-8.274,0.063,-0.010,0.009,2498,0
839651,-3.587,4.221,-8.289,0.057,-0.018,0.003,2500,0
839671,-3.534,4.223,-8.272,0.039,-0.044,-0.005,2498,0
839691,-3.548,4.211,-8.241,0.025,-0.059,-0.012,2499,0
839711,-3.543,4.238,-8.274,0.037,-0.061,-0.016,2500,0
839731,-3.553,4.286,-8.262,0.051,-0.043,-0.013,2500,0
839751,-3.591,4.379,-8.274,0.062,-0.049,-0.008,2501,0
839771,-3.594,4.360,-8.310,0.046,-0.065,0.003,2501,0
