842191,-3.603,4.231,-8.349,0.028,-0.038,-0.017,2519,0
842211,-3.572,4.204,-8.322,0.011,-0.027,-0.012,2517,0
842231,-3.598,4.128,-8.305,0.017,-0.030,-0.011,2519,0
842251,-3.613,4.125,-8.325,0.034,-0.032,-0.015,2519,0
842271,-3.666,4.187,-8.356,0.043,-0.027,-0.018,2518,0
842291,-3.675,4.199,-8.313,0.034,-0.029,-0.013,2518,0
842311,-3.658,4.207,-8.298,0.037,-0.043,-0.009,2519,0
842331,-3.637,4.204,-8.301,0.035,-0.041,-0.015,2518,0
842351,-3.632,4.216,-8.255,0.054,-0.035,-0.017,2519,0
842371,-3.615,4.288,-8.241,0.051,-0.042,-0.016,2519,0
842391,-3.594,4.298,-8.267,0.039,-0.039,-0.005,2521,0
842411,-3.608,4.322,-8.284,0.033,-0.029,-0.003,2520,0
842431,-3.675,4.250,-8.267,0.015,-0.042,-0.001,2521,0
842451,-3.663,4.257,-8.234,0.001,-0.073,-0.004,2520,0
842471,-3.627,4.283,-8.238,-0.005,-0.071,-0.002,2522,0
842491,-3.649,4.247,-8.215,-0.003,-0.049,0.004,2522,0
842511,-3.649,4.254,-8.229,0.028,-0.031,0.021,2522,0
842531,-3.706,4.336,-8.284,0.014,-0.051,0.014,2523,0
842551,-3.713,4.369,-8.396,-0.027,-0.082,0.019,2521,0
842571,-3.651,4.587,-8.399,-0.108,-0.093,0.050,2523,0
842591,-3.656,4.733,-8.442,-0.301,-0.119,0.105,2523,0
842611,-3.646,4.726,-8.337,-0.455,-0.149,0.152,2523,0
842631,-3.670,4.788,-8.313,-0.517,-0.139,0.189,2524,0
842651,-3.730,5.114,-8.305,-0.595,-0.159,0.217,2525,0
842671,-3.881,5.693,-8.358,-0.818,-0.227,0.274,2529,0
842691,-4.164,6.649,-8.430,-1.341,-0.382,0.409,2533,0
842711,-4.233,7.286,-8.310,-2.197,-0.634,0.624,2540,0
842731,-4.307,7.640,-8.248,-3.045,-0.801,0.970,2545,0
842751,-4.274,8.203,-7.846,-3.839,-0.927,1.327,2558,0
842771,-4.487,8.878,-7.398,-4.610,-1.117,1.646,2559,0
842791,-4.738,9.665,-7.264,-5.471,-1.276,2.031,2586,0
842811,-3.950,11.042,-6.891,-6.403,-1.517,2.581,2590,0
842831,-4.049,10.417,-6.352,-7.616,-1.721,3.062,2590,0
842851,-3.021,10.046,-5.272,-8.464,-1.604,3.502,2593,0
842871,-2.717,9.273,-3.706,-8.731,-1.224,3.809,2589,0
842891,-1.808,8.373,-1.827,-8.731,-0.720,4.029,2582,0
842911,-1.171,7.561,-0.433,-8.731,-0.346,4.052,2559,0
842931,-0.196,5.274,1.049,-8.731,-0.030,3.856,2559,0
842951,1.034,2.227,3.716,-8.484,0.201,3.296,2556,0
842971,1.997,0.175,6.653,-6.499,0.374,2.402,2554,0
842991,2.313,-0.826,8.794,-3.737,0.651,1.462,2546,0
843011,1.939,0.227,9.390,-1.030,0.939,0.667,2531,0
843031,1.326,2.349,9.143,0.276,0.862,0.276,2521,0
843051,0.922,4.058,8.746,0.355,0.545,0.202,2512,0
843071,0.795,4.233,8.562,-0.188,0.276,0.294,2511,0
843091,1.231,3.388,8.892,-0.662,0.133,0.327,2511,0
843111,1.393,2.871,9.031,-0.642,0.107,0.233,2509,0
843131,1.255,2.890,9.093,-0.406,0.119,0.108,2508,0
843151,1.111,3.335,9.203,-0.197,0.066,0.030,2509,0
843171,1.051,3.503,9.103,-0.126,-0.018,-0.006,2508,0
843191,1.094,3.572,9.074,-0.097,-0.033,-0.016,2509,0
843211,1.097,3.685,9.069,-0.095,-0.014,-0.037,2508,0
843231,1.099,3.654,9.076,-0.100,-0.008,-0.048,2507,0
843251,1.109,3.603,9.088,-0.038,-0.016,-0.028,2508,0
843271,1.137,3.567,9.103,0.058,-0.015,-0.012,2506,0
843291,1.188,3.405,9.167,0.169,-0.001,-0.027,2506,0
843311,1.132,3.677,9.127,0.168,-0.014,-0.041,2506,0
843331,1.171,3.673,9.129,0.024,-0.052,-0.017,2508,0
843351,1.211,3.445,9.177,-0.039,-0.084,0.008,2507,0
843371,1.293,3.170,9.206,0.066,-0.106,0.003,2506,0
843391,1.365,3.110,9.088,0.279,-0.063,-0.029,2508,0
843411,1.243,3.534,8.954,0.336,-0.002,-0.065,2507,0
843431,1.101,3.847,8.969,0.181,-0.022,-0.060,2507,0
843451,1.041,3.850,8.997,0.000,-0.079,-0.021,2508,0
843471,1.156,3.570,9.041,-0.019,-0.123,-0.005,2508,0
843491,1.305,3.488,9.021,0.111,-0.116,-0.008,2507,0
843511,1.305,3.608,8.993,0.239,-0.052,-0.006,2509,0
843531,1.252,3.807,8.918,0.253,0.006,-0.005,2508,0
843551,1.252,3.874,8.866,0.188,-0.004,-0.001,2509,0
843571,1.302,3.912,8.866,0.074,-0.046,0.019,2508,0
843591,1.331,3.764,8.918,-0.013,-0.028,0.048,2508,0
843611,1.334,3.627,9.002,0.005,0.026,0.057,2508,0
843631,1.290,3.651,8.993,0.047,0.048,0.044,2508,0
843651,1.290,3.790,8.976,-0.017,0.009,0.025,2507,0
843671,1.312,3.845,8.926,-0.203,-0.030,0.049,2509,0
843691,1.401,3.517,9.081,-0.293,-0.001,0.084,2509,0
843711,1.427,3.177,9.254,-0.174,0.050,0.063,2508,0
843731,1.338,3.230,9.244,-0.031,0.069,0.018,2508,0
843751,1.250,3.464,9.225,-0.008,0.063,0.010,2507,0
843771,1.195,3.515,9.242,-0.067,0.029,0.021,2507,0
843791,1.178,3.496,9.285,-0.113,-0.017,0.013,2507,0
843811,1.171,3.330,9.311,-0.071,-0.031,-0.006,2507,0
843831,1.128,3.419,9.213,0.018,-0.030,-0.024,2505,0
843851,1.140,3.546,9.127,0.071,-0.038,-0.033,2505,0
843871,1.094,3.656,9.041,0.054,-0.042,-0.029,2506,0
843891,1.082,3.661,9.036,0.021,-0.074,-0.018,2507,0
843911,1.132,3.498,9.005,0.041,-0.081,-0.017,2506,0
843931,1.171,3.436,8.930,0.115,-0.051,-0.025,2507,0
843951,1.183,3.496,8.868,0.167,-0.028,-0.030,2506,0
843971,1.111,3.618,8.866,0.178,-0.015,-0.025,2507,0
843991,1.101,3.613,8.930,0.158,-0.015,-0.019,2505,0
844011,1.135,3.587,8.921,0.154,-0.017,-0.008,2506,0
844031,1.125,3.572,8.882,0.161,-0.008,-0.010,2507,0
844051,1.152,3.577,8.950,0.169,0.009,-0.022,2507,0
844071,1.142,3.582,8.973,0.179,0.026,-0.031,2505,0
844091,1.118,3.603,9.072,0.205,0.023,-0.039,2506,0
844111,1.106,3.752,9.103,0.190,0.005,-0.027,2506,0
844131,1.123,3.792,9.096,0.118,-0.013,-0.007,2508,0
844151,1.159,3.673,9.112,0.086,-0.021,-0.002,2507,0
844171,1.168,3.598,9.151,0.122,-0.017,-0.013,2507,0
844191,1.113,3.630,9.213,0.179,-0.008,-0.020,2506,0
844211,1.030,3.735,9.222,0.193,-0.026,-0.015,2506,0
844231,1.058,3.864,9.158,0.138,-0.074,-0.005,2505,0
844251,1.082,3.824,9.129,0.055,-0.085,0.008,2506,0
844271,1.118,3.740,9.131,0.027,-0.075,0.009,2506,0
844291,1.135,3.642,9.108,0.068,-0.070,-0.001,2506,0
844311,1.135,3.680,9.009,0.106,-0.069,-0.007,2506,0
844331,1.176,3.766,8.935,0.095,-0.081,-0.003,2505,0
844351,1.216,3.773,8.871,0.048,-0.098,0.006,2507,0
844371,1.286,3.713,8.823,0.022,-0.088,0.008,2507,0
844391,1.264,3.754,8.899,0.025,-0.059,0.006,2508,0
844411,1.221,3.780,8.911,0.031,-0.055,0.001,2506,0
844431,1.226,3.847,8.873,0.056,-0.056,0.002,2508,0
844451,1.192,3.874,8.899,0.076,-0.046,0.003,2507,0
844471,1.166,3.919,8.954,0.077,-0.044,0.002,2507,0
844491,1.125,3.895,8.954,0.063,-0.047,0.003,2506,0
844511,1.171,3.807,8.899,0.074,-0.062,-0.002,2508,0
844531,1.207,3.816,8.842,0.112,-0.058,-0.006,2509,0
844551,1.183,3.847,8.849,0.141,-0.037,-0.011,2507,0
844571,1.116,3.950,8.832,0.126,-0.048,-0.008,2509,0
844591,1.123,3.900,8.803,0.077,-0.069,0.001,2508,0
844611,1.176,3.859,8.789,0.071,-0.079,-0.005,2508,0
844631,1.216,3.768,8.794,0.092,-0.051,-0.014,2507,0
844651,1.223,3.800,8.861,0.143,-0.003,-0.025,2508,0
844671,1.166,3.950,8.818,0.157,0.019,-0.028,2508,0
844691,1.130,4.089,8.842,0.091,-0.007,-0.011,2507,0
844711,1.199,3.943,8.875,0.018,-0.019,0.001,2507,0
844731,1.216,3.776,8.950,0.036,-0.006,-0.012,2508,0
844751,1.147,3.824,9.031,0.111,0.005,-0.027,2507,0
844771,1.116,4.017,9.005,0.143,-0.031,-0.027,2507,0
844791,1.144,4.085,8.894,0.080,-0.066,-0.019,2507,0
844811,1.231,4.005,8.871,0.031,-0.055,-0.007,2506,0
844831,1.233,3.919,8.928,0.043,-0.017,-0.013,2507,0
844851,1.211,3.934,8.914,0.089,-0.014,-0.027,2507,0
844871,1.185,4.053,8.926,0.090,-0.034,-0.021,2506,0
844891,1.178,4.056,8.950,0.050,-0.037,-0.002,2507,0
844911,1.209,3.941,8.964,0.035,-0.047,0.000,2507,0
844931,1.281,3.867,8.933,0.063,-0.049,-0.010,2508,0
844951,1.235,3.929,8.897,0.067,-0.034,-0.017,2507,0
844971,1.185,4.017,8.914,0.031,-0.028,-0.020,2507,0
844991,1.161,4.005,8.933,0.010,-0.045,-0.014,2509,0
845011,1.192,4.015,8.916,0.021,-0.042,-0.009,2506,0
845031,1.168,4.005,8.847,0.019,-0.027,-0.011,2507,0
845051,1.154,3.989,8.914,0.008,-0.024,-0.011,2506,0
845071,1.173,3.905,8.942,0.032,-0.026,-0.009,2508,0
845091,1.168,3.948,8.906,0.060,-0.038,-0.017,2508,0
845111,1.149,4.041,8.866,0.046,-0.031,-0.015,2507,0
845131,1.104,4.073,8.875,0.012,-0.025,-0.010,2508,0
845151,1.099,3.965,8.885,-0.000,-0.038,-0.004,2508,0
845171,1.147,3.898,8.878,0.031,-0.038,-0.010,2507,0
845191,1.144,3.886,8.859,0.056,-0.020,-0.023,2508,0
845211,1.144,3.996,8.830,0.054,-0.015,-0.019,2508,0
845231,1.159,3.998,8.830,0.021,-0.022,-0.015,2506,0
845251,1.159,3.912,8.882,0.018,-0.017,-0.019,2506,0
845271,1.132,3.893,8.945,0.043,-0.029,-0.020,2507,0
845291,1.176,3.929,8.930,0.051,-0.048,-0.019,2508,0
845311,1.211,3.950,8.873,0.027,-0.042,-0.017,2507,0
845331,1.173,3.936,8.849,0.014,-0.035,-0.015,2508,0
845351,1.104,3.962,8.988,0.018,-0.073,-0.008,2508,0
845371,1.106,3.989,8.973,0.069,-0.143,-0.004,2507,0
845391,1.185,4.082,8.868,0.051,-0.188,0.012,2508,0
845411,1.312,4.010,8.887,0.042,-0.156,0.009,2508,0
845431,1.314,3.903,8.880,0.039,-0.087,0.002,2509,0
845451,1.338,3.922,8.825,0.064,-0.058,-0.021,2509,0
845471,1.314,3.948,8.796,0.073,-0.046,-0.023,2509,0
845491,1.317,3.982,8.787,0.060,-0.035,-0.017,2509,0
845511,1.286,3.974,8.861,0.049,-0.017,-0.018,2508,0
845531,1.259,3.972,8.911,0.043,-0.019,-0.022,2509,0
845551,1.276,3.974,8.926,0.048,-0.032,-0.025,2508,0
845571,1.238,4.005,8.890,0.041,-0.040,-0.021,2508,0
845591,1.245,4.015,8.902,0.027,-0.040,-0.013,2508,0
845611,1.257,3.941,8.902,0.039,-0.041,-0.010,2508,0
845631,1.257,3.960,8.866,0.057,-0.040,-0.012,2509,0
845651,1.259,3.948,8.784,0.065,-0.045,-0.022,2509,0
845671,1.240,3.994,8.768,0.054,-0.035,-0.022,2508,0
845691,1.168,4.037,8.856,0.026,-0.029,-0.014,2509,0
845711,1.197,3.955,8.921,0.022,-0.045,-0.009,2508,0
845731,1.221,3.941,8.880,0.057,-0.049,-0.017,2509,0
845751,1.228,3.986,8.770,0.079,-0.037,-0.027,2509,0
845771,1.216,4.068,8.780,0.069,-0.024,-0.027,2508,0
845791,1.192,4.070,8.820,0.033,-0.010,-0.007,2508,0
845811,1.216,3.974,8.894,0.032,-0.026,-0.001,2509,0
845831,1.257,3.888,8.933,0.059,-0.038,-0.015,2508,0
845851,1.283,3.977,8.863,0.072,-0.038,-0.022,2508,0
845871,1.267,3.991,8.842,0.049,-0.040,-0.020,2507,0
845891,1.245,3.950,8.911,0.037,-0.039,-0.018,2508,0
845911,1.202,3.979,8.940,0.052,-0.032,-0.019,2508,0
845931,1.176,4.010,8.880,0.065,-0.045,-0.023,2507,0
845951,1.226,4.027,8.799,0.064,-0.056,-0.025,2510,0
845971,1.235,4.051,8.770,0.047,-0.032,-0.024,2508,0
845991,1.147,4.058,8.861,0.035,-0.017,-0.019,2506,0
846011,1.159,4.022,8.921,0.049,-0.044,-0.014,2509,0
846031,1.259,3.967,8.859,0.071,-0.041,-0.015,2508,0
846051,1.262,4.027,8.873,0.062,-0.025,-0.023,2507,0
846071,1.211,4.025,8.835,0.036,-0.031,-0.016,2509,0
846091,1.214,4.005,8.892,0.032,-0.044,-0.010,2507,0
846111,1.231,4.005,8.938,0.047,-0.030,-0.016,2506,0
846131,1.199,4.077,8.945,0.071,-0.025,-0.015,2508,0
846151,1.185,4.118,8.926,0.064,-0.058,-0.007,2508,0
846171,1.245,4.063,8.878,0.034,-0.078,-0.003,2507,0
846191,1.302,3.965,8.897,0.030,-0.050,-0.007,2510,0
846211,1.255,3.962,8.918,0.045,-0.042,-0.015,2508,0
846231,1.233,4.015,8.842,0.044,-0.066,-0.023,2509,0
846251,1.283,4.037,8.681,0.045,-0.078,-0.020,2507,0
846271,1.314,4.132,8.612,0.034,-0.050,-0.011,2508,0
846291,1.269,4.082,8.724,0.011,-0.021,-0.011,2506,0
846311,1.183,4.068,8.815,0.009,-0.008,-0.023,2507,0
846331,1.178,4.051,8.789,0.038,-0.027,-0.025,2507,0
846351,1.235,4.089,8.727,0.063,-0.022,-0.018,2507,0
846371,1.231,4.152,8.768,0.051,0.018,-0.018,2507,0
846391,1.154,4.149,8.933,0.008,0.039,-0.018,2507,0
846411,1.135,4.099,9.141,-0.008,0.021,-0.015,2507,0
846431,1.128,4.027,9.249,0.012,0.007,-0.012,2505,0
846451,1.080,4.020,9.285,0.022,-0.007,-0.011,2505,0
846471,1.039,3.907,9.357,0.026,-0.024,-0.012,2507,0
846491,1.041,3.776,9.330,0.029,-0.078,-0.019,2508,0
846511,1.082,3.730,9.237,0.032,-0.123,-0.037,2507,0
846531,1.161,3.723,9.136,0.017,-0.133,-0.057,2507,0
846551,1.171,3.728,9.067,0.009,-0.123,-0.069,2508,0
846571,1.135,3.754,9.079,0.010,-0.112,-0.075,2507,0
846591,1.132,3.764,9.153,0.010,-0.136,-0.079,2507,0
846611,1.231,3.689,9.014,0.006,-0.176,-0.087,2508,0
846631,1.286,3.742,8.815,0.015,-0.181,-0.102,2507,0
846651,1.252,3.864,8.768,-0.009,-0.150,-0.100,2507,0
846671,1.231,3.862,8.772,-0.041,-0.134,-0.087,2508,0
846691,1.295,3.742,8.674,-0.008,-0.156,-0.094,2506,0
846711,1.365,3.855,8.574,0.014,-0.155,-0.102,2507,0
846731,1.374,3.895,8.514,-0.016,-0.123,-0.098,2507,0
846751,1.410,3.905,8.533,-0.027,-0.106,-0.098,2508,0
846771,1.425,3.907,8.631,0.005,-0.071,-0.103,2508,0
846791,1.398,4.065,8.614,0.045,-0.055,-0.104,2508,0
846811,1.439,4.209,8.519,0.031,-0.088,-0.083,2507,0
846831,1.532,4.290,8.373,-0.005,-0.087,-0.054,2508,0
846851,1.537,4.243,8.387,-0.012,-0.044,-0.041,2507,0
846871,1.539,4.300,8.456,0.036,-0.017,-0.038,2508,0
846891,1.544,4.453,8.473,0.065,0.006,-0.030,2508,0
846911,1.472,4.527,8.554,0.063,0.029,-0.006,2507,0
846931,1.396,4.480,8.753,0.067,0.039,0.018,2508,0
846951,1.331,4.357,8.985,0.086,0.044,0.032,2507,0
846971,1.271,4.269,9.139,0.110,0.019,0.037,2507,0
846991,1.240,4.247,9.146,0.118,-0.017,0.046,2506,0
847011,1.247,4.101,9.158,0.108,-0.038,0.054,2508,0
847031,1.250,3.874,9.218,0.115,-0.042,0.046,2507,0
847051,1.204,3.819,9.244,0.120,-0.046,0.037,2506,0
847071,1.214,3.725,9.218,0.092,-0.081,0.041,2506,0
847091,1.290,3.517,9.100,0.075,-0.120,0.030,2507,0
847111,1.367,3.460,8.981,0.085,-0.117,-0.006,2507,0
847131,1.358,3.522,9.017,0.077,-0.084,-0.024,2507,0
847151,1.324,3.548,8.973,0.059,-0.092,-0.031,2507,0
847171,1.329,3.615,8.830,0.038,-0.146,-0.036,2508,0
847191,1.446,3.615,8.619,0.002,-0.152,-0.029,2507,0
847211,1.568,3.601,8.449,-0.010,-0.104,-0.032,2509,0
847231,1.575,3.637,8.322,-0.001,-0.077,-0.047,2507,0
847251,1.583,3.716,8.298,-0.005,-0.053,-0.066,2507,0
847271,1.530,3.831,8.411,-0.001,-0.013,-0.087,2507,0
847291,1.434,3.986,8.631,0.030,0.011,-0.097,2508,0
847311,1.322,4.142,8.698,0.061,-0.009,-0.097,2508,0
847331,1.310,4.245,8.686,0.071,-0.022,-0.088,2508,0
847351,1.324,4.300,8.662,0.085,-0.017,-0.069,2508,0
847371,1.355,4.300,8.595,0.084,-0.005,-0.056,2508,0
847391,1.360,4.341,8.610,0.073,-0.001,-0.037,2506,0
847411,1.403,4.283,8.562,0.068,0.014,-0.018,2507,0
847431,1.468,4.259,8.533,0.099,0.022,-0.009,2508,0
847451,1.494,4.262,8.480,0.122,0.035,-0.006,2508,0
847471,1.453,4.334,8.487,0.120,0.068,-0.006,2508,0
847491,1.405,4.439,8.626,0.101,0.096,0.006,2507,0
847511,1.381,4.484,8.741,0.087,0.083,0.031,2507,0
847531,1.425,4.415,8.811,0.104,0.054,0.043,2506,0
847551,1.393,4.384,8.854,0.144,0.071,0.043,2507,0
847571,1.276,4.458,8.976,0.171,0.088,0.041,2506,0
847591,1.135,4.592,9.093,0.154,0.056,0.053,2506,0
847611,1.077,4.513,9.290,0.119,0.026,0.080,2507,0
847631,1.015,4.298,9.328,0.129,-0.002,0.089,2506,0
847651,0.989,4.164,9.266,0.155,-0.031,0.081,2506,0
847671,0.998,4.108,9.108,0.138,-0.041,0.078,2504,0
847691,1.039,4.020,9.120,0.096,-0.049,0.070,2507,0
847711,1.053,3.883,9.088,0.060,-0.036,0.060,2506,0
847731,1.077,3.752,9.189,0.059,-0.015,0.050,2507,0
847751,1.065,3.697,9.275,0.059,-0.018,0.032,2508,0
847771,1.106,3.742,9.215,0.009,-0.060,0.019,2508,0
847791,1.216,3.622,9.105,-0.051,-0.096,-0.000,2507,0
847811,1.298,3.508,8.945,-0.045,-0.092,-0.037,2508,0
847831,1.305,3.697,8.909,-0.023,-0.077,-0.072,2507,0
847851,1.279,3.886,8.866,-0.052,-0.085,-0.085,2506,0
847871,1.267,4.017,8.770,-0.060,-0.121,-0.092,2507,0
847891,1.305,4.073,8.736,-0.058,-0.133,-0.104,2509,0
847911,1.353,4.166,8.715,-0.044,-0.096,-0.107,2508,0
847931,1.295,4.240,8.748,-0.028,-0.078,-0.110,2508,0
847951,1.226,4.324,8.768,-0.015,-0.102,-0.104,2509,0
847971,1.245,4.367,8.739,-0.010,-0.110,-0.090,2507,0
847991,1.231,4.326,8.739,-0.015,-0.092,-0.079,2509,0
848011,1.219,4.257,8.784,-0.011,-0.074,-0.066,2508,0
848031,1.233,4.216,8.830,-0.005,-0.064,-0.066,2509,0
848051,1.226,4.171,8.806,-0.010,-0.067,-0.066,2508,0
848071,1.302,4.113,8.815,-0.009,-0.086,-0.057,2509,0
848091,1.374,4.108,8.842,-0.005,-0.077,-0.049,2507,0
848111,1.367,4.099,8.878,-0.012,-0.054,-0.043,2507,0
848131,1.336,4.075,8.935,-0.012,-0.066,-0.032,2507,0
848151,1.401,4.003,8.880,-0.003,-0.097,-0.029,2509,0
848171,1.470,3.965,8.799,-0.009,-0.098,-0.026,2508,0
848191,1.472,3.938,8.808,-0.015,-0.087,-0.026,2508,0
848211,1.472,3.984,8.715,-0.011,-0.102,-0.026,2507,0
848231,1.542,4.022,8.619,-0.006,-0.103,-0.022,2508,0
848251,1.542,4.027,8.600,-0.005,-0.087,-0.026,2508,0
848271,1.518,4.063,8.590,0.004,-0.072,-0.020,2508,0
848291,1.494,4.101,8.533,0.017,-0.068,-0.011,2508,0
848311,1.508,4.132,8.509,0.034,-0.074,-0.012,2508,0
848331,1.539,4.144,8.490,0.045,-0.060,-0.016,2507,0
848351,1.468,4.214,8.523,0.060,-0.040,-0.014,2508,0
848371,1.422,4.250,8.595,0.075,-0.038,0.003,2507,0
848391,1.425,4.269,8.638,0.084,-0.021,0.018,2509,0
848411,1.429,4.199,8.648,0.071,-0.015,0.021,2509,0
848431,1.405,4.164,8.739,0.058,-0.020,0.025,2509,0
848451,1.393,4.130,8.758,0.051,-0.013,0.036,2509,0
848471,1.401,4.046,8.842,0.050,-0.015,0.052,2508,0
848491,1.427,3.998,8.806,0.079,-0.007,0.061,2509,0
848511,1.396,4.034,8.753,0.083,-0.015,0.058,2507,0
848531,1.458,3.915,8.772,0.047,-0.025,0.052,2508,0
848551,1.477,3.843,8.839,0.020,-0.025,0.041,2509,0
848571,1.460,3.766,8.971,0.030,-0.006,0.023,2508,0
848591,1.429,3.821,9.057,0.066,-0.006,0.012,2508,0
848611,1.396,3.919,8.950,0.084,-0.029,0.009,2509,0
848631,1.444,4.005,8.930,0.052,-0.073,0.007,2510,0
848651,1.525,3.931,8.959,-0.011,-0.089,0.001,2510,0
848671,1.554,3.840,9.005,-0.025,-0.076,-0.003,2512,0
848691,1.575,3.847,9.074,0.015,-0.075,-0.014,2521,0
848711,1.578,3.948,8.914,0.059,-0.075,-0.029,2537,0
848731,1.547,4.075,8.957,0.065,-0.091,-0.044,2559,0
848751,1.559,4.058,9.222,0.037,-0.174,-0.066,2604,0
848771,1.602,3.986,9.012,-0.035,-0.213,-0.067,2633,0
848791,1.714,3.977,9.055,-0.041,-0.191,-0.085,2681,0
848811,1.690,3.871,8.993,0.064,-0.082,-0.091,2727,0
848831,1.736,4.125,9.112,0.207,-0.027,-0.126,2763,0
848851,1.884,4.183,8.928,0.243,-0.037,-0.160,2800,0
848871,1.748,4.130,8.947,0.185,-0.069,-0.177,2828,0
848891,1.884,3.879,8.566,-0.054,-0.257,-0.204,2861,0
848911,1.776,3.871,8.540,-0.161,-0.259,-0.169,2895,0
848931,2.100,3.869,8.562,-0.103,-0.163,-0.266,2939,0
848951,1.836,4.389,8.420,-0.131,-0.107,-0.305,2972,0
848971,1.286,4.025,8.234,-0.261,-0.132,-0.329,3004,0
848991,1.152,4.271,8.253,-0.290,-0.132,-0.320,3028,0
849011,1.714,4.166,9.273,-0.369,-0.123,-0.197,3087,0
849031,1.386,3.764,9.416,-0.132,-0.043,-0.330,3129,0
849051,-0.393,5.217,8.272,0.204,0.118,-0.499,3148,0
849071,0.737,4.834,8.545,-0.428,0.054,-0.280,3182,3274
849091,1.889,2.418,8.885,-0.548,0.171,-0.343,3200,3976
849111,1.068,2.921,8.341,0.053,0.387,-0.452,3199,4095
849131,1.154,3.792,8.777,-0.011,0.560,-0.297,3189,4095
849151,0.690,3.637,9.081,-0.175,0.391,-0.190,3182,4095
849171,0.555,3.625,9.335,-0.168,0.206,-0.142,3170,4095
849191,1.082,3.261,9.275,-0.237,0.105,-0.064,3157,4095
849211,0.929,3.232,9.067,-0.124,0.145,-0.080,3151,4095
849231,0.809,3.407,9.361,0.009,0.221,-0.087,3144,4095
849251,0.826,3.620,9.278,-0.118,0.139,-0.067,3135,4095
849271,0.381,3.261,9.665,-0.068,-0.103,-0.018,3129,4095
849291,1.065,2.770,9.467,0.119,-0.188,-0.086,3121,4095
849311,1.322,2.586,9.007,0.311,-0.022,-0.240,3117,4095
849331,0.517,2.856,9.261,0.581,0.044,-0.341,3112,4095
849351,0.900,1.288,9.486,1.364,0.065,-0.563,3108,4095
849371,1.113,1.769,8.564,2.718,0.217,-0.921,3103,4095
849391,0.491,3.321,7.781,3.695,0.424,-1.131,3098,4095
849411,0.730,3.584,7.374,4.130,0.646,-1.353,3092,4095
849431,0.345,4.008,6.675,4.668,0.861,-1.636,3089,4095
849451,-0.302,3.369,5.756,5.698,1.150,-2.054,3087,4095
849471,-0.742,5.069,4.180,6.755,1.413,-2.484,3081,4095
849491,-1.784,7.511,2.375,7.126,1.548,-2.578,3077,4095
849511,-2.650,8.313,1.008,6.921,1.693,-2.516,3071,4095
849531,-3.261,8.054,-0.467,6.946,1.811,-2.553,3069,4095
849551,-3.388,7.187,-2.382,7.121,2.068,-2.743,3066,4095
849571,-4.329,6.235,-4.618,8.129,2.568,-3.095,3065,4095
849591,-5.150,6.460,-7.080,8.731,2.991,-3.301,3063,4095
849611,-6.850,9.239,-8.042,8.731,2.832,-3.104,3059,4095
849631,-6.426,7.262,-8.286,8.041,2.189,-2.821,3057,4095
849651,-5.897,5.021,-9.850,7.492,1.956,-2.763,3056,4095
849671,-7.539,9.637,-10.151,5.909,1.464,-2.158,3055,4095
849691,-6.716,7.128,-9.565,3.030,0.532,-0.893,3054,4095
849711,-5.243,3.630,-9.507,1.614,0.196,-0.590,3051,4095
849731,-5.339,3.907,-9.464,0.636,0.188,-0.363,3050,4095
849751,-5.294,2.942,-9.021,0.204,0.090,-0.108,3050,4095
849771,-4.875,2.248,-8.859,-0.059,0.008,-0.003,3048,4095
849791,-4.705,2.485,-8.538,0.167,0.095,-0.101,3047,4095
849811,-4.908,3.558,-8.344,0.042,0.037,-0.003,3047,4095
849831,-4.549,3.010,-8.363,-0.156,0.029,0.088,3045,4095
849851,-4.673,2.622,-7.949,-0.169,0.029,0.066,3046,4095
849871,-4.676,2.354,-8.040,-0.003,-0.055,0.004,3043,4095
849891,-4.889,3.074,-8.406,0.152,-0.047,-0.008,3043,4095
849911,-4.822,2.947,-8.669,0.173,0.050,0.036,3042,4095
849931,-4.841,2.847,-8.739,0.210,0.168,0.056,3040,4095
849951,-5.033,2.782,-8.748,0.236,0.246,0.105,3040,4095
849971,-5.176,2.737,-8.626,0.231,0.160,0.128,3039,4095
849991,-4.891,2.576,-8.523,0.154,0.001,0.144,3038,4095
850011,-4.580,2.296,-8.586,0.080,-0.045,0.170,3040,4095
850031,-5.059,3.294,-8.569,0.214,-0.042,0.395,3043,4095
850051,-5.401,3.946,-8.195,0.063,-0.220,0.725,3056,4058
850071,-5.792,3.517,-8.552,-0.531,-0.515,0.819,3056,3363
850091,-4.683,2.909,-8.612,-1.354,-0.873,0.561,3001,0
850111,-3.407,0.955,-10.400,-1.238,-0.334,0.385,2930,0
850131,-4.839,1.472,-9.608,-0.501,0.544,0.060,2863,0
850151,-5.614,3.994,-9.716,-0.420,0.523,-0.016,2770,0
850171,-4.628,5.191,-8.952,-0.558,1.022,0.332,2670,0
850191,-4.202,4.005,-9.974,-0.782,1.610,0.853,2559,0
850211,-3.206,5.102,-7.001,-0.964,1.910,1.595,2515,0
850231,-3.491,3.067,-4.640,-1.037,0.857,1.181,2443,0
850251,-2.215,3.010,-7.901,-0.270,0.313,0.539,2394,0
850271,-3.122,3.419,-7.575,0.191,0.247,0.161,2361,0
850291,-2.016,4.681,-8.533,0.401,0.296,0.336,2343,0
850311,-3.632,3.711,-8.135,-0.004,0.187,0.316,2333,0
850331,-3.024,3.828,-8.892,0.064,-0.161,0.076,2326,0
850351,-2.787,4.130,-8.203,0.058,-0.283,0.086,2321,0
850371,-3.457,3.342,-8.358,0.046,-0.186,0.051,2320,0
850391,-2.346,4.683,-8.590,0.225,-0.038,0.050,2319,0
850411,-3.814,3.742,-8.080,0.015,0.028,0.009,2318,0
850431,-3.172,4.144,-9.124,0.238,-0.073,-0.067,2319,0
850451,-3.498,4.413,-7.918,-0.069,-0.271,0.043,2319,0
850471,-3.560,3.417,-8.346,-0.166,-0.333,0.025,2319,0
850491,-2.749,3.994,-8.837,0.046,-0.074,0.010,2320,0
850511,-3.223,3.780,-8.487,0.148,0.130,-0.020,2321,0
850531,-3.428,4.357,-8.602,0.253,0.067,-0.058,2324,0
850551,-3.275,4.482,-8.432,0.054,-0.132,-0.034,2323,0
850571,-3.129,4.156,-8.332,-0.061,-0.237,-0.003,2326,0
850591,-3.017,3.893,-8.375,0.054,-0.151,0.032,2329,0
850611,-3.100,4.111,-8.492,0.205,0.033,0.019,2333,0
850631,-3.311,4.324,-8.605,0.246,0.078,0.000,2336,0
850651,-3.381,4.439,-8.614,0.181,-0.037,-0.020,2338,0
850671,-3.244,4.391,-8.511,0.063,-0.117,-0.006,2339,0
850691,-3.184,4.336,-8.557,-0.038,-0.051,0.051,2342,0
850711,-3.191,4.044,-8.624,-0.026,-0.006,0.058,2346,0
850731,-3.211,3.836,-8.657,0.130,-0.007,0.012,2350,0
850751,-3.153,4.161,-8.703,0.236,-0.004,-0.010,2350,0
850771,-3.124,4.381,-8.641,0.145,0.042,0.025,2354,0
850791,-3.153,4.214,-8.624,0.003,0.015,0.045,2359,0
850811,-3.072,4.020,-8.557,-0.024,-0.013,0.049,2361,0
850831,-2.978,3.929,-8.610,0.030,-0.020,0.058,2364,0
850851,-2.868,3.903,-8.547,0.109,0.025,0.057,2367,0
850871,-2.907,3.958,-8.487,0.155,0.075,0.018,2368,0
850891,-3.038,4.087,-8.581,0.123,0.025,-0.012,2371,0
850911,-3.069,4.073,-8.705,-0.014,-0.055,-0.009,2374,0
850931,-3.000,3.821,-8.705,-0.105,-0.097,0.014,2381,0
850951,-2.988,3.737,-8.729,-0.009,-0.035,0.015,2383,0
850971,-3.057,3.986,-8.724,0.088,0.024,-0.016,2383,0
850991,-3.067,4.187,-8.626,0.018,0.023,-0.021,2383,0
851011,-3.314,3.821,-8.485,-0.120,-0.035,-0.008,2384,0
851031,-3.529,3.567,-8.159,-0.140,-0.042,0.002,2389,0
851051,-3.060,3.481,-9.002,0.035,-0.030,-0.052,2392,0
851071,-2.516,4.903,-8.655,0.081,-0.050,-0.033,2395,0
851091,-3.761,4.039,-8.078,-0.232,-0.088,-0.013,2396,0
851111,-2.816,3.651,-8.964,0.043,-0.128,-0.067,2401,0
851131,-2.971,4.975,-8.332,0.087,-0.052,-0.017,2404,0
851151,-3.783,3.677,-8.622,-0.068,0.002,-0.007,2406,0
851171,-2.476,4.673,-8.969,0.127,-0.023,-0.011,2407,0
851191,-3.680,4.539,-8.100,-0.195,-0.040,0.025,2409,0
851211,-2.904,3.637,-9.005,-0.137,-0.104,0.000,2409,0
851231,-2.672,4.724,-8.258,-0.074,-0.074,0.015,2413,0
851251,-3.594,3.381,-8.449,-0.126,-0.005,-0.030,2417,0
851271,-2.397,4.664,-8.851,0.183,-0.014,-0.052,2426,0
851291,-3.677,4.563,-8.150,-0.107,-0.005,-0.011,2436,0
851311,-2.813,3.912,-9.019,0.005,-0.029,-0.034,2437,0
851331,-2.971,5.160,-8.238,-0.060,-0.020,0.021,2439,0
851351,-3.072,3.594,-8.916,-0.139,-0.053,0.008,2437,0
851371,-2.459,4.681,-8.681,0.075,-0.047,0.003,2437,0
851391,-3.893,4.113,-8.157,-0.090,-0.001,-0.014,2437,0
851411,-2.591,4.243,-9.009,0.158,-0.016,-0.036,2437,0
851431,-3.407,5.001,-7.973,-0.041,0.023,0.031,2438,0
851451,-3.187,3.749,-8.712,-0.128,-0.010,0.019,2437,0
851471,-2.674,5.095,-8.277,-0.049,-0.055,0.033,2439,0
851491,-3.309,4.154,-8.061,-0.251,-0.071,0.028,2442,0
851511,-3.079,4.345,-8.504,-0.050,-0.022,-0.006,2444,0
851531,-3.067,4.348,-8.375,0.027,0.012,-0.021,2445,0
851551,-3.115,4.487,-8.358,0.075,0.011,-0.021,2445,0
851571,-3.175,4.539,-8.313,0.037,-0.011,0.004,2445,0
851591,-3.144,4.463,-8.282,-0.013,-0.043,0.021,2444,0
851611,-3.153,4.456,-8.377,-0.042,-0.061,0.016,2446,0
851631,-3.151,4.367,-8.468,-0.056,-0.067,0.003,2444,0
851651,-3.108,4.274,-8.420,0.001,-0.029,0.002,2447,0
851671,-3.077,4.441,-8.344,0.064,0.017,-0.003,2447,0
851691,-3.103,4.597,-8.286,0.050,0.011,-0.008,2448,0
851711,-3.077,4.602,-8.238,-0.003,-0.051,-0.003,2448,0
851731,-3.019,4.539,-8.279,-0.033,-0.083,0.011,2448,0
851751,-3.026,4.463,-8.289,-0.025,-0.084,0.009,2449,0
851771,-3.043,4.444,-8.353,0.017,-0.059,-0.005,2449,0
851791,-3.136,4.554,-8.444,0.058,-0.046,-0.019,2450,0
851811,-3.074,4.657,-8.418,0.046,-0.055,-0.012,2451,0
851831,-3.077,4.635,-8.401,-0.007,-0.054,0.005,2453,0
851851,-3.105,4.532,-8.416,-0.033,-0.064,-0.001,2456,0
851871,-3.122,4.518,-8.404,-0.037,-0.079,-0.004,2456,0
851891,-3.038,4.554,-8.442,-0.033,-0.063,0.001,2460,0
851911,-3.038,4.578,-8.401,-0.042,-0.021,0.007,2460,0
851931,-3.096,4.508,-8.334,0.013,0.006,0.001,2461,0
851951,-3.089,4.602,-8.310,0.054,-0.016,-0.014,2460,0
851971,-3.055,4.693,-8.298,0.001,-0.049,-0.010,2461,0
851991,-3.033,4.683,-8.327,-0.072,-0.072,0.011,2464,0
852011,-3.053,4.578,-8.341,-0.108,-0.084,0.021,2464,0
852031,-2.995,4.460,-8.327,-0.044,-0.036,0.009,2467,0
852051,-3.043,4.535,-8.317,0.041,0.017,-0.007,2466,0
852071,-3.089,4.697,-8.241,0.050,0.018,-0.007,2467,0
852091,-3.129,4.676,-8.212,0.001,-0.032,0.003,2467,0
852111,-3.179,4.688,-8.303,-0.061,-0.068,0.008,2470,0
852131,-3.141,4.568,-8.260,-0.095,-0.068,0.025,2471,0
852151,-3.122,4.515,-8.219,-0.068,-0.032,0.033,2472,0
852171,-3.127,4.472,-8.176,0.021,-0.001,0.011,2473,0
852191,-3.170,4.575,-8.176,0.072,-0.008,-0.030,2472,0
852211,-3.134,4.733,-8.150,0.048,-0.028,-0.037,2473,0
852231,-3.112,4.712,-8.083,0.010,-0.044,-0.016,2473,0
852251,-3.124,4.681,-8.119,0.009,-0.044,-0.002,2473,0
852271,-3.115,4.671,-8.169,0.033,-0.034,-0.011,2473,0
852291,-3.096,4.724,-8.186,0.029,-0.024,-0.022,2474,0
852311,-3.110,4.724,-8.174,0.007,-0.055,-0.027,2475,0
852331,-3.105,4.719,-8.140,0.026,-0.082,-0.024,2476,0
852351,-3.127,4.762,-8.226,0.033,-0.066,-0.015,2477,0
852371,-3.189,4.824,-8.277,0.033,-0.054,-0.017,2478,0
852391,-3.163,4.836,-8.241,0.008,-0.059,-0.017,2479,0
852411,-3.189,4.875,-8.265,-0.034,-0.076,-0.017,2479,0
852431,-3.179,4.846,-8.274,-0.092,-0.116,-0.015,2481,0
852451,-3.139,4.733,-8.207,-0.087,-0.101,0.008,2480,0
852471,-3.139,4.690,-8.150,0.019,-0.046,0.009,2479,0
852491,-3.189,4.817,-8.145,0.096,-0.018,-0.014,2480,0
852511,-3.239,4.922,-8.124,0.078,-0.051,-0.012,2480,0
852531,-3.208,4.870,-8.183,0.024,-0.090,-0.005,2481,0
852551,-3.148,4.812,-8.181,-0.011,-0.075,0.006,2481,0
852571,-3.132,4.855,-8.145,-0.029,-0.042,0.011,2482,0
852591,-3.148,4.793,-8.083,-0.029,-0.059,-0.002,2482,0
852611,-3.165,4.796,-8.100,0.012,-0.090,-0.017,2488,0
852631,-3.144,4.803,-8.181,0.027,-0.097,-0.015,2487,0
852651,-3.153,4.841,-8.236,0.030,-0.058,0.004,2488,0
852671,-3.184,4.831,-8.212,0.026,-0.035,0.010,2491,0
852691,-3.239,4.848,-8.212,0.011,-0.041,-0.002,2492,0
852711,-3.213,4.769,-8.200,-0.007,-0.062,-0.008,2491,0
852731,-3.165,4.707,-8.124,0.007,-0.049,0.003,2492,0
852751,-3.158,4.767,-8.121,0.038,-0.019,0.006,2492,0
852771,-3.218,4.820,-8.107,0.038,-0.024,-0.004,2493,0
852791,-3.211,4.836,-8.100,0.028,-0.051,-0.007,2490,0
852811,-3.215,4.808,-8.133,0.013,-0.066,-0.004,2493,0
852831,-3.175,4.774,-8.109,0.017,-0.054,-0.002,2493,0
852851,-3.196,4.772,-8.112,0.039,-0.025,0.001,2494,0
852871,-3.225,4.839,-8.102,0.047,-0.017,-0.003,2494,0
852891,-3.242,4.896,-8.100,0.041,-0.029,-0.006,2494,0
852911,-3.218,4.867,-8.090,0.023,-0.047,-0.005,2495,0
852931,-3.227,4.834,-8.107,0.008,-0.058,-0.008,2495,0
852951,-3.215,4.863,-8.112,0.004,-0.042,-0.009,2497,0
852971,-3.223,4.870,-8.083,0.031,-0.017,-0.011,2498,0
852991,-3.220,4.930,-8.066,0.076,-0.015,-0.007,2499,0
853011,-3.237,5.018,-8.076,0.059,-0.031,-0.003,2500,0
853031,-3.220,4.985,-8.049,0.019,-0.062,0.001,2501,0
853051,-3.235,4.956,-8.090,0.000,-0.061,0.010,2501,0
853071,-3.235,4.867,-8.164,0.013,-0.056,0.014,2500,0
853091,-3.213,4.875,-8.181,0.040,-0.047,0.016,2501,0
853111,-3.211,4.922,-8.162,0.040,-0.038,0.009,2501,0
853131,-3.189,4.946,-8.157,0.019,-0.044,-0.003,2503,0
853151,-3.201,4.968,-8.143,0.006,-0.051,0.003,2503,0
853171,-3.163,4.990,-8.162,0.002,-0.050,0.016,2504,0
853191,-3.211,4.949,-8.152,0.002,-0.030,0.018,2504,0
853211,-3.213,4.954,-8.133,0.014,-0.026,0.016,2506,0
853231,-3.187,4.932,-8.083,0.027,-0.022,0.023,2507,0
853251,-3.191,4.906,-8.064,0.027,-0.023,0.027,2507,0
853271,-3.179,4.867,-8.052,0.021,-0.037,0.015,2508,0
853291,-3.215,4.887,-8.066,0.009,-0.042,0.009,2508,0
853311,-3.225,4.870,-8.064,0.007,-0.035,0.021,2508,0
853331,-3.218,4.891,-8.073,0.030,-0.023,0.027,2507,0
853351,-3.189,4.925,-8.061,0.046,-0.022,0.017,2506,0
853371,-3.189,4.949,-8.054,0.032,-0.020,0.021,2507,0
