1115299,6.505,7.446,-0.845,0.038,-0.130,0.001,2569,0
1115319,6.529,7.415,-0.881,0.050,-0.144,0.015,2563,0
1115339,6.524,7.379,-0.972,0.070,-0.161,0.022,2559,0
1115359,6.493,7.393,-1.015,0.070,-0.165,0.025,2561,0
1115379,6.462,7.360,-1.056,0.062,-0.187,0.017,2576,0
1115399,6.438,7.360,-1.111,0.067,-0.190,0.008,2559,0
1115419,6.388,7.369,-1.214,0.075,-0.188,0.012,2559,0
1115439,6.342,7.345,-1.358,0.077,-0.196,0.013,2561,0
1115459,6.340,7.290,-1.513,0.060,-0.173,0.014,2569,0
1115479,6.325,7.257,-1.544,0.041,-0.135,0.008,2562,0
1115499,6.352,7.226,-1.547,0.039,-0.105,-0.006,2559,0
1115519,6.369,7.283,-1.532,0.034,-0.081,-0.011,2559,0
1115539,6.335,7.266,-1.530,0.028,-0.066,-0.007,2559,0
1115559,6.325,7.233,-1.580,0.036,-0.064,-0.014,2559,0
1115579,6.393,7.274,-1.568,0.039,-0.044,-0.026,2559,0
1115599,6.412,7.281,-1.453,0.033,-0.023,-0.026,2561,0
1115619,6.402,7.293,-1.374,0.041,-0.034,-0.027,2559,0
1115639,6.424,7.259,-1.432,0.055,-0.045,-0.027,2561,0
1115659,6.431,7.223,-1.516,0.064,-0.055,-0.036,2559,0
1115679,6.481,7.247,-1.568,0.072,-0.047,-0.048,2559,0
1115699,6.431,7.331,-1.496,0.074,-0.015,-0.044,2564,0
1115719,6.323,7.343,-1.472,0.078,-0.003,-0.037,2561,0
1115739,6.335,7.333,-1.499,0.077,-0.006,-0.042,2559,0
1115759,6.342,7.374,-1.520,0.070,-0.000,-0.050,2559,0
1115779,6.299,7.427,-1.434,0.064,0.018,-0.051,2561,0
1115799,6.278,7.472,-1.329,0.068,0.026,-0.046,2559,0
1115819,6.297,7.465,-1.267,0.076,0.032,-0.034,2561,0
1115839,6.287,7.408,-1.259,0.077,0.030,-0.031,2559,0
1115859,6.263,7.369,-1.283,0.075,0.030,-0.036,2559,0
1115879,6.258,7.403,-1.199,0.065,0.034,-0.039,2559,0
1115899,6.292,7.374,-1.118,0.049,0.030,-0.033,2559,0
1115919,6.345,7.302,-1.077,0.052,0.012,-0.036,2559,0
1115939,6.364,7.281,-1.101,0.068,-0.002,-0.054,2564,0
1115959,6.361,7.381,-1.094,0.069,-0.005,-0.069,2559,0
1115979,6.383,7.472,-1.061,0.055,-0.014,-0.063,2559,0
1115999,6.395,7.539,-1.113,0.055,-0.038,-0.054,2559,0
1116019,6.378,7.542,-1.176,0.061,-0.048,-0.043,2559,0
1116039,6.371,7.578,-1.250,0.059,-0.045,-0.040,2559,0
1116059,6.354,7.587,-1.290,0.055,-0.038,-0.038,2559,0
1116079,6.369,7.616,-1.274,0.047,-0.026,-0.026,2559,0
1116099,6.333,7.585,-1.228,0.043,-0.022,-0.014,2559,0
1116119,6.359,7.549,-1.214,0.051,-0.033,-0.001,2561,0
1116139,6.364,7.520,-1.264,0.050,-0.038,0.001,2559,0
1116159,6.357,7.482,-1.228,0.043,-0.039,-0.001,2559,0
1116179,6.321,7.499,-1.226,0.042,-0.044,-0.000,2559,0
1116199,6.340,7.479,-1.264,0.045,-0.041,0.009,2559,0
1116219,6.314,7.463,-1.298,0.047,-0.041,0.009,2559,0
1116239,6.306,7.465,-1.300,0.045,-0.045,0.009,2559,0
1116259,6.268,7.453,-1.269,0.037,-0.043,0.010,2559,0
1116279,6.268,7.400,-1.276,0.038,-0.047,0.009,2559,0
1116299,6.263,7.362,-1.312,0.054,-0.057,0.005,2559,0
1116319,6.263,7.381,-1.401,0.062,-0.062,-0.002,2559,0
1116339,6.254,7.365,-1.496,0.050,-0.056,-0.009,2559,0
1116359,6.268,7.391,-1.453,0.036,-0.032,-0.019,2559,0
1116379,6.261,7.429,-1.384,0.035,-0.015,-0.019,2559,0
1116399,6.273,7.456,-1.350,0.033,-0.020,-0.011,2559,0
1116419,6.299,7.415,-1.353,0.034,-0.023,-0.007,2559,0
1116439,6.287,7.343,-1.372,0.040,-0.019,-0.013,2559,0
1116459,6.294,7.345,-1.336,0.037,-0.006,-0.027,2561,0
1116479,6.273,7.424,-1.279,0.038,-0.015,-0.033,2559,0
1116499,6.273,7.501,-1.310,0.045,-0.042,-0.027,2561,0
1116519,6.292,7.532,-1.326,0.043,-0.041,-0.019,2559,0
1116539,6.304,7.506,-1.300,0.050,-0.028,-0.018,2559,0
1116559,6.311,7.537,-1.279,0.068,-0.032,-0.019,2559,0
1116579,6.311,7.549,-1.290,0.073,-0.041,-0.013,2559,0
1116599,6.309,7.513,-1.346,0.069,-0.050,-0.001,2559,0
1116619,6.345,7.465,-1.417,0.061,-0.048,-0.002,2561,0
1116639,6.328,7.456,-1.446,0.055,-0.023,-0.010,2559,0
1116659,6.302,7.558,-1.381,0.053,-0.009,-0.005,2559,0
1116679,6.297,7.573,-1.331,0.034,-0.002,0.008,2559,0
1116699,6.285,7.515,-1.233,0.021,-0.012,0.014,2559,0
1116719,6.304,7.439,-1.199,0.037,-0.031,0.009,2559,0
1116739,6.328,7.420,-1.276,0.061,-0.046,0.007,2559,0
1116759,6.302,7.468,-1.324,0.057,-0.038,0.005,2559,0
1116779,6.282,7.468,-1.331,0.048,-0.022,0.001,2559,0
1116799,6.270,7.484,-1.281,0.039,-0.022,0.008,2559,0
1116819,6.278,7.422,-1.269,0.037,-0.037,0.013,2559,0
1116839,6.273,7.350,-1.317,0.039,-0.049,0.007,2559,0
1116859,6.282,7.379,-1.353,0.046,-0.045,-0.007,2559,0
1116879,6.246,7.451,-1.355,0.050,-0.029,-0.017,2559,0
1116899,6.254,7.499,-1.298,0.038,-0.018,-0.008,2559,0
1116919,6.261,7.475,-1.262,0.026,-0.031,0.006,2559,0
1116939,6.287,7.369,-1.257,0.032,-0.050,0.000,2559,0
1116959,6.330,7.398,-1.257,0.050,-0.048,-0.013,2559,0
1116979,6.304,7.456,-1.259,0.055,-0.042,-0.006,2559,0
1116999,6.290,7.439,-1.314,0.045,-0.054,0.002,2558,0
1117019,6.273,7.422,-1.322,0.039,-0.059,-0.005,2559,0
1117039,6.263,7.434,-1.396,0.042,-0.060,-0.012,2559,0
1117059,6.304,7.458,-1.413,0.050,-0.064,-0.020,2559,0
1117079,6.323,7.491,-1.427,0.054,-0.052,-0.017,2559,0
1117099,6.347,7.499,-1.444,0.049,-0.034,-0.006,2559,0
1117119,6.306,7.506,-1.415,0.044,-0.032,-0.008,2559,0
1117139,6.282,7.532,-1.381,0.041,-0.038,-0.006,2559,0
1117159,6.268,7.554,-1.377,0.039,-0.037,0.007,2559,0
1117179,6.314,7.482,-1.353,0.042,-0.031,0.016,2559,0
1117199,6.345,7.427,-1.348,0.049,-0.025,0.013,2559,0
1117219,6.304,7.415,-1.322,0.054,-0.027,0.006,2559,0
1117239,6.285,7.453,-1.310,0.052,-0.042,0.006,2559,0
1117259,6.318,7.444,-1.336,0.044,-0.050,0.010,2559,0
1117279,6.333,7.391,-1.355,0.036,-0.046,0.009,2559,0
1117299,6.294,7.391,-1.365,0.043,-0.038,-0.001,2559,0
1117319,6.263,7.465,-1.338,0.053,-0.042,-0.009,2559,0
1117339,6.239,7.518,-1.362,0.052,-0.050,-0.002,2559,0
1117359,6.275,7.477,-1.391,0.048,-0.056,0.011,2559,0
1117379,6.268,7.391,-1.437,0.044,-0.052,0.007,2559,0
1117399,6.285,7.391,-1.448,0.042,-0.038,-0.003,2559,0
1117419,6.235,7.422,-1.413,0.045,-0.025,-0.007,2559,0
1117439,6.249,7.465,-1.391,0.048,-0.030,-0.007,2559,0
1117459,6.227,7.477,-1.398,0.042,-0.039,-0.003,2559,0
1117479,6.270,7.436,-1.405,0.039,-0.047,-0.003,2559,0
1117499,6.294,7.396,-1.393,0.044,-0.033,0.001,2559,0
1117519,6.292,7.365,-1.379,0.053,-0.027,0.001,2559,0
1117539,6.280,7.374,-1.369,0.050,-0.030,-0.006,2559,0
1117559,6.275,7.386,-1.403,0.037,-0.040,-0.010,2559,0
1117579,6.273,7.381,-1.379,0.033,-0.033,-0.015,2559,0
1117599,6.251,7.403,-1.369,0.044,-0.030,-0.019,2559,0
1117619,6.268,7.453,-1.393,0.048,-0.041,-0.022,2559,0
1117639,6.321,7.465,-1.393,0.043,-0.042,-0.020,2559,0
1117659,6.333,7.487,-1.398,0.046,-0.043,-0.018,2559,0
1117679,6.323,7.501,-1.401,0.049,-0.038,-0.017,2559,0
1117699,6.318,7.532,-1.386,0.052,-0.030,-0.010,2559,0
1117719,6.309,7.558,-1.374,0.049,-0.039,-0.003,2559,0
1117739,6.311,7.503,-1.391,0.040,-0.045,0.004,2559,0
1117759,6.335,7.468,-1.393,0.038,-0.040,0.003,2559,0
1117779,6.328,7.446,-1.362,0.036,-0.035,0.004,2559,0
1117799,6.306,7.444,-1.355,0.038,-0.037,0.004,2559,0
1117819,6.306,7.451,-1.350,0.039,-0.045,-0.003,2559,0
1117839,6.297,7.460,-1.381,0.033,-0.054,-0.002,2559,0
1117859,6.273,7.446,-1.401,0.028,-0.044,-0.001,2559,0
1117879,6.256,7.470,-1.358,0.029,-0.037,0.003,2558,0
1117899,6.246,7.458,-1.348,0.037,-0.050,0.007,2559,0
1117919,6.280,7.434,-1.408,0.041,-0.069,0.005,2559,0
1117939,6.256,7.422,-1.465,0.045,-0.069,0.001,2559,0
1117959,6.251,7.436,-1.516,0.047,-0.055,0.001,2559,0
1117979,6.220,7.417,-1.506,0.041,-0.036,-0.002,2559,0
1117999,6.215,7.403,-1.511,0.041,-0.042,0.000,2559,0
1118019,6.278,7.341,-1.508,0.042,-0.053,-0.007,2559,0
1118039,6.270,7.355,-1.559,0.050,-0.046,-0.016,2559,0
1118059,6.232,7.458,-1.518,0.057,-0.029,-0.024,2559,0
1118079,6.235,7.503,-1.518,0.051,-0.021,-0.013,2559,0
1118099,6.280,7.429,-1.499,0.038,-0.018,-0.001,2559,0
1118119,6.292,7.360,-1.427,0.042,-0.013,-0.004,2559,0
1118139,6.275,7.367,-1.398,0.053,-0.015,-0.014,2559,0
1118159,6.244,7.422,-1.379,0.055,-0.021,-0.022,2559,0
1118179,6.249,7.484,-1.365,0.051,-0.035,-0.025,2559,0
1118199,6.299,7.491,-1.446,0.047,-0.036,-0.022,2559,0
1118219,6.282,7.487,-1.434,0.049,-0.035,-0.023,2559,0
1118239,6.294,7.518,-1.405,0.053,-0.029,-0.019,2559,0
1118259,6.287,7.535,-1.350,0.045,-0.029,-0.011,2559,0
1118279,6.285,7.508,-1.334,0.050,-0.045,-0.010,2559,0
1118299,6.273,7.520,-1.384,0.057,-0.052,-0.006,2559,0
1118319,6.263,7.463,-1.437,0.051,-0.048,-0.002,2558,0
1118339,6.285,7.434,-1.444,0.049,-0.045,-0.007,2559,0
1118359,6.282,7.429,-1.465,0.058,-0.039,-0.014,2559,0
1118379,6.254,7.448,-1.504,0.054,-0.039,-0.009,2559,0
1118399,6.218,7.398,-1.492,0.037,-0.043,-0.009,2559,0
1118419,6.266,7.372,-1.480,0.034,-0.046,-0.019,2559,0
1118439,6.251,7.441,-1.511,0.051,-0.039,-0.026,2559,0
1118459,6.187,7.515,-1.542,0.061,-0.036,-0.024,2559,0
1118479,6.191,7.535,-1.532,0.054,-0.038,-0.013,2559,0
1118499,6.199,7.503,-1.568,0.047,-0.030,-0.011,2559,0
1118519,6.208,7.463,-1.504,0.055,-0.026,-0.013,2559,0
1118539,6.249,7.475,-1.496,0.064,-0.025,-0.015,2559,0
1118559,6.273,7.460,-1.477,0.054,-0.025,-0.011,2561,0
1118579,6.242,7.427,-1.458,0.051,-0.032,-0.014,2559,0
1118599,6.220,7.482,-1.465,0.057,-0.035,-0.025,2559,0
1118619,6.220,7.551,-1.441,0.051,-0.029,-0.023,2559,0
1118639,6.249,7.609,-1.410,0.050,-0.026,-0.010,2559,0
1118659,6.275,7.554,-1.381,0.042,-0.031,-0.003,2559,0
1118679,6.246,7.477,-1.381,0.039,-0.034,-0.002,2559,0
1118699,6.263,7.479,-1.427,0.041,-0.044,-0.007,2559,0
1118719,6.263,7.542,-1.420,0.041,-0.037,-0.008,2559,0
1118739,6.232,7.539,-1.446,0.039,-0.035,0.005,2559,0
1118759,6.270,7.470,-1.451,0.035,-0.038,0.007,2559,0
1118779,6.273,7.434,-1.501,0.033,-0.033,-0.003,2559,0
1118799,6.232,7.458,-1.525,0.043,-0.040,-0.013,2559,0
1118819,6.211,7.527,-1.551,0.043,-0.035,-0.007,2559,0
1118839,6.189,7.537,-1.516,0.042,-0.033,0.005,2559,0
1118859,6.194,7.482,-1.537,0.044,-0.033,0.006,2558,0
1118879,6.187,7.441,-1.496,0.047,-0.030,0.004,2559,0
1118899,6.201,7.427,-1.492,0.051,-0.038,0.002,2559,0
1118919,6.215,7.424,-1.489,0.055,-0.044,0.002,2559,0
1118939,6.242,7.410,-1.523,0.056,-0.039,0.000,2559,0
1118959,6.239,7.391,-1.530,0.057,-0.032,-0.003,2559,0
1118979,6.230,7.374,-1.573,0.052,-0.031,-0.006,2561,0
1118999,6.225,7.381,-1.556,0.047,-0.032,-0.015,2559,0
1119019,6.187,7.448,-1.513,0.051,-0.031,-0.022,2559,0
1119039,6.179,7.539,-1.508,0.052,-0.025,-0.019,2559,0
1119059,6.194,7.527,-1.477,0.050,-0.029,-0.012,2559,0
1119079,6.242,7.499,-1.465,0.054,-0.037,-0.009,2559,0
1119099,6.242,7.460,-1.516,0.050,-0.033,-0.009,2559,0
1119119,6.203,7.453,-1.470,0.046,-0.029,-0.010,2559,0
1119139,6.203,7.503,-1.508,0.051,-0.034,-0.010,2559,0
1119159,6.187,7.511,-1.489,0.045,-0.033,-0.007,2559,0
1119179,6.136,7.487,-1.470,0.043,-0.036,-0.011,2559,0
1119199,6.139,7.482,-1.501,0.056,-0.038,-0.013,2559,0
1119219,6.165,7.527,-1.506,0.055,-0.034,-0.010,2559,0
1119239,6.218,7.475,-1.489,0.037,-0.027,-0.007,2559,0
1119259,6.261,7.424,-1.396,0.022,-0.025,-0.009,2559,0
1119279,6.235,7.460,-1.353,0.028,-0.031,-0.016,2559,0
1119299,6.235,7.494,-1.384,0.034,-0.041,-0.016,2559,0
1119319,6.254,7.503,-1.379,0.028,-0.051,-0.013,2559,0
1119339,6.242,7.487,-1.365,0.021,-0.051,-0.011,2559,0
1119359,6.213,7.496,-1.389,0.025,-0.057,-0.017,2559,0
1119379,6.206,7.530,-1.458,0.027,-0.063,-0.017,2559,0
1119399,6.220,7.506,-1.528,0.028,-0.068,-0.013,2559,0
1119419,6.230,7.496,-1.551,0.032,-0.065,-0.014,2559,0
1119439,6.196,7.515,-1.556,0.043,-0.066,-0.017,2559,0
1119459,6.206,7.570,-1.614,0.042,-0.060,-0.007,2559,0
1119479,6.208,7.523,-1.626,0.037,-0.063,-0.000,2559,0
1119499,6.199,7.501,-1.662,0.042,-0.062,-0.004,2559,0
1119519,6.167,7.511,-1.674,0.048,-0.053,-0.008,2559,0
1119539,6.172,7.556,-1.700,0.046,-0.043,0.000,2559,0
1119559,6.203,7.520,-1.666,0.034,-0.028,0.007,2559,0
1119579,6.196,7.439,-1.597,0.029,-0.020,0.004,2559,0
1119599,6.215,7.477,-1.513,0.038,-0.023,0.000,2559,0
1119619,6.213,7.456,-1.518,0.038,-0.031,-0.003,2558,0
1119639,6.187,7.460,-1.542,0.039,-0.042,-0.009,2559,0
1119659,6.206,7.499,-1.571,0.042,-0.042,-0.011,2558,0
1119679,6.172,7.551,-1.590,0.044,-0.033,-0.007,2559,0
1119699,6.158,7.561,-1.587,0.043,-0.032,0.001,2559,0
1119719,6.144,7.489,-1.580,0.047,-0.035,0.005,2559,0
1119739,6.153,7.456,-1.571,0.058,-0.037,-0.003,2559,0
1119759,6.144,7.496,-1.573,0.066,-0.031,-0.006,2559,0
1119779,6.144,7.547,-1.537,0.059,-0.026,-0.002,2559,0
1119799,6.153,7.494,-1.518,0.046,-0.030,0.001,2559,0
1119819,6.215,7.415,-1.499,0.031,-0.029,-0.006,2559,0
1119839,6.239,7.424,-1.451,0.033,-0.018,-0.013,2559,0
1119859,6.208,7.470,-1.405,0.042,-0.027,-0.018,2559,0
1119879,6.206,7.544,-1.456,0.036,-0.042,-0.017,2559,0
1119899,6.211,7.530,-1.429,0.020,-0.044,-0.009,2559,0
1119919,6.213,7.508,-1.482,0.023,-0.043,-0.008,2559,0
1119939,6.194,7.542,-1.484,0.030,-0.041,-0.008,2559,0
1119959,6.182,7.530,-1.480,0.025,-0.047,-0.002,2559,0
1119979,6.194,7.472,-1.484,0.022,-0.056,-0.001,2559,0
1119999,6.189,7.453,-1.571,0.030,-0.065,-0.009,2559,0
1120019,6.191,7.484,-1.614,0.036,-0.063,-0.018,2559,0
1120039,6.184,7.544,-1.628,0.039,-0.053,-0.017,2559,0
1120059,6.175,7.575,-1.652,0.043,-0.052,-0.011,2559,0
1120079,6.165,7.585,-1.664,0.041,-0.043,-0.001,2559,0
1120099,6.170,7.566,-1.647,0.033,-0.037,0.005,2559,0
1120119,6.179,7.530,-1.616,0.037,-0.029,0.003,2559,0
1120139,6.179,7.518,-1.561,0.049,-0.025,0.006,2559,0
1120159,6.187,7.475,-1.554,0.050,-0.030,0.010,2559,0
1120179,6.215,7.470,-1.523,0.044,-0.033,0.006,2559,0
1120199,6.201,7.465,-1.523,0.045,-0.032,0.003,2559,0
1120219,6.167,7.432,-1.508,0.048,-0.038,-0.001,2558,0
1120239,6.196,7.434,-1.566,0.039,-0.047,-0.003,2559,0
1120259,6.177,7.448,-1.563,0.038,-0.048,-0.009,2559,0
1120279,6.155,7.508,-1.611,0.049,-0.046,-0.016,2559,0
1120299,6.136,7.582,-1.602,0.051,-0.039,-0.010,2558,0
1120319,6.165,7.597,-1.575,0.042,-0.030,0.002,2559,0
1120339,6.146,7.537,-1.544,0.042,-0.036,0.011,2559,0
1120359,6.189,7.482,-1.544,0.049,-0.044,0.009,2559,0
1120379,6.194,7.468,-1.583,0.053,-0.042,0.003,2558,0
1120399,6.194,7.496,-1.554,0.054,-0.042,0.003,2559,0
1120419,6.158,7.501,-1.566,0.049,-0.043,0.002,2559,0
1120439,6.163,7.482,-1.597,0.037,-0.044,0.001,2559,0
1120459,6.187,7.453,-1.535,0.033,-0.031,-0.002,2559,0
1120479,6.175,7.484,-1.520,0.037,-0.033,-0.008,2559,0
1120499,6.211,7.539,-1.530,0.032,-0.040,-0.004,2559,0
1120519,6.211,7.527,-1.525,0.019,-0.039,0.005,2559,0
1120539,6.213,7.472,-1.501,0.018,-0.039,0.000,2559,0
1120559,6.213,7.511,-1.506,0.023,-0.038,-0.004,2558,0
1120579,6.215,7.525,-1.506,0.022,-0.044,0.006,2559,0
1120599,6.223,7.453,-1.590,0.018,-0.058,0.008,2559,0
1120619,6.237,7.420,-1.664,0.016,-0.054,-0.004,2559,0
1120639,6.225,7.491,-1.657,0.027,-0.047,-0.015,2559,0
1120659,6.206,7.594,-1.657,0.033,-0.043,-0.010,2559,0
1120679,6.160,7.649,-1.697,0.031,-0.045,0.007,2559,0
1120699,6.153,7.570,-1.669,0.034,-0.044,0.014,2559,0
1120719,6.155,7.523,-1.697,0.051,-0.035,0.017,2559,0
1120739,6.141,7.518,-1.700,0.058,-0.032,0.018,2557,0
1120759,6.158,7.472,-1.693,0.043,-0.030,0.017,2559,0
1120779,6.139,7.436,-1.633,0.038,-0.019,0.017,2559,0
1120799,6.153,7.429,-1.597,0.048,-0.015,0.007,2559,0
1120819,6.153,7.424,-1.611,0.045,-0.011,0.007,2559,0
1120839,6.182,7.336,-1.607,0.034,-0.012,0.002,2559,0
1120859,6.187,7.302,-1.549,0.033,-0.008,-0.017,2559,0
1120879,6.184,7.427,-1.470,0.029,0.007,-0.031,2559,0
1120899,6.155,7.566,-1.484,0.033,-0.006,-0.029,2559,0
1120919,6.184,7.597,-1.496,0.033,-0.021,-0.017,2559,0
1120939,6.196,7.503,-1.482,0.033,-0.020,-0.008,2559,0
1120959,6.237,7.434,-1.460,0.035,-0.016,-0.010,2558,0
1120979,6.256,7.446,-1.434,0.023,-0.012,-0.010,2559,0
1120999,6.230,7.432,-1.355,0.022,-0.018,-0.005,2559,0
1121019,6.225,7.393,-1.355,0.034,-0.041,-0.007,2559,0
1121039,6.230,7.369,-1.444,0.037,-0.060,-0.020,2559,0
1121059,6.182,7.422,-1.525,0.032,-0.062,-0.030,2559,0
1121079,6.146,7.547,-1.532,0.038,-0.045,-0.027,2559,0
1121099,6.153,7.602,-1.475,0.040,-0.035,-0.014,2559,0
1121119,6.146,7.535,-1.432,0.029,-0.046,-0.002,2559,0
1121139,6.177,7.451,-1.463,0.030,-0.060,-0.007,2559,0
1121159,6.175,7.439,-1.506,0.044,-0.064,-0.016,2558,0
1121179,6.182,7.479,-1.561,0.049,-0.055,-0.017,2559,0
1121199,6.158,7.472,-1.568,0.035,-0.038,-0.015,2559,0
1121219,6.127,7.439,-1.575,0.017,-0.045,-0.010,2559,0
1121239,6.134,7.403,-1.614,0.014,-0.050,-0.019,2559,0
1121259,6.112,7.446,-1.645,0.038,-0.047,-0.031,2559,0
1121279,6.105,7.535,-1.662,0.061,-0.045,-0.038,2559,0
1121299,6.112,7.621,-1.681,0.058,-0.041,-0.033,2559,0
1121319,6.134,7.654,-1.630,0.051,-0.035,-0.023,2558,0
1121339,6.141,7.661,-1.554,0.060,-0.031,-0.013,2559,0
1121359,6.170,7.609,-1.525,0.057,-0.040,-0.004,2559,0
1121379,6.208,7.539,-1.559,0.039,-0.046,-0.003,2559,0
1121399,6.211,7.487,-1.528,0.042,-0.044,-0.009,2559,0
1121419,6.182,7.549,-1.547,0.055,-0.042,-0.017,2559,0
1121439,6.213,7.597,-1.573,0.039,-0.052,-0.013,2559,0
1121459,6.244,7.542,-1.607,0.024,-0.055,-0.010,2559,0
1121479,6.223,7.499,-1.717,0.035,-0.054,-0.018,2559,0
1121499,6.191,7.558,-1.863,0.034,-0.040,-0.021,2559,0
1121519,6.155,7.623,-1.870,0.022,-0.010,-0.012,2559,0
1121539,6.103,7.673,-1.774,0.037,0.004,-0.003,2559,0
1121559,6.031,7.690,-1.683,0.054,-0.002,0.007,2559,0
1121579,6.055,7.614,-1.657,0.053,-0.007,0.021,2559,0
1121599,6.069,7.489,-1.618,0.061,0.001,0.018,2559,0
1121619,6.086,7.479,-1.563,0.076,0.001,0.003,2559,0
1121639,6.098,7.515,-1.537,0.067,0.000,-0.002,2558,0
1121659,6.122,7.508,-1.460,0.046,-0.007,0.000,2559,0
1121679,6.139,7.477,-1.420,0.046,-0.018,-0.008,2559,0
1121699,6.134,7.465,-1.508,0.048,-0.025,-0.010,2558,0
1121719,6.184,7.487,-1.528,0.033,-0.016,-0.013,2559,0
1121739,6.211,7.506,-1.470,0.024,-0.012,-0.017,2559,0
1121759,6.177,7.547,-1.427,0.028,-0.019,-0.014,2559,0
1121779,6.105,7.570,-1.451,0.033,-0.031,-0.011,2559,0
1121799,6.127,7.566,-1.499,0.041,-0.040,-0.009,2559,0
1121819,6.136,7.566,-1.539,0.047,-0.023,0.000,2559,0
1121839,6.110,7.558,-1.520,0.044,-0.014,0.007,2559,0
1121859,6.141,7.515,-1.484,0.034,-0.019,0.003,2559,0
1121879,6.153,7.479,-1.453,0.036,-0.029,-0.007,2559,0
1121899,6.155,7.558,-1.451,0.058,-0.036,-0.015,2558,0
1121919,6.144,7.661,-1.496,0.068,-0.029,-0.005,2559,0
1121939,6.146,7.649,-1.446,0.048,-0.021,0.015,2558,0
1121959,6.139,7.561,-1.396,0.031,-0.027,0.018,2559,0
1121979,6.155,7.482,-1.338,0.034,-0.042,0.011,2558,0
1121999,6.139,7.523,-1.369,0.046,-0.058,0.010,2559,0
1122019,6.136,7.520,-1.456,0.048,-0.069,0.007,2558,0
1122039,6.124,7.561,-1.477,0.035,-0.067,0.000,2559,0
1122059,6.115,7.568,-1.523,0.019,-0.066,0.005,2559,0
1122079,6.158,7.491,-1.532,0.006,-0.064,0.017,2559,0
1122099,6.175,7.379,-1.551,0.006,-0.068,0.010,2559,0
1122119,6.155,7.372,-1.662,0.006,-0.076,-0.009,2558,0
1122139,6.117,7.417,-1.767,0.004,-0.066,-0.012,2559,0
1122159,6.074,7.434,-1.817,0.017,-0.053,-0.010,2559,0
1122179,6.091,7.398,-1.867,0.067,-0.037,-0.015,2559,0
1122199,6.012,7.429,-1.946,0.053,-0.035,-0.013,2559,0
1122219,6.065,7.276,-2.061,0.013,-0.036,-0.011,2559,0
1122239,6.098,7.211,-2.049,0.041,-0.012,-0.031,2559,0
1122259,6.045,7.314,-1.956,0.092,0.019,-0.055,2559,0
1122279,6.045,7.515,-1.891,0.098,0.026,-0.067,2559,0
1122299,6.096,7.630,-1.812,0.082,0.021,-0.062,2559,0
1122319,6.117,7.683,-1.781,0.088,0.017,-0.060,2559,0
1122339,6.148,7.745,-1.602,0.104,0.045,-0.055,2557,0
1122359,6.179,7.846,-1.535,0.102,0.054,-0.043,2559,0
1122379,6.230,7.836,-1.386,0.057,0.059,-0.019,2559,0
1122399,6.318,7.709,-1.279,0.031,0.053,-0.001,2559,0
1122419,6.364,7.606,-1.178,0.039,0.052,0.002,2559,0
1122439,6.304,7.602,-1.118,0.048,0.047,-0.001,2558,0
1122459,6.263,7.654,-1.077,0.027,0.013,0.001,2559,0
1122479,6.203,7.630,-1.092,0.018,-0.021,-0.001,2559,0
1122499,6.139,7.676,-1.195,0.038,-0.038,-0.002,2559,0
1122519,6.096,7.705,-1.264,0.054,-0.044,0.012,2559,0
1122539,6.076,7.628,-1.338,0.043,-0.052,0.028,2558,0
1122559,6.112,7.484,-1.437,0.025,-0.062,0.031,2558,0
1122579,6.072,7.405,-1.482,0.029,-0.059,0.021,2559,0
1122599,6.024,7.453,-1.520,0.048,-0.064,0.009,2559,0
1122619,6.000,7.515,-1.518,0.056,-0.072,0.007,2558,0
1122639,5.990,7.506,-1.590,0.052,-0.064,0.010,2559,0
1122659,6.036,7.446,-1.595,0.049,-0.057,0.003,2558,0
1122679,6.086,7.384,-1.583,0.035,-0.046,-0.004,2559,0
1122699,6.105,7.408,-1.530,0.024,-0.042,-0.018,2558,0
1122719,6.096,7.477,-1.501,0.027,-0.043,-0.026,2558,0
1122739,6.081,7.484,-1.508,0.025,-0.046,-0.021,2559,0
1122759,6.093,7.441,-1.494,0.025,-0.047,-0.020,2559,0
1122779,6.086,7.477,-1.489,0.033,-0.048,-0.029,2559,0
1122799,6.076,7.535,-1.456,0.036,-0.056,-0.027,2559,0
1122819,6.079,7.520,-1.444,0.032,-0.071,-0.021,2558,0
1122839,6.084,7.523,-1.439,0.030,-0.080,-0.022,2558,0
1122859,6.074,7.532,-1.499,0.040,-0.089,-0.032,2559,0
1122879,6.079,7.606,-1.544,0.040,-0.093,-0.031,2558,0
1122899,6.105,7.611,-1.676,0.027,-0.096,-0.030,2558,0
1122919,6.120,7.604,-1.791,0.017,-0.094,-0.029,2558,0
1122939,6.093,7.642,-1.860,0.027,-0.078,-0.035,2558,0
1122959,6.060,7.743,-1.903,0.030,-0.059,-0.033,2559,0
1122979,6.072,7.779,-1.913,0.028,-0.030,-0.015,2558,0
1122999,6.060,7.707,-1.923,0.018,-0.026,0.002,2559,0
1123019,6.105,7.616,-1.882,0.033,-0.012,0.000,2559,0
1123039,6.081,7.681,-1.856,0.060,0.003,0.001,2559,0
1123059,6.057,7.685,-1.839,0.061,0.011,0.011,2559,0
1123079,6.045,7.645,-1.800,0.058,0.017,0.013,2558,0
1123099,6.072,7.602,-1.693,0.067,0.016,0.009,2559,0
1123119,6.115,7.602,-1.599,0.080,0.023,0.005,2558,0
1123139,6.151,7.635,-1.554,0.087,0.018,0.001,2559,0
1123159,6.182,7.635,-1.504,0.075,0.007,0.005,2558,0
1123179,6.199,7.578,-1.494,0.060,0.006,0.011,2559,0
1123199,6.184,7.544,-1.484,0.059,0.013,0.007,2558,0
1123219,6.134,7.626,-1.470,0.053,0.014,0.006,2558,0
1123239,6.093,7.695,-1.441,0.040,0.011,0.011,2559,0
1123259,6.048,7.671,-1.367,0.039,0.003,0.020,2559,0
1123279,6.088,7.582,-1.413,0.050,-0.002,0.030,2559,0
1123299,6.127,7.475,-1.403,0.044,0.005,0.030,2557,0
1123319,6.132,7.377,-1.374,0.032,0.004,0.020,2558,0
1123339,6.144,7.329,-1.415,0.026,-0.008,0.010,2558,0
1123359,6.136,7.338,-1.420,0.029,-0.014,-0.001,2558,0
1123379,6.100,7.374,-1.444,0.037,-0.014,-0.009,2558,0
1123399,6.076,7.412,-1.492,0.046,-0.018,-0.017,2559,0
1123419,6.050,7.532,-1.504,0.044,-0.014,-0.018,2559,0
1123439,6.062,7.566,-1.484,0.040,-0.013,-0.015,2557,0
1123459,6.112,7.578,-1.489,0.040,-0.013,-0.013,2558,0
1123479,6.129,7.568,-1.458,0.038,-0.010,-0.012,2558,0
1123499,6.132,7.587,-1.432,0.045,-0.018,-0.014,2558,0
1123519,6.165,7.633,-1.401,0.051,-0.024,-0.010,2558,0
1123539,6.175,7.623,-1.417,0.048,-0.027,0.000,2557,0
1123559,6.175,7.570,-1.434,0.046,-0.037,0.004,2558,0
1123579,6.139,7.578,-1.405,0.051,-0.043,0.000,2558,0
1123599,6.100,7.578,-1.458,0.055,-0.047,0.001,2558,0
1123619,6.086,7.575,-1.496,0.055,-0.047,0.007,2559,0
1123639,6.072,7.530,-1.518,0.049,-0.046,0.015,2559,0
1123659,6.072,7.422,-1.537,0.037,-0.053,0.011,2559,0
1123679,6.081,7.379,-1.563,0.039,-0.052,-0.012,2558,0
1123699,6.055,7.458,-1.580,0.048,-0.052,-0.027,2556,0
1123719,6.045,7.558,-1.616,0.049,-0.051,-0.025,2558,0
1123739,6.055,7.604,-1.597,0.046,-0.041,-0.020,2558,0
1123759,6.060,7.587,-1.561,0.043,-0.033,-0.013,2558,0
1123779,6.100,7.561,-1.573,0.042,-0.029,-0.012,2558,0
1123799,6.141,7.551,-1.554,0.039,-0.028,-0.015,2558,0
1123819,6.182,7.551,-1.489,0.037,-0.031,-0.015,2558,0
1123839,6.170,7.563,-1.494,0.044,-0.036,-0.018,2558,0
1123859,6.184,7.597,-1.532,0.046,-0.034,-0.018,2558,0
1123879,6.167,7.628,-1.554,0.036,-0.035,-0.013,2558,0
1123899,6.172,7.661,-1.525,0.033,-0.042,-0.005,2558,0
1123919,6.155,7.657,-1.523,0.035,-0.038,-0.001,2558,0
1123939,6.139,7.659,-1.539,0.040,-0.039,0.000,2558,0
1123959,6.124,7.659,-1.542,0.041,-0.041,0.002,2558,0
1123979,6.093,7.659,-1.568,0.041,-0.033,0.008,2556,0
1123999,6.100,7.645,-1.511,0.033,-0.037,0.013,2558,0
1124019,6.098,7.590,-1.477,0.028,-0.038,0.019,2558,0
1124039,6.096,7.525,-1.472,0.034,-0.044,0.018,2558,0
1124059,6.108,7.496,-1.499,0.048,-0.058,0.017,2557,0
1124079,6.096,7.482,-1.516,0.047,-0.058,0.013,2559,0
1124099,6.079,7.489,-1.532,0.038,-0.064,0.005,2557,0
1124119,6.053,7.513,-1.518,0.034,-0.065,0.000,2558,0
1124139,6.060,7.513,-1.602,0.039,-0.066,-0.003,2558,0
1124159,6.076,7.518,-1.652,0.044,-0.053,-0.001,2558,0
1124179,6.088,7.523,-1.633,0.040,-0.043,-0.000,2558,0
1124199,6.093,7.503,-1.566,0.027,-0.042,-0.002,2558,0
1124219,6.091,7.479,-1.530,0.027,-0.052,-0.007,2557,0
1124239,6.129,7.520,-1.554,0.048,-0.054,-0.011,2558,0
1124259,6.105,7.580,-1.563,0.058,-0.051,-0.006,2557,0
1124279,6.136,7.530,-1.563,0.041,-0.055,0.001,2558,0
1124299,6.177,7.453,-1.518,0.023,-0.053,-0.010,2558,0
1124319,6.172,7.465,-1.516,0.027,-0.062,-0.027,2558,0
1124339,6.187,7.578,-1.494,0.037,-0.060,-0.030,2558,0
1124359,6.175,7.645,-1.427,0.029,-0.052,-0.022,2557,0
1124379,6.196,7.573,-1.350,0.039,-0.068,-0.018,2558,0
1124399,6.184,7.661,-1.367,0.058,-0.084,-0.020,2559,0
1124419,6.110,7.702,-1.434,0.046,-0.097,-0.012,2557,0
1124439,6.050,7.702,-1.496,0.040,-0.117,-0.003,2558,0
1124459,6.060,7.688,-1.602,0.042,-0.118,0.003,2558,0
1124479,6.050,7.640,-1.693,0.042,-0.106,0.013,2557,0
1124499,6.033,7.626,-1.738,0.039,-0.100,0.013,2558,0
1124519,6.033,7.578,-1.776,0.037,-0.093,0.012,2558,0
1124539,6.041,7.539,-1.832,0.028,-0.083,0.013,2559,0
1124559,6.033,7.456,-1.836,0.038,-0.075,0.006,2558,0
1124579,6.031,7.491,-1.899,0.041,-0.057,-0.001,2558,0
1124599,6.041,7.506,-1.832,0.033,-0.038,-0.003,2558,0
1124619,6.050,7.487,-1.808,0.033,-0.031,-0.004,2558,0
1124639,6.057,7.501,-1.772,0.046,-0.030,-0.009,2558,0
1124659,6.098,7.501,-1.767,0.045,-0.029,-0.007,2558,0
1124679,6.124,7.453,-1.702,0.036,-0.025,-0.004,2556,0
1124699,6.103,7.434,-1.671,0.041,-0.034,-0.014,2558,0
1124719,6.053,7.535,-1.635,0.058,-0.050,-0.025,2557,0
1124739,6.050,7.604,-1.719,0.062,-0.058,-0.022,2558,0
1124759,6.045,7.618,-1.753,0.056,-0.049,-0.013,2557,0
1124779,6.069,7.570,-1.719,0.054,-0.036,-0.011,2558,0
1124799,6.117,7.527,-1.638,0.046,-0.033,-0.010,2557,0
1124819,6.112,7.515,-1.616,0.048,-0.043,-0.016,2558,0
1124839,6.110,7.542,-1.604,0.059,-0.048,-0.015,2558,0
1124859,6.108,7.532,-1.642,0.053,-0.051,-0.014,2558,0
1124879,6.076,7.527,-1.597,0.042,-0.050,-0.017,2556,0
1124899,6.031,7.547,-1.566,0.047,-0.056,-0.021,2558,0
1124919,6.036,7.580,-1.595,0.047,-0.065,-0.017,2558,0
1124939,6.033,7.535,-1.642,0.048,-0.068,-0.027,2558,0
1124959,6.031,7.554,-1.707,0.054,-0.072,-0.033,2558,0
1124979,5.997,7.587,-1.745,0.055,-0.076,-0.032,2557,0
1124999,5.981,7.652,-1.796,0.050,-0.067,-0.028,2558,0
1125019,5.986,7.671,-1.829,0.046,-0.049,-0.018,2556,0
1125039,5.990,7.623,-1.800,0.033,-0.038,-0.011,2557,0
1125059,6.007,7.592,-1.738,0.034,-0.034,-0.012,2558,0
1125079,6.007,7.592,-1.748,0.042,-0.042,-0.012,2557,0
1125099,6.012,7.587,-1.776,0.045,-0.044,-0.019,2557,0
1125119,5.976,7.630,-1.765,0.038,-0.034,-0.013,2558,0
1125139,5.981,7.604,-1.738,0.035,-0.032,-0.007,2557,0
1125159,6.012,7.582,-1.697,0.038,-0.038,-0.010,2557,0
1125179,5.988,7.570,-1.733,0.046,-0.045,-0.015,2558,0
1125199,6.007,7.592,-1.745,0.051,-0.040,-0.014,2557,0
1125219,6.029,7.580,-1.762,0.036,-0.040,-0.010,2557,0
1125239,6.014,7.558,-1.731,0.033,-0.040,-0.010,2556,0
1125259,6.000,7.556,-1.729,0.044,-0.044,-0.012,2558,0
1125279,6.000,7.580,-1.767,0.050,-0.047,-0.018,2556,0
1125299,6.033,7.575,-1.796,0.039,-0.046,-0.017,2556,0
1125319,6.053,7.582,-1.717,0.040,-0.043,-0.017,2556,0
1125339,6.009,7.575,-1.719,0.050,-0.048,-0.022,2557,0
1125359,5.964,7.630,-1.750,0.055,-0.058,-0.027,2557,0
1125379,5.969,7.671,-1.829,0.050,-0.053,-0.023,2556,0
1125399,6.005,7.661,-1.817,0.041,-0.042,-0.016,2557,0
1125419,6.017,7.618,-1.776,0.042,-0.039,-0.011,2556,0
1125439,6.026,7.554,-1.753,0.047,-0.040,-0.014,2557,0
1125459,6.012,7.590,-1.772,0.048,-0.044,-0.021,2556,0
1125479,6.045,7.616,-1.743,0.046,-0.043,-0.018,2556,0
1125499,6.036,7.573,-1.741,0.046,-0.041,-0.013,2557,0
1125519,6.045,7.556,-1.757,0.047,-0.049,-0.017,2555,0
1125539,6.009,7.573,-1.750,0.049,-0.056,-0.029,2556,0
1125559,5.942,7.661,-1.784,0.051,-0.060,-0.033,2557,0
1125579,5.959,7.700,-1.839,0.054,-0.056,-0.028,2556,0
1125599,6.009,7.649,-1.803,0.051,-0.059,-0.017,2556,0
1125619,6.007,7.527,-1.834,0.044,-0.066,-0.017,2556,0
1125639,6.041,7.396,-1.827,0.052,-0.056,-0.029,2555,0
1125659,6.048,7.412,-1.822,0.054,-0.056,-0.043,2554,0
1125679,6.041,7.424,-1.796,0.059,-0.072,-0.056,2555,0
1125699,6.084,7.307,-1.877,0.090,-0.089,-0.076,2554,0
1125719,6.170,7.254,-1.975,0.102,-0.109,-0.095,2553,0
1125739,6.280,7.080,-1.942,0.101,-0.108,-0.120,2554,0
1125759,6.242,7.017,-2.018,0.181,-0.128,-0.175,2555,0
1125779,6.232,7.080,-2.205,0.270,-0.169,-0.223,2553,0
1125799,6.239,7.192,-2.516,0.275,-0.244,-0.224,2552,0
1125819,6.309,7.183,-2.892,0.172,-0.349,-0.204,2550,0
1125839,6.206,7.166,-3.244,0.160,-0.394,-0.246,2550,0
1125859,5.918,7.515,-3.713,0.285,-0.409,-0.314,2550,0
1125879,5.720,8.133,-4.341,0.315,-0.383,-0.271,2553,0
1125899,5.567,8.329,-5.092,0.036,-0.462,-0.076,2550,0
1125919,5.497,7.614,-5.772,-0.200,-0.672,0.033,2547,0
1125939,5.253,7.178,-6.318,0.050,-0.747,-0.100,2548,0
1125959,4.944,7.721,-7.137,0.475,-0.590,-0.248,2550,0
1125979,4.417,8.291,-7.901,0.657,-0.413,-0.227,2551,0
1125999,3.759,8.222,-8.837,0.519,-0.468,-0.113,2551,0
1126019,3.055,8.124,-9.594,0.528,-0.569,-0.113,2553,0
1126039,2.957,7.989,-10.044,0.720,-0.366,-0.243,2557,0
1126059,2.138,8.430,-10.556,1.058,0.233,-0.422,2559,0
1126079,0.663,8.849,-11.344,1.298,0.707,-0.644,2559,0
1126099,-0.845,9.392,-12.055,1.489,0.928,-0.849,2559,0
1126119,-1.961,10.123,-13.240,1.597,1.225,-0.965,2559,0
1126139,-1.908,11.169,-13.690,1.469,2.323,-1.040,2562,0
1126159,-2.931,12.110,-12.893,1.232,4.104,-1.096,2579,0
1126179,-4.963,13.115,-10.860,0.976,5.756,-0.973,2582,0
1126199,-7.321,13.671,-8.305,0.638,6.906,-0.574,2573,0
1126219,-7.843,13.755,-5.164,0.431,7.707,-0.170,2559,0
1126239,-7.638,13.503,-1.259,0.400,8.601,0.091,2554,0
1126259,-8.413,12.811,2.138,0.434,8.731,0.233,2543,0
1126279,-10.364,11.447,4.444,0.570,8.731,0.492,2528,0
1126299,-10.065,10.120,5.782,0.989,7.593,0.860,2512,0
1126319,-7.934,10.537,7.810,1.011,6.920,1.181,2501,0
1126339,-6.433,10.211,11.303,0.483,6.903,1.464,2495,0
1126359,-5.183,7.685,13.091,0.197,6.034,1.508,2489,0
1126379,-4.058,5.751,12.938,0.672,4.516,1.237,2480,0
1126399,-2.339,6.675,13.858,0.933,3.600,1.066,2478,0
1126419,-1.470,6.859,14.684,0.555,3.195,1.069,2477,0
1126439,-1.075,5.930,14.341,0.076,2.380,1.096,2474,0
1126459,-0.311,4.901,13.465,0.033,1.555,0.905,2471,0
1126479,0.754,4.640,13.759,0.189,1.312,0.612,2473,0
1126499,1.257,4.549,13.405,0.453,1.093,0.301,2470,0
1126519,1.688,5.092,12.103,0.611,0.606,0.054,2471,0
1126539,2.334,5.954,10.700,0.426,0.167,-0.103,2476,0
1126559,3.060,6.445,10.077,-0.011,0.029,-0.201,2480,0
1126579,3.426,6.335,9.505,-0.250,-0.065,-0.289,2479,0
1126599,3.582,6.311,8.775,-0.108,-0.249,-0.405,2480,0
1126619,3.450,6.826,7.913,0.108,-0.412,-0.496,2480,0
1126639,3.572,7.580,6.900,0.098,-0.473,-0.490,2483,0
1126659,3.685,8.088,6.019,-0.175,-0.521,-0.384,2486,0
1126679,3.847,7.736,5.389,-0.366,-0.587,-0.302,2485,0
1126699,3.977,7.432,4.975,-0.238,-0.601,-0.295,2492,0
1126719,4.073,7.544,4.559,0.027,-0.535,-0.287,2495,0
1126739,4.166,7.961,4.034,0.190,-0.476,-0.228,2496,0
1126759,4.106,8.294,3.637,0.122,-0.460,-0.128,2497,0
1126779,4.166,8.229,3.531,-0.019,-0.404,-0.031,2499,0
1126799,4.276,7.879,3.682,0.003,-0.308,0.019,2498,0
1126819,4.250,7.748,3.783,0.205,-0.240,0.038,2500,0
1126839,4.266,7.815,3.733,0.315,-0.181,0.067,2500,0
1126859,4.319,7.944,3.792,0.264,-0.099,0.110,2499,0
1126879,4.235,7.848,4.015,0.111,-0.075,0.152,2498,0
1126899,4.065,7.609,4.254,0.035,-0.101,0.175,2497,0
1126919,4.092,7.484,4.398,0.044,-0.080,0.193,2498,0
1126939,4.245,7.314,4.578,0.064,-0.011,0.198,2499,0
1126959,4.322,7.286,4.695,0.048,0.031,0.179,2497,0
1126979,4.329,7.175,4.889,-0.013,0.027,0.164,2499,0
1126999,4.389,6.926,5.143,-0.001,0.039,0.131,2498,0
1127019,4.477,6.912,5.272,0.090,0.053,0.081,2497,0
1127039,4.470,7.135,5.279,0.112,0.038,0.057,2497,0
1127059,4.317,7.113,5.351,0.041,0.007,0.054,2496,0
1127079,4.238,7.116,5.423,-0.020,-0.040,0.048,2496,0
1127099,4.326,7.128,5.265,-0.076,-0.093,0.039,2497,0
1127119,4.422,6.934,5.140,-0.067,-0.101,0.018,2496,0
1127139,4.334,6.941,5.097,0.019,-0.057,-0.010,2497,0
1127159,4.322,7.123,5.080,0.035,-0.039,-0.016,2497,0
1127179,4.405,7.089,5.066,-0.006,-0.074,-0.013,2496,0
1127199,4.520,6.989,4.934,0.008,-0.117,-0.034,2497,0
1127219,4.465,7.135,4.796,0.039,-0.118,-0.054,2497,0
1127239,4.357,7.252,4.736,0.044,-0.096,-0.052,2496,0
1127259,4.381,7.326,4.741,0.055,-0.069,-0.046,2496,0
1127279,4.377,7.400,4.745,0.066,-0.058,-0.037,2497,0
1127299,4.334,7.384,4.846,0.070,-0.064,-0.029,2498,0
1127319,4.317,7.360,4.846,0.078,-0.088,-0.018,2497,0
1127339,4.314,7.353,4.741,0.092,-0.078,-0.015,2496,0
1127359,4.345,7.391,4.719,0.085,-0.031,-0.012,2495,0
1127379,4.343,7.331,4.757,0.060,-0.014,-0.007,2496,0
1127399,4.345,7.281,4.824,0.040,-0.033,-0.011,2497,0
1127419,4.319,7.233,4.831,0.051,-0.051,-0.023,2497,0
1127439,4.329,7.257,4.817,0.081,-0.044,-0.035,2496,0
1127459,4.338,7.374,4.808,0.070,-0.016,-0.036,2496,0
1127479,4.348,7.381,4.853,0.031,-0.002,-0.024,2495,0
1127499,4.298,7.302,4.937,0.030,-0.024,-0.033,2496,0
1127519,4.204,7.355,4.913,0.053,-0.035,-0.034,2495,0
1127539,4.211,7.362,4.891,0.038,-0.033,-0.023,2496,0
1127559,4.298,7.276,4.925,0.039,-0.030,-0.023,2496,0
1127579,4.334,7.219,4.911,0.072,-0.039,-0.033,2495,0
1127599,4.314,7.271,4.865,0.091,-0.048,-0.035,2495,0
1127619,4.262,7.348,4.870,0.055,-0.037,-0.038,2496,0
1127639,4.290,7.350,4.990,0.041,-0.022,-0.042,2497,0
1127659,4.326,7.369,4.963,0.065,-0.046,-0.043,2496,0
1127679,4.381,7.436,4.891,0.060,-0.066,-0.041,2496,0
1127699,4.312,7.427,4.915,0.042,-0.052,-0.037,2496,0
1127719,4.281,7.393,4.939,0.041,-0.053,-0.034,2496,0
1127739,4.357,7.405,4.839,0.047,-0.074,-0.033,2495,0
1127759,4.381,7.396,4.731,0.048,-0.069,-0.033,2495,0
1127779,4.274,7.432,4.748,0.046,-0.038,-0.037,2496,0
1127799,4.219,7.463,4.815,0.029,-0.025,-0.033,2495,0
1127819,4.283,7.415,4.824,0.009,-0.047,-0.030,2495,0
1127839,4.274,7.365,4.824,0.021,-0.049,-0.039,2495,0
1127859,4.187,7.489,4.858,0.041,-0.031,-0.042,2496,0
1127879,4.214,7.563,4.872,0.022,-0.031,-0.025,2495,0
1127899,4.259,7.400,4.870,0.011,-0.048,-0.012,2495,0
1127919,4.262,7.396,4.882,0.024,-0.051,-0.011,2496,0
1127939,4.185,7.417,4.896,0.016,-0.052,-0.008,2497,0
1127959,4.192,7.338,4.877,0.022,-0.054,-0.007,2496,0
1127979,4.271,7.350,4.829,0.054,-0.055,-0.017,2493,0
1127999,4.295,7.468,4.808,0.060,-0.058,-0.022,2496,0
1128019,4.276,7.472,4.841,0.057,-0.068,-0.016,2496,0
1128039,4.264,7.468,4.776,0.051,-0.064,-0.011,2496,0
1128059,4.278,7.506,4.810,0.024,-0.045,-0.007,2496,0
1128079,4.298,7.460,4.860,0.031,-0.035,-0.001,2496,0
1128099,4.314,7.482,4.800,0.058,-0.048,0.001,2495,0
1128119,4.314,7.470,4.738,0.027,-0.048,0.005,2496,0
1128139,4.293,7.362,4.772,0.001,-0.036,0.009,2497,0
1128159,4.274,7.338,4.800,0.013,-0.035,0.004,2496,0
1128179,4.266,7.374,4.808,0.035,-0.044,-0.003,2496,0
1128199,4.271,7.379,4.729,0.034,-0.038,0.002,2495,0
1128219,4.269,7.317,4.741,0.021,-0.020,0.004,2495,0
1128239,4.281,7.278,4.839,0.009,-0.015,0.003,2496,0
