981779,4.942,8.449,-4.934,-0.341,-1.736,-0.275,2544,0
981799,5.183,8.138,-4.669,-0.357,-1.354,-0.261,2544,0
981819,5.454,7.927,-4.367,-0.381,-1.077,-0.277,2543,0
981839,5.650,7.867,-4.147,-0.358,-0.935,-0.304,2542,0
981859,5.734,7.918,-4.010,-0.318,-0.815,-0.319,2541,0
981879,5.784,7.949,-3.733,-0.297,-0.633,-0.312,2539,0
981899,5.911,7.985,-3.400,-0.287,-0.470,-0.289,2538,0
981919,6.021,8.025,-3.033,-0.275,-0.369,-0.273,2537,0
981939,6.038,8.107,-2.703,-0.258,-0.331,-0.262,2534,0
981959,6.012,8.229,-2.442,-0.226,-0.317,-0.246,2533,0
981979,6.002,8.226,-2.349,-0.140,-0.316,-0.230,2532,0
981999,5.959,8.222,-2.423,-0.016,-0.307,-0.218,2531,0
982019,6.031,8.334,-2.514,0.094,-0.241,-0.204,2532,0
982039,6.088,8.490,-2.433,0.144,-0.125,-0.179,2531,0
982059,5.993,8.535,-2.241,0.135,-0.056,-0.142,2530,0
982079,5.863,8.562,-2.210,0.126,-0.067,-0.109,2529,0
982099,5.856,8.586,-2.109,0.113,-0.032,-0.074,2529,0
982119,5.837,8.583,-1.918,0.108,0.070,-0.040,2527,0
982139,5.744,8.487,-1.733,0.137,0.144,-0.013,2528,0
982159,5.672,8.485,-1.525,0.152,0.185,0.014,2526,0
982179,5.653,8.499,-1.240,0.117,0.232,0.038,2527,0
982199,5.612,8.413,-0.840,0.081,0.261,0.052,2525,0
982219,5.550,8.310,-0.656,0.100,0.231,0.051,2524,0
982239,5.507,8.384,-0.627,0.140,0.193,0.056,2522,0
982259,5.545,8.490,-0.462,0.117,0.224,0.082,2524,0
982279,5.538,8.356,-0.261,0.082,0.228,0.108,2523,0
982299,5.531,8.179,-0.182,0.102,0.175,0.115,2521,0
982319,5.557,8.068,-0.254,0.135,0.126,0.112,2518,0
982339,5.576,8.028,-0.326,0.124,0.120,0.111,2519,0
982359,5.607,7.977,-0.275,0.089,0.125,0.109,2518,0
982379,5.657,7.846,-0.314,0.087,0.103,0.097,2518,0
982399,5.715,7.796,-0.407,0.108,0.056,0.076,2517,0
982419,5.725,7.796,-0.553,0.104,0.050,0.058,2519,0
982439,5.703,7.867,-0.587,0.074,0.063,0.046,2516,0
982459,5.713,7.865,-0.572,0.036,0.080,0.049,2517,0
982479,5.756,7.705,-0.532,0.032,0.078,0.047,2517,0
982499,5.801,7.626,-0.558,0.069,0.051,0.030,2517,0
982519,5.775,7.685,-0.678,0.096,0.023,0.006,2516,0
982539,5.763,7.819,-0.759,0.078,0.020,0.000,2516,0
982559,5.737,7.784,-0.761,0.055,0.040,0.002,2516,0
982579,5.792,7.743,-0.718,0.059,0.054,-0.012,2515,0
982599,5.799,7.779,-0.608,0.074,0.052,-0.017,2516,0
982619,5.794,7.824,-0.587,0.080,0.023,-0.015,2517,0
982639,5.806,7.860,-0.589,0.080,0.010,-0.018,2514,0
982659,5.799,7.882,-0.591,0.089,0.011,-0.026,2514,0
982679,5.775,7.989,-0.539,0.094,0.014,-0.025,2515,0
982699,5.768,8.009,-0.579,0.091,-0.006,-0.010,2513,0
982719,5.768,7.973,-0.541,0.084,-0.016,-0.000,2514,0
982739,5.748,7.930,-0.572,0.089,-0.017,-0.003,2513,0
982759,5.710,7.975,-0.591,0.092,-0.016,-0.012,2515,0
982779,5.665,8.025,-0.572,0.077,-0.011,-0.012,2515,0
982799,5.576,8.030,-0.584,0.065,-0.021,-0.005,2513,0
982819,5.593,8.025,-0.637,0.076,-0.038,0.003,2514,0
982839,5.650,7.980,-0.747,0.082,-0.028,0.002,2513,0
982859,5.703,7.966,-0.692,0.078,-0.005,-0.001,2513,0
982879,5.715,7.949,-0.577,0.079,0.013,0.008,2513,0
982899,5.691,7.922,-0.520,0.083,0.004,0.014,2515,0
982919,5.741,7.877,-0.563,0.070,-0.021,0.013,2513,0
982939,5.763,7.812,-0.630,0.056,-0.031,0.005,2514,0
982959,5.801,7.764,-0.634,0.048,-0.022,-0.001,2513,0
982979,5.801,7.798,-0.591,0.053,-0.010,-0.020,2514,0
982999,5.780,7.870,-0.529,0.055,-0.015,-0.037,2513,0
983019,5.775,7.927,-0.634,0.053,-0.050,-0.034,2513,0
983039,5.811,7.930,-0.697,0.055,-0.068,-0.033,2512,0
983059,5.792,7.951,-0.747,0.066,-0.068,-0.028,2513,0
983079,5.768,8.016,-0.821,0.076,-0.059,-0.024,2513,0
983099,5.756,7.958,-0.879,0.083,-0.055,-0.022,2512,0
983119,5.753,7.946,-0.903,0.083,-0.055,-0.023,2513,0
983139,5.751,7.987,-0.917,0.079,-0.042,-0.024,2512,0
983159,5.734,8.035,-0.888,0.067,-0.022,-0.023,2512,0
983179,5.744,8.016,-0.907,0.055,-0.009,-0.014,2512,0
983199,5.772,7.944,-0.891,0.048,-0.001,-0.013,2512,0
983219,5.753,7.922,-0.836,0.045,0.012,-0.014,2512,0
983239,5.681,7.973,-0.778,0.039,0.006,-0.015,2512,0
983259,5.669,7.963,-0.728,0.045,-0.016,-0.011,2514,0
983279,5.705,7.932,-0.759,0.071,-0.035,-0.011,2513,0
983299,5.748,7.894,-0.802,0.084,-0.024,-0.012,2512,0
983319,5.727,7.872,-0.814,0.076,-0.007,-0.017,2513,0
983339,5.660,7.937,-0.785,0.061,-0.013,-0.027,2513,0
983359,5.660,7.992,-0.785,0.044,-0.025,-0.025,2511,0
983379,5.737,7.961,-0.788,0.048,-0.015,-0.021,2512,0
983399,5.768,7.954,-0.783,0.068,-0.001,-0.029,2512,0
983419,5.741,8.035,-0.721,0.073,-0.003,-0.030,2512,0
983439,5.737,8.147,-0.654,0.058,-0.021,-0.020,2512,0
983459,5.746,8.147,-0.661,0.038,-0.030,-0.007,2513,0
983479,5.748,8.080,-0.673,0.034,-0.030,0.006,2511,0
983499,5.741,7.999,-0.702,0.045,-0.024,0.010,2512,0
983519,5.763,7.954,-0.685,0.047,-0.026,0.010,2512,0
983539,5.748,7.982,-0.702,0.041,-0.029,0.000,2513,0
983559,5.722,7.985,-0.649,0.038,-0.047,-0.004,2512,0
983579,5.701,7.999,-0.728,0.039,-0.064,-0.003,2512,0
983599,5.686,7.999,-0.771,0.037,-0.066,-0.001,2512,0
983619,5.674,8.028,-0.814,0.043,-0.057,0.006,2512,0
983639,5.665,7.980,-0.828,0.047,-0.044,0.007,2512,0
983659,5.657,7.932,-0.879,0.047,-0.033,0.007,2512,0
983679,5.669,7.851,-0.838,0.037,-0.025,0.001,2512,0
983699,5.636,7.853,-0.807,0.031,-0.031,-0.014,2512,0
983719,5.655,7.918,-0.809,0.036,-0.037,-0.016,2512,0
983739,5.648,7.982,-0.819,0.042,-0.031,-0.012,2512,0
983759,5.696,7.963,-0.845,0.045,-0.022,-0.011,2512,0
983779,5.739,7.851,-0.781,0.040,-0.023,-0.012,2513,0
983799,5.729,7.829,-0.752,0.041,-0.023,-0.024,2511,0
983819,5.717,7.915,-0.733,0.044,-0.034,-0.037,2512,0
983839,5.691,7.992,-0.766,0.052,-0.049,-0.038,2512,0
983859,5.720,8.016,-0.797,0.076,-0.049,-0.029,2512,0
983879,5.722,8.025,-0.845,0.122,-0.027,-0.032,2512,0
983899,5.725,7.994,-0.831,0.122,-0.021,-0.028,2512,0
983919,5.669,8.037,-0.809,0.090,-0.030,-0.029,2511,0
983939,5.574,8.066,-0.836,0.059,-0.048,-0.030,2511,0
983959,5.583,8.107,-0.871,0.054,-0.058,-0.019,2512,0
983979,5.641,8.064,-0.929,0.064,-0.034,-0.010,2512,0
983999,5.679,8.018,-0.905,0.062,-0.010,-0.011,2511,0
984019,5.667,8.023,-0.833,0.044,-0.005,-0.015,2512,0
984039,5.655,8.056,-0.766,0.027,-0.012,-0.015,2511,0
984059,5.674,8.033,-0.716,0.022,-0.016,-0.004,2512,0
984079,5.686,7.980,-0.630,0.032,-0.030,0.002,2511,0
984099,5.698,7.939,-0.625,0.046,-0.046,-0.003,2511,0
984119,5.677,7.963,-0.728,0.061,-0.065,-0.014,2512,0
984139,5.636,7.997,-0.855,0.069,-0.080,-0.017,2511,0
984159,5.684,8.018,-0.893,0.067,-0.070,-0.020,2511,0
984179,5.677,8.023,-0.948,0.067,-0.048,-0.018,2511,0
984199,5.677,8.025,-0.917,0.071,-0.039,-0.009,2512,0
984219,5.643,7.997,-0.950,0.068,-0.038,-0.005,2511,0
984239,5.610,8.030,-0.910,0.063,-0.043,-0.009,2511,0
984259,5.562,8.097,-0.891,0.056,-0.043,-0.003,2513,0
984279,5.605,8.061,-0.891,0.056,-0.041,0.008,2512,0
984299,5.657,7.951,-0.915,0.053,-0.031,0.010,2511,0
984319,5.648,7.918,-0.876,0.047,-0.027,-0.002,2511,0
984339,5.648,7.922,-0.809,0.037,-0.031,-0.006,2511,0
984359,5.657,7.920,-0.795,0.041,-0.046,-0.009,2511,0
984379,5.641,7.989,-0.821,0.049,-0.055,-0.013,2511,0
984399,5.624,8.016,-0.836,0.048,-0.059,-0.015,2511,0
984419,5.648,7.997,-0.836,0.045,-0.060,-0.014,2510,0
984439,5.646,7.999,-0.855,0.044,-0.056,-0.011,2511,0
984459,5.612,8.009,-0.862,0.047,-0.063,-0.013,2512,0
984479,5.634,8.035,-0.903,0.051,-0.075,-0.009,2510,0
984499,5.634,8.052,-0.950,0.054,-0.079,-0.012,2511,0
984519,5.631,8.064,-0.974,0.059,-0.078,-0.008,2511,0
984539,5.600,8.088,-1.058,0.059,-0.068,-0.006,2511,0
984559,5.593,8.076,-1.073,0.051,-0.060,-0.003,2511,0
984579,5.602,8.035,-1.051,0.045,-0.049,0.000,2511,0
984599,5.643,7.970,-1.027,0.048,-0.038,-0.001,2511,0
984619,5.667,7.961,-0.986,0.055,-0.033,-0.005,2511,0
984639,5.662,7.970,-0.982,0.052,-0.038,-0.007,2511,0
984659,5.643,7.989,-0.965,0.043,-0.034,-0.008,2510,0
984679,5.634,7.997,-0.953,0.044,-0.034,-0.002,2511,0
984699,5.636,7.963,-0.943,0.057,-0.039,-0.002,2510,0
984719,5.614,7.973,-0.934,0.062,-0.048,-0.013,2511,0
984739,5.588,8.042,-1.013,0.061,-0.059,-0.020,2510,0
984759,5.612,8.085,-1.034,0.058,-0.050,-0.015,2511,0
984779,5.672,8.068,-1.041,0.059,-0.034,-0.004,2511,0
984799,5.684,8.018,-1.025,0.052,-0.028,0.001,2510,0
984819,5.677,7.977,-1.027,0.050,-0.031,-0.008,2511,0
984839,5.638,8.028,-1.049,0.053,-0.023,-0.007,2511,0
984859,5.605,8.073,-0.996,0.052,-0.015,-0.001,2511,0
984879,5.605,8.061,-0.936,0.043,-0.012,0.005,2511,0
984899,5.571,8.016,-0.939,0.040,-0.026,0.004,2510,0
984919,5.612,7.999,-0.922,0.046,-0.029,0.007,2510,0
984939,5.624,7.994,-0.984,0.047,-0.025,0.003,2510,0
984959,5.614,7.994,-0.946,0.044,-0.027,0.000,2510,0
984979,5.564,8.016,-0.919,0.046,-0.040,0.001,2512,0
984999,5.593,7.997,-0.919,0.050,-0.043,0.006,2510,0
985019,5.655,7.937,-0.936,0.051,-0.033,0.008,2510,0
985039,5.634,7.968,-0.886,0.056,-0.037,0.001,2510,0
985059,5.612,8.006,-0.879,0.042,-0.051,0.001,2511,0
985079,5.607,7.920,-0.891,0.038,-0.061,0.004,2510,0
985099,5.646,7.934,-0.934,0.051,-0.062,-0.005,2510,0
985119,5.643,7.980,-0.982,0.056,-0.059,-0.011,2509,0
985139,5.650,7.980,-1.058,0.044,-0.059,-0.010,2510,0
985159,5.636,7.985,-1.080,0.031,-0.062,-0.013,2509,0
985179,5.660,8.023,-1.053,0.030,-0.051,-0.016,2510,0
985199,5.641,8.088,-1.034,0.033,-0.039,-0.013,2511,0
985219,5.636,8.080,-1.027,0.035,-0.041,-0.003,2510,0
985239,5.638,8.028,-1.030,0.035,-0.038,0.003,2510,0
985259,5.626,7.973,-1.010,0.042,-0.037,-0.005,2510,0
985279,5.634,8.045,-0.984,0.047,-0.042,-0.003,2510,0
985299,5.634,8.023,-0.965,0.038,-0.054,0.007,2510,0
985319,5.660,7.898,-0.979,0.034,-0.059,0.011,2511,0
985339,5.638,7.884,-1.039,0.045,-0.053,-0.006,2510,0
985359,5.593,8.011,-1.051,0.048,-0.047,-0.022,2511,0
985379,5.569,8.090,-1.087,0.042,-0.047,-0.013,2511,0
985399,5.595,8.021,-1.082,0.048,-0.052,-0.004,2511,0
985419,5.648,7.992,-1.094,0.055,-0.038,-0.008,2510,0
985439,5.624,8.028,-1.039,0.043,-0.024,-0.011,2511,0
985459,5.605,8.018,-0.986,0.033,-0.029,-0.007,2511,0
985479,5.593,7.968,-0.977,0.043,-0.047,-0.007,2511,0
985499,5.600,8.018,-1.049,0.056,-0.051,-0.009,2512,0
985519,5.626,8.042,-1.075,0.044,-0.039,-0.006,2512,0
985539,5.638,7.997,-1.041,0.034,-0.032,-0.003,2512,0
985559,5.634,7.989,-1.013,0.035,-0.044,-0.010,2511,0
985579,5.619,8.004,-1.044,0.037,-0.053,-0.012,2513,0
985599,5.646,8.006,-1.049,0.038,-0.048,-0.010,2511,0
985619,5.643,8.047,-1.068,0.041,-0.041,-0.011,2512,0
985639,5.650,8.071,-1.061,0.038,-0.037,-0.010,2511,0
985659,5.614,8.078,-1.053,0.036,-0.036,-0.003,2511,0
985679,5.626,8.016,-1.044,0.042,-0.040,0.001,2511,0
985699,5.646,7.980,-1.073,0.047,-0.043,-0.001,2511,0
985719,5.638,7.999,-1.087,0.040,-0.047,-0.003,2512,0
985739,5.605,8.042,-1.109,0.038,-0.041,-0.004,2513,0
985759,5.581,8.064,-1.149,0.046,-0.038,0.001,2511,0
985779,5.600,8.016,-1.130,0.046,-0.035,0.007,2512,0
985799,5.619,7.966,-1.097,0.040,-0.022,0.000,2512,0
985819,5.610,7.934,-1.025,0.044,-0.017,-0.007,2512,0
985839,5.607,8.006,-1.034,0.044,-0.024,-0.007,2512,0
985859,5.588,8.025,-1.049,0.030,-0.023,-0.007,2510,0
985879,5.588,8.023,-0.984,0.030,-0.021,-0.006,2511,0
985899,5.586,8.071,-1.018,0.046,-0.026,-0.007,2512,0
985919,5.600,8.066,-1.001,0.047,-0.026,0.002,2512,0
985939,5.626,7.994,-1.065,0.043,-0.028,0.007,2511,0
985959,5.634,7.977,-1.037,0.040,-0.021,0.003,2511,0
985979,5.595,7.977,-1.003,0.041,-0.023,0.001,2512,0
985999,5.574,8.028,-0.989,0.044,-0.037,0.003,2512,0
986019,5.576,8.035,-1.046,0.044,-0.046,0.003,2511,0
986039,5.610,8.028,-1.068,0.046,-0.037,-0.002,2512,0
986059,5.634,8.056,-1.041,0.049,-0.024,0.000,2511,0
986079,5.672,8.030,-1.013,0.045,-0.028,0.006,2511,0
986099,5.689,8.025,-0.967,0.035,-0.035,0.011,2511,0
986119,5.648,7.994,-1.010,0.036,-0.042,0.003,2510,0
986139,5.655,8.066,-0.936,0.038,-0.039,0.003,2511,0
986159,5.610,8.109,-0.967,0.034,-0.036,0.010,2511,0
986179,5.634,8.054,-1.003,0.025,-0.044,0.023,2511,0
986199,5.691,7.884,-1.039,0.014,-0.038,0.024,2511,0
986219,5.722,7.779,-1.068,0.015,-0.023,0.007,2511,0
986239,5.665,7.796,-1.027,0.015,-0.019,-0.005,2510,0
986259,5.590,7.918,-1.010,0.015,-0.028,-0.015,2511,0
986279,5.523,8.004,-1.056,0.020,-0.048,-0.015,2511,0
986299,5.547,8.030,-1.106,0.031,-0.054,-0.008,2510,0
986319,5.564,7.980,-1.176,0.051,-0.041,-0.010,2511,0
986339,5.569,7.999,-1.132,0.055,-0.025,-0.011,2511,0
986359,5.571,8.001,-1.065,0.041,-0.019,-0.014,2511,0
986379,5.574,7.992,-1.020,0.039,-0.025,-0.014,2511,0
986399,5.638,7.958,-1.037,0.058,-0.035,-0.014,2511,0
986419,5.669,7.954,-1.080,0.072,-0.039,-0.023,2511,0
986439,5.638,8.033,-1.116,0.063,-0.031,-0.027,2512,0
986459,5.607,8.150,-1.068,0.042,-0.016,-0.027,2510,0
986479,5.619,8.164,-0.970,0.040,0.001,-0.010,2511,0
986499,5.657,8.109,-0.883,0.057,-0.004,-0.001,2510,0
986519,5.657,8.049,-0.929,0.062,-0.014,-0.002,2511,0
986539,5.679,8.028,-0.929,0.036,-0.007,-0.002,2511,0
986559,5.660,8.028,-0.824,0.020,0.003,0.002,2511,0
986579,5.653,7.980,-0.771,0.029,-0.015,0.009,2511,0
986599,5.662,7.906,-0.819,0.038,-0.054,0.010,2510,0
986619,5.655,7.827,-0.917,0.029,-0.064,0.006,2512,0
986639,5.631,7.791,-0.960,0.037,-0.054,-0.004,2510,0
986659,5.569,7.903,-0.994,0.055,-0.047,-0.020,2510,0
986679,5.526,7.987,-1.068,0.041,-0.054,-0.024,2510,0
986699,5.538,7.980,-1.082,0.038,-0.062,-0.017,2512,0
986719,5.552,7.980,-1.068,0.061,-0.055,-0.014,2511,0
986739,5.516,8.011,-1.106,0.072,-0.048,-0.013,2511,0
986759,5.492,8.025,-1.099,0.055,-0.050,-0.013,2509,0
986779,5.480,8.004,-1.109,0.053,-0.052,-0.009,2510,0
986799,5.509,7.927,-1.142,0.074,-0.051,-0.010,2510,0
986819,5.583,7.875,-1.228,0.087,-0.041,-0.020,2510,0
986839,5.578,7.937,-1.185,0.073,-0.022,-0.029,2510,0
986859,5.571,7.982,-1.061,0.062,-0.023,-0.030,2510,0
986879,5.574,8.004,-1.051,0.069,-0.040,-0.031,2511,0
986899,5.612,7.992,-1.106,0.069,-0.048,-0.030,2510,0
986919,5.669,8.004,-1.142,0.058,-0.044,-0.041,2510,0
986939,5.646,8.047,-1.128,0.054,-0.029,-0.047,2510,0
986959,5.622,8.121,-1.128,0.058,-0.030,-0.036,2510,0
986979,5.614,8.133,-1.161,0.042,-0.029,-0.019,2510,0
986999,5.638,8.035,-1.188,0.034,-0.028,-0.018,2510,0
987019,5.605,8.018,-1.166,0.060,-0.026,-0.027,2510,0
987039,5.538,8.128,-1.219,0.085,-0.029,-0.026,2509,0
987059,5.483,8.215,-1.269,0.077,-0.041,-0.013,2509,0
987079,5.502,8.191,-1.290,0.064,-0.035,-0.001,2509,0
987099,5.533,8.092,-1.286,0.075,-0.008,-0.001,2511,0
987119,5.543,8.095,-1.240,0.089,0.012,-0.003,2509,0
987139,5.492,8.128,-1.180,0.079,0.008,-0.003,2510,0
987159,5.511,8.090,-1.180,0.063,0.001,-0.004,2509,0
987179,5.562,8.052,-1.140,0.060,0.017,-0.005,2511,0
987199,5.581,8.052,-1.080,0.066,0.029,-0.012,2510,0
987219,5.567,8.114,-1.010,0.063,0.022,-0.015,2511,0
987239,5.578,8.143,-0.915,0.043,0.009,-0.005,2510,0
987259,5.600,8.085,-0.850,0.048,-0.006,-0.001,2512,0
987279,5.631,8.045,-0.869,0.055,-0.014,-0.003,2510,0
987299,5.634,8.085,-0.912,0.039,-0.028,-0.009,2510,0
987319,5.593,8.116,-0.950,0.025,-0.044,-0.007,2510,0
987339,5.574,8.145,-0.984,0.031,-0.050,-0.001,2510,0
987359,5.569,8.143,-1.027,0.036,-0.042,0.012,2510,0
987379,5.569,8.059,-1.109,0.029,-0.031,0.019,2509,0
987399,5.583,7.989,-1.123,0.023,-0.026,0.020,2509,0
987419,5.531,7.958,-1.116,0.032,-0.031,0.014,2510,0
987439,5.488,8.018,-1.135,0.043,-0.048,0.011,2510,0
987459,5.449,8.052,-1.238,0.038,-0.058,0.015,2511,0
987479,5.488,7.994,-1.267,0.039,-0.035,0.023,2509,0
987499,5.523,7.903,-1.221,0.054,-0.013,0.018,2510,0
987519,5.562,7.855,-1.178,0.057,-0.015,0.006,2510,0
987539,5.564,7.848,-1.156,0.043,-0.027,-0.011,2511,0
987559,5.557,7.942,-1.142,0.037,-0.035,-0.021,2510,0
987579,5.552,8.035,-1.173,0.050,-0.026,-0.019,2510,0
987599,5.519,8.078,-1.142,0.060,-0.018,-0.016,2509,0
987619,5.543,8.095,-1.202,0.052,-0.031,-0.013,2510,0
987639,5.586,8.028,-1.176,0.032,-0.027,-0.010,2511,0
987659,5.607,7.975,-1.109,0.038,-0.016,-0.014,2511,0
987679,5.578,8.040,-1.082,0.056,-0.021,-0.018,2510,0
987699,5.557,8.147,-1.073,0.055,-0.031,-0.016,2510,0
987719,5.557,8.164,-1.156,0.044,-0.047,-0.008,2511,0
987739,5.607,8.109,-1.183,0.035,-0.025,-0.003,2510,0
987759,5.595,8.030,-1.099,0.036,0.000,-0.001,2509,0
987779,5.564,8.045,-1.046,0.043,-0.002,-0.006,2511,0
987799,5.574,8.090,-0.967,0.032,-0.020,-0.004,2509,0
987819,5.571,8.052,-1.006,0.034,-0.036,0.004,2510,0
987839,5.569,7.992,-1.080,0.050,-0.032,0.005,2509,0
987859,5.555,8.013,-1.104,0.046,-0.023,0.007,2509,0
987879,5.569,7.975,-1.061,0.032,-0.025,0.005,2510,0
987899,5.559,7.920,-1.075,0.034,-0.036,-0.008,2510,0
987919,5.526,7.937,-1.087,0.046,-0.041,-0.018,2510,0
987939,5.504,8.023,-1.089,0.055,-0.036,-0.022,2511,0
987959,5.540,8.092,-1.113,0.052,-0.024,-0.020,2510,0
987979,5.581,8.119,-1.087,0.043,-0.024,-0.016,2510,0
987999,5.569,8.169,-1.013,0.041,-0.029,-0.013,2510,0
988019,5.514,8.236,-0.936,0.045,-0.039,-0.008,2510,0
988039,5.507,8.296,-0.857,0.048,-0.042,0.011,2509,0
988059,5.571,8.234,-0.816,0.047,-0.044,0.029,2510,0
988079,5.634,8.128,-0.773,0.043,-0.054,0.030,2510,0
988099,5.610,8.095,-0.824,0.027,-0.070,0.024,2512,0
988119,5.586,8.033,-0.850,0.005,-0.085,0.031,2510,0
988139,5.574,7.925,-0.915,-0.004,-0.094,0.038,2510,0
988159,5.571,7.889,-1.030,0.004,-0.096,0.024,2510,0
988179,5.559,7.863,-1.101,-0.002,-0.092,0.022,2512,0
988199,5.523,7.807,-1.130,-0.008,-0.106,0.013,2510,0
988219,5.540,7.829,-1.192,-0.004,-0.110,-0.002,2511,0
988239,5.509,7.834,-1.276,0.016,-0.112,-0.009,2509,0
988259,5.499,7.894,-1.365,0.026,-0.118,-0.015,2509,0
988279,5.543,7.920,-1.451,0.021,-0.116,-0.022,2509,0
988299,5.550,7.954,-1.535,0.015,-0.094,-0.030,2510,0
988319,5.578,7.930,-1.566,0.041,-0.066,-0.035,2509,0
988339,5.559,7.992,-1.604,0.076,-0.048,-0.039,2509,0
988359,5.540,8.037,-1.697,0.069,-0.045,-0.035,2510,0
988379,5.547,8.071,-1.721,0.040,-0.024,-0.034,2512,0
988399,5.547,8.066,-1.638,0.036,0.014,-0.035,2510,0
988419,5.509,8.145,-1.523,0.057,0.039,-0.035,2510,0
988439,5.452,8.241,-1.338,0.067,0.045,-0.026,2509,0
988459,5.488,8.188,-1.274,0.064,0.033,-0.011,2509,0
988479,5.598,8.023,-1.235,0.071,0.047,-0.009,2510,0
988499,5.636,7.977,-1.149,0.079,0.066,-0.019,2509,0
988519,5.626,8.052,-1.039,0.064,0.066,-0.030,2509,0
988539,5.557,8.169,-0.955,0.031,0.050,-0.036,2508,0
988559,5.504,8.207,-0.903,0.027,0.026,-0.026,2509,0
988579,5.598,8.164,-0.910,0.049,0.031,-0.014,2509,0
988599,5.641,8.102,-0.907,0.069,0.045,-0.009,2509,0
988619,5.614,8.114,-0.895,0.062,0.031,-0.010,2509,0
988639,5.578,8.162,-0.838,0.029,0.013,-0.006,2510,0
988659,5.511,8.210,-0.749,0.032,-0.006,0.002,2509,0
988679,5.488,8.205,-0.769,0.049,-0.014,0.015,2509,0
988699,5.526,8.090,-0.812,0.054,-0.011,0.020,2508,0
988719,5.567,8.023,-0.876,0.033,-0.003,0.012,2508,0
988739,5.574,8.009,-0.764,0.003,-0.001,0.005,2509,0
988759,5.528,8.030,-0.697,-0.017,-0.022,0.003,2509,0
988779,5.535,8.028,-0.706,-0.014,-0.048,0.005,2509,0
988799,5.535,7.999,-0.795,0.005,-0.074,-0.001,2509,0
988819,5.538,8.045,-0.876,0.017,-0.082,-0.002,2508,0
988839,5.521,8.064,-0.922,0.004,-0.076,0.007,2511,0
988859,5.531,7.989,-0.948,0.001,-0.080,0.013,2508,0
988879,5.543,7.906,-0.991,0.009,-0.094,0.012,2509,0
988899,5.543,7.848,-1.097,0.027,-0.108,0.005,2509,0
988919,5.562,7.920,-1.199,0.043,-0.111,-0.006,2509,0
988939,5.526,8.021,-1.274,0.044,-0.102,-0.004,2509,0
988959,5.495,8.080,-1.290,0.034,-0.096,0.002,2510,0
988979,5.504,8.033,-1.314,0.033,-0.091,0.000,2510,0
988999,5.523,8.030,-1.381,0.047,-0.073,-0.004,2512,0
989019,5.555,8.061,-1.381,0.058,-0.051,-0.008,2509,0
989039,5.552,8.121,-1.326,0.063,-0.037,-0.003,2509,0
989059,5.559,8.140,-1.245,0.056,-0.035,0.006,2509,0
989079,5.559,8.097,-1.199,0.056,-0.047,0.010,2510,0
989099,5.562,8.035,-1.267,0.063,-0.053,0.010,2509,0
989119,5.571,8.025,-1.314,0.067,-0.031,0.007,2508,0
989139,5.564,8.045,-1.302,0.067,-0.014,0.006,2507,0
989159,5.586,8.047,-1.293,0.058,-0.005,0.006,2508,0
989179,5.562,8.013,-1.247,0.051,-0.005,-0.002,2509,0
989199,5.562,8.033,-1.190,0.056,-0.012,-0.010,2509,0
989219,5.564,8.068,-1.199,0.068,-0.011,-0.012,2508,0
989239,5.562,8.116,-1.231,0.072,-0.005,-0.010,2509,0
989259,5.581,8.133,-1.271,0.052,0.011,-0.002,2508,0
989279,5.571,8.080,-1.264,0.035,0.021,0.004,2508,0
989299,5.545,8.056,-1.190,0.047,0.018,0.003,2508,0
989319,5.543,8.078,-1.152,0.064,0.025,0.008,2509,0
989339,5.550,8.056,-1.120,0.075,0.028,0.012,2509,0
989359,5.552,8.013,-1.140,0.074,0.026,0.011,2507,0
989379,5.562,7.946,-1.104,0.059,0.024,0.011,2508,0
989399,5.559,7.898,-1.063,0.059,0.018,0.005,2509,0
989419,5.571,7.927,-1.075,0.068,0.026,-0.007,2509,0
989439,5.588,7.992,-1.049,0.063,0.039,-0.012,2509,0
989459,5.600,8.025,-1.010,0.052,0.040,-0.017,2507,0
989479,5.583,8.013,-0.991,0.048,0.036,-0.014,2507,0
989499,5.586,8.035,-0.962,0.054,0.026,-0.011,2508,0
989519,5.600,8.013,-1.003,0.052,0.025,-0.009,2507,0
989539,5.581,8.066,-0.989,0.047,0.021,-0.009,2507,0
989559,5.545,8.078,-0.917,0.049,0.013,-0.007,2509,0
989579,5.497,8.092,-0.939,0.056,-0.002,-0.004,2507,0
989599,5.497,8.092,-0.955,0.062,-0.010,0.000,2508,0
989619,5.516,8.047,-1.006,0.061,-0.013,0.004,2507,0
989639,5.567,8.013,-1.018,0.060,-0.007,0.004,2508,0
989659,5.593,7.963,-0.953,0.053,-0.003,-0.001,2508,0
989679,5.602,7.939,-0.953,0.044,-0.018,-0.008,2507,0
989699,5.581,7.982,-0.994,0.044,-0.028,-0.018,2508,0
989719,5.567,8.064,-1.058,0.047,-0.030,-0.018,2508,0
989739,5.559,8.080,-1.073,0.046,-0.019,-0.009,2508,0
989759,5.559,8.078,-1.085,0.037,-0.005,-0.002,2509,0
989779,5.557,8.030,-1.013,0.032,-0.012,-0.007,2507,0
989799,5.555,8.052,-1.030,0.038,-0.025,-0.019,2508,0
989819,5.567,8.114,-1.022,0.048,-0.027,-0.015,2508,0
989839,5.593,8.128,-1.104,0.056,-0.023,-0.007,2508,0
989859,5.617,8.095,-1.132,0.049,-0.014,0.002,2509,0
989879,5.634,8.013,-1.087,0.041,-0.006,0.008,2512,0
989899,5.600,7.997,-1.034,0.046,-0.008,0.002,2509,0
989919,5.559,8.040,-1.027,0.051,-0.019,0.003,2510,0
989939,5.526,8.049,-0.998,0.043,-0.027,0.009,2508,0
989959,5.509,8.054,-1.056,0.044,-0.030,0.004,2509,0
989979,5.533,8.045,-1.041,0.045,-0.022,0.006,2508,0
989999,5.571,7.961,-1.030,0.042,-0.021,0.010,2508,0
990019,5.569,7.910,-1.025,0.042,-0.025,0.000,2507,0
990039,5.535,7.927,-0.991,0.038,-0.030,-0.007,2508,0
990059,5.516,7.970,-1.001,0.041,-0.036,-0.014,2507,0
990079,5.531,8.033,-1.049,0.042,-0.039,-0.016,2508,0
990099,5.531,8.023,-1.068,0.037,-0.037,-0.011,2508,0
990119,5.543,7.963,-1.025,0.041,-0.027,-0.009,2507,0
990139,5.578,7.985,-0.991,0.050,-0.021,-0.012,2507,0
990159,5.598,8.011,-0.998,0.046,-0.029,-0.020,2508,0
990179,5.614,8.004,-1.010,0.037,-0.046,-0.022,2509,0
990199,5.598,8.049,-1.032,0.046,-0.052,-0.027,2507,0
990219,5.576,8.147,-1.113,0.051,-0.046,-0.023,2507,0
990239,5.576,8.215,-1.109,0.039,-0.030,-0.014,2508,0
990259,5.590,8.171,-1.049,0.034,-0.023,-0.006,2508,0
990279,5.634,8.085,-1.020,0.044,-0.030,0.002,2508,0
990299,5.638,8.054,-0.991,0.048,-0.035,0.003,2507,0
990319,5.600,8.092,-1.039,0.043,-0.035,0.004,2510,0
990339,5.543,8.124,-1.015,0.033,-0.032,0.013,2507,0
990359,5.538,8.054,-1.020,0.031,-0.032,0.018,2508,0
990379,5.564,7.951,-0.996,0.039,-0.040,0.014,2507,0
990399,5.550,7.918,-1.065,0.042,-0.046,-0.001,2509,0
990419,5.543,7.975,-1.025,0.038,-0.046,-0.014,2506,0
990439,5.514,8.037,-1.027,0.040,-0.052,-0.011,2508,0
990459,5.547,8.049,-1.080,0.046,-0.057,-0.001,2508,0
990479,5.569,7.973,-1.092,0.048,-0.056,0.002,2508,0
990499,5.600,7.891,-1.097,0.052,-0.056,-0.005,2508,0
990519,5.576,7.927,-1.065,0.056,-0.051,-0.015,2507,0
990539,5.523,8.009,-1.018,0.057,-0.059,-0.020,2509,0
990559,5.562,8.021,-1.053,0.062,-0.063,-0.016,2508,0
990579,5.557,8.023,-1.015,0.060,-0.047,-0.026,2509,0
990599,5.521,8.107,-1.006,0.050,-0.047,-0.029,2507,0
990619,5.547,8.097,-1.010,0.043,-0.066,-0.018,2509,0
990639,5.595,8.078,-0.991,0.042,-0.078,-0.012,2507,0
990659,5.578,8.095,-1.037,0.046,-0.086,-0.019,2507,0
990679,5.550,8.181,-1.099,0.047,-0.092,-0.013,2508,0
990699,5.564,8.135,-1.204,0.046,-0.088,0.002,2507,0
990719,5.576,8.078,-1.216,0.057,-0.073,0.001,2506,0
990739,5.540,8.088,-1.245,0.056,-0.067,0.001,2507,0
990759,5.509,8.078,-1.288,0.045,-0.070,0.006,2508,0
990779,5.533,8.011,-1.288,0.041,-0.058,0.003,2506,0
990799,5.504,8.009,-1.238,0.052,-0.040,-0.006,2507,0
990819,5.502,8.071,-1.183,0.064,-0.036,-0.010,2506,0
990839,5.543,8.100,-1.166,0.054,-0.049,-0.004,2507,0
990859,5.574,8.035,-1.219,0.043,-0.038,0.002,2507,0
990879,5.569,8.023,-1.180,0.047,-0.031,-0.001,2507,0
990899,5.555,8.080,-1.135,0.041,-0.024,-0.001,2507,0
990919,5.511,8.064,-1.075,0.040,-0.038,0.006,2506,0
990939,5.533,8.040,-1.075,0.047,-0.059,0.009,2505,0
990959,5.593,7.970,-1.140,0.047,-0.055,0.005,2506,0
990979,5.576,7.956,-1.099,0.048,-0.051,0.001,2507,0
990999,5.535,7.942,-1.149,0.049,-0.064,-0.006,2506,0
991019,5.576,7.882,-1.147,0.047,-0.073,-0.013,2506,0
991039,5.588,7.877,-1.161,0.048,-0.075,-0.029,2508,0
991059,5.557,7.942,-1.188,0.052,-0.078,-0.044,2507,0
991079,5.519,8.028,-1.252,0.050,-0.078,-0.044,2507,0
991099,5.511,8.076,-1.173,0.046,-0.075,-0.038,2507,0
991119,5.490,8.049,-1.211,0.045,-0.076,-0.032,2506,0
991139,5.478,8.104,-1.238,0.047,-0.085,-0.031,2506,0
991159,5.485,8.116,-1.274,0.050,-0.079,-0.032,2507,0
991179,5.531,8.040,-1.238,0.056,-0.070,-0.025,2507,0
991199,5.521,8.021,-1.255,0.070,-0.074,-0.030,2507,0
991219,5.478,8.131,-1.305,0.063,-0.081,-0.035,2506,0
991239,5.499,8.145,-1.307,0.048,-0.070,-0.022,2506,0
991259,5.526,8.054,-1.341,0.053,-0.054,-0.020,2506,0
991279,5.478,8.059,-1.295,0.062,-0.055,-0.029,2506,0
991299,5.447,8.157,-1.331,0.053,-0.065,-0.031,2504,0
991319,5.442,8.222,-1.338,0.043,-0.055,-0.022,2505,0
991339,5.461,8.195,-1.293,0.052,-0.047,-0.009,2505,0
991359,5.468,8.143,-1.279,0.054,-0.052,-0.004,2505,0
991379,5.485,8.109,-1.298,0.056,-0.054,-0.003,2506,0
991399,5.459,8.092,-1.288,0.067,-0.054,-0.006,2505,0
991419,5.473,8.085,-1.298,0.076,-0.063,-0.003,2504,0
991439,5.504,8.033,-1.343,0.069,-0.082,0.002,2505,0
991459,5.557,7.966,-1.362,0.069,-0.091,-0.003,2507,0
991479,5.523,7.999,-1.379,0.092,-0.085,-0.018,2504,0
991499,5.531,8.071,-1.429,0.097,-0.089,-0.019,2505,0
991519,5.555,7.985,-1.508,0.091,-0.097,-0.011,2504,0
991539,5.588,7.784,-1.549,0.100,-0.110,-0.020,2504,0
991559,5.638,7.757,-1.535,0.106,-0.126,-0.037,2504,0
991579,5.581,7.867,-1.508,0.098,-0.140,-0.052,2505,0
991599,5.595,7.855,-1.575,0.122,-0.159,-0.059,2503,0
991619,5.672,7.755,-1.647,0.160,-0.202,-0.058,2502,0
991639,5.763,7.573,-1.705,0.163,-0.261,-0.068,2502,0
991659,5.851,7.298,-1.788,0.173,-0.332,-0.078,2502,0
991679,5.804,7.307,-1.930,0.223,-0.411,-0.135,2500,0
991699,5.653,7.597,-2.236,0.253,-0.525,-0.183,2500,0
991719,5.624,7.767,-2.588,0.276,-0.617,-0.208,2499,0
991739,5.760,7.745,-3.112,0.314,-0.659,-0.201,2499,0
991759,5.672,8.045,-3.457,0.330,-0.791,-0.204,2496,0
991779,5.179,8.222,-3.994,0.403,-0.961,-0.220,2495,0
991799,4.848,8.717,-4.719,0.456,-1.115,-0.211,2497,0
991819,4.254,8.914,-5.717,0.471,-1.278,-0.128,2499,0
991839,3.740,9.021,-7.084,0.389,-1.480,0.003,2500,0
991859,3.079,8.789,-8.025,0.277,-1.615,0.145,2504,0
991879,3.024,8.650,-8.408,0.323,-1.543,0.116,2509,0
991899,2.411,8.629,-9.704,0.623,-0.991,-0.042,2515,0
991919,1.396,8.882,-10.774,0.877,-0.294,-0.209,2521,0
991939,0.211,9.570,-11.456,1.005,0.252,-0.302,2528,0
991959,-0.845,9.886,-12.038,1.032,0.864,-0.486,2536,0
991979,-1.343,10.391,-12.337,1.154,1.843,-0.624,2542,0
991999,-2.272,11.238,-11.933,1.257,3.203,-0.616,2545,0
992019,-3.127,11.679,-10.798,1.239,4.662,-0.467,2544,0
992039,-4.161,11.820,-9.467,1.074,6.105,-0.259,2541,0
992059,-5.100,10.992,-7.628,1.008,7.300,-0.217,2528,0
992079,-6.031,9.862,-5.715,1.276,8.317,-0.442,2514,0
992099,-7.264,9.843,-3.642,1.514,8.731,-0.698,2498,0
992119,-8.732,10.262,-1.065,1.261,8.731,-0.651,2480,0
992139,-10.092,11.150,1.891,0.396,8.731,-0.216,2454,0
992159,-11.210,11.068,5.830,-0.238,8.731,0.377,2420,0
992179,-10.716,8.552,8.672,-0.322,8.731,1.020,2390,0
992199,-8.133,8.076,11.770,-0.148,6.695,1.190,2374,0
992219,-5.090,7.389,14.064,-0.127,5.808,0.929,2364,0
992239,-3.783,6.235,14.746,0.037,5.116,0.624,2356,0
992259,-3.603,6.321,14.418,0.361,4.223,0.462,2351,0
992279,-3.323,7.532,15.057,0.362,3.038,0.504,2351,0
992299,-2.291,7.345,14.583,0.087,1.811,0.523,2352,0
992319,-1.065,6.438,13.360,-0.102,0.967,0.420,2353,0
992339,-0.333,5.629,12.124,0.102,0.484,0.226,2358,0
992359,-0.108,6.129,10.973,0.347,0.244,0.054,2360,0
992379,0.141,6.740,9.902,0.286,0.058,-0.034,2364,0
992399,0.871,6.754,8.892,0.094,-0.154,-0.101,2367,0
992419,1.346,6.692,8.143,0.039,-0.296,-0.218,2374,0
992439,1.597,7.104,7.465,0.005,-0.305,-0.321,2380,0
992459,2.234,7.319,6.953,-0.068,-0.244,-0.344,2384,0
992479,2.646,7.377,6.500,-0.119,-0.229,-0.334,2385,0
992499,2.557,7.525,6.031,-0.150,-0.301,-0.333,2386,0
992519,2.358,7.645,5.693,-0.087,-0.407,-0.338,2388,0
992539,2.586,8.009,5.365,0.008,-0.447,-0.306,2398,0
992559,2.823,8.308,5.006,0.003,-0.404,-0.217,2401,0
992579,2.842,8.349,4.724,-0.057,-0.346,-0.122,2402,0
992599,2.717,8.260,4.650,-0.131,-0.293,-0.064,2403,0
992619,2.825,8.159,4.824,-0.169,-0.208,-0.031,2407,0
992639,2.921,7.865,5.028,-0.111,-0.138,0.004,2409,0
992659,2.926,7.748,5.066,0.003,-0.103,0.031,2411,0
992679,2.749,7.740,5.073,0.062,-0.083,0.040,2410,0
992699,2.703,7.719,5.222,0.040,-0.071,0.044,2411,0
992719,2.715,7.523,5.353,0.014,-0.060,0.046,2412,0
992739,2.662,7.290,5.399,0.051,-0.047,0.039,2412,0
992759,2.600,7.269,5.377,0.096,-0.034,0.027,2411,0
992779,2.593,7.278,5.440,0.075,-0.025,0.012,2412,0
992799,2.665,7.219,5.552,0.041,-0.032,-0.014,2412,0
992819,2.708,7.276,5.617,0.025,-0.043,-0.048,2411,0
992839,2.722,7.439,5.722,0.014,-0.033,-0.069,2412,0
992859,2.665,7.554,5.792,0.026,-0.039,-0.080,2414,0
992879,2.602,7.784,5.780,0.003,-0.068,-0.076,2414,0
992899,2.605,7.784,5.792,-0.043,-0.077,-0.068,2414,0
992919,2.538,7.812,5.839,-0.033,-0.075,-0.063,2415,0
992939,2.512,7.937,5.825,-0.033,-0.088,-0.038,2415,0
992959,2.600,7.712,5.780,-0.023,-0.101,-0.015,2415,0
992979,2.703,7.616,5.770,0.027,-0.076,-0.009,2415,0
992999,2.593,7.614,5.789,0.044,-0.075,-0.003,2416,0
993019,2.648,7.568,5.758,0.033,-0.115,0.002,2416,0
993039,2.732,7.549,5.636,0.042,-0.139,-0.002,2415,0
993059,2.674,7.580,5.588,0.060,-0.112,-0.003,2417,0
993079,2.605,7.573,5.540,0.071,-0.095,0.007,2418,0
993099,2.629,7.549,5.476,0.078,-0.097,0.011,2419,0
993119,2.682,7.520,5.442,0.075,-0.091,0.004,2420,0
993139,2.691,7.470,5.444,0.069,-0.086,-0.008,2423,0
993159,2.662,7.477,5.437,0.058,-0.082,-0.021,2424,0
993179,2.698,7.525,5.464,0.034,-0.055,-0.030,2424,0
993199,2.634,7.556,5.540,0.042,-0.046,-0.038,2423,0
993219,2.612,7.609,5.514,0.073,-0.056,-0.038,2426,0
993239,2.617,7.630,5.480,0.062,-0.044,-0.034,2425,0
993259,2.576,7.602,5.504,0.039,-0.021,-0.039,2426,0
993279,2.555,7.661,5.595,0.032,-0.023,-0.046,2425,0
993299,2.559,7.688,5.610,0.023,-0.030,-0.043,2427,0
993319,2.545,7.633,5.713,0.023,-0.029,-0.040,2425,0
993339,2.502,7.630,5.748,0.051,-0.032,-0.039,2424,0
993359,2.569,7.642,5.770,0.054,-0.041,-0.034,2426,0
993379,2.631,7.657,5.720,0.042,-0.057,-0.035,2423,0
993399,2.614,7.664,5.720,0.037,-0.080,-0.037,2424,0
993419,2.622,7.752,5.665,0.043,-0.073,-0.030,2423,0
993439,2.682,7.819,5.567,0.038,-0.069,-0.019,2425,0
993459,2.782,7.800,5.476,0.019,-0.075,-0.009,2426,0
993479,2.739,7.786,5.519,0.008,-0.075,0.001,2426,0
993499,2.667,7.779,5.490,0.026,-0.071,0.010,2425,0
993519,2.741,7.800,5.497,0.042,-0.058,0.026,2428,0
993539,2.713,7.855,5.394,0.007,-0.038,0.039,2426,0
993559,2.600,7.793,5.483,-0.058,-0.022,0.057,2426,0
993579,2.574,7.659,5.593,-0.094,-0.040,0.080,2426,0
993599,2.684,7.448,5.636,-0.068,-0.079,0.087,2426,0
993619,2.737,7.329,5.667,0.029,-0.054,0.075,2429,0
993639,2.670,7.360,5.701,0.119,-0.017,0.058,2427,0
993659,2.643,7.439,5.679,0.119,-0.032,0.046,2428,0
993679,2.684,7.384,5.622,0.058,-0.066,0.038,2429,0
993699,2.648,7.333,5.602,0.039,-0.083,0.015,2428,0
993719,2.631,7.360,5.590,0.059,-0.066,-0.004,2429,0
993739,2.696,7.391,5.576,0.067,-0.042,-0.013,2428,0
993759,2.751,7.412,5.555,0.070,-0.032,-0.022,2430,0
993779,2.689,7.515,5.590,0.060,-0.044,-0.034,2430,0
993799,2.646,7.542,5.590,0.054,-0.057,-0.040,2428,0
993819,2.749,7.566,5.547,0.060,-0.051,-0.038,2430,0
993839,2.782,7.673,5.514,0.059,-0.036,-0.039,2429,0
993859,2.744,7.690,5.540,0.040,-0.026,-0.031,2430,0
993879,2.696,7.614,5.602,0.038,-0.032,-0.023,2430,0
993899,2.756,7.570,5.672,0.072,-0.037,-0.022,2429,0
993919,2.808,7.652,5.624,0.088,-0.034,-0.023,2429,0
993939,2.761,7.736,5.610,0.062,-0.041,-0.017,2429,0
993959,2.708,7.681,5.593,0.023,-0.044,-0.008,2430,0
993979,2.672,7.649,5.638,0.034,-0.041,-0.004,2428,0
993999,2.784,7.702,5.641,0.072,-0.042,-0.002,2427,0
994019,2.763,7.693,5.593,0.072,-0.049,0.007,2430,0
994039,2.679,7.688,5.564,0.043,-0.048,0.012,2427,0
994059,2.607,7.594,5.595,0.017,-0.051,0.013,2429,0
994079,2.696,7.511,5.600,0.035,-0.064,0.008,2427,0
994099,2.744,7.530,5.521,0.063,-0.068,-0.002,2429,0
994119,2.705,7.578,5.471,0.037,-0.055,-0.004,2429,0
994139,2.672,7.470,5.521,0.032,-0.047,-0.009,2428,0
994159,2.684,7.525,5.492,0.052,-0.062,-0.014,2427,0
994179,2.727,7.678,5.425,0.030,-0.061,-0.015,2429,0
994199,2.727,7.633,5.485,0.008,-0.050,-0.011,2427,0
994219,2.720,7.590,5.576,0.029,-0.045,-0.006,2431,0
994239,2.737,7.578,5.614,0.057,-0.039,-0.003,2429,0
994259,2.763,7.642,5.643,0.068,-0.042,-0.005,2428,0
994279,2.744,7.676,5.636,0.055,-0.073,-0.004,2429,0
994299,2.799,7.645,5.557,0.049,-0.090,-0.003,2429,0
994319,2.851,7.626,5.502,0.048,-0.068,-0.008,2429,0
994339,2.772,7.681,5.531,0.058,-0.029,-0.014,2427,0
994359,2.737,7.731,5.581,0.050,-0.029,-0.006,2429,0
994379,2.801,7.702,5.562,0.025,-0.057,0.001,2428,0
994399,2.741,7.671,5.519,0.011,-0.064,-0.001,2426,0
994419,2.655,7.664,5.586,0.004,-0.057,0.001,2429,0
994439,2.631,7.609,5.552,0.013,-0.056,0.011,2429,0
994459,2.701,7.491,5.516,0.045,-0.051,0.011,2429,0
994479,2.686,7.539,5.495,0.069,-0.033,-0.001,2428,0
994499,2.607,7.551,5.531,0.048,-0.041,-0.003,2429,0
994519,2.602,7.475,5.569,0.020,-0.068,0.000,2428,0
994539,2.784,7.355,5.540,0.035,-0.070,-0.010,2429,0
994559,2.837,7.412,5.526,0.066,-0.047,-0.031,2429,0
994579,2.820,7.599,5.535,0.054,-0.055,-0.035,2429,0
994599,2.813,7.604,5.523,0.023,-0.076,-0.036,2427,0
994619,2.811,7.621,5.526,0.044,-0.070,-0.037,2428,0
994639,2.875,7.764,5.473,0.067,-0.054,-0.028,2429,0
994659,2.895,7.776,5.464,0.056,-0.055,-0.019,2429,0
994679,2.849,7.728,5.454,0.051,-0.050,-0.015,2429,0
994699,2.837,7.781,5.452,0.048,-0.037,-0.006,2430,0
994719,2.835,7.717,5.473,0.035,-0.039,-0.002,2429,0
994739,2.787,7.645,5.476,0.061,-0.046,-0.004,2429,0
994759,2.722,7.767,5.420,0.067,-0.034,0.001,2429,0
994779,2.693,7.788,5.413,0.027,-0.019,0.009,2429,0
994799,2.708,7.657,5.478,-0.001,-0.031,0.012,2430,0
994819,2.739,7.482,5.540,0.019,-0.035,0.008,2429,0
994839,2.749,7.479,5.507,0.062,-0.033,0.001,2429,0
994859,2.749,7.611,5.540,0.059,-0.021,-0.001,2430,0
994879,2.717,7.563,5.550,0.035,-0.031,0.003,2429,0
994899,2.744,7.506,5.538,0.028,-0.060,-0.005,2428,0
994919,2.832,7.475,5.471,0.049,-0.067,-0.018,2428,0
994939,2.825,7.590,5.454,0.076,-0.047,-0.029,2430,0
994959,2.770,7.712,5.444,0.071,-0.039,-0.028,2429,0
994979,2.772,7.776,5.430,0.040,-0.041,-0.017,2429,0
994999,2.787,7.738,5.480,0.010,-0.036,-0.009,2430,0
995019,2.780,7.673,5.521,0.009,-0.038,-0.006,2431,0
995039,2.775,7.623,5.488,0.050,-0.042,-0.005,2430,0
