1094859,5.962,6.584,-3.359,-0.041,0.153,-0.148,2601,0
1094879,6.235,6.936,-3.182,0.052,0.205,-0.196,2600,0
1094899,6.321,7.357,-2.842,0.080,0.296,-0.190,2600,0
1094919,6.357,7.690,-2.466,0.036,0.322,-0.140,2598,0
1094939,6.268,7.726,-2.229,-0.002,0.262,-0.089,2596,0
1094959,6.189,7.633,-2.145,0.018,0.170,-0.073,2595,0
1094979,6.227,7.652,-2.136,0.073,0.124,-0.084,2594,0
1094999,6.275,7.697,-2.164,0.105,0.135,-0.075,2596,0
1095019,6.266,7.614,-2.167,0.152,0.145,-0.064,2595,0
1095039,6.282,7.532,-2.248,0.236,0.154,-0.079,2593,0
1095059,6.306,7.676,-2.234,0.254,0.185,-0.087,2594,0
1095079,6.359,7.719,-2.083,0.199,0.207,-0.068,2593,0
1095099,6.261,7.621,-1.944,0.162,0.185,-0.050,2592,0
1095119,6.256,7.561,-1.970,0.187,0.151,-0.051,2591,0
1095139,6.366,7.618,-2.004,0.218,0.145,-0.053,2591,0
1095159,6.440,7.647,-1.990,0.192,0.169,-0.032,2590,0
1095179,6.421,7.544,-1.858,0.159,0.181,-0.011,2590,0
1095199,6.361,7.456,-1.729,0.157,0.152,-0.015,2588,0
1095219,6.364,7.458,-1.769,0.176,0.113,-0.024,2590,0
1095239,6.416,7.424,-1.844,0.171,0.074,-0.022,2589,0
1095259,6.448,7.396,-1.827,0.144,0.071,-0.020,2588,0
1095279,6.316,7.424,-1.781,0.138,0.074,-0.019,2588,0
1095299,6.261,7.472,-1.820,0.130,0.067,-0.007,2588,0
1095319,6.189,7.374,-1.915,0.108,0.029,0.002,2587,0
1095339,6.215,7.286,-1.966,0.088,0.012,-0.002,2588,0
1095359,6.076,7.252,-1.958,0.100,0.008,-0.019,2587,0
1095379,6.045,7.329,-2.006,0.121,0.006,-0.031,2588,0
1095399,6.036,7.393,-2.093,0.109,0.010,-0.023,2588,0
1095419,6.007,7.333,-2.119,0.096,0.001,-0.024,2587,0
1095439,6.038,7.293,-2.145,0.107,0.001,-0.043,2586,0
1095459,6.088,7.379,-2.116,0.103,0.018,-0.053,2587,0
1095479,6.100,7.410,-1.997,0.084,0.013,-0.039,2586,0
1095499,6.134,7.384,-1.999,0.076,-0.018,-0.027,2586,0
1095519,6.158,7.350,-2.073,0.082,-0.041,-0.032,2585,0
1095539,6.172,7.403,-2.114,0.082,-0.031,-0.036,2586,0
1095559,6.122,7.415,-2.052,0.078,-0.026,-0.034,2585,0
1095579,6.175,7.446,-2.061,0.068,-0.048,-0.028,2584,0
1095599,6.175,7.475,-2.121,0.077,-0.062,-0.032,2582,0
1095619,6.203,7.491,-2.191,0.090,-0.068,-0.030,2584,0
1095639,6.206,7.544,-2.243,0.084,-0.056,-0.021,2585,0
1095659,6.199,7.568,-2.255,0.069,-0.051,-0.010,2584,0
1095679,6.148,7.585,-2.315,0.073,-0.045,-0.006,2584,0
1095699,6.134,7.551,-2.377,0.066,-0.044,0.007,2584,0
1095719,6.153,7.458,-2.430,0.055,-0.040,0.022,2578,0
1095739,6.189,7.420,-2.401,0.047,-0.010,0.030,2583,0
1095759,6.103,7.384,-2.354,0.033,0.014,0.034,2583,0
1095779,6.105,7.386,-2.270,0.028,0.006,0.030,2582,0
1095799,6.079,7.338,-2.210,0.035,-0.011,0.020,2582,0
1095819,6.038,7.309,-2.227,0.051,-0.032,0.020,2581,0
1095839,6.069,7.319,-2.224,0.061,-0.045,0.026,2580,0
1095859,6.103,7.338,-2.239,0.065,-0.038,0.023,2581,0
1095879,6.069,7.321,-2.251,0.064,-0.032,0.021,2580,0
1095899,6.033,7.293,-2.222,0.061,-0.038,0.017,2581,0
1095919,6.045,7.290,-2.215,0.053,-0.050,0.018,2580,0
1095939,6.112,7.269,-2.179,0.056,-0.056,0.018,2577,0
1095959,6.155,7.266,-2.203,0.071,-0.064,0.006,2577,0
1095979,6.175,7.307,-2.267,0.067,-0.060,-0.001,2576,0
1095999,6.163,7.324,-2.284,0.040,-0.053,-0.002,2574,0
1096019,6.165,7.283,-2.282,0.024,-0.055,-0.008,2574,0
1096039,6.146,7.324,-2.270,0.040,-0.052,-0.016,2577,0
1096059,6.141,7.381,-2.344,0.055,-0.059,-0.017,2579,0
1096079,6.187,7.412,-2.454,0.044,-0.048,-0.010,2574,0
1096099,6.175,7.360,-2.421,0.025,-0.026,-0.003,2577,0
1096119,6.134,7.331,-2.346,0.015,-0.017,-0.006,2576,0
1096139,6.098,7.312,-2.279,0.010,-0.019,-0.010,2574,0
1096159,6.084,7.278,-2.255,0.026,-0.044,-0.009,2572,0
1096179,6.115,7.269,-2.325,0.052,-0.083,-0.014,2573,0
1096199,6.144,7.288,-2.406,0.064,-0.086,-0.026,2573,0
1096219,6.158,7.357,-2.401,0.066,-0.060,-0.028,2566,0
1096239,6.079,7.405,-2.368,0.070,-0.043,-0.027,2566,0
1096259,6.062,7.479,-2.373,0.075,-0.058,-0.019,2566,0
1096279,6.096,7.487,-2.435,0.066,-0.061,-0.005,2566,0
1096299,6.117,7.453,-2.428,0.053,-0.039,0.008,2574,0
1096319,6.108,7.400,-2.365,0.058,-0.021,0.008,2564,0
1096339,6.076,7.398,-2.358,0.053,-0.013,0.009,2563,0
1096359,6.112,7.379,-2.313,0.037,-0.022,0.010,2562,0
1096379,6.129,7.324,-2.289,0.028,-0.025,0.006,2559,0
1096399,6.170,7.302,-2.246,0.039,-0.024,-0.005,2571,0
1096419,6.112,7.336,-2.229,0.053,-0.031,-0.010,2566,0
1096439,6.127,7.434,-2.263,0.051,-0.048,-0.005,2564,0
1096459,6.103,7.453,-2.279,0.036,-0.055,0.004,2559,0
1096479,6.139,7.417,-2.255,0.030,-0.053,0.013,2569,0
1096499,6.127,7.362,-2.274,0.047,-0.057,0.013,2567,0
1096519,6.120,7.269,-2.380,0.061,-0.067,0.005,2564,0
1096539,6.127,7.278,-2.478,0.051,-0.060,-0.004,2559,0
1096559,6.117,7.302,-2.478,0.040,-0.044,-0.006,2561,0
1096579,6.055,7.348,-2.452,0.039,-0.023,-0.003,2559,0
1096599,6.053,7.326,-2.449,0.034,-0.023,0.003,2561,0
1096619,6.115,7.276,-2.433,0.018,-0.035,0.002,2566,0
1096639,6.158,7.257,-2.385,0.022,-0.030,-0.007,2561,0
1096659,6.120,7.278,-2.349,0.042,-0.029,-0.013,2562,0
1096679,6.117,7.326,-2.404,0.045,-0.038,-0.011,2562,0
1096699,6.112,7.307,-2.404,0.038,-0.035,-0.012,2564,0
1096719,6.067,7.309,-2.375,0.045,-0.039,-0.017,2564,0
1096739,6.060,7.396,-2.387,0.054,-0.046,-0.022,2561,0
1096759,6.081,7.427,-2.418,0.052,-0.042,-0.020,2562,0
1096779,6.117,7.441,-2.425,0.043,-0.032,-0.008,2571,0
1096799,6.134,7.367,-2.394,0.040,-0.024,-0.007,2561,0
1096819,6.134,7.393,-2.337,0.045,-0.027,-0.013,2562,0
1096839,6.124,7.410,-2.322,0.045,-0.031,-0.009,2561,0
1096859,6.110,7.408,-2.322,0.039,-0.042,-0.004,2562,0
1096879,6.110,7.389,-2.303,0.037,-0.044,0.001,2559,0
1096899,6.093,7.348,-2.296,0.030,-0.037,0.002,2562,0
1096919,6.091,7.331,-2.310,0.030,-0.037,-0.002,2570,0
1096939,6.134,7.326,-2.337,0.036,-0.045,-0.010,2559,0
1096959,6.129,7.381,-2.327,0.040,-0.048,-0.015,2559,0
1096979,6.074,7.427,-2.375,0.039,-0.060,-0.013,2559,0
1096999,6.100,7.465,-2.406,0.048,-0.054,-0.007,2561,0
1097019,6.091,7.460,-2.471,0.054,-0.050,0.003,2559,0
1097039,6.074,7.444,-2.466,0.048,-0.048,0.010,2559,0
1097059,6.076,7.367,-2.447,0.051,-0.051,0.012,2561,0
1097079,6.076,7.362,-2.464,0.061,-0.052,0.014,2562,0
1097099,6.088,7.367,-2.485,0.061,-0.044,0.020,2562,0
1097119,6.117,7.345,-2.442,0.052,-0.029,0.021,2564,0
1097139,6.115,7.312,-2.361,0.043,-0.030,0.026,2561,0
1097159,6.093,7.223,-2.294,0.041,-0.039,0.019,2559,0
1097179,6.084,7.219,-2.315,0.055,-0.051,0.006,2559,0
1097199,6.084,7.230,-2.332,0.063,-0.059,-0.005,2562,0
1097219,6.120,7.274,-2.375,0.054,-0.061,-0.005,2561,0
1097239,6.081,7.254,-2.361,0.047,-0.058,-0.006,2561,0
1097259,6.053,7.262,-2.370,0.048,-0.062,-0.011,2559,0
1097279,6.024,7.290,-2.418,0.050,-0.060,-0.012,2561,0
1097299,6.041,7.288,-2.421,0.052,-0.070,-0.011,2559,0
1097319,6.055,7.223,-2.483,0.055,-0.071,-0.018,2564,0
1097339,6.076,7.240,-2.540,0.058,-0.069,-0.028,2561,0
1097359,6.038,7.290,-2.545,0.053,-0.054,-0.039,2559,0
1097379,6.043,7.336,-2.555,0.049,-0.046,-0.042,2561,0
1097399,6.069,7.367,-2.564,0.039,-0.041,-0.035,2564,0
1097419,6.072,7.362,-2.567,0.038,-0.026,-0.033,2561,0
1097439,6.074,7.324,-2.547,0.047,-0.019,-0.039,2559,0
1097459,6.081,7.386,-2.490,0.046,-0.012,-0.039,2561,0
1097479,6.093,7.372,-2.478,0.037,-0.013,-0.034,2559,0
1097499,6.088,7.341,-2.454,0.030,-0.019,-0.035,2559,0
1097519,6.072,7.355,-2.435,0.031,-0.013,-0.040,2559,0
1097539,6.036,7.422,-2.406,0.037,-0.009,-0.041,2559,0
1097559,6.033,7.436,-2.377,0.039,-0.031,-0.040,2561,0
1097579,6.060,7.458,-2.421,0.049,-0.041,-0.036,2562,0
1097599,6.079,7.441,-2.492,0.052,-0.041,-0.032,2561,0
1097619,6.048,7.415,-2.497,0.052,-0.031,-0.031,2559,0
1097639,6.002,7.456,-2.512,0.051,-0.027,-0.031,2561,0
1097659,6.026,7.525,-2.483,0.043,-0.029,-0.019,2559,0
1097679,6.043,7.475,-2.495,0.041,-0.025,-0.011,2559,0
1097699,6.029,7.429,-2.500,0.049,-0.020,-0.013,2561,0
1097719,6.026,7.458,-2.466,0.043,-0.010,-0.012,2561,0
1097739,5.995,7.436,-2.404,0.028,-0.017,-0.011,2561,0
1097759,6.012,7.384,-2.370,0.030,-0.023,-0.011,2561,0
1097779,6.043,7.362,-2.387,0.035,-0.031,-0.013,2561,0
1097799,6.043,7.341,-2.413,0.043,-0.032,-0.021,2568,0
1097819,6.038,7.377,-2.473,0.049,-0.028,-0.026,2561,0
1097839,6.041,7.412,-2.473,0.041,-0.021,-0.023,2559,0
1097859,5.995,7.386,-2.444,0.035,-0.023,-0.020,2562,0
1097879,5.981,7.420,-2.418,0.041,-0.033,-0.019,2561,0
1097899,6.017,7.436,-2.442,0.039,-0.036,-0.018,2559,0
1097919,6.012,7.417,-2.454,0.038,-0.038,-0.022,2564,0
1097939,5.983,7.436,-2.461,0.045,-0.037,-0.028,2561,0
1097959,5.983,7.477,-2.464,0.047,-0.034,-0.024,2559,0
1097979,6.009,7.494,-2.471,0.039,-0.027,-0.013,2559,0
1097999,6.031,7.456,-2.452,0.034,-0.024,-0.009,2567,0
1098019,6.024,7.432,-2.437,0.042,-0.026,-0.011,2561,0
1098039,6.000,7.463,-2.421,0.050,-0.032,-0.013,2559,0
1098059,5.990,7.487,-2.437,0.050,-0.038,-0.013,2559,0
1098079,5.964,7.511,-2.490,0.049,-0.029,-0.007,2561,0
1098099,5.957,7.448,-2.444,0.038,-0.017,0.005,2559,0
1098119,5.964,7.362,-2.373,0.022,-0.020,0.007,2561,0
1098139,5.981,7.281,-2.320,0.028,-0.034,-0.009,2564,0
1098159,5.950,7.336,-2.375,0.049,-0.044,-0.025,2559,0
1098179,5.942,7.420,-2.416,0.051,-0.048,-0.030,2559,0
1098199,5.935,7.460,-2.437,0.042,-0.046,-0.025,2566,0
1098219,5.964,7.453,-2.464,0.033,-0.044,-0.020,2559,0
1098239,5.971,7.448,-2.435,0.037,-0.041,-0.016,2562,0
1098259,5.962,7.448,-2.389,0.042,-0.045,-0.020,2562,0
1098279,6.002,7.477,-2.423,0.042,-0.050,-0.018,2561,0
1098299,6.029,7.463,-2.421,0.044,-0.051,-0.014,2559,0
1098319,6.007,7.460,-2.461,0.043,-0.056,-0.015,2559,0
1098339,6.012,7.439,-2.514,0.037,-0.055,-0.016,2559,0
1098359,6.002,7.460,-2.538,0.031,-0.044,-0.020,2561,0
1098379,5.959,7.515,-2.509,0.039,-0.042,-0.017,2559,0
1098399,5.950,7.535,-2.516,0.041,-0.040,-0.009,2561,0
1098419,5.957,7.523,-2.555,0.036,-0.035,-0.006,2559,0
1098439,5.914,7.494,-2.507,0.042,-0.031,-0.008,2559,0
1098459,5.909,7.551,-2.509,0.045,-0.026,-0.003,2559,0
1098479,5.892,7.561,-2.464,0.037,-0.024,0.008,2561,0
1098499,5.918,7.456,-2.423,0.031,-0.034,0.016,2561,0
1098519,5.978,7.348,-2.447,0.039,-0.039,0.010,2561,0
1098539,5.969,7.331,-2.456,0.050,-0.035,-0.006,2559,0
1098559,5.897,7.400,-2.442,0.050,-0.038,-0.016,2559,0
1098579,5.897,7.405,-2.490,0.042,-0.043,-0.015,2559,0
1098599,5.940,7.420,-2.485,0.037,-0.045,-0.015,2561,0
1098619,5.940,7.424,-2.468,0.042,-0.038,-0.017,2559,0
1098639,5.947,7.448,-2.456,0.056,-0.033,-0.019,2559,0
1098659,5.966,7.444,-2.480,0.072,-0.031,-0.026,2559,0
1098679,5.947,7.511,-2.447,0.063,-0.040,-0.029,2562,0
1098699,5.950,7.544,-2.456,0.052,-0.045,-0.019,2559,0
1098719,5.964,7.554,-2.478,0.055,-0.040,-0.010,2561,0
1098739,5.971,7.525,-2.478,0.056,-0.032,-0.003,2559,0
1098759,5.957,7.444,-2.497,0.054,-0.033,-0.001,2561,0
1098779,5.971,7.415,-2.483,0.059,-0.034,-0.011,2559,0
1098799,5.947,7.470,-2.476,0.062,-0.040,-0.018,2561,0
1098819,5.959,7.523,-2.500,0.067,-0.046,-0.016,2559,0
1098839,5.959,7.499,-2.521,0.066,-0.047,-0.013,2562,0
1098859,5.954,7.503,-2.540,0.063,-0.037,-0.006,2559,0
1098879,5.942,7.465,-2.523,0.055,-0.033,-0.000,2559,0
1098899,5.942,7.460,-2.500,0.049,-0.036,-0.002,2559,0
1098919,5.916,7.453,-2.519,0.050,-0.039,-0.000,2561,0
1098939,5.902,7.453,-2.464,0.052,-0.045,0.004,2559,0
1098959,5.883,7.436,-2.464,0.060,-0.051,0.002,2561,0
1098979,5.875,7.441,-2.533,0.062,-0.052,-0.002,2559,0
1098999,5.904,7.417,-2.528,0.062,-0.049,-0.005,2564,0
1099019,5.897,7.446,-2.528,0.054,-0.041,-0.002,2561,0
1099039,5.883,7.422,-2.502,0.037,-0.037,-0.003,2564,0
1099059,5.909,7.396,-2.502,0.033,-0.051,-0.009,2559,0
1099079,5.921,7.417,-2.500,0.041,-0.046,-0.017,2559,0
1099099,5.909,7.448,-2.526,0.044,-0.044,-0.018,2559,0
1099119,5.873,7.487,-2.543,0.037,-0.047,-0.015,2559,0
1099139,5.873,7.489,-2.512,0.029,-0.047,-0.009,2559,0
1099159,5.895,7.456,-2.535,0.034,-0.053,-0.012,2561,0
1099179,5.923,7.432,-2.552,0.045,-0.055,-0.012,2559,0
1099199,5.906,7.479,-2.526,0.049,-0.053,-0.015,2559,0
1099219,5.880,7.487,-2.531,0.051,-0.060,-0.014,2559,0
1099239,5.899,7.491,-2.564,0.055,-0.066,-0.014,2559,0
1099259,5.933,7.530,-2.634,0.054,-0.064,-0.016,2559,0
1099279,5.957,7.558,-2.569,0.053,-0.051,-0.008,2562,0
1099299,5.933,7.556,-2.574,0.042,-0.047,-0.001,2559,0
1099319,5.981,7.561,-2.550,0.046,-0.047,0.008,2559,0
1099339,5.957,7.530,-2.545,0.043,-0.042,0.010,2559,0
1099359,5.964,7.523,-2.567,0.042,-0.047,0.013,2559,0
1099379,5.926,7.515,-2.562,0.043,-0.042,0.017,2561,0
1099399,5.902,7.451,-2.591,0.043,-0.044,0.022,2559,0
1099419,5.880,7.424,-2.605,0.036,-0.051,0.014,2559,0
1099439,5.892,7.417,-2.598,0.037,-0.048,0.008,2559,0
1099459,5.859,7.417,-2.588,0.042,-0.047,0.003,2559,0
1099479,5.890,7.412,-2.612,0.035,-0.038,0.006,2559,0
1099499,5.895,7.389,-2.574,0.023,-0.035,0.007,2559,0
1099519,5.871,7.333,-2.567,0.022,-0.042,-0.001,2566,0
1099539,5.880,7.317,-2.557,0.028,-0.042,-0.010,2559,0
1099559,5.883,7.341,-2.595,0.030,-0.046,-0.017,2561,0
1099579,5.887,7.381,-2.598,0.032,-0.052,-0.027,2559,0
1099599,5.844,7.432,-2.612,0.030,-0.046,-0.026,2559,0
1099619,5.844,7.448,-2.617,0.028,-0.045,-0.023,2559,0
1099639,5.883,7.458,-2.614,0.031,-0.045,-0.023,2561,0
1099659,5.895,7.439,-2.614,0.044,-0.050,-0.027,2559,0
1099679,5.909,7.465,-2.638,0.052,-0.058,-0.026,2559,0
1099699,5.916,7.501,-2.665,0.047,-0.052,-0.024,2561,0
1099719,5.916,7.544,-2.667,0.043,-0.049,-0.022,2559,0
1099739,5.923,7.575,-2.667,0.042,-0.042,-0.022,2559,0
1099759,5.890,7.587,-2.648,0.042,-0.032,-0.015,2561,0
1099779,5.892,7.582,-2.619,0.045,-0.032,-0.007,2561,0
1099799,5.906,7.554,-2.612,0.042,-0.041,-0.002,2562,0
1099819,5.897,7.523,-2.626,0.048,-0.031,-0.000,2561,0
1099839,5.839,7.518,-2.600,0.050,-0.026,0.005,2561,0
1099859,5.861,7.501,-2.571,0.036,-0.025,0.007,2561,0
1099879,5.880,7.436,-2.523,0.027,-0.033,0.004,2567,0
1099899,5.904,7.417,-2.533,0.037,-0.043,0.000,2559,0
1099919,5.875,7.441,-2.538,0.045,-0.039,-0.005,2561,0
1099939,5.878,7.448,-2.550,0.041,-0.037,-0.009,2559,0
1099959,5.873,7.448,-2.555,0.035,-0.045,-0.009,2559,0
1099979,5.859,7.446,-2.593,0.029,-0.054,-0.005,2559,0
1099999,5.856,7.453,-2.619,0.032,-0.051,-0.005,2559,0
1100019,5.871,7.472,-2.634,0.037,-0.037,-0.005,2559,0
1100039,5.849,7.472,-2.607,0.030,-0.032,0.002,2559,0
1100059,5.835,7.415,-2.598,0.025,-0.045,-0.002,2559,0
1100079,5.847,7.403,-2.614,0.029,-0.055,-0.015,2559,0
1100099,5.818,7.475,-2.665,0.046,-0.054,-0.024,2559,0
1100119,5.849,7.537,-2.708,0.060,-0.051,-0.018,2559,0
1100139,5.859,7.537,-2.722,0.061,-0.039,-0.008,2561,0
1100159,5.849,7.501,-2.691,0.055,-0.032,-0.003,2567,0
1100179,5.832,7.484,-2.648,0.048,-0.029,-0.002,2559,0
1100199,5.823,7.503,-2.629,0.051,-0.027,-0.002,2559,0
1100219,5.830,7.501,-2.605,0.054,-0.021,0.003,2561,0
1100239,5.847,7.463,-2.576,0.043,-0.020,0.005,2559,0
1100259,5.883,7.400,-2.528,0.037,-0.022,0.000,2559,0
1100279,5.897,7.427,-2.488,0.038,-0.030,-0.012,2559,0
1100299,5.914,7.472,-2.473,0.038,-0.037,-0.017,2559,0
1100319,5.935,7.523,-2.535,0.029,-0.040,-0.014,2559,0
1100339,5.969,7.566,-2.533,0.022,-0.032,-0.010,2559,0
1100359,5.957,7.614,-2.504,0.025,-0.029,-0.010,2559,0
1100379,5.918,7.661,-2.528,0.026,-0.034,-0.002,2561,0
1100399,5.926,7.676,-2.593,0.008,-0.044,0.015,2561,0
1100419,5.906,7.604,-2.631,-0.003,-0.039,0.026,2559,0
1100439,5.854,7.563,-2.619,0.013,-0.029,0.027,2559,0
1100459,5.825,7.549,-2.593,0.024,-0.034,0.033,2561,0
1100479,5.801,7.482,-2.598,0.025,-0.053,0.038,2561,0
1100499,5.820,7.393,-2.672,0.034,-0.062,0.038,2559,0
1100519,5.806,7.341,-2.691,0.052,-0.055,0.026,2559,0
1100539,5.808,7.338,-2.705,0.068,-0.054,0.013,2559,0
1100559,5.811,7.369,-2.782,0.053,-0.054,0.008,2563,0
1100579,5.844,7.329,-2.823,0.038,-0.040,0.002,2559,0
1100599,5.842,7.350,-2.770,0.050,-0.018,-0.014,2562,0
1100619,5.885,7.458,-2.732,0.054,0.006,-0.020,2559,0
1100639,5.887,7.511,-2.660,0.033,0.019,-0.014,2559,0
1100659,5.945,7.491,-2.552,0.014,0.028,-0.013,2559,0
1100679,5.962,7.494,-2.425,0.011,0.037,-0.008,2559,0
1100699,5.957,7.506,-2.325,0.016,0.020,-0.005,2561,0
1100719,5.950,7.501,-2.258,0.013,0.003,-0.005,2561,0
1100739,5.981,7.489,-2.236,0.011,-0.011,-0.008,2559,0
1100759,5.983,7.506,-2.253,0.022,-0.034,-0.005,2559,0
1100779,5.942,7.506,-2.301,0.022,-0.046,0.007,2561,0
1100799,5.916,7.456,-2.373,0.010,-0.051,0.014,2559,0
1100819,5.849,7.374,-2.416,0.010,-0.064,0.011,2559,0
1100839,5.842,7.398,-2.476,0.026,-0.074,0.007,2559,0
1100859,5.799,7.441,-2.521,0.032,-0.071,0.010,2559,0
1100879,5.746,7.417,-2.538,0.040,-0.075,0.012,2559,0
1100899,5.763,7.362,-2.583,0.037,-0.076,0.012,2559,0
1100919,5.816,7.271,-2.593,0.015,-0.065,0.009,2559,0
1100939,5.837,7.230,-2.559,0.023,-0.066,-0.009,2559,0
1100959,5.835,7.302,-2.564,0.044,-0.076,-0.034,2559,0
1100979,5.837,7.396,-2.591,0.038,-0.071,-0.033,2561,0
1100999,5.851,7.403,-2.629,0.026,-0.071,-0.033,2559,0
1101019,5.885,7.444,-2.619,0.038,-0.062,-0.041,2561,0
1101039,5.806,7.518,-2.593,0.046,-0.056,-0.042,2561,0
1101059,5.827,7.544,-2.634,0.027,-0.067,-0.031,2559,0
1101079,5.892,7.489,-2.670,0.019,-0.063,-0.029,2559,0
1101099,5.918,7.508,-2.686,0.044,-0.059,-0.035,2561,0
1101119,5.890,7.614,-2.696,0.050,-0.058,-0.038,2559,0
1101139,5.847,7.630,-2.806,0.032,-0.058,-0.029,2561,0
1101159,5.885,7.590,-2.863,0.030,-0.056,-0.023,2559,0
1101179,5.897,7.585,-2.911,0.048,-0.039,-0.022,2561,0
1101199,5.844,7.630,-2.935,0.058,-0.022,-0.021,2559,0
1101219,5.856,7.638,-2.919,0.051,-0.001,-0.012,2559,0
1101239,5.827,7.645,-2.777,0.049,0.021,-0.004,2561,0
1101259,5.758,7.640,-2.686,0.059,0.023,0.004,2559,0
1101279,5.820,7.599,-2.677,0.051,0.020,0.013,2561,0
1101299,5.856,7.468,-2.593,0.037,0.031,0.014,2559,0
1101319,5.897,7.465,-2.473,0.052,0.027,0.004,2561,0
1101339,5.871,7.491,-2.365,0.050,0.016,-0.004,2559,0
1101359,5.883,7.494,-2.363,0.040,-0.013,-0.006,2561,0
1101379,5.909,7.470,-2.449,0.040,-0.026,-0.010,2559,0
1101399,5.880,7.527,-2.476,0.058,-0.020,-0.016,2559,0
1101419,5.820,7.621,-2.480,0.054,-0.015,-0.008,2559,0
1101439,5.820,7.547,-2.543,0.024,-0.022,0.010,2559,0
1101459,5.909,7.427,-2.523,0.013,-0.023,0.007,2561,0
1101479,5.873,7.451,-2.413,0.038,-0.011,-0.009,2559,0
1101499,5.751,7.554,-2.430,0.055,-0.015,-0.007,2559,0
1101519,5.758,7.566,-2.512,0.034,-0.029,0.011,2559,0
1101539,5.854,7.403,-2.509,0.017,-0.024,0.019,2559,0
1101559,5.854,7.319,-2.483,0.039,-0.018,0.005,2559,0
1101579,5.820,7.384,-2.440,0.062,-0.031,-0.019,2559,0
1101599,5.801,7.515,-2.461,0.069,-0.049,-0.030,2561,0
1101619,5.794,7.638,-2.559,0.063,-0.060,-0.017,2559,0
1101639,5.806,7.616,-2.588,0.045,-0.043,-0.003,2561,0
1101659,5.818,7.527,-2.555,0.035,-0.015,0.005,2559,0
1101679,5.873,7.460,-2.492,0.022,-0.013,0.005,2561,0
1101699,5.849,7.405,-2.411,0.016,-0.027,-0.002,2559,0
1101719,5.827,7.393,-2.454,0.023,-0.051,-0.008,2559,0
1101739,5.820,7.384,-2.480,0.023,-0.058,-0.009,2559,0
1101759,5.818,7.379,-2.523,0.035,-0.058,-0.016,2559,0
1101779,5.753,7.482,-2.509,0.046,-0.072,-0.031,2559,0
1101799,5.763,7.573,-2.595,0.043,-0.092,-0.031,2561,0
1101819,5.804,7.580,-2.684,0.038,-0.094,-0.021,2561,0
1101839,5.827,7.563,-2.761,0.049,-0.071,-0.015,2559,0
1101859,5.837,7.585,-2.772,0.047,-0.040,-0.014,2559,0
1101879,5.801,7.606,-2.693,0.019,-0.028,-0.009,2561,0
1101899,5.820,7.530,-2.653,-0.001,-0.039,-0.001,2559,0
1101919,5.861,7.408,-2.696,0.003,-0.034,0.003,2561,0
1101939,5.813,7.302,-2.667,0.028,-0.017,-0.001,2559,0
1101959,5.770,7.333,-2.631,0.047,-0.021,-0.019,2559,0
1101979,5.727,7.398,-2.605,0.052,-0.045,-0.039,2559,0
1101999,5.720,7.479,-2.648,0.054,-0.060,-0.042,2559,0
1102019,5.768,7.503,-2.772,0.060,-0.055,-0.039,2559,0
1102039,5.823,7.499,-2.746,0.067,-0.026,-0.042,2559,0
1102059,5.792,7.558,-2.713,0.067,-0.012,-0.049,2559,0
1102079,5.813,7.638,-2.701,0.054,-0.014,-0.048,2559,0
1102099,5.861,7.669,-2.662,0.051,-0.005,-0.041,2559,0
1102119,5.835,7.700,-2.638,0.063,0.005,-0.037,2559,0
1102139,5.823,7.736,-2.550,0.069,0.017,-0.029,2559,0
1102159,5.832,7.764,-2.526,0.056,0.021,-0.020,2559,0
1102179,5.844,7.709,-2.447,0.050,0.013,-0.013,2559,0
1102199,5.914,7.645,-2.423,0.044,0.007,-0.007,2561,0
1102219,5.940,7.585,-2.425,0.033,0.002,-0.003,2559,0
1102239,5.945,7.547,-2.425,0.030,-0.004,-0.006,2559,0
1102259,5.871,7.597,-2.399,0.040,-0.010,-0.009,2559,0
1102279,5.789,7.702,-2.389,0.055,-0.025,-0.007,2559,0
1102299,5.760,7.709,-2.411,0.060,-0.041,0.009,2559,0
1102319,5.760,7.659,-2.454,0.058,-0.046,0.020,2561,0
1102339,5.753,7.578,-2.442,0.055,-0.042,0.022,2559,0
1102359,5.775,7.508,-2.440,0.042,-0.040,0.019,2561,0
1102379,5.772,7.475,-2.399,0.033,-0.050,0.012,2559,0
1102399,5.765,7.494,-2.435,0.032,-0.059,0.005,2559,0
1102419,5.746,7.508,-2.466,0.032,-0.061,0.000,2559,0
1102439,5.770,7.508,-2.516,0.025,-0.056,-0.000,2559,0
1102459,5.775,7.494,-2.576,0.014,-0.055,-0.003,2559,0
1102479,5.763,7.494,-2.614,0.007,-0.057,-0.008,2559,0
1102499,5.732,7.558,-2.614,0.014,-0.057,-0.014,2559,0
1102519,5.720,7.592,-2.567,0.022,-0.051,-0.008,2559,0
1102539,5.710,7.568,-2.600,0.021,-0.052,0.004,2559,0
1102559,5.756,7.463,-2.617,0.015,-0.060,0.003,2559,0
1102579,5.780,7.420,-2.636,0.025,-0.056,0.001,2559,0
1102599,5.758,7.451,-2.629,0.037,-0.057,-0.005,2559,0
1102619,5.784,7.484,-2.717,0.033,-0.064,-0.014,2559,0
1102639,5.801,7.501,-2.763,0.042,-0.065,-0.026,2559,0
1102659,5.782,7.578,-2.837,0.062,-0.052,-0.034,2559,0
1102679,5.768,7.712,-2.816,0.061,-0.023,-0.019,2559,0
1102699,5.796,7.702,-2.713,0.039,-0.007,0.003,2559,0
1102719,5.806,7.633,-2.567,0.035,-0.009,0.010,2559,0
1102739,5.799,7.582,-2.514,0.050,-0.016,0.009,2559,0
1102759,5.787,7.561,-2.468,0.059,-0.022,0.004,2558,0
1102779,5.780,7.587,-2.425,0.065,-0.034,0.001,2559,0
1102799,5.756,7.604,-2.442,0.053,-0.045,0.004,2559,0
1102819,5.720,7.597,-2.406,0.037,-0.050,0.007,2559,0
1102839,5.717,7.542,-2.435,0.034,-0.063,0.007,2559,0
1102859,5.737,7.458,-2.571,0.031,-0.073,0.004,2559,0
1102879,5.753,7.415,-2.684,0.029,-0.079,-0.003,2559,0
1102899,5.717,7.484,-2.753,0.037,-0.066,-0.012,2559,0
1102919,5.622,7.604,-2.732,0.051,-0.061,-0.013,2559,0
1102939,5.622,7.649,-2.787,0.049,-0.061,0.005,2559,0
1102959,5.710,7.520,-2.808,0.042,-0.050,0.016,2558,0
1102979,5.748,7.412,-2.792,0.068,-0.042,0.003,2561,0
1102999,5.753,7.475,-2.780,0.094,-0.031,-0.014,2559,0
1103019,5.727,7.563,-2.775,0.090,-0.032,-0.013,2559,0
1103039,5.789,7.547,-2.739,0.069,-0.036,-0.006,2559,0
1103059,5.830,7.501,-2.729,0.066,-0.022,-0.011,2559,0
1103079,5.806,7.508,-2.691,0.078,-0.010,-0.024,2559,0
1103099,5.784,7.638,-2.648,0.071,-0.006,-0.024,2559,0
1103119,5.794,7.638,-2.569,0.045,-0.004,-0.013,2559,0
1103139,5.835,7.537,-2.535,0.042,-0.009,-0.011,2559,0
1103159,5.904,7.542,-2.531,0.058,-0.011,-0.020,2559,0
1103179,5.904,7.618,-2.495,0.048,-0.003,-0.015,2559,0
1103199,5.871,7.609,-2.433,0.027,-0.011,-0.004,2559,0
1103219,5.849,7.587,-2.358,0.026,-0.025,0.002,2559,0
1103239,5.772,7.585,-2.351,0.042,-0.039,0.007,2559,0
1103259,5.713,7.523,-2.380,0.052,-0.052,0.017,2561,0
1103279,5.758,7.482,-2.442,0.054,-0.079,0.008,2561,0
1103299,5.737,7.448,-2.492,0.039,-0.083,-0.008,2559,0
1103319,5.717,7.479,-2.569,0.039,-0.085,-0.016,2559,0
1103339,5.746,7.487,-2.696,0.036,-0.082,-0.017,2559,0
1103359,5.760,7.508,-2.763,0.024,-0.064,-0.018,2559,0
1103379,5.770,7.432,-2.768,0.026,-0.052,-0.025,2559,0
1103399,5.717,7.578,-2.787,0.041,-0.042,-0.034,2559,0
1103419,5.686,7.654,-2.804,0.023,-0.041,-0.021,2559,0
1103439,5.703,7.628,-2.837,0.016,-0.037,-0.010,2559,0
1103459,5.698,7.638,-2.844,0.035,-0.018,-0.006,2559,0
1103479,5.708,7.638,-2.751,0.038,-0.011,0.007,2559,0
1103499,5.734,7.575,-2.708,0.039,-0.028,0.011,2559,0
1103519,5.780,7.487,-2.703,0.054,-0.037,0.001,2559,0
1103539,5.784,7.525,-2.715,0.063,-0.032,-0.003,2559,0
1103559,5.758,7.525,-2.737,0.053,-0.027,0.001,2561,0
1103579,5.782,7.513,-2.693,0.044,-0.028,0.000,2559,0
1103599,5.770,7.494,-2.684,0.046,-0.029,-0.007,2559,0
1103619,5.744,7.547,-2.660,0.056,-0.030,-0.010,2559,0
1103639,5.722,7.611,-2.701,0.060,-0.036,-0.006,2559,0
1103659,5.729,7.594,-2.746,0.057,-0.037,-0.001,2559,0
1103679,5.701,7.575,-2.765,0.058,-0.026,-0.002,2559,0
1103699,5.674,7.580,-2.758,0.053,-0.017,-0.003,2559,0
1103719,5.703,7.582,-2.701,0.047,-0.012,-0.002,2559,0
1103739,5.748,7.563,-2.693,0.038,-0.005,0.003,2559,0
1103759,5.770,7.518,-2.646,0.037,-0.005,-0.001,2559,0
1103779,5.782,7.535,-2.579,0.033,-0.001,-0.006,2559,0
1103799,5.801,7.561,-2.528,0.030,-0.003,-0.008,2559,0
1103819,5.804,7.614,-2.523,0.035,-0.019,-0.005,2561,0
1103839,5.787,7.614,-2.523,0.041,-0.036,0.001,2559,0
1103859,5.760,7.575,-2.576,0.041,-0.046,0.007,2559,0
1103879,5.780,7.554,-2.646,0.043,-0.047,0.004,2559,0
1103899,5.729,7.568,-2.650,0.049,-0.037,0.009,2559,0
1103919,5.684,7.518,-2.662,0.048,-0.049,0.012,2559,0
1103939,5.689,7.468,-2.682,0.045,-0.055,0.003,2559,0
1103959,5.689,7.503,-2.710,0.052,-0.052,-0.006,2559,0
1103979,5.717,7.544,-2.739,0.055,-0.036,-0.007,2559,0
1103999,5.729,7.520,-2.722,0.040,-0.021,-0.005,2561,0
1104019,5.760,7.482,-2.670,0.030,-0.019,-0.003,2559,0
1104039,5.794,7.441,-2.670,0.031,-0.019,-0.010,2559,0
1104059,5.770,7.494,-2.670,0.039,-0.022,-0.018,2559,0
1104079,5.741,7.587,-2.648,0.039,-0.032,-0.018,2561,0
1104099,5.722,7.604,-2.626,0.036,-0.030,-0.012,2559,0
1104119,5.689,7.604,-2.610,0.047,-0.036,-0.008,2559,0
1104139,5.732,7.563,-2.667,0.054,-0.044,-0.003,2559,0
1104159,5.794,7.506,-2.684,0.049,-0.043,-0.003,2559,0
1104179,5.780,7.496,-2.679,0.048,-0.040,-0.007,2559,0
1104199,5.760,7.499,-2.667,0.048,-0.034,-0.011,2559,0
1104219,5.758,7.511,-2.653,0.048,-0.035,-0.014,2559,0
1104239,5.760,7.547,-2.638,0.049,-0.049,-0.012,2559,0
1104259,5.737,7.554,-2.650,0.053,-0.050,-0.014,2559,0
1104279,5.681,7.594,-2.631,0.059,-0.052,-0.013,2559,0
1104299,5.689,7.633,-2.638,0.056,-0.051,-0.007,2559,0
1104319,5.722,7.597,-2.658,0.048,-0.047,-0.001,2559,0
1104339,5.744,7.542,-2.631,0.046,-0.048,0.001,2559,0
1104359,5.734,7.515,-2.562,0.043,-0.045,-0.002,2559,0
1104379,5.715,7.523,-2.535,0.041,-0.058,-0.012,2559,0
1104399,5.732,7.568,-2.552,0.040,-0.074,-0.020,2559,0
1104419,5.725,7.642,-2.612,0.035,-0.075,-0.015,2559,0
1104439,5.739,7.645,-2.653,0.024,-0.072,-0.006,2559,0
1104459,5.763,7.618,-2.674,0.016,-0.068,-0.003,2559,0
1104479,5.794,7.609,-2.677,0.019,-0.068,-0.005,2559,0
1104499,5.760,7.606,-2.708,0.026,-0.074,-0.003,2559,0
1104519,5.734,7.580,-2.732,0.034,-0.077,0.008,2559,0
1104539,5.744,7.542,-2.756,0.043,-0.081,0.012,2559,0
1104559,5.677,7.511,-2.808,0.054,-0.078,0.008,2559,0
1104579,5.648,7.513,-2.842,0.042,-0.078,0.008,2559,0
1104599,5.648,7.441,-2.837,0.023,-0.072,-0.000,2559,0
1104619,5.693,7.458,-2.840,0.034,-0.061,-0.012,2559,0
1104639,5.701,7.482,-2.842,0.043,-0.059,-0.019,2559,0
1104659,5.717,7.527,-2.851,0.042,-0.051,-0.017,2559,0
1104679,5.698,7.527,-2.851,0.043,-0.047,-0.015,2559,0
1104699,5.696,7.535,-2.820,0.038,-0.041,-0.013,2559,0
1104719,5.684,7.525,-2.796,0.034,-0.037,-0.012,2559,0
1104739,5.650,7.542,-2.729,0.043,-0.052,-0.017,2559,0
1104759,5.660,7.580,-2.761,0.060,-0.053,-0.019,2559,0
1104779,5.672,7.582,-2.772,0.059,-0.049,-0.014,2559,0
1104799,5.722,7.532,-2.717,0.051,-0.052,-0.010,2559,0
1104819,5.725,7.506,-2.686,0.052,-0.056,-0.020,2559,0
1104839,5.693,7.542,-2.679,0.056,-0.057,-0.027,2559,0
1104859,5.703,7.558,-2.705,0.051,-0.064,-0.023,2559,0
1104879,5.710,7.549,-2.729,0.041,-0.069,-0.025,2559,0
1104899,5.677,7.587,-2.703,0.051,-0.063,-0.031,2559,0
1104919,5.636,7.628,-2.705,0.053,-0.063,-0.023,2559,0
1104939,5.636,7.642,-2.713,0.039,-0.083,-0.016,2559,0
1104959,5.667,7.585,-2.753,0.039,-0.091,-0.018,2559,0
1104979,5.660,7.542,-2.828,0.051,-0.095,-0.020,2559,0
1104999,5.636,7.594,-2.866,0.058,-0.092,-0.024,2561,0
1105019,5.586,7.654,-2.938,0.057,-0.088,-0.022,2559,0
1105039,5.583,7.661,-2.974,0.047,-0.080,-0.014,2559,0
1105059,5.614,7.633,-2.969,0.036,-0.071,-0.010,2559,0
1105079,5.595,7.606,-2.954,0.035,-0.054,-0.013,2559,0
1105099,5.578,7.611,-2.986,0.044,-0.043,-0.010,2559,0
1105119,5.631,7.590,-3.010,0.039,-0.033,-0.008,2559,0
1105139,5.631,7.568,-2.926,0.022,-0.017,-0.008,2559,0
1105159,5.586,7.580,-2.842,0.023,-0.021,-0.011,2559,0
1105179,5.593,7.590,-2.851,0.027,-0.022,-0.004,2559,0
1105199,5.600,7.575,-2.818,0.036,-0.025,-0.003,2559,0
1105219,5.595,7.582,-2.808,0.048,-0.029,-0.003,2559,0
1105239,5.559,7.525,-2.818,0.041,-0.034,-0.006,2559,0
1105259,5.578,7.518,-2.806,0.035,-0.046,-0.016,2559,0
1105279,5.636,7.580,-2.830,0.048,-0.040,-0.022,2559,0
1105299,5.655,7.618,-2.863,0.050,-0.034,-0.015,2559,0
1105319,5.624,7.590,-2.837,0.043,-0.035,-0.011,2559,0
1105339,5.634,7.561,-2.816,0.038,-0.037,-0.014,2559,0
1105359,5.655,7.563,-2.816,0.035,-0.044,-0.018,2559,0
1105379,5.634,7.594,-2.789,0.042,-0.045,-0.017,2559,0
1105399,5.602,7.566,-2.842,0.047,-0.043,-0.015,2559,0
1105419,5.619,7.554,-2.859,0.047,-0.048,-0.021,2559,0
1105439,5.602,7.551,-2.828,0.038,-0.046,-0.025,2559,0
1105459,5.619,7.549,-2.792,0.033,-0.047,-0.024,2559,0
1105479,5.619,7.503,-2.801,0.036,-0.055,-0.026,2559,0
1105499,5.643,7.448,-2.904,0.029,-0.066,-0.035,2559,0
1105519,5.650,7.417,-2.823,0.038,-0.074,-0.046,2559,0
1105539,5.650,7.448,-2.868,0.041,-0.080,-0.063,2559,0
1105559,5.638,7.479,-2.911,0.048,-0.084,-0.067,2559,0
1105579,5.674,7.408,-2.887,0.062,-0.101,-0.068,2559,0
1105599,5.837,7.219,-2.938,0.070,-0.122,-0.082,2559,0
1105619,6.019,6.960,-3.062,0.107,-0.140,-0.114,2559,0
1105639,6.084,6.891,-3.218,0.158,-0.215,-0.162,2559,0
1105659,6.091,6.893,-3.500,0.202,-0.300,-0.203,2559,0
1105679,6.031,6.888,-3.852,0.229,-0.329,-0.213,2559,0
1105699,5.923,6.905,-4.259,0.218,-0.355,-0.239,2559,0
1105719,5.586,6.919,-4.764,0.290,-0.435,-0.336,2558,0
1105739,5.176,7.357,-5.370,0.424,-0.524,-0.400,2559,0
1105759,4.717,8.152,-6.242,0.422,-0.614,-0.334,2559,0
1105779,4.563,8.298,-6.800,0.285,-0.653,-0.204,2559,0
1105799,4.362,7.925,-7.391,0.283,-0.652,-0.137,2559,0
1105819,3.893,7.779,-8.061,0.410,-0.593,-0.118,2559,0
1105839,3.680,7.865,-8.818,0.445,-0.446,-0.058,2559,0
1105859,3.378,7.810,-8.990,0.417,-0.311,-0.039,2559,0
1105879,2.763,7.690,-9.167,0.498,-0.094,-0.120,2559,0
1105899,2.097,7.882,-9.476,0.612,0.121,-0.181,2559,0
1105919,2.011,8.023,-9.203,0.628,0.447,-0.237,2559,0
1105939,1.769,8.167,-8.950,0.607,0.788,-0.266,2559,0
1105959,1.276,7.966,-8.880,0.735,0.944,-0.347,2559,0
1105979,0.524,7.769,-9.464,1.150,0.825,-0.596,2559,0
1105999,-0.067,8.454,-10.621,1.556,0.800,-0.874,2581,0
1106019,-0.479,9.524,-11.463,1.603,1.253,-0.975,2584,0
1106039,-0.927,10.314,-11.435,1.378,2.172,-0.987,2589,0
1106059,-2.136,10.484,-10.602,1.144,3.254,-0.976,2589,0
1106079,-2.705,11.090,-9.550,0.906,4.332,-0.816,2586,0
1106099,-3.259,11.428,-8.155,0.595,5.435,-0.547,2577,0
1106119,-3.567,11.305,-5.569,0.400,6.545,-0.395,2559,0
1106139,-4.168,11.037,-2.330,0.394,7.729,-0.430,2554,0
1106159,-5.313,10.666,-0.577,0.461,8.459,-0.492,2541,0
1106179,-5.686,10.946,0.888,0.626,8.731,-0.418,2525,0
1106199,-6.744,12.292,4.583,-0.015,8.731,0.065,2501,0
1106219,-6.893,10.992,7.997,-0.571,8.473,0.812,2480,0
1106239,-5.526,7.365,9.002,-0.145,6.509,1.127,2457,0
1106259,-3.019,6.656,9.033,0.544,5.166,0.893,2447,0
1106279,-2.222,7.468,11.588,0.726,4.891,0.654,2440,0
1106299,-1.547,6.914,12.570,0.597,4.154,0.639,2438,0
1106319,-0.804,6.397,11.954,0.738,3.075,0.659,2437,0
1106339,0.036,7.408,12.996,0.501,2.488,0.653,2440,0
1106359,0.630,6.754,13.594,0.043,2.035,0.618,2439,0
1106379,1.360,5.617,13.178,-0.047,1.364,0.551,2439,0
1106399,2.217,4.882,12.038,0.220,0.647,0.351,2443,0
1106419,2.892,5.279,11.305,0.497,0.380,0.077,2446,0
1106439,2.887,6.232,10.625,0.488,0.319,-0.083,2446,0
1106459,3.031,6.721,9.591,0.215,0.046,-0.109,2448,0
1106479,3.294,6.661,8.511,-0.045,-0.330,-0.164,2452,0
1106499,3.637,6.709,7.614,-0.099,-0.527,-0.283,2459,0
1106519,3.845,7.159,6.962,0.006,-0.466,-0.346,2467,0
1106539,3.929,7.604,6.235,0.077,-0.376,-0.314,2469,0
1106559,3.922,7.870,5.593,-0.009,-0.418,-0.235,2470,0
1106579,4.197,7.827,5.009,-0.152,-0.509,-0.182,2468,0
1106599,4.590,7.626,4.659,-0.164,-0.514,-0.156,2475,0
1106619,4.738,7.573,4.434,-0.013,-0.487,-0.135,2479,0
1106639,4.499,7.602,3.965,0.142,-0.482,-0.089,2480,0
1106659,4.587,7.719,3.692,0.208,-0.447,-0.045,2481,0
1106679,4.786,8.033,3.438,0.152,-0.374,0.013,2483,0
1106699,4.709,7.999,3.345,0.040,-0.324,0.072,2484,0
1106719,4.609,7.558,3.388,-0.023,-0.266,0.117,2485,0
1106739,4.623,7.276,3.424,0.074,-0.175,0.113,2485,0
1106759,4.757,7.362,3.522,0.157,-0.046,0.102,2486,0
1106779,4.776,7.465,3.685,0.112,0.030,0.108,2485,0
1106799,4.638,7.384,3.876,-0.001,0.032,0.115,2484,0
1106819,4.458,7.257,4.192,-0.080,0.016,0.112,2485,0
1106839,4.530,6.953,4.477,-0.045,0.019,0.095,2483,0
1106859,4.793,6.871,4.611,0.110,0.054,0.053,2485,0
1106879,4.791,7.161,4.733,0.172,0.093,0.026,2483,0
1106899,4.626,7.247,4.863,0.075,0.074,0.037,2482,0
1106919,4.688,7.336,4.978,-0.060,0.002,0.049,2484,0
1106939,4.815,7.168,5.131,-0.157,-0.041,0.041,2483,0
1106959,4.875,6.891,5.212,-0.054,-0.046,-0.000,2483,0
1106979,4.796,7.039,5.042,0.111,-0.063,-0.034,2484,0
1106999,4.733,7.348,4.877,0.110,-0.077,-0.038,2484,0
1107019,4.719,7.408,4.776,0.011,-0.107,-0.039,2483,0
1107039,4.633,7.338,4.678,-0.025,-0.144,-0.040,2483,0
1107059,4.583,7.307,4.515,0.037,-0.142,-0.047,2485,0
1107079,4.578,7.444,4.389,0.073,-0.090,-0.041,2484,0
1107099,4.657,7.405,4.396,0.031,-0.041,-0.025,2483,0
1107119,4.760,7.288,4.357,-0.010,-0.043,-0.017,2483,0
1107139,4.843,7.180,4.348,-0.014,-0.053,-0.022,2485,0
1107159,4.750,7.254,4.506,0.025,-0.009,-0.032,2483,0
1107179,4.642,7.365,4.583,0.068,0.005,-0.034,2487,0
1107199,4.697,7.420,4.477,0.070,-0.044,-0.022,2486,0
1107219,4.772,7.336,4.446,0.053,-0.045,-0.017,2484,0
1107239,4.752,7.343,4.547,0.043,-0.006,-0.015,2484,0
1107259,4.671,7.312,4.635,0.053,-0.013,-0.014,2484,0
1107279,4.647,7.329,4.635,0.075,-0.042,-0.013,2483,0
1107299,4.630,7.417,4.535,0.081,-0.042,-0.022,2484,0
1107319,4.590,7.503,4.537,0.050,-0.033,-0.014,2484,0
1107339,4.599,7.389,4.487,0.005,-0.032,-0.000,2484,0
1107359,4.623,7.288,4.511,-0.005,-0.031,-0.008,2484,0
1107379,4.568,7.269,4.609,0.010,-0.012,-0.021,2485,0
1107399,4.494,7.269,4.650,0.044,-0.002,-0.023,2485,0
1107419,4.559,7.302,4.621,0.055,-0.010,-0.020,2484,0
1107439,4.626,7.307,4.623,0.018,-0.015,-0.023,2483,0
1107459,4.547,7.290,4.697,-0.015,-0.024,-0.028,2484,0
1107479,4.537,7.274,4.760,-0.010,-0.043,-0.026,2484,0
1107499,4.652,7.259,4.702,0.056,-0.055,-0.035,2485,0
1107519,4.657,7.448,4.611,0.102,-0.050,-0.038,2485,0
1107539,4.544,7.530,4.527,0.056,-0.055,-0.016,2485,0
1107559,4.604,7.434,4.544,0.005,-0.064,0.000,2483,0
1107579,4.628,7.331,4.551,0.002,-0.060,-0.003,2484,0
1107599,4.561,7.283,4.578,0.037,-0.044,-0.009,2484,0
1107619,4.606,7.288,4.568,0.085,-0.034,-0.009,2485,0
1107639,4.695,7.360,4.398,0.086,-0.046,-0.017,2483,0
1107659,4.621,7.465,4.441,0.022,-0.038,-0.020,2483,0
1107679,4.561,7.341,4.530,-0.006,-0.021,-0.016,2483,0
1107699,4.647,7.298,4.597,0.063,-0.005,-0.026,2482,0
1107719,4.642,7.501,4.561,0.078,-0.017,-0.021,2483,0
1107739,4.566,7.489,4.583,0.013,-0.019,0.003,2485,0
1107759,4.561,7.338,4.705,-0.007,-0.023,0.010,2485,0
1107779,4.551,7.353,4.697,0.005,-0.041,0.012,2481,0
1107799,4.630,7.305,4.630,0.003,-0.051,0.012,2484,0
1107819,4.647,7.190,4.561,0.009,-0.045,0.007,2485,0
1107839,4.597,7.202,4.523,0.035,-0.033,-0.013,2485,0
1107859,4.585,7.302,4.571,0.022,-0.024,-0.022,2486,0
1107879,4.602,7.319,4.633,0.002,-0.004,-0.021,2485,0
1107899,4.640,7.307,4.719,0.019,-0.004,-0.026,2484,0
1107919,4.580,7.374,4.693,0.036,-0.038,-0.027,2487,0
1107939,4.575,7.491,4.638,-0.006,-0.054,-0.016,2485,0
1107959,4.556,7.503,4.597,-0.082,-0.060,0.005,2486,0
1107979,4.642,7.424,4.571,-0.112,-0.072,0.015,2484,0
1107999,4.640,7.269,4.551,-0.079,-0.068,0.009,2485,0
1108019,4.563,7.333,4.566,-0.014,-0.026,0.005,2485,0
1108039,4.597,7.302,4.640,0.025,0.018,0.006,2484,0
1108059,4.662,7.233,4.755,0.061,0.030,-0.004,2487,0
1108079,4.638,7.333,4.760,0.048,-0.003,-0.005,2486,0
1108099,4.578,7.324,4.815,0.009,-0.025,0.001,2487,0
1108119,4.594,7.276,4.817,0.035,-0.021,-0.004,2486,0
1108139,4.642,7.410,4.741,0.063,-0.017,-0.002,2487,0
1108159,4.638,7.420,4.726,0.031,-0.033,0.011,2487,0
1108179,4.618,7.326,4.697,0.019,-0.057,0.015,2487,0
1108199,4.666,7.381,4.621,0.030,-0.052,0.014,2487,0
1108219,4.650,7.417,4.599,0.031,-0.028,0.019,2487,0
1108239,4.594,7.362,4.664,0.056,-0.012,0.025,2487,0
1108259,4.630,7.350,4.575,0.063,-0.018,0.032,2486,0
1108279,4.697,7.274,4.599,0.022,-0.013,0.036,2486,0
1108299,4.621,7.151,4.712,0.007,0.007,0.025,2486,0
1108319,4.523,7.144,4.762,0.025,-0.001,0.019,2486,0
