1037363,4.506,8.734,-2.670,0.036,-0.017,-0.064,2378,0
1037383,4.446,8.705,-2.555,0.058,-0.022,-0.030,2378,0
1037403,4.393,8.744,-2.435,0.056,-0.020,-0.008,2379,0
1037423,4.276,8.712,-2.387,0.019,-0.003,-0.009,2378,0
1037443,4.257,8.684,-2.301,0.016,-0.013,-0.006,2378,0
1037463,4.336,8.629,-2.298,0.019,-0.048,0.001,2379,0
1037483,4.379,8.550,-2.344,0.011,-0.069,0.005,2378,0
1037503,4.307,8.540,-2.392,0.033,-0.077,0.001,2377,0
1037523,4.283,8.543,-2.401,0.075,-0.069,-0.002,2378,0
1037543,4.357,8.497,-2.430,0.090,-0.062,0.003,2378,0
1037563,4.345,8.475,-2.500,0.068,-0.071,0.013,2377,0
1037583,4.319,8.420,-2.545,0.039,-0.075,0.013,2377,0
1037603,4.405,8.339,-2.497,0.052,-0.088,0.010,2375,0
1037623,4.482,8.286,-2.495,0.073,-0.096,0.011,2376,0
1037643,4.429,8.375,-2.540,0.069,-0.094,0.009,2376,0
1037663,4.441,8.404,-2.586,0.074,-0.100,0.011,2376,0
1037683,4.503,8.377,-2.583,0.074,-0.100,0.009,2378,0
1037703,4.484,8.387,-2.648,0.055,-0.094,0.002,2377,0
1037723,4.511,8.459,-2.715,0.017,-0.088,-0.006,2376,0
1037743,4.523,8.454,-2.636,0.033,-0.080,-0.004,2377,0
1037763,4.496,8.495,-2.650,0.040,-0.081,0.000,2377,0
1037783,4.451,8.574,-2.684,0.042,-0.096,0.009,2378,0
1037803,4.460,8.557,-2.732,0.040,-0.097,0.022,2377,0
1037823,4.487,8.516,-2.734,0.047,-0.087,0.030,2378,0
1037843,4.489,8.456,-2.772,0.046,-0.073,0.030,2378,0
1037863,4.362,8.432,-2.744,0.043,-0.046,0.027,2376,0
1037883,4.211,8.432,-2.713,0.045,-0.035,0.029,2376,0
1037903,4.199,8.305,-2.667,0.044,-0.053,0.036,2376,0
1037923,4.307,8.205,-2.672,0.043,-0.061,0.028,2376,0
1037943,4.307,8.150,-2.677,0.046,-0.048,-0.005,2376,0
1037963,4.216,8.176,-2.689,0.065,-0.037,-0.025,2377,0
1037983,4.238,8.200,-2.705,0.067,-0.035,-0.033,2377,0
1038003,4.386,8.155,-2.691,0.057,-0.047,-0.047,2377,0
1038023,4.446,8.193,-2.765,0.041,-0.047,-0.075,2376,0
1038043,4.413,8.322,-2.710,0.058,-0.036,-0.092,2377,0
1038063,4.408,8.492,-2.772,0.075,-0.024,-0.086,2378,0
1038083,4.393,8.684,-2.842,0.052,-0.018,-0.062,2378,0
1038103,4.422,8.763,-2.804,0.017,-0.018,-0.036,2378,0
1038123,4.386,8.760,-2.792,0.014,-0.019,-0.014,2376,0
1038143,4.331,8.674,-2.646,0.036,-0.017,0.010,2377,0
1038163,4.334,8.538,-2.569,0.019,-0.026,0.039,2377,0
1038183,4.353,8.459,-2.452,0.030,-0.044,0.072,2377,0
1038203,4.389,8.540,-2.456,0.045,-0.073,0.103,2377,0
1038223,4.420,8.504,-2.454,0.116,-0.091,0.098,2377,0
1038243,4.477,8.406,-2.586,0.135,-0.076,0.046,2378,0
1038263,4.410,8.344,-2.638,0.093,-0.023,-0.016,2378,0
1038283,4.324,8.384,-2.744,0.042,0.014,-0.043,2378,0
1038303,4.317,8.346,-2.828,0.001,0.003,-0.037,2377,0
1038323,4.305,8.267,-2.883,-0.020,-0.025,-0.017,2377,0
1038343,4.326,8.219,-2.954,-0.006,-0.039,-0.013,2377,0
1038363,4.329,8.272,-3.017,0.051,-0.023,-0.022,2378,0
1038383,4.405,8.305,-2.947,0.079,0.019,-0.042,2379,0
1038403,4.343,8.373,-2.851,0.063,0.061,-0.054,2378,0
1038423,4.257,8.375,-2.758,0.020,0.070,-0.061,2379,0
1038443,4.219,8.387,-2.658,0.026,0.058,-0.053,2378,0
1038463,4.295,8.399,-2.567,0.068,0.052,-0.045,2379,0
1038483,4.379,8.423,-2.547,0.097,0.041,-0.046,2378,0
1038503,4.360,8.509,-2.526,0.087,0.031,-0.057,2379,0
1038523,4.300,8.511,-2.540,0.056,0.014,-0.051,2377,0
1038543,4.362,8.437,-2.586,0.042,-0.005,-0.031,2377,0
1038563,4.422,8.399,-2.598,0.033,-0.006,-0.035,2377,0
1038583,4.336,8.358,-2.660,0.021,0.010,-0.056,2378,0
1038603,4.293,8.380,-2.756,0.021,0.020,-0.063,2377,0
1038623,4.345,8.389,-2.792,0.020,0.022,-0.062,2377,0
1038643,4.293,8.413,-2.840,0.000,0.037,-0.067,2377,0
1038663,4.216,8.464,-2.914,-0.005,0.046,-0.072,2378,0
1038683,4.168,8.516,-2.873,0.016,0.066,-0.070,2378,0
1038703,4.164,8.581,-2.875,0.041,0.089,-0.076,2378,0
1038723,4.211,8.736,-2.832,0.050,0.092,-0.074,2379,0
1038743,4.226,8.758,-2.634,0.016,0.090,-0.069,2379,0
1038763,4.298,8.574,-2.428,-0.002,0.107,-0.048,2378,0
1038783,4.386,8.468,-2.277,0.002,0.104,-0.027,2379,0
1038803,4.436,8.418,-2.219,0.007,0.086,-0.030,2378,0
1038823,4.369,8.499,-2.119,0.025,0.074,-0.051,2378,0
1038843,4.401,8.571,-2.095,0.061,0.047,-0.047,2377,0
1038863,4.384,8.607,-2.164,0.060,0.010,-0.039,2377,0
1038883,4.278,8.727,-2.354,0.041,-0.013,-0.025,2377,0
1038903,4.209,8.715,-2.423,0.045,-0.021,-0.007,2378,0
1038923,4.190,8.679,-2.466,0.058,-0.010,0.006,2379,0
1038943,4.243,8.543,-2.528,0.036,-0.005,0.005,2378,0
1038963,4.238,8.461,-2.492,0.016,-0.003,-0.005,2377,0
1038983,4.159,8.442,-2.447,0.021,0.002,-0.017,2379,0
1039003,4.132,8.428,-2.514,0.032,-0.001,-0.013,2379,0
1039023,4.195,8.375,-2.576,0.045,-0.013,-0.011,2378,0
1039043,4.238,8.296,-2.612,0.036,-0.004,-0.037,2380,0
1039063,4.192,8.255,-2.614,0.035,0.015,-0.066,2378,0
1039083,4.228,8.327,-2.650,0.020,0.029,-0.083,2376,0
1039103,4.288,8.399,-2.653,0.002,0.038,-0.094,2377,0
1039123,4.266,8.464,-2.579,0.013,0.069,-0.105,2379,0
1039143,4.185,8.569,-2.521,0.073,0.078,-0.097,2378,0
1039163,4.178,8.667,-2.523,0.089,0.067,-0.080,2379,0
1039183,4.207,8.681,-2.411,0.064,0.061,-0.072,2377,0
1039203,4.195,8.674,-2.267,0.068,0.073,-0.075,2378,0
1039223,4.168,8.674,-2.181,0.073,0.084,-0.081,2377,0
1039243,4.161,8.758,-2.167,0.071,0.059,-0.067,2377,0
1039263,4.140,8.801,-2.148,0.055,0.029,-0.057,2377,0
1039283,4.077,8.753,-2.097,0.060,0.010,-0.042,2377,0
1039303,4.094,8.801,-2.150,0.062,-0.007,-0.034,2377,0
1039323,4.173,8.801,-2.236,0.041,-0.015,-0.031,2377,0
1039343,4.156,8.775,-2.255,0.032,-0.012,-0.024,2378,0
1039363,4.116,8.708,-2.303,0.033,-0.019,-0.015,2377,0
1039383,4.147,8.708,-2.440,0.044,-0.038,-0.001,2378,0
1039403,4.156,8.703,-2.444,0.045,-0.031,-0.000,2378,0
1039423,4.128,8.669,-2.423,0.047,-0.015,0.002,2377,0
1039443,4.113,8.686,-2.418,0.048,-0.020,0.007,2378,0
1039463,4.168,8.633,-2.413,0.041,-0.015,0.008,2379,0
1039483,4.104,8.619,-2.430,0.048,-0.011,0.014,2377,0
1039503,4.070,8.590,-2.411,0.055,-0.018,0.023,2378,0
1039523,4.068,8.540,-2.416,0.054,-0.019,0.026,2377,0
1039543,4.199,8.490,-2.399,0.062,-0.021,0.015,2377,0
1039563,4.199,8.464,-2.361,0.059,-0.020,-0.001,2376,0
1039583,4.156,8.459,-2.382,0.044,-0.027,-0.012,2378,0
1039603,4.173,8.538,-2.428,0.044,-0.039,-0.017,2378,0
1039623,4.209,8.617,-2.447,0.039,-0.032,-0.023,2376,0
1039643,4.180,8.660,-2.466,0.037,-0.018,-0.019,2378,0
1039663,4.144,8.693,-2.447,0.044,-0.010,-0.013,2378,0
1039683,4.108,8.732,-2.468,0.042,-0.002,-0.006,2377,0
1039703,4.082,8.693,-2.433,0.042,-0.006,0.005,2377,0
1039723,4.149,8.583,-2.385,0.044,-0.013,0.011,2378,0
1039743,4.164,8.564,-2.337,0.054,-0.003,0.007,2377,0
1039763,4.128,8.566,-2.296,0.050,-0.003,-0.002,2377,0
1039783,4.125,8.562,-2.308,0.040,-0.018,-0.005,2378,0
1039803,4.190,8.550,-2.308,0.052,-0.022,-0.011,2377,0
1039823,4.207,8.523,-2.231,0.098,-0.011,-0.026,2378,0
1039843,4.152,8.662,-2.239,0.179,-0.003,-0.040,2376,0
1039863,4.144,8.739,-2.315,0.230,-0.021,-0.039,2378,0
1039883,4.185,8.638,-2.358,0.294,-0.018,-0.052,2378,0
1039903,4.116,8.758,-2.547,0.362,-0.010,-0.033,2379,0
1039923,4.046,9.117,-2.770,0.235,-0.052,0.042,2378,0
1039943,4.075,8.851,-2.703,-0.064,-0.089,0.120,2378,0
1039963,4.192,8.406,-2.564,-0.215,-0.049,0.101,2379,0
1039983,4.254,8.305,-2.504,-0.150,0.030,0.030,2376,0
1040003,4.164,8.449,-2.547,0.012,0.042,0.004,2378,0
1040023,4.101,8.586,-2.545,0.137,-0.022,0.044,2378,0
1040043,4.130,8.574,-2.557,0.153,-0.082,0.079,2377,0
1040063,4.166,8.531,-2.540,0.125,-0.064,0.067,2378,0
1040083,4.137,8.531,-2.516,0.099,-0.006,0.034,2378,0
1040103,4.204,8.526,-2.500,0.102,0.021,0.012,2378,0
1040123,4.221,8.519,-2.519,0.131,0.009,0.012,2375,0
1040143,4.178,8.564,-2.545,0.176,-0.027,0.025,2377,0
1040163,4.199,8.619,-2.619,0.147,-0.052,0.052,2378,0
1040183,4.283,8.483,-2.552,0.055,-0.054,0.070,2378,0
1040203,4.302,8.303,-2.500,-0.030,-0.029,0.053,2376,0
1040223,4.281,8.289,-2.500,-0.038,-0.012,0.017,2379,0
1040243,4.180,8.406,-2.497,0.026,-0.022,0.001,2378,0
1040263,4.161,8.454,-2.543,0.069,-0.054,0.016,2378,0
1040283,4.228,8.432,-2.538,0.072,-0.083,0.035,2378,0
1040303,4.319,8.425,-2.545,0.039,-0.072,0.025,2379,0
1040323,4.300,8.396,-2.519,0.001,-0.051,0.001,2378,0
1040343,4.302,8.368,-2.504,-0.006,-0.048,-0.002,2378,0
1040363,4.379,8.272,-2.437,0.016,-0.054,-0.002,2378,0
1040383,4.331,8.277,-2.423,0.052,-0.071,-0.013,2378,0
1040403,4.305,8.322,-2.456,0.073,-0.089,-0.019,2376,0
1040423,4.283,8.368,-2.492,0.073,-0.100,-0.024,2379,0
1040443,4.276,8.475,-2.502,0.084,-0.091,-0.042,2378,0
1040463,4.180,8.712,-2.653,0.138,-0.076,-0.067,2380,0
1040483,4.164,8.935,-2.859,0.193,-0.070,-0.051,2379,0
1040503,4.252,8.911,-2.942,0.229,-0.081,0.002,2377,0
1040523,4.360,8.782,-2.897,0.143,-0.092,0.067,2378,0
1040543,4.393,8.535,-2.796,-0.009,-0.077,0.068,2377,0
1040563,4.360,8.401,-2.708,-0.057,-0.031,0.026,2379,0
1040583,4.264,8.468,-2.787,-0.007,0.008,0.004,2379,0
1040603,4.207,8.545,-2.784,0.070,-0.007,0.032,2378,0
1040623,4.240,8.449,-2.741,0.084,-0.054,0.063,2378,0
1040643,4.310,8.265,-2.722,0.053,-0.072,0.063,2377,0
1040663,4.350,8.171,-2.717,0.022,-0.051,0.031,2378,0
1040683,4.319,8.207,-2.717,0.013,-0.020,-0.016,2378,0
1040703,4.274,8.305,-2.722,0.031,-0.007,-0.024,2379,0
1040723,4.226,8.370,-2.737,0.040,-0.024,-0.008,2377,0
1040743,4.252,8.365,-2.720,0.061,-0.037,-0.009,2378,0
1040763,4.317,8.423,-2.768,0.115,-0.023,-0.030,2380,0
1040783,4.319,8.626,-2.840,0.165,-0.003,-0.041,2379,0
1040803,4.274,8.825,-2.966,0.125,-0.003,-0.018,2379,0
1040823,4.300,8.588,-2.811,0.034,-0.003,0.028,2380,0
1040843,4.345,8.365,-2.655,-0.004,0.006,0.040,2379,0
1040863,4.348,8.320,-2.557,-0.008,0.028,-0.009,2379,0
1040883,4.266,8.435,-2.617,0.032,0.025,-0.028,2378,0
1040903,4.235,8.471,-2.665,0.072,-0.001,-0.002,2381,0
1040923,4.300,8.389,-2.648,0.069,-0.019,0.016,2380,0
1040943,4.345,8.334,-2.555,0.058,-0.017,0.006,2381,0
1040963,4.283,8.394,-2.643,0.033,-0.009,-0.014,2379,0
1040983,4.276,8.452,-2.715,0.027,-0.017,-0.011,2378,0
1041003,4.348,8.447,-2.684,0.046,-0.020,0.004,2378,0
1041023,4.360,8.401,-2.665,0.067,-0.018,0.005,2378,0
1041043,4.334,8.361,-2.641,0.064,-0.019,0.005,2379,0
1041063,4.331,8.341,-2.629,0.023,-0.031,0.005,2378,0
1041083,4.302,8.341,-2.607,-0.022,-0.044,-0.007,2378,0
1041103,4.271,8.358,-2.626,-0.013,-0.042,-0.029,2379,0
1041123,4.207,8.485,-2.737,0.044,-0.040,-0.019,2379,0
1041143,4.235,8.514,-2.703,0.068,-0.043,0.000,2379,0
1041163,4.295,8.425,-2.658,0.037,-0.064,0.007,2378,0
1041183,4.357,8.377,-2.679,-0.002,-0.059,-0.019,2379,0
1041203,4.324,8.504,-2.768,0.024,-0.039,-0.033,2379,0
1041223,4.314,8.576,-2.808,0.048,-0.030,-0.021,2380,0
1041243,4.307,8.514,-2.794,0.053,-0.030,-0.002,2380,0
1041263,4.379,8.444,-2.693,0.043,-0.029,-0.007,2380,0
1041283,4.319,8.473,-2.682,0.033,-0.013,-0.022,2379,0
1041303,4.202,8.535,-2.739,0.027,-0.010,-0.013,2379,0
1041323,4.094,8.614,-2.816,0.040,-0.010,-0.005,2379,0
1041343,4.073,8.669,-2.895,0.119,0.024,-0.022,2381,0
1041363,4.243,8.832,-3.072,0.268,0.069,-0.039,2379,0
1041383,4.348,8.710,-3.077,0.338,0.096,-0.013,2381,0
1041403,4.417,8.741,-3.074,0.339,0.108,0.060,2379,0
1041423,4.427,8.583,-2.890,0.133,0.077,0.104,2379,0
1041443,4.434,8.222,-2.557,-0.089,0.084,0.089,2379,0
1041463,4.405,8.056,-2.406,-0.122,0.109,0.042,2380,0
1041483,4.386,8.126,-2.406,-0.042,0.098,0.013,2379,0
1041503,4.322,8.296,-2.478,0.072,0.040,0.017,2380,0
1041523,4.317,8.334,-2.552,0.123,-0.013,0.037,2379,0
1041543,4.377,8.375,-2.624,0.097,-0.043,0.057,2379,0
1041563,4.463,8.329,-2.665,0.013,-0.027,0.046,2381,0
1041583,4.448,8.325,-2.682,-0.038,0.000,0.019,2380,0
1041603,4.446,8.320,-2.653,-0.017,0.009,0.010,2379,0
1041623,4.367,8.305,-2.667,0.031,-0.010,0.022,2380,0
1041643,4.367,8.301,-2.672,0.067,-0.031,0.027,2379,0
1041663,4.422,8.389,-2.746,0.082,-0.037,0.024,2379,0
1041683,4.463,8.396,-2.732,0.056,-0.024,0.020,2379,0
1041703,4.460,8.296,-2.662,0.020,-0.007,0.021,2379,0
1041723,4.441,8.162,-2.555,-0.011,-0.011,0.016,2379,0
1041743,4.424,8.174,-2.559,-0.033,-0.030,-0.004,2380,0
1041763,4.422,8.186,-2.564,-0.025,-0.030,-0.031,2380,0
1041783,4.405,8.284,-2.643,0.032,-0.037,-0.038,2381,0
1041803,4.391,8.418,-2.693,0.035,-0.040,-0.024,2379,0
1041823,4.355,8.444,-2.634,-0.016,-0.042,-0.016,2380,0
1041843,4.422,8.380,-2.593,-0.038,-0.039,-0.016,2380,0
1041863,4.482,8.396,-2.581,-0.031,-0.044,-0.021,2380,0
1041883,4.451,8.420,-2.614,-0.004,-0.035,-0.037,2379,0
1041903,4.460,8.468,-2.641,0.070,-0.035,-0.030,2381,0
1041923,4.573,8.495,-2.670,0.141,-0.034,-0.021,2380,0
1041943,4.559,8.559,-2.753,0.140,-0.025,-0.011,2381,0
1041963,4.453,8.626,-2.792,0.064,-0.031,0.007,2380,0
1041983,4.487,8.468,-2.693,-0.016,-0.026,0.016,2379,0
1042003,4.571,8.274,-2.634,-0.022,-0.002,0.005,2379,0
1042023,4.465,8.346,-2.646,0.014,0.002,-0.016,2380,0
1042043,4.355,8.461,-2.744,0.050,-0.020,-0.004,2380,0
1042063,4.310,8.492,-2.787,0.073,-0.026,0.017,2380,0
1042083,4.290,8.408,-2.674,0.060,0.003,0.020,2381,0
1042103,4.283,8.365,-2.648,0.033,0.027,0.013,2380,0
1042123,4.336,8.301,-2.535,0.003,0.027,0.005,2380,0
1042143,4.403,8.236,-2.461,0.002,0.010,-0.009,2381,0
1042163,4.393,8.274,-2.504,0.023,-0.011,-0.018,2378,0
1042183,4.367,8.368,-2.555,0.043,-0.018,-0.017,2379,0
1042203,4.480,8.437,-2.528,0.041,-0.024,-0.015,2379,0
1042223,4.549,8.447,-2.533,0.013,-0.027,-0.017,2380,0
1042243,4.566,8.473,-2.588,0.002,-0.030,-0.018,2378,0
1042263,4.499,8.499,-2.614,0.018,-0.020,-0.008,2379,0
1042283,4.446,8.523,-2.574,0.029,-0.011,-0.006,2380,0
1042303,4.393,8.550,-2.595,0.018,-0.009,-0.011,2380,0
1042323,4.456,8.540,-2.641,-0.013,-0.010,-0.009,2378,0
1042343,4.566,8.504,-2.612,-0.005,-0.005,0.013,2381,0
1042363,4.575,8.411,-2.622,-0.004,0.000,0.018,2380,0
1042383,4.575,8.404,-2.600,0.008,0.002,0.014,2381,0
1042403,4.594,8.404,-2.598,0.028,0.001,0.015,2380,0
1042423,4.587,8.368,-2.569,0.025,0.006,0.023,2378,0
1042443,4.535,8.262,-2.512,0.012,0.011,0.021,2378,0
1042463,4.441,8.260,-2.464,0.005,0.015,0.005,2380,0
1042483,4.446,8.310,-2.504,-0.004,0.018,-0.015,2380,0
1042503,4.427,8.361,-2.540,0.007,0.018,-0.021,2378,0
1042523,4.456,8.305,-2.569,0.022,0.027,-0.018,2379,0
1042543,4.549,8.133,-2.545,0.026,0.033,-0.020,2380,0
1042563,4.621,7.994,-2.495,0.025,0.048,-0.027,2380,0
1042583,4.599,7.884,-2.354,-0.018,0.061,-0.044,2379,0
1042603,4.621,8.047,-1.870,-0.028,0.047,-0.086,2380,0
1042623,4.741,8.480,-1.032,0.082,0.060,-0.137,2379,0
1042643,4.556,9.120,-0.263,0.246,0.054,-0.133,2376,0
1042663,4.096,9.778,0.192,0.267,-0.014,-0.066,2377,0
1042683,3.757,10.424,0.620,0.141,-0.228,0.018,2375,0
1042703,3.385,11.195,1.027,-0.108,-0.409,0.086,2376,0
1042723,2.784,11.966,1.168,-0.468,-0.460,0.120,2373,0
1042743,3.359,12.388,1.463,-0.831,-0.571,0.112,2374,0
1042763,3.510,12.649,1.836,-1.118,-0.727,0.160,2374,0
1042783,3.122,12.649,1.707,-1.450,-0.823,0.261,2370,0
1042803,2.195,12.677,1.034,-1.866,-1.084,0.427,2372,0
1042823,1.561,11.815,0.771,-2.233,-1.420,0.584,2372,0
1042843,1.697,10.906,0.785,-2.283,-1.628,0.686,2371,0
1042863,2.380,9.881,1.245,-2.163,-1.782,0.631,2370,0
1042883,2.258,9.021,1.499,-1.670,-1.846,0.459,2369,0
1042903,1.755,9.225,0.661,-0.919,-1.956,0.382,2369,0
1042923,1.336,9.400,-0.618,-0.562,-2.296,0.513,2369,0
1042943,1.393,8.902,-1.693,-0.686,-2.522,0.742,2372,0
1042963,2.186,7.994,-1.867,-1.064,-2.550,0.816,2371,0
1042983,2.713,7.276,-1.425,-1.324,-2.447,0.628,2371,0
1043003,2.454,6.867,-1.408,-1.428,-2.256,0.316,2370,0
1043023,2.112,7.049,-1.973,-1.361,-2.119,0.106,2372,0
1043043,2.191,7.453,-2.988,-1.314,-2.236,0.049,2371,0
1043063,2.854,7.712,-3.309,-1.243,-2.498,0.057,2371,0
1043083,3.014,7.439,-3.508,-1.124,-2.534,0.078,2371,0
1043103,2.840,7.128,-4.226,-0.917,-2.500,0.089,2371,0
1043123,3.043,7.262,-5.181,-0.715,-2.491,0.037,2372,0
1043143,4.015,7.922,-5.557,-0.511,-2.334,-0.076,2372,0
1043163,4.441,8.246,-5.590,-0.371,-1.980,-0.155,2373,0
1043183,4.219,8.315,-5.590,-0.288,-1.595,-0.152,2373,0
1043203,3.936,8.564,-5.741,-0.238,-1.466,-0.113,2373,0
1043223,4.108,8.803,-5.966,-0.232,-1.448,-0.059,2371,0
1043243,4.556,8.660,-5.983,-0.201,-1.322,0.025,2372,0
1043263,4.846,8.361,-5.732,-0.063,-1.102,0.076,2371,0
1043283,5.011,8.270,-5.509,0.116,-0.897,0.046,2371,0
1043303,5.016,8.562,-5.452,0.229,-0.752,0.035,2372,0
1043323,5.016,8.758,-5.382,0.199,-0.672,0.099,2372,0
1043343,5.035,8.595,-4.922,0.145,-0.575,0.164,2372,0
1043363,5.131,8.212,-4.362,0.169,-0.419,0.169,2370,0
1043383,5.016,8.064,-4.178,0.217,-0.257,0.127,2371,0
1043403,4.958,8.210,-3.938,0.135,-0.157,0.077,2369,0
1043423,4.877,8.238,-3.563,0.058,-0.102,0.056,2370,0
1043443,4.757,8.112,-3.213,0.074,-0.047,0.052,2369,0
1043463,4.673,8.114,-3.077,0.101,-0.012,0.027,2369,0
1043483,4.645,8.140,-2.978,0.068,0.007,-0.011,2369,0
1043503,4.542,8.231,-3.048,0.016,0.012,-0.018,2368,0
1043523,4.530,8.329,-3.089,-0.007,0.005,-0.013,2369,0
1043543,4.568,8.428,-2.976,0.040,0.033,-0.010,2369,0
1043563,4.506,8.471,-2.883,0.089,0.102,-0.015,2369,0
1043583,4.482,8.557,-2.775,0.090,0.147,-0.018,2369,0
1043603,4.527,8.562,-2.583,0.080,0.142,-0.018,2368,0
1043623,4.518,8.502,-2.404,0.078,0.135,-0.008,2370,0
1043643,4.496,8.447,-2.315,0.072,0.108,0.012,2369,0
1043663,4.537,8.387,-2.203,0.060,0.059,0.021,2368,0
1043683,4.460,8.356,-2.277,0.047,0.037,0.014,2369,0
1043703,4.338,8.420,-2.502,0.074,0.031,0.010,2369,0
1043723,4.238,8.509,-2.717,0.130,0.027,0.012,2369,0
1043743,4.322,8.528,-2.796,0.179,0.062,0.017,2368,0
1043763,4.415,8.361,-2.710,0.223,0.095,0.014,2369,0
1043783,4.532,8.231,-2.538,0.261,0.114,0.013,2369,0
1043803,4.611,8.100,-2.413,0.236,0.091,0.008,2369,0
1043823,4.700,7.896,-2.361,0.145,0.016,0.010,2368,0
1043843,4.793,7.738,-2.322,0.096,-0.056,0.002,2368,0
1043863,4.654,7.800,-2.342,0.107,-0.063,-0.049,2369,0
1043883,4.587,7.949,-2.430,0.153,-0.055,-0.091,2369,0
1043903,4.630,8.080,-2.476,0.157,-0.076,-0.111,2369,0
1043923,4.635,8.274,-2.574,0.111,-0.085,-0.131,2368,0
1043943,4.499,8.533,-2.768,0.026,-0.083,-0.145,2368,0
1043963,4.503,8.758,-2.875,-0.030,-0.045,-0.127,2368,0
1043983,4.590,8.849,-2.818,-0.068,0.043,-0.112,2368,0
1044003,4.470,8.926,-2.670,-0.091,0.126,-0.091,2368,0
1044023,4.341,8.859,-2.550,-0.116,0.152,-0.049,2368,0
1044043,4.389,8.686,-2.382,-0.115,0.113,0.009,2368,0
1044063,4.563,8.531,-2.263,-0.082,0.070,0.036,2367,0
1044083,4.585,8.464,-2.203,-0.012,0.035,0.022,2369,0
1044103,4.463,8.490,-2.334,0.039,-0.009,0.016,2369,0
1044123,4.446,8.550,-2.437,0.033,-0.049,0.022,2369,0
1044143,4.458,8.543,-2.399,0.020,-0.067,0.018,2366,0
1044163,4.405,8.413,-2.325,0.063,-0.071,0.015,2369,0
1044183,4.293,8.392,-2.461,0.087,-0.095,0.014,2370,0
1044203,4.173,8.404,-2.682,0.012,-0.116,-0.006,2368,0
1044223,4.108,8.464,-2.734,-0.020,-0.106,-0.025,2368,0
1044243,4.061,8.521,-2.816,0.018,-0.080,-0.015,2368,0
1044263,4.116,8.507,-2.861,0.059,-0.068,0.013,2367,0
1044283,4.226,8.349,-2.787,0.059,-0.058,0.026,2369,0
1044303,4.334,8.191,-2.650,0.064,-0.039,0.015,2369,0
1044323,4.408,8.157,-2.571,0.095,-0.030,-0.002,2369,0
1044343,4.480,8.124,-2.543,0.114,-0.022,-0.012,2369,0
1044363,4.647,8.100,-2.497,0.127,-0.020,-0.022,2368,0
1044383,4.733,8.253,-2.497,0.132,-0.021,-0.045,2367,0
1044403,4.673,8.389,-2.567,0.111,-0.011,-0.055,2368,0
1044423,4.638,8.538,-2.744,0.099,-0.004,-0.026,2369,0
1044443,4.693,8.562,-2.832,0.105,0.012,0.017,2369,0
1044463,4.638,8.475,-2.732,0.118,0.079,0.049,2368,0
1044483,4.547,8.284,-2.672,0.106,0.134,0.052,2368,0
1044503,4.554,8.195,-2.576,0.035,0.151,0.023,2368,0
1044523,4.492,8.205,-2.454,-0.081,0.169,-0.035,2368,0
1044543,4.429,8.349,-2.315,-0.144,0.175,-0.084,2369,0
