1007563,3.824,9.313,-2.377,0.045,0.063,-0.067,2383,0
1007583,3.864,9.287,-2.315,0.006,-0.008,-0.029,2381,0
1007603,3.895,9.234,-2.303,0.054,-0.056,0.002,2382,0
1007623,3.903,9.237,-2.471,0.106,-0.099,0.027,2383,0
1007643,3.809,9.036,-2.495,0.088,-0.116,0.036,2381,0
1007663,3.812,9.088,-2.540,0.034,-0.076,0.067,2382,0
1007683,3.735,8.916,-2.543,-0.008,-0.041,0.067,2383,0
1007703,3.536,8.741,-2.648,0.074,-0.059,0.070,2383,0
1007723,3.560,8.856,-2.885,0.127,-0.106,0.060,2383,0
1007743,3.565,9.052,-3.282,0.060,-0.018,0.054,2381,0
1007763,3.373,8.897,-3.685,-0.035,0.024,0.069,2383,0
1007783,3.215,8.641,-4.413,-0.108,0.045,0.081,2383,0
1007803,2.842,8.590,-5.569,-0.251,0.124,0.077,2384,0
1007823,2.763,8.420,-6.582,-0.293,0.290,0.095,2386,0
1007843,3.160,8.102,-7.178,-0.159,0.412,0.147,2390,0
1007863,3.330,7.784,-7.465,-0.050,0.699,0.157,2401,0
1007883,3.251,7.326,-7.341,0.018,1.086,0.136,2407,0
1007903,3.436,7.293,-7.142,0.202,1.360,0.068,2416,0
1007923,3.601,7.678,-6.457,0.391,1.638,-0.038,2415,0
1007943,3.440,7.513,-5.978,0.450,2.052,-0.139,2416,0
1007963,3.412,7.539,-5.217,0.635,2.348,-0.225,2415,0
1007983,3.630,8.112,-4.336,0.907,2.540,-0.358,2416,0
1008003,3.493,8.339,-3.426,1.166,2.718,-0.440,2413,0
1008023,3.378,8.789,-2.993,1.423,2.737,-0.455,2411,0
1008043,3.469,9.615,-2.447,1.593,2.610,-0.435,2407,0
1008063,3.460,9.740,-1.504,1.592,2.520,-0.338,2403,0
1008083,3.297,9.230,-1.116,1.498,2.482,-0.250,2401,0
1008103,3.481,9.407,-1.257,1.432,2.385,-0.226,2400,0
1008123,3.883,9.993,-1.056,1.334,2.247,-0.268,2399,0
1008143,3.926,9.816,-0.723,1.151,2.117,-0.229,2398,0
1008163,3.780,8.983,-0.560,1.000,1.980,-0.110,2397,0
1008183,3.843,8.681,-0.500,0.971,1.846,-0.079,2397,0
1008203,4.029,9.017,-0.584,0.999,1.697,-0.146,2397,0
1008223,3.819,8.871,-0.500,0.959,1.601,-0.185,2398,0
1008243,3.239,8.930,-0.393,0.816,1.490,-0.154,2397,0
1008263,3.134,9.304,-0.084,0.558,1.391,-0.127,2395,0
1008283,3.239,9.761,0.132,0.294,1.306,-0.145,2393,0
1008303,3.297,9.369,0.481,0.038,1.236,-0.166,2392,0
1008323,3.033,8.887,0.680,-0.086,1.140,-0.106,2391,0
1008343,3.067,8.732,0.642,-0.091,0.881,0.007,2390,0
1008363,2.777,8.935,0.474,0.036,0.565,0.151,2390,0
1008383,2.535,9.108,0.426,0.133,0.414,0.151,2390,0
1008403,2.169,9.067,0.318,0.296,0.396,0.035,2392,0
1008423,2.188,9.275,0.318,0.328,0.456,-0.159,2391,0
1008443,2.519,9.826,0.017,0.373,0.430,-0.269,2393,0
1008463,2.885,9.977,0.048,0.386,0.330,-0.264,2394,0
1008483,3.247,9.761,-0.069,0.366,0.224,-0.209,2394,0
1008503,3.539,9.620,-0.409,0.331,0.131,-0.179,2392,0
1008523,3.934,9.579,-0.709,0.296,0.085,-0.185,2391,0
1008543,4.187,9.512,-1.111,0.299,0.100,-0.176,2390,0
1008563,4.161,9.335,-1.417,0.315,0.105,-0.130,2392,0
1008583,4.123,9.354,-1.573,0.282,0.117,-0.127,2391,0
1008603,4.106,9.369,-1.623,0.256,0.194,-0.187,2391,0
1008623,4.149,9.201,-1.767,0.169,0.341,-0.257,2391,0
1008643,3.958,8.930,-1.808,0.086,0.446,-0.255,2391,0
1008663,3.620,8.909,-1.788,0.015,0.480,-0.192,2390,0
1008683,3.812,8.633,-1.700,-0.046,0.416,-0.105,2390,0
1008703,4.061,8.540,-1.571,-0.056,0.326,-0.035,2388,0
1008723,3.900,8.478,-1.592,-0.127,0.365,-0.014,2390,0
1008743,3.967,8.408,-1.542,-0.159,0.385,-0.001,2390,0
1008763,4.542,8.598,-1.269,-0.115,0.324,0.015,2388,0
1008783,4.760,8.456,-0.747,-0.153,0.307,0.060,2387,0
1008803,4.587,8.353,-0.409,-0.176,0.288,0.127,2384,0
1008823,4.638,8.279,-0.316,-0.157,0.169,0.133,2384,0
1008843,4.817,8.406,-0.266,-0.081,0.059,0.088,2384,0
1008863,4.865,8.547,-0.309,-0.047,0.050,0.030,2384,0
1008883,4.741,8.593,-0.338,-0.082,0.099,-0.043,2383,0
1008903,4.666,8.554,-0.371,-0.147,0.211,-0.167,2384,0
1008923,4.626,8.796,-0.587,-0.188,0.276,-0.288,2384,0
1008943,4.592,8.832,-0.728,-0.198,0.273,-0.321,2384,0
1008963,4.401,8.600,-0.618,-0.140,0.264,-0.278,2384,0
1008983,4.219,8.502,-0.543,-0.074,0.269,-0.254,2383,0
1009003,4.185,8.712,-0.541,-0.030,0.245,-0.266,2384,0
1009023,4.183,8.921,-0.211,-0.009,0.222,-0.264,2383,0
1009043,4.132,9.014,-0.134,0.005,0.191,-0.233,2384,0
1009063,4.111,8.945,-0.163,0.057,0.119,-0.199,2384,0
1009083,4.197,9.007,-0.359,0.133,0.035,-0.165,2382,0
1009103,4.171,9.086,-0.488,0.185,-0.016,-0.125,2384,0
1009123,4.140,9.124,-0.488,0.181,-0.041,-0.076,2383,0
1009143,4.154,9.079,-0.474,0.130,-0.048,-0.056,2384,0
1009163,4.116,8.961,-0.484,0.061,-0.024,-0.070,2382,0
1009183,4.051,8.892,-0.472,0.014,0.003,-0.097,2383,0
1009203,4.094,8.894,-0.510,0.010,0.009,-0.121,2382,0
1009223,4.092,8.957,-0.522,0.016,0.002,-0.143,2383,0
1009243,4.034,9.129,-0.634,0.019,-0.001,-0.153,2384,0
1009263,3.936,9.347,-0.678,0.025,-0.003,-0.137,2382,0
1009283,3.962,9.347,-0.565,0.040,0.019,-0.112,2383,0
1009303,3.912,9.328,-0.481,0.049,0.036,-0.089,2382,0
1009323,3.816,9.239,-0.383,0.025,0.047,-0.070,2383,0
1009343,3.919,9.127,-0.333,0.031,-0.002,-0.053,2382,0
1009363,3.965,9.148,-0.304,0.050,-0.029,-0.049,2382,0
1009383,3.824,9.196,-0.364,0.058,-0.025,-0.046,2383,0
1009403,3.747,9.191,-0.441,0.081,-0.038,-0.023,2383,0
1009423,3.838,9.120,-0.503,0.094,-0.052,0.000,2383,0
1009443,3.917,9.081,-0.577,0.086,-0.057,0.001,2383,0
1009463,3.936,9.031,-0.591,0.083,-0.047,-0.002,2384,0
1009483,3.869,9.038,-0.651,0.086,-0.042,-0.002,2383,0
1009503,3.780,9.043,-0.649,0.086,-0.030,0.000,2383,0
1009523,3.874,8.973,-0.668,0.117,-0.051,0.003,2383,0
1009543,3.910,9.024,-0.687,0.148,-0.075,0.009,2383,0
1009563,3.953,9.041,-0.733,0.184,-0.070,-0.016,2383,0
1009583,3.986,8.969,-0.759,0.295,-0.037,-0.060,2382,0
1009603,3.994,9.103,-0.939,0.502,-0.022,-0.078,2382,0
1009623,3.946,9.457,-1.130,0.537,-0.035,-0.043,2382,0
1009643,3.797,9.582,-1.262,0.319,-0.064,0.046,2382,0
1009663,3.771,9.361,-1.118,0.021,-0.056,0.099,2382,0
1009683,3.776,8.863,-0.850,-0.191,0.034,0.065,2382,0
1009703,3.742,8.724,-0.742,-0.211,0.095,0.004,2382,0
1009723,3.666,8.679,-0.649,-0.098,0.064,-0.008,2382,0
1009743,3.785,8.701,-0.618,0.046,-0.026,0.015,2381,0
1009763,3.819,8.758,-0.618,0.107,-0.090,0.017,2381,0
1009783,3.742,8.892,-0.735,0.095,-0.081,-0.013,2381,0
1009803,3.742,8.928,-0.802,0.062,-0.049,-0.030,2381,0
1009823,3.797,8.966,-0.845,0.040,-0.035,-0.023,2383,0
1009843,3.802,8.976,-0.836,0.013,-0.035,-0.012,2382,0
1009863,3.876,8.909,-0.771,0.032,-0.053,-0.010,2382,0
1009883,3.864,8.942,-0.795,0.059,-0.056,-0.027,2382,0
1009903,3.857,8.988,-0.836,0.077,-0.053,-0.036,2382,0
1009923,3.876,9.074,-0.838,0.075,-0.069,-0.024,2382,0
1009943,3.900,9.014,-0.840,0.042,-0.072,-0.012,2382,0
1009963,3.893,9.014,-0.876,0.036,-0.060,-0.025,2382,0
1009983,3.893,9.098,-0.912,0.050,-0.051,-0.036,2381,0
1010003,3.876,9.177,-0.929,0.044,-0.035,-0.028,2381,0
1010023,3.900,9.108,-0.883,0.041,-0.033,-0.005,2380,0
1010043,3.828,9.017,-0.898,0.028,-0.044,0.003,2381,0
1010063,3.814,8.995,-0.915,0.031,-0.043,-0.002,2383,0
1010083,3.804,9.031,-0.898,0.056,-0.030,-0.003,2383,0
1010103,3.761,9.084,-0.924,0.055,-0.031,0.004,2381,0
1010123,3.840,9.041,-0.915,0.047,-0.044,0.006,2382,0
1010143,3.881,9.017,-0.891,0.038,-0.044,0.000,2381,0
1010163,3.821,8.988,-0.840,0.033,-0.033,-0.006,2381,0
1010183,3.773,9.029,-0.871,0.038,-0.030,-0.002,2382,0
1010203,3.771,9.029,-0.883,0.041,-0.034,0.007,2382,0
1010223,3.809,8.976,-0.824,0.036,-0.043,0.017,2382,0
1010243,3.816,8.942,-0.831,0.031,-0.049,0.011,2381,0
1010263,3.800,8.978,-0.824,0.038,-0.050,0.001,2380,0
1010283,3.826,9.002,-0.867,0.050,-0.054,-0.006,2381,0
1010303,3.819,9.033,-0.903,0.059,-0.054,-0.000,2379,0
1010323,3.843,9.038,-0.912,0.052,-0.049,0.002,2381,0
1010343,3.816,9.062,-0.905,0.042,-0.044,-0.002,2382,0
1010363,3.792,9.033,-0.943,0.044,-0.039,-0.002,2381,0
1010383,3.797,9.052,-0.931,0.054,-0.033,0.001,2382,0
1010403,3.768,9.072,-0.950,0.059,-0.028,0.013,2382,0
1010423,3.869,9.038,-0.891,0.055,-0.034,0.026,2382,0
1010443,3.950,8.983,-0.850,0.042,-0.031,0.029,2381,0
1010463,3.905,8.981,-0.828,0.052,-0.032,0.022,2382,0
1010483,3.898,9.005,-0.855,0.063,-0.050,0.016,2381,0
1010503,3.862,8.988,-0.867,0.059,-0.047,0.017,2381,0
1010523,3.838,8.926,-0.838,0.062,-0.044,0.025,2381,0
1010543,3.843,8.880,-0.848,0.045,-0.036,0.015,2381,0
1010563,3.797,8.890,-0.860,0.026,-0.031,-0.005,2381,0
1010583,3.804,8.885,-0.833,0.016,-0.043,-0.015,2381,0
1010603,3.840,8.882,-0.812,0.030,-0.055,-0.011,2382,0
1010623,3.833,8.899,-0.845,0.054,-0.064,-0.013,2381,0
1010643,3.807,8.957,-0.886,0.061,-0.075,-0.010,2383,0
1010663,3.795,9.012,-0.924,0.055,-0.080,-0.009,2382,0
1010683,3.859,9.036,-0.934,0.061,-0.065,-0.009,2383,0
1010703,3.893,9.060,-0.998,0.059,-0.060,-0.007,2381,0
1010723,3.855,9.074,-1.003,0.049,-0.053,-0.011,2382,0
1010743,3.833,9.084,-0.989,0.041,-0.047,-0.011,2382,0
1010763,3.917,9.038,-1.065,0.035,-0.049,-0.004,2382,0
1010783,3.924,9.112,-1.037,0.043,-0.041,-0.003,2382,0
1010803,3.886,9.062,-1.010,0.032,-0.039,0.004,2382,0
1010823,3.879,9.002,-0.972,0.028,-0.035,0.013,2382,0
1010843,3.915,8.945,-0.943,0.035,-0.022,0.012,2382,0
1010863,3.864,8.966,-0.934,0.051,-0.027,0.007,2381,0
1010883,3.864,8.964,-0.915,0.043,-0.031,0.008,2382,0
1010903,3.931,8.918,-0.852,0.038,-0.034,0.010,2379,0
1010923,3.924,8.928,-0.876,0.053,-0.039,0.001,2380,0
1010943,3.876,8.966,-0.965,0.066,-0.045,-0.007,2382,0
1010963,3.816,8.981,-0.958,0.074,-0.046,0.001,2382,0
1010983,3.874,8.926,-0.934,0.061,-0.037,0.002,2382,0
1011003,3.924,8.894,-0.915,0.062,-0.035,-0.015,2382,0
1011023,3.857,8.926,-0.939,0.068,-0.037,-0.023,2383,0
1011043,3.792,9.012,-1.010,0.062,-0.055,-0.016,2383,0
1011063,3.768,9.088,-1.085,0.023,-0.058,-0.010,2382,0
1011083,3.804,9.048,-1.070,0.008,-0.047,-0.007,2383,0
1011103,3.809,8.983,-0.965,0.032,-0.013,-0.002,2379,0
1011123,3.869,8.887,-0.888,0.047,-0.003,-0.005,2382,0
1011143,3.895,8.863,-0.848,0.048,-0.020,-0.021,2382,0
1011163,3.862,8.988,-0.919,0.051,-0.034,-0.030,2381,0
1011183,3.843,9.041,-0.962,0.037,-0.038,-0.023,2381,0
1011203,3.871,9.041,-0.977,0.036,-0.043,-0.007,2381,0
1011223,3.831,9.029,-0.996,0.036,-0.040,-0.005,2382,0
1011243,3.766,9.017,-1.010,0.042,-0.025,-0.011,2381,0
1011263,3.792,9.033,-0.991,0.040,-0.017,-0.015,2382,0
1011283,3.838,8.997,-0.955,0.024,-0.021,-0.011,2381,0
1011303,3.867,8.988,-0.910,0.023,-0.030,-0.006,2380,0
1011323,3.800,9.021,-0.948,0.028,-0.033,-0.013,2381,0
1011343,3.771,9.029,-0.922,0.039,-0.021,-0.018,2381,0
1011363,3.812,9.017,-0.922,0.046,-0.018,-0.012,2380,0
1011383,3.883,8.950,-0.903,0.046,-0.026,-0.006,2381,0
1011403,3.833,8.957,-0.881,0.054,-0.035,-0.009,2380,0
1011423,3.809,9.012,-0.915,0.056,-0.037,-0.010,2380,0
1011443,3.879,9.019,-0.974,0.056,-0.044,-0.003,2380,0
1011463,3.886,9.007,-0.979,0.044,-0.037,-0.001,2381,0
1011483,3.824,9.021,-0.996,0.036,-0.038,-0.009,2380,0
1011503,3.804,9.062,-1.013,0.032,-0.030,-0.010,2380,0
1011523,3.852,9.026,-1.013,0.034,-0.017,0.001,2380,0
1011543,3.888,9.014,-0.982,0.055,-0.028,0.006,2380,0
1011563,3.879,9.019,-0.996,0.050,-0.036,0.004,2381,0
1011583,3.888,8.957,-1.006,0.041,-0.021,0.013,2380,0
1011603,3.967,8.835,-0.958,0.041,-0.009,0.008,2380,0
1011623,3.847,8.727,-0.886,0.065,-0.008,-0.020,2380,0
1011643,3.785,8.701,-0.883,0.090,-0.014,-0.038,2380,0
1011663,3.790,8.760,-0.737,0.090,-0.015,-0.054,2380,0
1011683,3.706,8.933,-0.496,0.099,-0.021,-0.078,2379,0
1011703,3.838,9.445,0.012,0.182,-0.068,-0.080,2378,0
1011723,3.926,10.087,0.572,0.274,-0.157,-0.030,2379,0
1011743,3.828,10.690,1.197,0.276,-0.231,0.049,2379,0
1011763,3.539,11.100,1.757,0.195,-0.328,0.105,2376,0
1011783,3.251,11.497,2.164,0.046,-0.419,0.144,2378,0
1011803,2.969,11.411,2.461,-0.069,-0.521,0.233,2376,0
1011823,2.890,11.150,2.512,-0.100,-0.734,0.360,2374,0
1011843,2.667,11.025,2.365,-0.148,-1.014,0.468,2376,0
1011863,2.344,11.090,1.932,-0.256,-1.285,0.561,2374,0
1011883,2.033,11.004,1.448,-0.427,-1.528,0.663,2374,0
1011903,1.757,10.700,1.013,-0.582,-1.691,0.755,2376,0
1011923,2.253,10.398,0.946,-0.630,-1.873,0.789,2376,0
1011943,2.641,10.455,0.503,-0.638,-1.979,0.827,2375,0
1011963,2.313,9.826,0.086,-1.061,-1.987,0.831,2375,0
1011983,2.492,9.369,-0.273,-1.344,-1.970,0.772,2374,0
1012003,2.337,9.479,-0.613,-1.396,-1.924,0.628,2375,0
1012023,1.951,9.421,-1.159,-1.331,-1.972,0.541,2376,0
1012043,1.939,9.127,-1.750,-1.022,-2.257,0.645,2375,0
1012063,2.636,8.873,-2.023,-0.880,-2.551,0.744,2377,0
1012083,3.146,8.801,-2.140,-0.885,-2.500,0.763,2377,0
1012103,2.935,8.782,-2.069,-1.245,-2.193,0.620,2376,0
1012123,2.763,8.509,-2.035,-1.562,-1.915,0.416,2376,0
1012143,2.952,8.164,-1.944,-1.625,-1.855,0.287,2376,0
1012163,2.931,7.977,-2.234,-1.636,-1.890,0.222,2374,0
1012183,2.998,7.724,-2.488,-1.508,-1.973,0.229,2375,0
1012203,2.993,7.496,-2.684,-1.228,-2.139,0.262,2376,0
1012223,3.120,7.403,-3.026,-0.938,-2.221,0.249,2376,0
1012243,3.359,7.525,-3.472,-0.655,-2.154,0.168,2377,0
1012263,3.565,7.752,-3.962,-0.416,-1.989,0.045,2376,0
1012283,3.778,8.059,-4.645,-0.276,-1.829,0.026,2377,0
1012303,4.080,8.109,-5.071,-0.252,-1.743,0.093,2379,0
1012323,4.415,7.793,-5.124,-0.268,-1.643,0.157,2379,0
1012343,4.733,7.523,-5.018,-0.337,-1.482,0.131,2378,0
1012363,4.829,7.295,-5.028,-0.310,-1.262,0.068,2377,0
1012383,4.810,7.357,-5.195,-0.237,-1.018,-0.009,2376,0
1012403,4.870,7.594,-5.428,-0.169,-0.884,-0.058,2377,0
1012423,4.980,7.618,-5.320,0.009,-0.803,-0.050,2376,0
1012443,5.018,7.585,-4.937,0.146,-0.658,-0.047,2376,0
1012463,4.980,7.736,-4.523,0.208,-0.502,-0.070,2376,0
1012483,5.011,7.906,-4.099,0.163,-0.346,-0.149,2374,0
1012503,4.997,8.267,-3.711,0.143,-0.228,-0.213,2375,0
1012523,4.851,8.547,-3.464,0.127,-0.167,-0.197,2374,0
1012543,4.872,8.681,-3.287,0.136,-0.186,-0.101,2373,0
1012563,5.040,8.756,-3.026,0.183,-0.229,-0.011,2373,0
1012583,5.040,8.739,-2.849,0.221,-0.189,0.025,2372,0
1012603,4.877,8.674,-2.923,0.217,-0.137,0.029,2374,0
1012623,4.817,8.677,-3.057,0.153,-0.130,0.038,2374,0
1012643,4.831,8.550,-3.021,0.070,-0.081,0.033,2372,0
1012663,4.767,8.411,-3.038,0.029,0.007,0.010,2374,0
1012683,4.647,8.325,-2.954,0.017,0.072,-0.021,2372,0
1012703,4.583,8.294,-2.725,0.018,0.100,-0.037,2371,0
1012723,4.566,8.329,-2.576,0.022,0.115,-0.045,2373,0
1012743,4.542,8.346,-2.461,0.029,0.106,-0.043,2372,0
1012763,4.537,8.413,-2.361,0.049,0.096,-0.038,2374,0
1012783,4.525,8.444,-2.172,0.068,0.096,-0.039,2373,0
1012803,4.436,8.430,-2.095,0.074,0.080,-0.041,2373,0
1012823,4.403,8.305,-2.136,0.085,0.035,-0.014,2371,0
1012843,4.494,8.116,-2.215,0.118,-0.015,0.008,2371,0
1012863,4.587,8.052,-2.284,0.211,-0.039,-0.027,2370,0
1012883,4.673,8.260,-2.430,0.302,-0.031,-0.071,2372,0
1012903,4.638,8.526,-2.593,0.293,-0.010,-0.066,2374,0
1012923,4.618,8.712,-2.653,0.172,0.016,-0.040,2372,0
1012943,4.609,8.674,-2.619,-0.010,0.037,-0.025,2371,0
1012963,4.618,8.432,-2.629,-0.119,0.090,-0.035,2372,0
1012983,4.673,8.349,-2.559,-0.163,0.154,-0.066,2372,0
1013003,4.626,8.399,-2.363,-0.166,0.204,-0.090,2373,0
1013023,4.487,8.373,-2.162,-0.133,0.210,-0.097,2371,0
1013043,4.446,8.305,-2.131,-0.105,0.133,-0.090,2371,0
1013063,4.525,8.396,-2.083,-0.099,0.026,-0.081,2372,0
1013083,4.480,8.437,-2.049,-0.079,-0.032,-0.078,2372,0
1013103,4.355,8.416,-2.037,-0.014,-0.046,-0.062,2372,0
