960283,4.132,8.552,-2.253,0.018,-0.009,-0.002,2351,0
960303,4.094,8.523,-2.231,0.029,-0.022,-0.003,2351,0
960323,4.120,8.578,-2.313,0.029,-0.053,-0.003,2351,0
960343,4.156,8.610,-2.473,0.009,-0.078,0.003,2351,0
960363,4.240,8.514,-2.476,0.011,-0.063,0.001,2352,0
960383,4.278,8.514,-2.497,0.055,-0.033,-0.014,2351,0
960403,4.257,8.662,-2.519,0.060,-0.016,-0.018,2352,0
960423,4.211,8.712,-2.526,0.019,-0.010,-0.001,2350,0
960443,4.190,8.614,-2.449,0.004,0.001,0.006,2351,0
960463,4.171,8.605,-2.401,0.026,0.004,0.001,2351,0
960483,4.178,8.638,-2.397,0.046,0.000,0.004,2352,0
960503,4.178,8.629,-2.406,0.059,-0.007,0.026,2351,0
960523,4.185,8.557,-2.423,0.059,-0.012,0.027,2352,0
960543,4.199,8.547,-2.433,0.050,0.009,0.013,2351,0
960563,4.216,8.564,-2.361,0.042,0.031,0.002,2352,0
960583,4.183,8.638,-2.368,0.040,0.027,0.005,2351,0
960603,4.149,8.662,-2.382,0.039,0.009,0.021,2351,0
960623,4.113,8.578,-2.466,0.046,0.002,0.041,2351,0
960643,4.075,8.631,-2.622,0.062,0.012,0.040,2351,0
960663,4.051,8.705,-2.784,0.050,0.032,0.036,2351,0
960683,3.965,8.832,-2.983,0.050,0.068,0.047,2352,0
960703,3.934,8.969,-3.129,0.040,0.118,0.065,2351,0
960723,3.967,8.892,-3.203,0.057,0.166,0.107,2352,0
960743,4.010,8.794,-3.290,0.058,0.230,0.126,2352,0
960763,4.173,8.662,-3.168,0.056,0.282,0.123,2352,0
960783,4.312,8.538,-2.964,0.110,0.336,0.142,2353,0
960803,4.266,8.499,-2.899,0.126,0.385,0.149,2353,0
960823,4.302,8.212,-3.043,0.110,0.424,0.136,2353,0
960843,4.324,8.207,-3.148,0.095,0.432,0.146,2354,0
960863,4.436,7.977,-3.110,0.030,0.469,0.143,2360,0
960883,4.561,7.973,-3.038,0.069,0.560,0.104,2363,0
960903,4.712,7.949,-2.622,0.135,0.640,0.048,2365,0
960923,4.659,8.181,-2.334,0.214,0.767,-0.010,2363,0
960943,4.539,8.107,-2.145,0.212,0.762,-0.006,2366,0
960963,4.559,8.052,-2.239,0.221,0.670,0.038,2367,0
960983,4.604,7.944,-2.382,0.269,0.594,0.106,2372,0
961003,4.863,8.203,-2.464,0.407,0.556,0.148,2382,0
961023,5.037,8.052,-2.421,0.516,0.605,0.103,2384,0
961043,5.042,7.798,-2.540,0.594,0.738,0.017,2383,0
961063,4.872,7.535,-2.691,0.667,0.849,-0.077,2385,0
961083,4.867,7.618,-3.043,0.742,0.891,-0.130,2391,0
961103,5.025,7.913,-3.347,0.784,0.884,-0.148,2395,0
961123,5.090,8.076,-3.275,0.742,0.905,-0.176,2397,0
961143,5.023,7.920,-3.122,0.654,1.015,-0.242,2397,0
961163,4.925,7.721,-3.182,0.586,1.137,-0.313,2396,0
961183,4.827,7.985,-3.232,0.512,1.261,-0.379,2399,0
961203,4.911,8.468,-2.935,0.464,1.309,-0.411,2400,0
961223,4.786,8.420,-2.318,0.468,1.352,-0.401,2398,0
961243,4.630,8.171,-2.112,0.524,1.420,-0.404,2397,0
961263,4.453,8.150,-2.167,0.573,1.413,-0.400,2397,0
961283,4.587,8.885,-1.851,0.612,1.378,-0.404,2396,0
961303,4.616,9.062,-1.410,0.615,1.388,-0.419,2396,0
961323,4.424,8.844,-0.943,0.622,1.423,-0.420,2395,0
961343,4.140,8.571,-0.948,0.603,1.395,-0.400,2392,0
961363,3.979,8.519,-1.168,0.618,1.298,-0.322,2393,0
961383,4.214,9.038,-1.020,0.635,1.176,-0.300,2392,0
961403,4.207,9.163,-0.757,0.641,1.112,-0.288,2392,0
961423,4.264,8.863,-0.555,0.668,1.084,-0.264,2391,0
961443,4.187,8.370,-0.620,0.733,1.042,-0.273,2391,0
961463,4.221,8.092,-1.156,0.857,1.023,-0.324,2390,0
961483,4.073,8.140,-1.666,0.993,0.971,-0.369,2392,0
961503,4.051,8.387,-2.064,1.100,0.885,-0.382,2393,0
961523,4.001,8.246,-2.150,1.033,0.890,-0.425,2393,0
961543,3.814,8.308,-2.138,0.866,0.986,-0.491,2395,0
961563,3.725,8.818,-2.016,0.646,1.083,-0.593,2396,0
961583,3.543,9.129,-1.846,0.422,1.123,-0.635,2395,0
961603,3.397,9.254,-1.683,0.249,1.083,-0.557,2396,0
961623,3.589,9.024,-1.226,0.222,0.947,-0.458,2394,0
961643,3.797,8.823,-1.001,0.319,0.854,-0.408,2392,0
961663,3.649,9.002,-1.068,0.391,0.784,-0.382,2390,0
961683,3.618,9.579,-0.974,0.407,0.701,-0.395,2390,0
961703,3.534,9.776,-0.795,0.352,0.680,-0.396,2387,0
961723,3.419,9.756,-0.757,0.257,0.724,-0.359,2386,0
961743,3.208,9.661,-0.838,0.184,0.701,-0.304,2384,0
961763,3.074,9.749,-0.826,0.111,0.608,-0.264,2383,0
961783,2.940,9.452,-0.804,0.087,0.504,-0.231,2383,0
961803,2.957,9.306,-0.838,0.164,0.401,-0.206,2382,0
961823,3.055,9.194,-0.814,0.240,0.322,-0.214,2380,0
961843,3.227,9.275,-0.814,0.223,0.313,-0.257,2379,0
961863,3.426,9.488,-0.678,0.177,0.310,-0.289,2378,0
961883,3.661,9.831,-0.443,0.142,0.297,-0.290,2378,0
961903,3.836,10.029,-0.275,0.041,0.270,-0.265,2378,0
961923,3.883,10.099,-0.194,-0.089,0.242,-0.220,2375,0
961943,3.819,10.087,-0.273,-0.161,0.168,-0.148,2373,0
961963,3.747,10.039,-0.445,-0.144,0.046,-0.038,2374,0
961983,3.632,9.957,-0.740,-0.093,-0.076,0.087,2374,0
962003,3.567,9.625,-0.998,-0.030,-0.164,0.183,2374,0
962023,3.515,9.278,-1.276,0.032,-0.207,0.236,2375,0
962043,3.534,9.064,-1.460,0.037,-0.216,0.242,2373,0
962063,3.479,8.854,-1.506,0.003,-0.186,0.218,2374,0
962083,3.421,8.614,-1.504,-0.014,-0.161,0.184,2373,0
962103,3.460,8.466,-1.448,0.005,-0.173,0.149,2375,0
962123,3.603,8.394,-1.448,0.034,-0.197,0.109,2374,0
962143,3.654,8.392,-1.551,0.058,-0.204,0.067,2375,0
962163,3.752,8.449,-1.666,0.077,-0.198,0.026,2373,0
962183,3.847,8.576,-1.738,0.094,-0.179,0.000,2372,0
962203,3.895,8.660,-1.781,0.077,-0.145,-0.020,2373,0
962223,3.953,8.648,-1.839,0.067,-0.131,-0.023,2374,0
962243,4.010,8.724,-1.875,0.076,-0.129,-0.019,2373,0
962263,4.073,8.772,-1.870,0.085,-0.106,-0.031,2372,0
962283,4.077,8.866,-1.915,0.109,-0.089,-0.035,2373,0
962303,4.113,8.981,-1.901,0.119,-0.074,-0.029,2372,0
962323,4.096,9.084,-1.908,0.085,-0.047,-0.021,2374,0
962343,3.955,9.084,-1.832,0.036,-0.015,-0.022,2371,0
962363,3.893,9.014,-1.743,0.029,0.001,-0.017,2372,0
962383,3.824,8.911,-1.678,0.040,0.007,-0.015,2372,0
962403,3.754,8.820,-1.683,0.034,0.010,-0.023,2372,0
962423,3.699,8.768,-1.551,0.044,0.005,-0.038,2373,0
962443,3.613,8.801,-1.487,0.069,0.002,-0.052,2371,0
962463,3.601,8.880,-1.492,0.072,-0.007,-0.058,2372,0
962483,3.673,8.873,-1.566,0.053,-0.032,-0.048,2371,0
962503,3.649,8.894,-1.585,0.044,-0.035,-0.042,2372,0
962523,3.610,8.847,-1.604,0.064,-0.037,-0.034,2371,0
962543,3.692,8.799,-1.604,0.094,-0.043,-0.023,2371,0
962563,3.728,8.724,-1.635,0.082,-0.034,-0.040,2370,0
962583,3.673,8.818,-1.678,0.059,-0.033,-0.074,2371,0
962603,3.713,9.007,-1.700,0.049,-0.041,-0.093,2371,0
962623,3.725,9.146,-1.669,0.050,-0.038,-0.091,2371,0
962643,3.711,9.155,-1.626,0.052,-0.036,-0.082,2371,0
962663,3.615,9.187,-1.626,0.057,-0.048,-0.068,2372,0
962683,3.591,9.227,-1.650,0.070,-0.054,-0.048,2370,0
962703,3.613,9.167,-1.623,0.068,-0.059,-0.025,2371,0
962723,3.591,9.064,-1.671,0.056,-0.064,-0.012,2370,0
962743,3.572,8.952,-1.686,0.044,-0.063,-0.016,2371,0
962763,3.555,8.964,-1.659,0.044,-0.052,-0.029,2371,0
962783,3.555,8.990,-1.671,0.045,-0.048,-0.037,2371,0
962803,3.603,8.950,-1.652,0.038,-0.054,-0.034,2372,0
962823,3.618,8.875,-1.664,0.034,-0.059,-0.035,2369,0
962843,3.610,8.916,-1.647,0.047,-0.056,-0.051,2369,0
962863,3.601,8.954,-1.585,0.071,-0.045,-0.059,2372,0
962883,3.587,8.904,-1.528,0.078,-0.047,-0.051,2371,0
962903,3.582,8.832,-1.539,0.076,-0.075,-0.055,2371,0
962923,3.534,8.993,-1.611,0.056,-0.098,-0.079,2371,0
962943,3.517,9.072,-1.578,0.034,-0.090,-0.101,2371,0
962963,3.553,9.093,-1.518,0.047,-0.076,-0.113,2371,0
962983,3.589,9.064,-1.549,0.039,-0.068,-0.144,2371,0
963003,3.615,9.029,-1.583,0.032,-0.052,-0.188,2373,0
963023,3.570,9.108,-1.566,0.037,-0.024,-0.225,2371,0
963043,3.555,9.179,-1.444,0.015,0.007,-0.231,2371,0
963063,3.572,9.050,-1.310,-0.035,0.007,-0.211,2371,0
963083,3.601,8.938,-1.140,-0.096,-0.003,-0.186,2370,0
963103,3.536,9.026,-0.948,-0.147,-0.026,-0.163,2371,0
963123,3.493,9.067,-0.862,-0.158,-0.065,-0.123,2368,0
963143,3.405,9.081,-0.946,-0.199,-0.136,-0.084,2369,0
963163,3.421,9.108,-1.041,-0.288,-0.242,-0.042,2370,0
963183,3.385,9.096,-1.063,-0.502,-0.366,0.015,2369,0
963203,3.199,8.933,-1.104,-0.626,-0.402,0.035,2370,0
963223,3.206,8.813,-1.152,-0.537,-0.388,-0.015,2369,0
963243,3.163,8.796,-1.269,-0.225,-0.355,-0.051,2369,0
963263,3.096,8.861,-1.420,0.101,-0.345,-0.033,2369,0
963283,2.866,9.074,-1.642,0.270,-0.383,0.027,2368,0
963303,2.823,9.392,-1.997,0.225,-0.417,0.047,2368,0
963323,3.103,9.479,-2.112,0.099,-0.390,0.053,2368,0
963343,3.354,9.397,-2.090,-0.162,-0.305,0.054,2367,0
963363,3.393,9.261,-1.946,-0.334,-0.172,0.060,2368,0
963383,3.333,9.048,-1.774,-0.343,-0.092,0.041,2368,0
963403,3.354,8.906,-1.640,-0.209,-0.079,0.025,2369,0
963423,3.498,8.938,-1.537,-0.012,-0.145,0.008,2368,0
963443,3.615,9.050,-1.602,0.186,-0.140,-0.033,2367,0
963463,3.405,9.634,-2.021,0.282,-0.088,-0.077,2368,0
963483,3.263,10.001,-2.356,0.092,-0.097,-0.063,2368,0
963503,3.318,9.802,-2.289,-0.176,-0.078,-0.001,2367,0
963523,3.294,9.529,-2.109,-0.328,0.056,0.007,2365,0
963543,3.278,9.230,-1.781,-0.310,0.187,-0.041,2367,0
963563,3.254,9.112,-1.369,-0.222,0.244,-0.106,2368,0
963583,3.194,8.997,-0.996,-0.077,0.250,-0.127,2366,0
963603,3.108,8.990,-0.778,0.078,0.221,-0.104,2366,0
963623,2.885,9.129,-0.754,0.138,0.128,-0.060,2366,0
963643,2.756,9.373,-0.931,0.086,0.046,-0.013,2366,0
963663,2.751,9.601,-1.015,-0.106,0.043,-0.026,2365,0
963683,2.765,9.400,-0.826,-0.134,0.069,-0.053,2365,0
963703,2.763,9.519,-0.711,-0.062,0.105,-0.059,2364,0
963723,2.512,10.034,-0.766,-0.050,0.141,-0.031,2365,0
963743,2.579,9.948,-0.577,-0.090,0.087,0.026,2364,0
963763,2.734,9.594,-0.464,0.005,0.012,0.073,2365,0
963783,2.818,9.443,-0.417,0.148,0.026,0.100,2363,0
963803,2.847,9.486,-0.453,0.161,0.041,0.099,2364,0
963823,2.919,9.282,-0.323,0.157,0.052,0.086,2363,0
963843,2.883,9.131,-0.239,0.167,0.067,0.076,2362,0
963863,2.849,8.973,-0.144,0.137,0.051,0.047,2363,0
963883,2.971,8.703,-0.048,0.113,-0.029,0.015,2363,0
963903,3.108,8.543,-0.115,0.143,-0.113,-0.002,2362,0
963923,3.175,8.480,-0.354,0.111,-0.180,-0.025,2361,0
963943,3.256,8.382,-0.651,0.060,-0.232,-0.066,2362,0
963963,3.445,8.485,-0.862,0.057,-0.261,-0.122,2362,0
963983,3.457,8.815,-1.178,0.090,-0.278,-0.164,2361,0
964003,3.156,9.304,-1.499,0.079,-0.271,-0.172,2361,0
964023,3.045,9.651,-1.583,0.051,-0.290,-0.145,2361,0
964043,3.043,9.855,-1.585,0.094,-0.311,-0.096,2361,0
964063,2.799,10.051,-1.676,0.147,-0.243,-0.037,2362,0
964083,2.734,9.867,-1.630,0.127,-0.217,0.023,2362,0
964103,2.895,9.658,-1.508,0.108,-0.222,0.071,2359,0
964123,3.024,9.522,-1.360,0.083,-0.160,0.086,2360,0
964143,3.115,9.313,-1.219,0.058,-0.118,0.098,2361,0
964163,3.294,9.091,-1.185,0.066,-0.129,0.091,2363,0
964183,3.457,9.031,-1.159,0.076,-0.129,0.065,2359,0
964203,3.431,9.122,-1.243,0.051,-0.107,0.029,2361,0
964223,3.402,9.146,-1.262,0.020,-0.091,-0.002,2361,0
964243,3.349,9.187,-1.312,0.044,-0.092,-0.021,2359,0
964263,3.211,9.282,-1.377,0.062,-0.060,-0.035,2361,0
964283,2.978,9.395,-1.489,0.068,-0.058,-0.026,2358,0
964303,2.899,9.412,-1.583,0.056,-0.091,-0.022,2359,0
964323,2.890,9.342,-1.587,0.076,-0.068,-0.021,2360,0
964343,2.842,9.330,-1.573,0.114,-0.009,-0.020,2359,0
964363,2.825,9.337,-1.528,0.149,0.029,-0.020,2360,0
964383,2.909,9.352,-1.458,0.155,0.030,-0.023,2358,0
964403,2.998,9.354,-1.386,0.118,0.038,-0.025,2360,0
964423,2.947,9.354,-1.240,0.068,0.061,-0.038,2358,0
964443,2.928,9.388,-1.128,0.044,0.073,-0.053,2359,0
964463,2.988,9.412,-1.039,0.042,0.070,-0.056,2359,0
964483,2.986,9.409,-1.001,0.012,0.073,-0.055,2358,0
964503,2.990,9.378,-0.912,-0.014,0.048,-0.044,2358,0
964523,3.029,9.349,-0.831,-0.013,-0.005,-0.025,2360,0
964543,3.098,9.313,-0.895,0.010,-0.061,-0.002,2359,0
964563,3.184,9.268,-1.051,0.010,-0.112,0.023,2359,0
964583,3.251,9.220,-1.192,0.020,-0.132,0.035,2359,0
964603,3.275,9.222,-1.276,0.066,-0.131,0.041,2359,0
964623,3.215,9.232,-1.350,0.110,-0.127,0.051,2359,0
964643,3.110,9.258,-1.480,0.131,-0.129,0.062,2359,0
964663,3.086,9.258,-1.547,0.109,-0.120,0.053,2359,0
964683,3.129,9.246,-1.551,0.079,-0.096,0.034,2358,0
964703,3.100,9.266,-1.518,0.049,-0.065,0.014,2361,0
964723,3.017,9.297,-1.513,0.011,-0.042,0.000,2357,0
964743,2.947,9.313,-1.494,0.007,-0.024,-0.008,2358,0
964763,2.923,9.290,-1.429,0.034,-0.010,0.001,2359,0
964783,2.919,9.282,-1.326,0.041,-0.008,0.010,2359,0
964803,2.899,9.208,-1.324,0.028,-0.005,0.013,2359,0
964823,2.947,9.177,-1.279,0.044,-0.014,0.012,2357,0
964843,2.959,9.146,-1.195,0.043,-0.036,0.015,2359,0
964863,2.988,9.052,-1.207,0.030,-0.056,0.017,2357,0
964883,3.050,8.952,-1.216,0.046,-0.074,-0.003,2357,0
964903,3.093,9.043,-1.302,0.063,-0.077,-0.032,2360,0
964923,3.048,9.215,-1.391,0.047,-0.071,-0.041,2359,0
964943,3.067,9.239,-1.377,0.013,-0.079,-0.032,2359,0
964963,3.069,9.275,-1.429,0.009,-0.083,-0.027,2359,0
964983,3.050,9.304,-1.506,0.010,-0.066,-0.025,2358,0
965003,3.065,9.311,-1.528,0.019,-0.050,-0.015,2359,0
965023,3.072,9.321,-1.563,0.040,-0.041,-0.013,2359,0
965043,3.074,9.278,-1.499,0.047,-0.029,-0.013,2359,0
965063,3.069,9.266,-1.465,0.044,-0.023,-0.011,2358,0
965083,3.041,9.256,-1.401,0.045,-0.020,-0.022,2359,0
965103,3.043,9.201,-1.389,0.053,-0.016,-0.017,2357,0
965123,3.091,9.179,-1.372,0.064,-0.019,-0.013,2361,0
965143,3.103,9.148,-1.372,0.038,-0.013,-0.018,2359,0
965163,3.069,9.143,-1.372,0.021,0.003,-0.012,2358,0
965183,3.136,9.127,-1.391,0.016,0.001,-0.014,2358,0
965203,3.230,9.117,-1.429,0.040,-0.012,-0.019,2358,0
965223,3.227,9.208,-1.427,0.071,-0.006,-0.027,2358,0
965243,3.115,9.330,-1.408,0.091,0.001,-0.034,2358,0
965263,3.031,9.464,-1.434,0.092,-0.010,-0.028,2358,0
965283,2.993,9.538,-1.408,0.072,-0.018,-0.019,2358,0
965303,2.899,9.565,-1.348,0.045,0.000,-0.013,2357,0
965323,2.789,9.570,-1.286,0.045,0.019,-0.005,2357,0
965343,2.808,9.531,-1.216,0.052,0.005,0.016,2357,0
965363,2.902,9.409,-1.180,0.060,-0.016,0.039,2357,0
965383,2.916,9.254,-1.180,0.057,-0.015,0.050,2357,0
965403,2.842,9.163,-1.178,0.054,-0.026,0.048,2359,0
965423,2.909,9.100,-1.152,0.066,-0.045,0.039,2358,0
965443,3.041,9.033,-1.164,0.074,-0.055,0.020,2356,0
965463,3.019,9.067,-1.197,0.073,-0.057,0.005,2358,0
965483,3.010,9.067,-1.257,0.046,-0.073,-0.002,2356,0
965503,3.055,9.076,-1.326,0.044,-0.085,-0.013,2359,0
965523,3.129,9.069,-1.365,0.072,-0.076,-0.028,2358,0
965543,3.069,9.184,-1.448,0.098,-0.064,-0.035,2359,0
965563,3.031,9.273,-1.537,0.080,-0.070,-0.030,2358,0
965583,3.017,9.347,-1.566,0.058,-0.082,-0.021,2360,0
965603,3.041,9.316,-1.654,0.052,-0.069,-0.006,2357,0
965623,3.060,9.287,-1.657,0.057,-0.050,0.007,2357,0
965643,3.029,9.182,-1.681,0.052,-0.039,0.010,2358,0
965663,3.069,9.110,-1.654,0.053,-0.033,0.013,2357,0
965683,3.163,9.045,-1.640,0.062,-0.029,0.005,2357,0
965703,3.184,9.050,-1.635,0.068,-0.017,-0.013,2356,0
965723,3.153,9.086,-1.607,0.071,-0.003,-0.018,2358,0
965743,3.194,9.074,-1.487,0.084,0.004,-0.025,2356,0
965763,3.129,9.175,-1.410,0.106,0.010,-0.039,2355,0
965783,3.053,9.400,-1.372,0.094,0.009,-0.047,2358,0
965803,3.017,9.503,-1.350,0.061,-0.006,-0.039,2356,0
965823,3.041,9.582,-1.355,0.057,-0.015,-0.027,2357,0
965843,3.029,9.629,-1.374,0.059,-0.010,-0.013,2356,0
965863,2.933,9.608,-1.386,0.055,0.001,0.004,2357,0
965883,2.866,9.467,-1.319,0.047,0.013,0.017,2358,0
965903,2.799,9.426,-1.276,0.029,0.005,0.030,2357,0
965923,2.823,9.270,-1.204,-0.014,-0.020,0.039,2358,0
965943,2.880,9.041,-1.125,-0.035,-0.042,0.031,2358,0
965963,2.902,8.961,-1.041,-0.038,-0.073,0.001,2358,0
965983,2.897,8.976,-1.022,-0.051,-0.108,-0.038,2358,0
966003,2.854,9.088,-0.953,-0.062,-0.119,-0.061,2359,0
966023,2.777,9.340,-0.802,-0.010,-0.103,-0.074,2358,0
966043,3.105,9.445,-0.579,0.149,-0.124,-0.047,2357,0
966063,3.309,9.912,-0.745,0.255,-0.200,0.013,2358,0
966083,3.381,10.199,-0.965,0.157,-0.247,0.091,2359,0
966103,3.280,10.192,-1.252,0.050,-0.276,0.197,2358,0
966123,3.421,10.013,-1.583,-0.025,-0.292,0.261,2357,0
966143,3.773,9.646,-1.745,0.008,-0.296,0.263,2358,0
966163,3.898,9.613,-1.808,0.101,-0.251,0.241,2358,0
966183,3.816,9.675,-1.906,0.167,-0.244,0.258,2358,0
966203,3.922,9.704,-2.073,0.205,-0.302,0.298,2356,0
966223,4.044,9.747,-2.334,0.180,-0.330,0.316,2358,0
966243,3.950,9.723,-2.528,0.089,-0.248,0.313,2356,0
966263,3.850,9.632,-2.677,-0.046,-0.164,0.310,2358,0
966283,3.778,9.467,-2.756,-0.130,-0.099,0.325,2356,0
966303,3.838,9.093,-2.689,-0.207,0.003,0.331,2359,0
966323,3.898,8.602,-2.495,-0.252,0.084,0.316,2357,0
966343,3.780,8.234,-2.243,-0.241,0.171,0.253,2358,0
966363,3.474,8.033,-1.920,-0.224,0.246,0.160,2361,0
966383,3.306,7.829,-1.575,-0.154,0.242,0.085,2359,0
966403,3.206,8.035,-1.262,-0.014,0.191,0.032,2359,0
966423,2.995,8.380,-1.255,0.062,0.132,0.011,2361,0
966443,2.854,8.662,-1.290,0.036,0.067,0.015,2361,0
966463,2.966,8.813,-1.377,0.007,-0.003,0.031,2358,0
966483,3.189,9.026,-1.456,-0.013,0.021,0.030,2359,0
966503,3.215,9.093,-1.472,-0.045,0.106,0.021,2360,0
966523,3.086,9.586,-1.535,-0.021,0.161,0.019,2361,0
966543,2.844,9.898,-1.274,-0.056,0.154,0.056,2361,0
966563,2.983,9.474,-0.970,-0.070,0.111,0.131,2362,0
966583,3.366,8.835,-0.960,0.095,0.054,0.194,2359,0
966603,3.761,8.294,-1.099,0.323,-0.003,0.190,2361,0
966623,3.941,8.152,-1.281,0.566,-0.025,0.161,2360,0
966643,3.785,8.289,-1.365,0.709,-0.002,0.120,2361,0
966663,3.721,8.485,-1.463,0.674,-0.001,0.080,2358,0
966683,3.800,8.753,-1.729,0.523,-0.019,0.041,2361,0
966703,3.816,8.966,-1.973,0.272,0.031,0.009,2359,0
966723,3.735,8.938,-2.109,0.031,0.140,-0.003,2360,0
966743,3.752,8.873,-1.915,-0.076,0.213,-0.001,2358,0
966763,3.821,8.703,-1.513,-0.029,0.263,-0.007,2359,0
966783,3.912,8.645,-1.324,0.078,0.275,-0.014,2359,0
966803,3.891,8.650,-1.355,0.131,0.219,-0.016,2360,0
966823,4.046,8.729,-1.348,0.181,0.118,-0.002,2360,0
966843,4.257,8.823,-1.338,0.204,0.049,0.030,2360,0
966863,4.269,8.803,-1.425,0.192,0.061,0.070,2359,0
966883,4.214,8.698,-1.477,0.140,0.067,0.088,2358,0
966903,4.187,8.624,-1.413,0.101,0.054,0.059,2357,0
966923,4.058,8.653,-1.317,0.100,0.056,0.034,2359,0
966943,3.994,8.712,-1.305,0.105,0.017,0.037,2359,0
966963,3.984,8.598,-1.302,0.104,-0.032,0.037,2360,0
966983,3.938,8.590,-1.319,0.121,-0.030,0.001,2359,0
967003,3.953,8.667,-1.384,0.111,-0.028,-0.044,2357,0
967023,3.958,8.727,-1.384,0.058,-0.024,-0.066,2359,0
967043,3.977,8.717,-1.408,0.006,-0.033,-0.079,2358,0
967063,3.967,8.792,-1.413,-0.014,-0.048,-0.097,2359,0
967083,3.950,8.863,-1.441,0.001,-0.070,-0.099,2359,0
967103,3.824,9.007,-1.508,0.020,-0.083,-0.096,2358,0
967123,3.718,9.064,-1.477,0.025,-0.093,-0.088,2358,0
967143,3.723,9.086,-1.520,0.046,-0.118,-0.061,2360,0
967163,3.768,9.110,-1.554,0.064,-0.125,-0.042,2359,0
967183,3.836,9.038,-1.592,0.067,-0.128,-0.017,2357,0
967203,3.934,8.952,-1.633,0.079,-0.140,0.001,2358,0
967223,3.965,8.969,-1.688,0.081,-0.136,0.003,2358,0
967243,3.982,8.947,-1.757,0.063,-0.130,0.013,2358,0
967263,3.974,8.897,-1.844,0.038,-0.125,0.021,2358,0
967283,3.910,8.950,-1.901,0.029,-0.107,0.022,2359,0
967303,3.893,8.981,-1.875,0.040,-0.097,0.036,2360,0
967323,3.950,8.928,-1.903,0.068,-0.111,0.051,2359,0
967343,3.931,8.904,-2.016,0.086,-0.123,0.065,2359,0
967363,3.953,8.844,-2.119,0.090,-0.124,0.070,2359,0
967383,3.996,8.770,-2.109,0.118,-0.116,0.069,2360,0
967403,4.044,8.746,-2.105,0.128,-0.095,0.060,2358,0
967423,3.946,8.748,-2.107,0.093,-0.060,0.048,2359,0
967443,3.919,8.684,-2.059,0.048,-0.037,0.048,2359,0
967463,3.986,8.607,-1.994,0.027,-0.038,0.036,2359,0
967483,3.967,8.622,-1.939,0.031,-0.006,0.016,2359,0
967503,3.888,8.636,-1.913,0.051,-0.001,0.011,2359,0
967523,3.922,8.657,-1.891,0.072,-0.032,0.004,2359,0
967543,3.967,8.633,-1.894,0.090,-0.040,-0.011,2359,0
967563,3.936,8.701,-1.858,0.104,-0.025,-0.027,2359,0
967583,3.871,8.763,-1.844,0.104,-0.017,-0.030,2359,0
967603,3.936,8.739,-1.757,0.088,-0.022,-0.034,2358,0
967623,3.998,8.705,-1.702,0.052,-0.015,-0.048,2358,0
967643,4.041,8.669,-1.709,0.025,-0.010,-0.062,2358,0
967663,4.022,8.746,-1.666,0.038,-0.024,-0.067,2358,0
967683,3.998,8.873,-1.676,0.049,-0.056,-0.075,2358,0
967703,3.891,8.940,-1.803,0.057,-0.084,-0.064,2360,0
967723,3.785,8.935,-1.937,0.055,-0.097,-0.058,2359,0
967743,3.845,8.947,-1.990,0.035,-0.098,-0.082,2358,0
967763,3.850,8.983,-1.944,0.022,-0.065,-0.106,2359,0
967783,3.819,9.108,-1.894,-0.012,-0.024,-0.108,2359,0
967803,3.838,9.151,-1.745,-0.078,-0.024,-0.096,2357,0
967823,3.809,9.184,-1.604,-0.119,-0.022,-0.082,2359,0
967843,3.809,9.141,-1.516,-0.107,-0.043,-0.060,2360,0
967863,3.867,9.038,-1.611,-0.058,-0.102,-0.014,2358,0
967883,3.898,8.902,-1.724,-0.007,-0.151,0.039,2358,0
967903,3.919,8.712,-1.781,0.040,-0.174,0.056,2357,0
967923,3.852,8.677,-1.901,0.081,-0.180,0.042,2358,0
967943,3.821,8.772,-1.970,0.069,-0.161,0.018,2357,0
967963,3.845,8.784,-1.946,0.018,-0.133,0.006,2358,0
967983,3.804,8.748,-1.925,0.002,-0.107,-0.003,2357,0
968003,3.804,8.782,-1.970,0.007,-0.101,-0.015,2358,0
968023,3.898,8.784,-1.980,0.021,-0.116,-0.020,2356,0
968043,3.948,8.832,-2.025,0.035,-0.092,-0.019,2357,0
968063,3.895,8.875,-1.975,0.054,-0.060,-0.015,2357,0
968083,3.819,8.918,-1.942,0.067,-0.055,-0.006,2357,0
968103,3.816,8.837,-1.896,0.059,-0.060,0.013,2356,0
968123,3.876,8.710,-1.894,0.045,-0.070,0.021,2357,0
968143,3.903,8.633,-1.879,0.061,-0.071,0.005,2359,0
968163,3.888,8.717,-1.891,0.093,-0.085,-0.012,2356,0
968183,3.855,8.909,-2.030,0.103,-0.099,-0.013,2358,0
968203,3.778,9.007,-2.090,0.090,-0.096,0.005,2357,0
968223,3.749,8.959,-2.126,0.084,-0.069,0.020,2357,0
968243,3.771,8.887,-2.061,0.087,-0.051,0.015,2356,0
968263,3.826,8.873,-2.088,0.084,-0.048,-0.001,2357,0
968283,3.814,8.923,-2.102,0.057,-0.043,-0.007,2356,0
968303,3.816,8.892,-2.085,0.047,-0.033,-0.005,2357,0
968323,3.764,8.890,-1.997,0.066,-0.013,-0.013,2357,0
968343,3.749,8.921,-1.903,0.068,0.000,-0.017,2358,0
968363,3.759,8.969,-1.932,0.033,-0.006,-0.010,2358,0
968383,3.771,8.923,-1.906,-0.006,-0.015,-0.007,2356,0
968403,3.792,8.871,-1.877,-0.005,-0.026,-0.011,2356,0
968423,3.828,8.882,-1.930,0.042,-0.040,-0.010,2356,0
968443,3.843,8.897,-1.999,0.049,-0.041,-0.003,2358,0
968463,3.771,8.839,-2.009,0.039,-0.031,0.002,2357,0
968483,3.807,8.777,-1.949,0.040,-0.030,-0.006,2356,0
968503,3.814,8.794,-1.920,0.047,-0.025,-0.016,2357,0
968523,3.843,8.851,-1.932,0.028,-0.029,-0.018,2356,0
968543,3.862,8.823,-1.891,0.011,-0.038,-0.016,2355,0
968563,3.929,8.856,-1.877,0.023,-0.040,-0.029,2357,0
968583,3.979,8.990,-1.966,0.036,-0.039,-0.032,2357,0
968603,4.010,9.088,-2.018,0.027,-0.044,-0.021,2356,0
968623,4.087,9.234,-2.025,0.027,-0.042,-0.020,2356,0
968643,4.017,9.397,-2.078,0.025,-0.024,-0.010,2355,0
968663,3.900,9.481,-2.140,-0.030,0.011,0.013,2356,0
968683,3.919,9.313,-2.049,-0.086,0.045,0.036,2356,0
968703,3.996,9.134,-1.887,-0.085,0.085,0.042,2356,0
968723,3.910,9.072,-1.781,-0.092,0.100,0.038,2356,0
968743,3.759,9.009,-1.705,-0.120,0.066,0.029,2355,0
968763,3.778,8.847,-1.724,-0.118,0.015,0.018,2358,0
968783,3.879,8.818,-1.767,-0.093,-0.006,-0.016,2356,0
968803,3.891,8.803,-1.743,-0.077,0.023,-0.039,2355,0
968823,3.759,8.882,-1.717,-0.096,0.062,-0.044,2357,0
968843,3.706,8.878,-1.640,-0.157,0.084,-0.047,2356,0
968863,3.711,8.868,-1.508,-0.198,0.100,-0.038,2355,0
968883,3.651,8.856,-1.331,-0.197,0.106,-0.020,2355,0
968903,3.553,8.780,-1.171,-0.144,0.084,0.027,2356,0
968923,3.598,8.686,-1.188,-0.058,0.001,0.076,2356,0
968943,3.699,8.578,-1.216,0.022,-0.074,0.108,2355,0
968963,3.699,8.447,-1.384,0.079,-0.122,0.123,2355,0
968983,3.740,8.420,-1.602,0.109,-0.155,0.116,2355,0
969003,3.862,8.365,-1.760,0.135,-0.161,0.097,2356,0
969023,3.938,8.401,-1.851,0.160,-0.133,0.068,2357,0
969043,3.752,8.552,-1.954,0.179,-0.102,0.048,2356,0
969063,3.455,8.789,-2.016,0.134,-0.096,0.031,2355,0
969083,3.567,8.823,-1.990,0.074,-0.109,0.008,2356,0
969103,3.819,8.741,-1.867,0.104,-0.064,-0.009,2356,0
969123,4.025,8.780,-1.856,0.148,-0.012,-0.033,2355,0
969143,4.118,8.856,-1.894,0.142,-0.003,-0.047,2354,0
969163,4.166,8.832,-1.844,0.139,0.021,-0.041,2354,0
969183,4.168,8.916,-1.841,0.131,0.045,-0.056,2355,0
969203,4.185,9.115,-1.707,0.098,0.072,-0.071,2355,0
969223,4.101,9.239,-1.590,0.030,0.111,-0.064,2356,0
969243,3.972,9.242,-1.489,-0.018,0.123,-0.041,2355,0
969263,3.824,9.182,-1.523,-0.024,0.083,-0.006,2354,0
969283,3.701,8.964,-1.597,0.032,0.041,0.025,2356,0
969303,3.687,8.820,-1.712,0.123,0.001,0.060,2356,0
969323,3.639,8.712,-1.963,0.135,-0.001,0.066,2356,0
969343,3.778,8.576,-2.088,0.160,0.030,0.029,2356,0
969363,3.862,8.478,-2.035,0.163,0.085,-0.035,2354,0
969383,3.862,8.758,-1.980,0.254,0.158,-0.103,2354,0
969403,3.721,9.313,-2.021,0.298,0.183,-0.100,2355,0
969423,3.486,9.752,-1.975,0.245,0.196,-0.014,2355,0
969443,3.448,9.795,-1.867,0.138,0.200,0.101,2355,0
969463,3.596,9.450,-1.585,0.056,0.214,0.203,2356,0
969483,3.761,9.074,-1.231,0.130,0.268,0.259,2356,0
969503,3.855,8.839,-0.881,0.257,0.267,0.253,2356,0
969523,3.922,8.837,-0.476,0.385,0.195,0.216,2354,0
969543,3.984,9.057,0.132,0.495,0.097,0.167,2355,0
969563,3.812,9.864,0.950,0.615,0.025,0.119,2354,0
969583,3.225,11.248,1.767,0.545,-0.059,0.107,2355,0
969603,2.634,12.402,2.600,0.230,-0.217,0.180,2355,0
969623,2.399,12.694,3.144,-0.229,-0.408,0.293,2353,0
969643,2.471,12.684,3.718,-0.666,-0.694,0.460,2353,0
969663,2.246,12.613,4.152,-1.003,-0.971,0.601,2353,0
969683,2.284,12.117,4.154,-1.279,-1.399,0.674,2354,0
969703,2.425,11.447,3.649,-1.351,-1.911,0.714,2352,0
969723,2.102,10.867,2.849,-1.343,-2.345,0.751,2351,0
969743,1.393,10.518,1.621,-1.411,-2.638,0.798,2352,0
969763,0.912,10.202,0.151,-1.649,-2.886,0.786,2352,0
969783,1.058,9.867,-1.109,-2.004,-3.080,0.697,2352,0
969803,1.408,9.445,-1.652,-2.323,-3.094,0.566,2352,0
969823,1.513,8.981,-1.800,-2.545,-3.031,0.471,2352,0
969843,1.532,8.387,-2.325,-2.663,-3.069,0.397,2352,0
969863,1.592,7.748,-3.007,-2.557,-3.120,0.254,2352,0
969883,1.645,7.867,-3.970,-2.201,-3.075,0.116,2353,0
969903,1.970,7.937,-4.930,-1.742,-2.878,0.043,2353,0
969923,2.454,7.616,-5.581,-1.620,-2.677,-0.102,2354,0
969943,2.851,7.489,-6.033,-1.320,-2.313,-0.214,2354,0
969963,2.981,7.707,-6.450,-0.938,-1.994,-0.327,2354,0
969983,3.201,8.073,-6.948,-0.643,-1.814,-0.364,2354,0
970003,3.522,8.267,-7.075,-0.502,-1.741,-0.363,2354,0
970023,3.785,8.495,-6.888,-0.285,-1.463,-0.316,2353,0
970043,3.800,8.598,-6.577,0.076,-1.098,-0.228,2354,0
970063,3.967,8.741,-6.134,0.332,-0.932,-0.137,2353,0
970083,4.152,8.727,-5.564,0.421,-0.841,-0.114,2354,0
970103,4.168,8.717,-5.150,0.639,-0.684,-0.059,2352,0
970123,4.204,8.842,-4.937,0.748,-0.517,0.041,2352,0
970143,4.389,8.796,-4.463,0.707,-0.342,0.127,2352,0
970163,4.451,8.543,-3.759,0.541,-0.145,0.121,2352,0
970183,4.266,8.313,-3.127,0.411,-0.006,0.051,2351,0
970203,4.254,8.483,-2.792,0.318,-0.012,-0.015,2351,0
970223,4.396,8.770,-2.492,0.254,-0.040,-0.033,2351,0
970243,4.453,8.756,-2.301,0.213,0.018,-0.005,2352,0
970263,4.566,8.552,-2.057,0.214,0.051,0.014,2351,0
970283,4.669,8.456,-1.961,0.225,0.034,-0.021,2351,0
970303,4.683,8.509,-1.982,0.194,0.071,-0.075,2350,0
970323,4.489,8.794,-2.136,0.111,0.135,-0.096,2349,0
970343,4.307,8.961,-2.011,-0.043,0.141,-0.096,2351,0
970363,4.199,8.780,-1.820,-0.085,0.136,-0.072,2351,0
970383,4.104,8.689,-1.721,-0.017,0.155,-0.053,2351,0
970403,4.020,8.780,-1.676,0.043,0.140,-0.050,2350,0
970423,3.950,8.734,-1.489,0.074,0.105,-0.044,2351,0
970443,3.828,8.696,-1.360,0.121,0.075,-0.023,2351,0
970463,3.886,8.751,-1.381,0.114,0.001,-0.012,2350,0
970483,4.051,8.684,-1.492,0.058,-0.076,-0.026,2351,0
970503,4.149,8.612,-1.717,0.021,-0.100,-0.037,2351,0
970523,4.140,8.617,-1.949,0.035,-0.095,-0.040,2351,0
970543,4.096,8.633,-2.064,0.071,-0.091,-0.045,2347,0
970563,4.106,8.643,-2.116,0.076,-0.076,-0.064,2351,0
970583,4.123,8.734,-2.143,0.064,-0.060,-0.093,2351,0
970603,4.029,8.839,-2.224,0.051,-0.052,-0.093,2350,0
970623,4.041,8.952,-2.318,0.036,-0.056,-0.071,2350,0
970643,4.063,8.947,-2.265,0.056,-0.049,-0.056,2351,0
970663,4.075,8.878,-2.222,0.092,-0.023,-0.038,2350,0
970683,4.118,8.928,-2.255,0.089,-0.030,-0.020,2351,0
970703,4.164,8.959,-2.251,0.049,-0.042,-0.006,2350,0
970723,4.156,8.835,-2.174,0.048,-0.015,0.006,2351,0
970743,4.175,8.753,-2.148,0.072,0.001,-0.005,2351,0
970763,4.168,8.732,-2.138,0.069,0.003,-0.023,2350,0
970783,4.087,8.720,-2.088,0.041,0.030,-0.036,2350,0
970803,3.984,8.748,-2.057,0.041,0.042,-0.034,2349,0
970823,3.977,8.729,-2.105,0.047,0.013,-0.027,2350,0
970843,3.929,8.677,-2.109,0.051,0.002,-0.020,2349,0
970863,3.953,8.662,-2.042,0.048,0.003,-0.032,2350,0
970883,3.917,8.748,-2.035,0.075,-0.009,-0.046,2350,0
970903,3.917,8.930,-2.073,0.082,-0.034,-0.039,2351,0
970923,3.965,8.952,-2.054,0.048,-0.047,-0.013,2348,0
970943,4.008,8.782,-2.023,0.055,-0.043,0.000,2350,0
970963,4.044,8.792,-2.069,0.094,-0.037,-0.004,2349,0
970983,4.073,8.825,-2.138,0.079,-0.036,-0.004,2348,0
971003,4.070,8.736,-2.200,0.053,-0.023,0.005,2351,0
971023,4.070,8.705,-2.200,0.042,-0.009,-0.011,2350,0
971043,4.015,8.717,-2.172,0.041,-0.002,-0.029,2352,0
971063,3.962,8.758,-2.179,0.045,0.015,-0.029,2350,0
971083,3.950,8.763,-2.145,0.014,0.022,-0.027,2350,0
971103,4.032,8.746,-2.078,0.022,0.023,-0.038,2350,0
971123,4.049,8.777,-1.990,0.055,0.024,-0.048,2349,0
971143,4.001,8.842,-2.064,0.053,0.019,-0.032,2350,0
971163,4.025,8.842,-2.066,0.037,0.002,-0.015,2350,0
