949703,3.637,8.856,-2.138,0.037,-0.038,-0.011,2358,0
949723,3.598,8.906,-2.164,0.043,-0.038,-0.011,2356,0
949743,3.610,8.897,-2.160,0.047,-0.036,-0.005,2355,0
949763,3.658,8.882,-2.155,0.050,-0.032,-0.006,2356,0
949783,3.689,8.911,-2.193,0.044,-0.026,-0.011,2357,0
949803,3.670,8.916,-2.145,0.040,-0.019,-0.009,2357,0
949823,3.658,8.909,-2.131,0.034,-0.020,-0.004,2358,0
949843,3.666,8.899,-2.133,0.042,-0.023,0.002,2356,0
949863,3.666,8.935,-2.176,0.044,-0.028,-0.003,2356,0
949883,3.646,8.945,-2.155,0.032,-0.030,-0.004,2357,0
949903,3.615,8.918,-2.145,0.032,-0.033,0.004,2357,0
949923,3.620,8.873,-2.100,0.042,-0.023,0.002,2357,0
949943,3.618,8.849,-2.088,0.054,-0.022,-0.005,2356,0
949963,3.651,8.856,-2.090,0.047,-0.033,-0.004,2357,0
949983,3.632,8.892,-2.116,0.032,-0.041,-0.004,2358,0
950003,3.596,8.887,-2.100,0.034,-0.041,-0.003,2356,0
950023,3.582,8.873,-2.102,0.051,-0.040,0.003,2357,0
950043,3.646,8.854,-2.088,0.054,-0.038,0.002,2357,0
950063,3.642,8.823,-2.112,0.049,-0.042,-0.004,2357,0
950083,3.649,8.823,-2.124,0.042,-0.051,-0.010,2357,0
950103,3.656,8.871,-2.172,0.044,-0.044,-0.022,2357,0
950123,3.620,8.945,-2.207,0.050,-0.030,-0.026,2357,0
950143,3.598,8.995,-2.198,0.043,-0.031,-0.014,2356,0
950163,3.642,9.007,-2.136,0.026,-0.039,-0.001,2359,0
950183,3.687,8.928,-2.136,0.029,-0.036,0.006,2358,0
950203,3.685,8.916,-2.102,0.055,-0.030,0.009,2357,0
950223,3.639,8.930,-2.150,0.060,-0.025,0.006,2357,0
950243,3.625,8.938,-2.157,0.040,-0.034,0.009,2357,0
950263,3.634,8.878,-2.136,0.025,-0.035,0.010,2358,0
950283,3.632,8.839,-2.157,0.023,-0.032,0.002,2356,0
950303,3.610,8.873,-2.191,0.031,-0.029,-0.006,2356,0
950323,3.587,8.863,-2.184,0.037,-0.020,-0.010,2357,0
950343,3.563,8.906,-2.200,0.035,-0.019,-0.010,2355,0
950363,3.570,8.875,-2.193,0.028,-0.017,-0.006,2355,0
950383,3.596,8.801,-2.085,0.038,-0.014,0.001,2357,0
950403,3.630,8.832,-2.059,0.051,-0.019,-0.006,2354,0
950423,3.622,8.906,-2.093,0.050,-0.030,-0.008,2355,0
950443,3.644,8.935,-2.109,0.043,-0.040,-0.003,2358,0
950463,3.673,8.885,-2.119,0.043,-0.034,0.000,2357,0
950483,3.682,8.871,-2.088,0.056,-0.024,-0.005,2356,0
950503,3.658,8.904,-2.088,0.048,-0.020,-0.010,2357,0
950523,3.654,8.928,-2.116,0.026,-0.027,-0.009,2357,0
950543,3.666,8.909,-2.083,0.025,-0.032,-0.009,2357,0
950563,3.642,8.942,-2.100,0.041,-0.030,-0.008,2356,0
950583,3.570,8.957,-2.138,0.049,-0.027,-0.002,2356,0
950603,3.575,8.923,-2.131,0.047,-0.032,0.011,2357,0
950623,3.613,8.842,-2.071,0.043,-0.034,0.017,2356,0
950643,3.622,8.751,-2.011,0.040,-0.036,0.002,2357,0
950663,3.646,8.753,-2.045,0.044,-0.051,-0.014,2357,0
950683,3.685,8.827,-2.112,0.047,-0.060,-0.023,2355,0
950703,3.661,8.926,-2.160,0.040,-0.050,-0.028,2357,0
950723,3.615,9.031,-2.219,0.044,-0.036,-0.023,2356,0
950743,3.666,9.021,-2.152,0.037,-0.025,-0.013,2357,0
950763,3.668,9.007,-2.133,0.032,-0.020,-0.005,2356,0
950783,3.663,8.990,-2.143,0.027,-0.022,0.001,2356,0
950803,3.649,8.942,-2.143,0.030,-0.022,0.004,2357,0
950823,3.630,8.906,-2.119,0.038,-0.019,0.002,2356,0
950843,3.594,8.849,-2.126,0.042,-0.019,0.007,2358,0
950863,3.601,8.825,-2.107,0.025,-0.030,0.003,2357,0
950883,3.634,8.768,-2.085,0.017,-0.034,-0.009,2357,0
950903,3.610,8.792,-2.088,0.032,-0.030,-0.023,2357,0
950923,3.587,8.887,-2.107,0.048,-0.032,-0.028,2357,0
950943,3.587,8.950,-2.155,0.040,-0.031,-0.020,2357,0
950963,3.618,8.926,-2.107,0.015,-0.042,-0.011,2365,0
950983,3.646,8.981,-2.095,0.043,-0.019,-0.010,2361,0
951003,3.658,8.906,-2.066,0.060,-0.027,-0.011,2363,0
951023,3.639,8.897,-2.040,0.039,-0.035,-0.017,2363,0
951043,3.630,8.966,-2.081,0.035,-0.043,-0.014,2362,0
951063,3.646,8.954,-2.097,0.036,-0.045,-0.013,2364,0
951083,3.639,8.988,-2.107,0.044,-0.040,-0.009,2365,0
951103,3.589,9.019,-2.164,0.030,-0.038,-0.001,2364,0
951123,3.613,8.971,-2.152,0.018,-0.033,0.002,2363,0
951143,3.639,8.904,-2.093,0.033,-0.014,0.001,2363,0
951163,3.644,8.882,-2.030,0.048,-0.012,-0.005,2363,0
951183,3.601,8.909,-2.033,0.032,-0.025,-0.005,2363,0
951203,3.567,8.894,-2.002,0.016,-0.045,0.002,2363,0
951223,3.563,8.839,-2.037,0.032,-0.053,0.008,2362,0
951243,3.579,8.801,-2.083,0.054,-0.059,0.008,2363,0
951263,3.601,8.811,-2.152,0.060,-0.065,-0.004,2363,0
951283,3.622,8.813,-2.227,0.043,-0.054,-0.023,2362,0
951303,3.642,8.923,-2.253,0.042,-0.039,-0.034,2361,0
951323,3.622,9.050,-2.241,0.029,-0.024,-0.031,2361,0
951343,3.627,9.024,-2.203,0.017,-0.015,-0.017,2361,0
951363,3.637,8.983,-2.145,0.028,-0.016,-0.003,2364,0
951383,3.639,8.952,-2.124,0.049,-0.019,0.003,2363,0
951403,3.582,8.947,-2.138,0.062,-0.025,0.007,2361,0
951423,3.570,8.926,-2.124,0.047,-0.023,0.011,2363,0
951443,3.553,8.839,-2.088,0.035,-0.014,0.009,2363,0
951463,3.596,8.780,-2.009,0.044,-0.015,-0.001,2364,0
951483,3.630,8.835,-2.011,0.047,-0.025,-0.013,2361,0
951503,3.591,8.914,-2.045,0.044,-0.041,-0.018,2362,0
951523,3.551,8.969,-2.095,0.041,-0.041,-0.011,2362,0
951543,3.579,8.959,-2.116,0.052,-0.034,-0.001,2361,0
951563,3.603,8.928,-2.088,0.054,-0.027,-0.001,2362,0
951583,3.630,8.882,-2.059,0.046,-0.034,-0.002,2363,0
951603,3.598,8.918,-2.081,0.038,-0.040,-0.002,2360,0
951623,3.603,8.914,-2.095,0.045,-0.036,0.003,2363,0
951643,3.622,8.926,-2.085,0.063,-0.040,0.000,2362,0
951663,3.622,8.952,-2.093,0.058,-0.040,-0.005,2363,0
951683,3.579,8.993,-2.136,0.041,-0.041,0.000,2361,0
951703,3.608,8.950,-2.097,0.033,-0.039,0.005,2362,0
951723,3.620,8.887,-2.059,0.050,-0.035,0.004,2363,0
951743,3.587,8.914,-2.100,0.053,-0.033,-0.003,2362,0
951763,3.555,8.933,-2.100,0.039,-0.042,0.001,2362,0
951783,3.565,8.911,-2.109,0.038,-0.046,0.013,2363,0
951803,3.598,8.832,-2.066,0.050,-0.044,0.011,2362,0
951823,3.601,8.832,-2.112,0.060,-0.049,0.005,2363,0
951843,3.618,8.859,-2.169,0.046,-0.054,-0.002,2363,0
951863,3.598,8.878,-2.157,0.041,-0.051,-0.007,2362,0
951883,3.587,8.911,-2.191,0.057,-0.039,-0.015,2362,0
951903,3.610,8.988,-2.172,0.057,-0.029,-0.015,2362,0
951923,3.615,8.993,-2.174,0.033,-0.025,-0.008,2362,0
951943,3.613,8.940,-2.114,0.031,-0.024,0.001,2363,0
951963,3.594,8.959,-2.128,0.050,-0.027,0.003,2363,0
951983,3.575,8.976,-2.133,0.057,-0.033,0.012,2362,0
952003,3.596,8.930,-2.116,0.054,-0.039,0.019,2362,0
952023,3.625,8.847,-2.061,0.054,-0.036,0.017,2361,0
952043,3.610,8.859,-2.073,0.055,-0.039,0.009,2362,0
952063,3.618,8.885,-2.114,0.043,-0.038,-0.002,2362,0
952083,3.589,8.930,-2.114,0.033,-0.032,-0.006,2360,0
952103,3.558,8.966,-2.071,0.038,-0.033,-0.003,2363,0
952123,3.615,8.993,-2.085,0.040,-0.045,0.007,2362,0
952143,3.613,8.950,-2.133,0.032,-0.051,0.015,2362,0
952163,3.627,8.892,-2.148,0.029,-0.054,0.021,2362,0
952183,3.642,8.849,-2.131,0.039,-0.051,0.013,2362,0
952203,3.634,8.878,-2.145,0.050,-0.041,0.010,2360,0
952223,3.603,8.909,-2.198,0.035,-0.042,0.011,2362,0
952243,3.627,8.871,-2.145,0.029,-0.048,0.012,2362,0
952263,3.630,8.832,-2.140,0.038,-0.046,0.007,2362,0
952283,3.627,8.849,-2.172,0.052,-0.043,0.008,2363,0
952303,3.606,8.861,-2.133,0.048,-0.043,0.005,2361,0
952323,3.606,8.842,-2.100,0.043,-0.039,0.002,2362,0
952343,3.618,8.854,-2.124,0.041,-0.047,0.000,2361,0
952363,3.651,8.856,-2.174,0.039,-0.055,0.001,2361,0
952383,3.649,8.861,-2.172,0.044,-0.049,0.000,2362,0
952403,3.632,8.866,-2.179,0.051,-0.044,-0.007,2360,0
952423,3.682,8.851,-2.167,0.052,-0.048,-0.007,2362,0
952443,3.711,8.904,-2.191,0.045,-0.052,-0.013,2363,0
952463,3.761,8.952,-2.255,0.042,-0.050,-0.017,2364,0
952483,3.792,9.014,-2.322,0.042,-0.041,-0.011,2362,0
952503,3.745,9.091,-2.327,0.039,-0.020,-0.003,2361,0
952523,3.615,9.074,-2.322,0.031,0.003,0.013,2362,0
952543,3.553,8.983,-2.210,0.036,0.016,0.030,2361,0
952563,3.632,8.837,-2.054,0.053,0.015,0.030,2362,0
952583,3.666,8.756,-1.966,0.059,0.003,0.023,2362,0
952603,3.589,8.770,-1.951,0.047,-0.016,0.015,2362,0
952623,3.539,8.758,-1.937,0.031,-0.031,0.007,2362,0
952643,3.596,8.775,-1.992,0.034,-0.046,-0.001,2360,0
952663,3.606,8.832,-2.030,0.021,-0.044,-0.014,2361,0
952683,3.548,8.899,-2.119,0.017,-0.052,-0.020,2361,0
952703,3.577,8.933,-2.179,0.021,-0.064,-0.016,2360,0
952723,3.555,8.978,-2.246,0.037,-0.052,-0.006,2361,0
952743,3.620,8.897,-2.224,0.041,-0.036,0.000,2361,0
952763,3.697,8.813,-2.140,0.052,-0.034,-0.001,2362,0
952783,3.718,8.830,-2.116,0.044,-0.027,-0.012,2361,0
952803,3.630,8.890,-2.133,0.031,-0.043,-0.010,2362,0
952823,3.598,8.871,-2.131,0.022,-0.053,-0.003,2361,0
952843,3.656,8.842,-2.150,0.040,-0.041,-0.004,2362,0
952863,3.666,8.859,-2.152,0.068,-0.033,-0.011,2361,0
952883,3.642,8.911,-2.145,0.053,-0.030,-0.014,2360,0
952903,3.618,8.885,-2.085,0.033,-0.034,-0.011,2361,0
952923,3.651,8.882,-2.112,0.043,-0.034,-0.010,2360,0
952943,3.670,8.933,-2.109,0.054,-0.041,-0.006,2361,0
952963,3.670,8.945,-2.143,0.045,-0.049,0.005,2361,0
952983,3.675,8.854,-2.107,0.047,-0.050,0.010,2360,0
953003,3.699,8.859,-2.124,0.063,-0.043,-0.004,2362,0
953023,3.699,8.950,-2.155,0.052,-0.035,-0.014,2361,0
953043,3.639,9.012,-2.174,0.027,-0.029,-0.014,2362,0
953063,3.613,8.959,-2.138,0.020,-0.025,-0.005,2361,0
953083,3.663,8.911,-2.057,0.040,-0.026,0.001,2360,0
953103,3.692,8.837,-2.023,0.042,-0.027,-0.001,2361,0
953123,3.603,8.887,-2.028,0.041,-0.044,-0.004,2361,0
953143,3.531,8.954,-2.121,0.026,-0.063,0.000,2361,0
953163,3.582,8.926,-2.198,0.027,-0.062,0.010,2362,0
953183,3.606,8.856,-2.222,0.038,-0.042,0.008,2361,0
953203,3.596,8.818,-2.246,0.041,-0.036,-0.004,2361,0
953223,3.627,8.811,-2.215,0.041,-0.040,-0.007,2361,0
953243,3.666,8.820,-2.193,0.038,-0.029,-0.016,2361,0
953263,3.613,8.892,-2.205,0.039,-0.018,-0.022,2360,0
953283,3.570,8.928,-2.181,0.030,-0.015,-0.023,2362,0
953303,3.596,8.892,-2.145,0.029,-0.016,-0.015,2360,0
953323,3.620,8.859,-2.097,0.039,-0.018,-0.009,2361,0
953343,3.651,8.854,-2.073,0.044,-0.021,-0.016,2362,0
953363,3.668,8.890,-2.088,0.043,-0.032,-0.021,2361,0
953383,3.668,8.966,-2.133,0.038,-0.038,-0.016,2361,0
953403,3.634,8.995,-2.181,0.030,-0.030,-0.008,2361,0
953423,3.625,8.971,-2.195,0.028,-0.026,-0.005,2362,0
953443,3.603,8.938,-2.140,0.031,-0.020,-0.004,2362,0
953463,3.589,8.887,-2.112,0.031,-0.015,-0.003,2362,0
953483,3.606,8.847,-2.102,0.044,-0.019,-0.001,2359,0
953503,3.608,8.873,-2.061,0.044,-0.023,-0.005,2362,0
953523,3.598,8.887,-2.071,0.041,-0.034,-0.005,2360,0
953543,3.553,8.911,-2.059,0.027,-0.039,-0.005,2361,0
953563,3.541,8.866,-2.097,0.023,-0.044,-0.001,2361,0
953583,3.651,8.832,-2.071,0.043,-0.055,-0.003,2360,0
953603,3.680,8.859,-2.128,0.049,-0.049,-0.021,2361,0
953623,3.654,8.985,-2.172,0.044,-0.045,-0.027,2360,0
953643,3.596,9.108,-2.210,0.025,-0.038,-0.019,2360,0
953663,3.584,9.127,-2.176,0.009,-0.020,-0.005,2361,0
953683,3.627,9.064,-2.148,0.017,-0.017,0.014,2361,0
953703,3.656,8.988,-2.114,0.030,-0.018,0.028,2361,0
953723,3.615,8.897,-2.088,0.028,-0.021,0.031,2360,0
953743,3.584,8.827,-2.066,0.031,-0.029,0.026,2361,0
953763,3.594,8.789,-2.049,0.039,-0.022,0.018,2362,0
953783,3.603,8.780,-2.093,0.030,-0.026,0.006,2359,0
953803,3.639,8.825,-2.105,0.018,-0.040,-0.000,2361,0
953823,3.675,8.854,-2.150,0.021,-0.046,-0.007,2359,0
953843,3.699,8.904,-2.164,0.042,-0.042,-0.005,2362,0
953863,3.706,8.950,-2.186,0.048,-0.031,-0.004,2362,0
953883,3.749,8.971,-2.186,0.033,-0.019,0.000,2362,0
953903,3.725,8.959,-2.179,0.015,-0.012,0.006,2361,0
953923,3.687,8.871,-2.191,0.009,-0.010,0.015,2362,0
953943,3.649,8.818,-2.184,0.020,-0.009,0.014,2360,0
953963,3.610,8.729,-2.198,0.038,0.005,0.010,2360,0
953983,3.598,8.672,-2.095,0.058,0.016,0.001,2360,0
954003,3.598,8.684,-2.011,0.063,0.010,-0.013,2361,0
954023,3.536,8.744,-1.987,0.059,0.001,-0.016,2358,0
954043,3.548,8.787,-2.016,0.060,-0.020,-0.010,2361,0
954063,3.618,8.827,-2.037,0.079,-0.023,-0.013,2361,0
954083,3.627,8.882,-2.081,0.093,-0.010,-0.019,2362,0
954103,3.632,8.957,-2.119,0.088,-0.011,-0.013,2364,0
954123,3.689,8.947,-2.100,0.064,-0.012,-0.013,2362,0
954143,3.716,8.942,-2.119,0.055,-0.003,-0.019,2360,0
954163,3.723,8.978,-2.150,0.054,0.005,-0.024,2359,0
954183,3.685,9.012,-2.152,0.047,0.018,-0.027,2361,0
954203,3.644,9.060,-2.143,0.047,0.034,-0.033,2360,0
954223,3.613,9.153,-1.999,0.042,0.044,-0.028,2358,0
954243,3.587,9.210,-1.997,0.015,0.028,-0.012,2357,0
954263,3.613,9.234,-1.990,0.009,0.025,0.020,2359,0
954283,3.582,9.213,-1.918,-0.003,0.014,0.046,2358,0
954303,3.553,9.313,-1.776,-0.010,0.010,0.062,2358,0
954323,3.522,9.534,-1.451,-0.010,-0.004,0.062,2356,0
954343,3.328,9.893,-0.991,-0.044,0.001,0.062,2356,0
954363,2.988,10.281,-0.543,-0.181,-0.001,0.080,2356,0
954383,2.473,10.673,0.022,-0.312,-0.046,0.160,2355,0
954403,2.093,10.827,0.725,-0.453,-0.095,0.228,2355,0
954423,1.946,11.066,1.822,-0.596,-0.240,0.269,2354,0
954443,2.306,11.207,2.746,-0.769,-0.408,0.275,2353,0
954463,2.509,11.487,3.500,-0.957,-0.646,0.292,2351,0
954483,2.138,11.947,3.570,-1.213,-0.967,0.361,2352,0
954503,1.664,11.523,3.661,-1.486,-1.417,0.527,2350,0
954523,1.662,10.963,3.287,-1.620,-1.904,0.684,2351,0
954543,1.800,10.393,2.969,-1.662,-2.269,0.733,2352,0
954563,1.858,9.943,2.521,-1.633,-2.492,0.692,2351,0
954583,1.638,9.629,1.820,-1.591,-2.663,0.633,2351,0
954603,1.484,9.467,0.927,-1.551,-2.881,0.606,2351,0
954623,1.396,9.735,-0.177,-1.638,-3.104,0.601,2351,0
954643,1.408,9.677,-1.159,-1.864,-3.225,0.596,2351,0
954663,1.741,9.009,-1.829,-2.012,-3.215,0.561,2352,0
954683,2.243,8.404,-2.279,-1.958,-3.152,0.449,2351,0
954703,2.442,8.224,-2.823,-1.713,-3.011,0.257,2351,0
954723,2.476,8.126,-3.519,-1.425,-2.792,0.090,2352,0
954743,2.617,8.167,-4.458,-1.137,-2.648,0.016,2351,0
954763,3.002,8.186,-5.042,-0.885,-2.596,0.005,2351,0
954783,3.491,8.286,-5.341,-0.655,-2.419,0.011,2351,0
954803,3.663,8.169,-5.691,-0.603,-2.115,-0.004,2351,0
954823,3.792,7.901,-5.772,-0.561,-1.834,-0.047,2352,0
954843,4.056,7.848,-5.780,-0.467,-1.569,-0.125,2351,0
954863,4.235,8.004,-5.662,-0.345,-1.266,-0.181,2352,0
954883,4.314,8.085,-5.397,-0.151,-1.013,-0.175,2352,0
954903,4.551,8.045,-5.009,0.159,-0.859,-0.127,2352,0
954923,4.662,8.195,-4.628,0.490,-0.697,-0.081,2352,0
954943,4.685,8.332,-4.192,0.688,-0.528,-0.058,2351,0
954963,4.671,8.404,-3.857,0.765,-0.441,-0.036,2352,0
954983,4.685,8.605,-3.591,0.748,-0.363,-0.010,2350,0
955003,4.731,8.684,-3.316,0.608,-0.281,0.020,2351,0
955023,4.695,8.622,-2.983,0.440,-0.207,0.043,2351,0
955043,4.697,8.428,-2.646,0.300,-0.150,0.048,2350,0
955063,4.642,8.344,-2.476,0.211,-0.131,0.038,2350,0
955083,4.602,8.317,-2.428,0.182,-0.118,0.027,2351,0
955103,4.642,8.430,-2.301,0.221,-0.100,0.008,2350,0
955123,4.561,8.574,-2.047,0.280,-0.050,-0.014,2351,0
955143,4.460,8.667,-1.968,0.300,-0.017,-0.010,2349,0
955163,4.422,8.657,-1.975,0.244,-0.046,0.001,2350,0
955183,4.448,8.717,-2.081,0.177,-0.076,-0.007,2350,0
955203,4.432,8.715,-2.289,0.104,-0.065,-0.008,2350,0
955223,4.386,8.715,-2.387,0.057,-0.046,-0.005,2349,0
955243,4.369,8.593,-2.392,0.034,-0.016,-0.006,2349,0
955263,4.343,8.645,-2.382,0.038,0.021,-0.020,2349,0
955283,4.290,8.665,-2.373,0.018,0.031,-0.027,2349,0
955303,4.286,8.645,-2.306,0.008,0.025,-0.014,2349,0
955323,4.334,8.617,-2.172,0.024,0.008,-0.004,2349,0
955343,4.336,8.566,-2.152,0.062,-0.002,0.002,2348,0
955363,4.336,8.547,-2.243,0.067,-0.010,0.013,2349,0
955383,4.410,8.461,-2.270,0.029,-0.021,0.014,2350,0
955403,4.441,8.368,-2.100,0.023,-0.016,-0.003,2350,0
955423,4.415,8.226,-2.009,0.061,0.002,-0.012,2350,0
955443,4.377,8.143,-2.004,0.095,-0.013,-0.017,2350,0
955463,4.403,8.195,-2.025,0.092,-0.044,-0.052,2350,0
955483,4.350,8.370,-1.956,0.075,-0.082,-0.091,2350,0
955503,4.314,8.576,-2.037,0.094,-0.136,-0.081,2349,0
955523,4.314,8.693,-2.327,0.123,-0.159,-0.050,2350,0
955543,4.372,8.650,-2.607,0.114,-0.138,-0.036,2349,0
955563,4.396,8.562,-2.753,0.084,-0.077,-0.046,2350,0
955583,4.456,8.485,-2.732,0.040,0.010,-0.066,2350,0
955603,4.489,8.492,-2.531,-0.017,0.091,-0.086,2349,0
955623,4.484,8.543,-2.306,-0.049,0.117,-0.096,2349,0
955643,4.489,8.554,-2.136,-0.034,0.089,-0.091,2350,0
955663,4.494,8.669,-2.195,-0.009,0.036,-0.079,2350,0
955683,4.520,8.794,-2.217,0.025,-0.003,-0.056,2349,0
955703,4.494,8.827,-2.188,0.080,-0.011,-0.026,2351,0
955723,4.357,8.837,-2.236,0.122,-0.010,0.006,2350,0
955743,4.286,8.799,-2.356,0.104,-0.025,0.033,2350,0
955763,4.235,8.686,-2.406,0.070,-0.029,0.043,2349,0
955783,4.228,8.593,-2.416,0.067,-0.018,0.037,2350,0
955803,4.195,8.499,-2.425,0.083,-0.001,0.032,2349,0
955823,4.096,8.363,-2.392,0.109,0.003,0.033,2349,0
955843,4.101,8.296,-2.389,0.114,-0.014,0.021,2350,0
955863,4.178,8.217,-2.303,0.112,-0.028,0.003,2349,0
955883,4.214,8.253,-2.284,0.107,-0.023,-0.017,2347,0
955903,4.204,8.332,-2.248,0.072,-0.024,-0.035,2350,0
955923,4.276,8.356,-2.286,0.026,-0.033,-0.052,2349,0
955943,4.341,8.392,-2.267,0.026,-0.025,-0.071,2349,0
955963,4.381,8.545,-2.286,0.046,-0.019,-0.074,2348,0
955983,4.444,8.590,-2.279,0.056,-0.010,-0.058,2350,0
956003,4.508,8.578,-2.205,0.060,0.002,-0.054,2350,0
956023,4.532,8.614,-2.145,0.058,0.013,-0.060,2350,0
956043,4.475,8.691,-2.076,0.043,0.014,-0.052,2350,0
956063,4.386,8.712,-2.085,0.026,0.003,-0.038,2350,0
956083,4.302,8.765,-2.195,0.026,-0.006,-0.025,2350,0
956103,4.278,8.794,-2.229,0.053,-0.014,-0.015,2348,0
956123,4.233,8.698,-2.263,0.084,-0.012,0.001,2350,0
956143,4.226,8.701,-2.246,0.091,-0.023,0.012,2350,0
956163,4.252,8.648,-2.174,0.072,-0.051,0.013,2349,0
956183,4.264,8.619,-2.119,0.062,-0.062,0.010,2349,0
956203,4.202,8.645,-2.205,0.050,-0.092,0.013,2349,0
956223,4.195,8.624,-2.375,0.051,-0.141,0.029,2349,0
956243,4.171,8.626,-2.531,0.064,-0.147,0.040,2350,0
956263,4.113,8.578,-2.607,0.080,-0.111,0.038,2351,0
956283,4.168,8.533,-2.591,0.079,-0.084,0.030,2350,0
956303,4.214,8.586,-2.581,0.061,-0.058,0.015,2351,0
956323,4.216,8.552,-2.583,0.008,-0.043,0.019,2349,0
956343,4.247,8.411,-2.574,-0.020,-0.035,0.031,2350,0
956363,4.401,8.255,-2.483,-0.026,-0.007,0.015,2349,0
956383,4.484,8.179,-2.330,-0.023,0.023,-0.012,2350,0
956403,4.530,8.164,-2.229,-0.016,0.027,-0.033,2350,0
956423,4.508,8.272,-2.253,-0.008,0.002,-0.046,2350,0
956443,4.482,8.406,-2.330,0.005,-0.011,-0.054,2348,0
956463,4.424,8.574,-2.332,0.013,-0.009,-0.048,2350,0
956483,4.357,8.643,-2.258,0.009,0.006,-0.037,2349,0
956503,4.293,8.600,-2.224,0.015,0.004,-0.027,2349,0
956523,4.264,8.622,-2.279,0.037,-0.014,-0.024,2349,0
956543,4.257,8.715,-2.263,0.058,-0.028,-0.016,2349,0
956563,4.233,8.768,-2.265,0.084,-0.030,0.005,2349,0
956583,4.190,8.768,-2.241,0.102,-0.038,0.022,2349,0
956603,4.149,8.763,-2.296,0.091,-0.048,0.034,2350,0
956623,4.135,8.768,-2.322,0.055,-0.046,0.040,2351,0
956643,4.147,8.653,-2.258,0.048,-0.029,0.040,2350,0
956663,4.166,8.595,-2.217,0.080,-0.022,0.037,2349,0
956683,4.175,8.557,-2.274,0.083,-0.040,0.028,2350,0
956703,4.168,8.564,-2.322,0.056,-0.064,0.026,2350,0
956723,4.216,8.547,-2.327,0.041,-0.082,0.025,2351,0
956743,4.274,8.511,-2.356,0.046,-0.071,0.022,2350,0
956763,4.293,8.473,-2.368,0.057,-0.037,0.015,2349,0
956783,4.338,8.454,-2.473,0.035,-0.021,0.001,2350,0
956803,4.384,8.444,-2.454,-0.006,-0.006,-0.020,2349,0
956823,4.410,8.456,-2.382,-0.017,0.009,-0.033,2350,0
956843,4.398,8.471,-2.296,0.001,0.023,-0.036,2350,0
956863,4.334,8.511,-2.284,0.015,0.029,-0.030,2350,0
956883,4.377,8.504,-2.272,0.003,0.024,-0.031,2350,0
956903,4.422,8.538,-2.203,0.014,0.020,-0.041,2351,0
956923,4.413,8.588,-2.105,0.041,0.014,-0.039,2350,0
956943,4.329,8.696,-2.140,0.073,-0.023,-0.017,2349,0
