2277455,1.870,9.651,0.160,0.071,0.005,-0.032,2364,0
2277475,1.779,9.670,0.713,0.095,-0.070,-0.015,2366,0
2277495,1.630,9.797,1.247,0.153,-0.181,0.001,2365,0
2277515,1.307,10.175,1.872,0.208,-0.333,0.040,2365,0
2277535,0.941,10.566,2.543,0.207,-0.566,0.126,2364,0
2277555,0.539,10.793,2.854,0.121,-0.895,0.259,2365,0
2277575,0.306,10.994,2.715,-0.044,-1.313,0.422,2364,0
2277595,0.369,10.420,2.430,-0.280,-1.718,0.537,2364,0
2277615,0.421,9.859,1.987,-0.336,-1.989,0.561,2362,0
2277635,0.632,9.471,1.451,-0.290,-2.156,0.523,2365,0
2277655,0.819,9.354,0.903,-0.168,-2.268,0.451,2364,0
2277675,0.666,9.649,0.438,-0.054,-2.318,0.386,2364,0
2277695,0.306,9.998,0.026,-0.082,-2.422,0.418,2365,0
2277715,0.350,9.965,-0.340,-0.285,-2.576,0.499,2364,0
2277735,1.010,9.608,-0.742,-0.588,-2.753,0.512,2365,0
2277755,1.178,9.438,-1.056,-0.811,-2.832,0.445,2366,0
2277775,0.934,9.567,-1.290,-0.843,-2.840,0.386,2365,0
2277795,0.692,9.591,-1.597,-0.727,-2.841,0.398,2367,0
2277815,0.807,9.371,-1.719,-0.574,-2.851,0.443,2366,0
2277835,1.152,9.285,-1.973,-0.492,-2.843,0.429,2367,0
2277855,1.132,9.184,-2.236,-0.486,-2.765,0.381,2367,0
2277875,1.010,9.110,-2.531,-0.502,-2.691,0.342,2368,0
2277895,1.240,9.103,-2.689,-0.520,-2.649,0.316,2368,0
2277915,1.650,9.115,-3.017,-0.561,-2.604,0.267,2369,0
2277935,1.738,9.184,-3.424,-0.560,-2.489,0.204,2369,0
2277955,1.765,9.263,-3.620,-0.471,-2.352,0.172,2369,0
2277975,1.856,9.371,-3.519,-0.340,-2.205,0.184,2370,0
2277995,1.999,9.196,-3.500,-0.334,-2.076,0.212,2371,0
2278015,2.255,9.189,-3.658,-0.318,-1.930,0.182,2370,0
2278035,2.253,9.373,-3.189,-0.313,-1.773,0.138,2368,0
2278055,2.172,9.191,-3.014,-0.440,-1.674,0.132,2371,0
2278075,2.452,8.815,-3.196,-0.496,-1.617,0.091,2370,0
2278095,2.725,8.736,-3.352,-0.418,-1.513,-0.007,2370,0
2278115,2.710,9.009,-3.546,-0.211,-1.366,-0.062,2370,0
2278135,2.691,9.129,-3.553,-0.011,-1.247,-0.058,2370,0
2278155,2.902,9.105,-3.560,0.103,-1.131,-0.061,2369,0
2278175,3.067,9.196,-3.675,0.126,-0.995,-0.067,2369,0
2278195,3.141,9.402,-3.649,0.099,-0.842,-0.061,2371,0
2278215,3.108,9.538,-3.467,0.075,-0.694,-0.029,2369,0
2278235,3.029,9.464,-3.146,0.079,-0.555,-0.009,2372,0
2278255,2.952,9.462,-3.012,0.042,-0.458,-0.007,2371,0
2278275,2.952,9.474,-2.964,0.002,-0.393,-0.007,2369,0
2278295,2.983,9.491,-2.727,0.028,-0.314,-0.007,2371,0
2278315,2.847,9.467,-2.507,0.064,-0.242,0.001,2370,0
2278335,2.607,9.510,-2.512,0.083,-0.211,0.011,2370,0
2278355,2.540,9.510,-2.576,0.067,-0.183,0.035,2369,0
2278375,2.562,9.361,-2.351,0.073,-0.136,0.056,2370,0
2278395,2.500,9.280,-2.078,0.081,-0.081,0.061,2370,0
2278415,2.399,9.165,-1.951,0.089,-0.073,0.048,2369,0
2278435,2.363,9.103,-2.083,0.067,-0.104,0.028,2371,0
2278455,2.370,9.143,-2.248,0.049,-0.133,0.007,2370,0
2278475,2.389,9.220,-2.222,0.078,-0.122,-0.003,2370,0
2278495,2.377,9.177,-2.097,0.102,-0.077,-0.021,2370,0
2278515,2.277,9.203,-2.085,0.106,-0.066,-0.019,2370,0
2278535,2.284,9.333,-2.102,0.090,-0.077,-0.016,2369,0
2278555,2.342,9.325,-2.088,0.060,-0.074,-0.025,2368,0
2278575,2.332,9.246,-1.966,0.051,-0.055,-0.027,2370,0
2278595,2.306,9.290,-2.004,0.052,-0.053,-0.036,2370,0
2278615,2.291,9.354,-2.023,0.043,-0.078,-0.044,2369,0
2278635,2.248,9.395,-2.136,0.034,-0.091,-0.039,2370,0
2278655,2.267,9.431,-2.212,0.061,-0.094,-0.027,2370,0
2278675,2.327,9.335,-2.191,0.070,-0.059,-0.034,2369,0
2278695,2.361,9.234,-2.234,0.084,-0.021,-0.031,2370,0
2278715,2.346,9.249,-2.198,0.126,0.017,-0.055,2370,0
2278735,2.251,9.426,-2.150,0.145,0.024,-0.069,2370,0
2278755,2.191,9.503,-2.217,0.135,0.007,-0.051,2369,0
2278775,2.251,9.481,-2.310,0.113,-0.005,-0.029,2370,0
2278795,2.351,9.433,-2.334,0.072,-0.001,-0.009,2370,0
2278815,2.377,9.373,-2.239,0.046,-0.007,0.006,2370,0
2278835,2.373,9.256,-2.100,0.038,-0.013,0.020,2369,0
2278855,2.397,9.131,-2.131,0.058,-0.025,0.026,2370,0
2278875,2.440,8.985,-2.251,0.063,-0.017,0.007,2370,0
2278895,2.385,9.124,-2.344,0.082,0.017,-0.034,2369,0
2278915,2.361,9.278,-2.160,0.068,0.052,-0.061,2371,0
2278935,2.253,9.311,-2.052,0.052,0.056,-0.068,2369,0
2278955,2.282,9.337,-2.021,0.047,0.014,-0.058,2371,0
2278975,2.303,9.404,-2.186,0.047,-0.023,-0.049,2370,0
2278995,2.294,9.409,-2.349,0.071,-0.030,-0.029,2369,0
2279015,2.301,9.409,-2.370,0.104,-0.010,-0.007,2370,0
2279035,2.274,9.359,-2.272,0.102,0.019,-0.001,2368,0
2279055,2.203,9.349,-2.203,0.062,0.016,-0.005,2369,0
2279075,2.219,9.261,-2.155,0.023,-0.011,0.006,2371,0
2279095,2.270,9.117,-2.195,0.033,-0.007,0.011,2369,0
2279115,2.241,9.160,-2.215,0.086,0.019,-0.012,2371,0
2279135,2.212,9.299,-2.107,0.099,0.024,-0.037,2369,0
2279155,2.184,9.321,-2.059,0.073,-0.001,-0.042,2371,0
2279175,2.243,9.292,-2.059,0.057,-0.034,-0.043,2369,0
2279195,2.243,9.337,-2.143,0.056,-0.048,-0.044,2369,0
2279215,2.274,9.450,-2.267,0.076,-0.054,-0.030,2370,0
2279235,2.274,9.462,-2.253,0.078,-0.026,-0.020,2371,0
2279255,2.248,9.491,-2.210,0.063,-0.021,-0.013,2370,0
2279275,2.260,9.397,-2.116,0.015,-0.034,-0.011,2370,0
2279295,2.284,9.309,-2.138,-0.004,-0.065,0.001,2369,0
2279315,2.301,9.208,-2.239,0.007,-0.067,0.005,2370,0
2279335,2.239,9.237,-2.344,0.058,-0.054,0.013,2370,0
2279355,2.210,9.313,-2.330,0.078,-0.032,-0.001,2370,0
2279375,2.191,9.318,-2.260,0.060,-0.020,-0.017,2369,0
2279395,2.191,9.380,-2.246,0.031,-0.038,-0.019,2369,0
2279415,2.246,9.371,-2.289,0.022,-0.050,-0.014,2370,0
2279435,2.277,9.354,-2.301,0.071,-0.039,-0.013,2369,0
2279455,2.282,9.433,-2.236,0.103,-0.017,-0.012,2370,0
2279475,2.270,9.464,-2.174,0.077,-0.012,-0.009,2370,0
2279495,2.306,9.436,-2.136,0.018,-0.028,0.006,2370,0
2279515,2.344,9.311,-2.145,-0.009,-0.035,0.015,2370,0
2279535,2.291,9.222,-2.181,0.003,-0.035,0.031,2370,0
2279555,2.272,9.170,-2.198,0.039,-0.033,0.027,2368,0
2279575,2.265,9.143,-2.224,0.059,-0.034,0.015,2369,0
2279595,2.200,9.206,-2.289,0.055,-0.029,-0.021,2370,0
2279615,2.203,9.258,-2.251,0.023,-0.041,-0.027,2369,0
2279635,2.215,9.397,-2.306,0.034,-0.030,-0.041,2370,0
2279655,2.193,9.407,-2.301,0.038,-0.007,-0.019,2370,0
2279675,2.227,9.436,-2.289,0.083,-0.008,-0.010,2369,0
2279695,2.258,9.369,-2.167,0.050,-0.013,-0.003,2370,0
2279715,2.294,9.342,-2.169,0.054,-0.027,-0.002,2371,0
2279735,2.296,9.301,-2.184,0.040,-0.031,-0.003,2370,0
2279755,2.265,9.268,-2.263,0.035,-0.042,0.005,2370,0
2279775,2.270,9.232,-2.354,0.044,-0.054,0.016,2368,0
2279795,2.251,9.225,-2.332,0.065,-0.037,0.011,2369,0
2279815,2.195,9.273,-2.365,0.084,-0.023,0.005,2370,0
2279835,2.176,9.373,-2.310,0.073,-0.005,-0.006,2370,0
2279855,2.205,9.404,-2.272,0.047,-0.001,-0.017,2370,0
2279875,2.217,9.390,-2.277,0.020,-0.002,-0.029,2369,0
2279895,2.258,9.373,-2.210,0.032,-0.016,-0.024,2371,0
2279915,2.258,9.335,-2.160,0.048,-0.016,-0.008,2370,0
2279935,2.260,9.366,-2.114,0.072,-0.023,0.015,2370,0
2279955,2.274,9.349,-2.145,0.056,-0.027,0.018,2370,0
2279975,2.286,9.258,-2.186,0.026,-0.044,0.030,2371,0
2279995,2.318,9.191,-2.162,0.018,-0.044,0.009,2371,0
2280015,2.298,9.215,-2.203,0.025,-0.046,-0.021,2370,0
2280035,2.231,9.361,-2.239,0.040,-0.059,-0.022,2370,0
2280055,2.263,9.397,-2.286,0.045,-0.057,-0.010,2369,0
2280075,2.291,9.361,-2.289,0.049,-0.039,0.004,2370,0
2280095,2.272,9.292,-2.267,0.034,-0.027,0.009,2369,0
2280115,2.306,9.261,-2.270,0.022,-0.046,0.006,2369,0
2280135,2.313,9.213,-2.344,0.018,-0.055,-0.005,2369,0
2280155,2.272,9.244,-2.389,0.048,-0.040,-0.013,2368,0
2280175,2.217,9.325,-2.332,0.071,-0.011,-0.010,2370,0
2280195,2.229,9.309,-2.272,0.057,0.009,-0.012,2370,0
2280215,2.231,9.309,-2.176,0.026,0.007,-0.017,2369,0
2280235,2.234,9.270,-2.148,0.010,-0.003,-0.026,2372,0
2280255,2.193,9.304,-2.095,0.026,-0.012,-0.025,2369,0
2280275,2.152,9.361,-2.057,0.054,-0.029,-0.011,2370,0
2280295,2.179,9.383,-2.112,0.060,-0.051,-0.003,2370,0
2280315,2.207,9.376,-2.200,0.047,-0.075,0.001,2371,0
2280335,2.253,9.313,-2.284,0.028,-0.075,0.001,2370,0
2280355,2.236,9.278,-2.286,0.038,-0.057,-0.006,2370,0
2280375,2.140,9.359,-2.265,0.031,-0.036,-0.008,2370,0
2280395,2.097,9.433,-2.207,0.035,-0.034,-0.006,2370,0
2280415,2.186,9.366,-2.231,0.018,-0.033,-0.008,2370,0
2280435,2.243,9.330,-2.239,0.017,-0.042,-0.011,2370,0
2280455,2.286,9.330,-2.241,0.015,-0.050,-0.009,2371,0
2280475,2.277,9.333,-2.219,0.031,-0.051,0.002,2369,0
2280495,2.284,9.347,-2.205,0.059,-0.049,0.019,2370,0
2280515,2.325,9.354,-2.236,0.054,-0.048,0.024,2370,0
2280535,2.339,9.266,-2.251,0.029,-0.048,0.020,2370,0
2280555,2.332,9.141,-2.231,0.019,-0.040,0.003,2369,0
2280575,2.246,9.234,-2.274,0.016,-0.028,-0.030,2371,0
2280595,2.219,9.443,-2.301,0.026,-0.036,-0.031,2369,0
2280615,2.301,9.462,-2.212,0.033,-0.027,-0.010,2369,0
2280635,2.349,9.397,-2.246,0.055,-0.026,0.008,2369,0
2280655,2.358,9.376,-2.255,0.034,-0.029,0.016,2369,0
2280675,2.330,9.311,-2.291,0.035,-0.040,0.028,2370,0
2280695,2.253,9.266,-2.251,0.037,-0.028,0.027,2372,0
2280715,2.184,9.294,-2.294,0.051,-0.021,0.022,2370,0
2280735,2.184,9.290,-2.306,0.049,-0.018,0.033,2369,0
2280755,2.229,9.177,-2.277,0.063,-0.007,0.029,2371,0
2280775,2.279,9.141,-2.164,0.064,0.003,0.003,2370,0
2280795,2.267,9.172,-2.150,0.048,-0.002,-0.021,2370,0
2280815,2.229,9.232,-2.124,0.032,-0.014,-0.029,2370,0
2280835,2.179,9.268,-2.121,0.036,-0.020,-0.029,2371,0
2280855,2.145,9.385,-2.105,0.056,-0.024,-0.015,2369,0
2280875,2.181,9.414,-2.109,0.060,-0.037,-0.013,2370,0
2280895,2.246,9.359,-2.157,0.044,-0.050,-0.016,2370,0
2280915,2.291,9.304,-2.236,0.040,-0.050,-0.014,2370,0
2280935,2.286,9.278,-2.279,0.041,-0.041,-0.014,2369,0
2280955,2.260,9.278,-2.217,0.038,-0.029,-0.013,2369,0
2280975,2.258,9.292,-2.212,0.046,-0.031,-0.013,2370,0
2280995,2.253,9.256,-2.229,0.038,-0.030,-0.017,2370,0
2281015,2.274,9.266,-2.253,0.032,-0.045,-0.016,2368,0
2281035,2.270,9.249,-2.243,0.031,-0.038,-0.028,2370,0
2281055,2.205,9.366,-2.229,0.060,-0.021,-0.030,2369,0
2281075,2.126,9.522,-2.179,0.082,-0.017,-0.025,2370,0
2281095,2.162,9.505,-2.140,0.070,-0.027,-0.011,2370,0
2281115,2.274,9.385,-2.124,0.044,-0.045,-0.010,2370,0
2281135,2.320,9.424,-2.164,0.031,-0.058,-0.023,2370,0
2281155,2.325,9.471,-2.253,0.042,-0.058,-0.011,2369,0
2281175,2.282,9.450,-2.246,0.053,-0.037,0.009,2368,0
2281195,2.260,9.371,-2.169,0.041,-0.024,0.028,2370,0
2281215,2.263,9.285,-2.198,0.006,-0.034,0.037,2369,0
2281235,2.248,9.177,-2.217,-0.014,-0.051,0.030,2368,0
2281255,2.260,9.129,-2.265,0.018,-0.052,0.010,2369,0
2281275,2.167,9.218,-2.282,0.066,-0.041,-0.006,2370,0
2281295,2.107,9.395,-2.274,0.082,-0.033,-0.015,2370,0
2281315,2.155,9.371,-2.169,0.056,-0.036,-0.011,2370,0
2281335,2.270,9.316,-2.107,0.038,-0.038,-0.008,2370,0
2281355,2.330,9.294,-2.162,0.030,-0.037,-0.002,2370,0
2281375,2.330,9.297,-2.217,0.039,-0.046,0.002,2369,0
2281395,2.272,9.347,-2.246,0.051,-0.044,0.001,2370,0
2281415,2.241,9.345,-2.260,0.046,-0.045,0.006,2370,0
2281435,2.270,9.287,-2.260,0.031,-0.050,0.014,2372,0
2281455,2.327,9.184,-2.234,0.028,-0.055,0.014,2369,0
2281475,2.342,9.163,-2.282,0.043,-0.058,0.004,2370,0
2281495,2.263,9.261,-2.313,0.076,-0.050,0.002,2371,0
2281515,2.234,9.359,-2.342,0.094,-0.042,-0.006,2371,0
2281535,2.191,9.390,-2.279,0.073,-0.037,0.000,2369,0
2281555,2.229,9.412,-2.263,0.062,-0.033,-0.006,2370,0
2281575,2.236,9.337,-2.219,0.034,-0.037,-0.003,2371,0
2281595,2.248,9.371,-2.229,0.047,-0.040,-0.006,2370,0
2281615,2.265,9.292,-2.241,0.041,-0.026,-0.001,2371,0
2281635,2.234,9.261,-2.241,0.052,-0.017,-0.003,2370,0
2281655,2.193,9.239,-2.157,0.027,-0.012,0.004,2370,0
2281675,2.169,9.242,-2.155,0.021,-0.022,-0.009,2371,0
2281695,2.143,9.297,-2.133,0.019,-0.047,-0.025,2370,0
2281715,2.188,9.318,-2.167,0.036,-0.067,-0.030,2372,0
2281735,2.236,9.321,-2.260,0.064,-0.067,-0.028,2370,0
2281755,2.301,9.301,-2.224,0.073,-0.047,-0.009,2370,0
2281775,2.289,9.371,-2.217,0.068,-0.029,-0.020,2371,0
2281795,2.229,9.402,-2.210,0.018,-0.037,-0.015,2370,0
2281815,2.191,9.462,-2.188,0.017,-0.054,-0.017,2372,0
2281835,2.205,9.436,-2.243,0.016,-0.057,-0.011,2369,0
2281855,2.241,9.481,-2.334,0.042,-0.055,-0.006,2370,0
2281875,2.274,9.409,-2.289,0.036,-0.037,0.009,2371,0
2281895,2.224,9.450,-2.248,0.038,-0.017,0.005,2371,0
2281915,2.246,9.325,-2.160,-0.004,-0.033,0.021,2370,0
2281935,2.234,9.306,-2.140,0.007,-0.048,0.011,2369,0
2281955,2.246,9.215,-2.152,0.001,-0.066,0.016,2370,0
2281975,2.251,9.225,-2.200,0.047,-0.076,0.011,2371,0
2281995,2.193,9.256,-2.255,0.049,-0.071,0.020,2371,0
2282015,2.195,9.184,-2.282,0.054,-0.071,0.020,2371,0
2282035,2.157,9.292,-2.301,0.027,-0.066,0.001,2372,0
2282055,2.222,9.210,-2.308,0.020,-0.065,-0.006,2370,0
2282075,2.195,9.258,-2.291,0.039,-0.048,-0.021,2370,0
2282095,2.215,9.321,-2.337,0.053,-0.041,-0.023,2372,0
2282115,2.246,9.364,-2.270,0.047,-0.027,-0.025,2370,0
2282135,2.298,9.337,-2.222,0.042,-0.027,-0.014,2372,0
2282155,2.272,9.438,-2.219,0.033,-0.020,-0.021,2370,0
2282175,2.274,9.419,-2.279,0.027,-0.033,-0.002,2372,0
2282195,2.315,9.366,-2.155,0.051,-0.030,0.010,2370,0
2282215,2.279,9.366,-2.179,0.071,-0.025,0.009,2369,0
2282235,2.267,9.369,-2.169,0.046,-0.028,0.017,2371,0
2282255,2.251,9.285,-2.181,0.021,-0.033,0.009,2373,0
2282275,2.239,9.251,-2.243,0.001,-0.041,-0.009,2372,0
2282295,2.200,9.330,-2.332,0.026,-0.039,-0.014,2371,0
2282315,2.234,9.354,-2.272,0.050,-0.025,0.001,2371,0
2282335,2.212,9.380,-2.272,0.067,-0.006,0.006,2369,0
2282355,2.212,9.352,-2.174,0.030,-0.010,0.012,2371,0
2282375,2.227,9.244,-2.157,0.011,-0.026,0.011,2371,0
2282395,2.203,9.242,-2.186,0.025,-0.033,0.000,2373,0
2282415,2.215,9.232,-2.217,0.053,-0.030,-0.005,2370,0
2282435,2.224,9.301,-2.200,0.072,-0.023,-0.006,2371,0
2282455,2.248,9.364,-2.152,0.044,-0.023,-0.018,2371,0
2282475,2.239,9.359,-2.124,0.009,-0.036,-0.020,2371,0
2282495,2.246,9.301,-2.131,0.011,-0.050,-0.002,2370,0
2282515,2.186,9.371,-2.181,0.047,-0.054,0.007,2370,0
2282535,2.172,9.361,-2.246,0.064,-0.050,0.021,2371,0
2282555,2.193,9.318,-2.255,0.066,-0.042,0.014,2372,0
2282575,2.188,9.263,-2.267,0.033,-0.041,0.004,2371,0
2282595,2.176,9.287,-2.179,0.021,-0.049,-0.002,2370,0
2282615,2.200,9.242,-2.193,0.037,-0.050,-0.001,2371,0
2282635,2.188,9.256,-2.236,0.065,-0.044,-0.012,2370,0
2282655,2.236,9.256,-2.200,0.055,-0.046,-0.022,2371,0
2282675,2.219,9.316,-2.184,0.030,-0.039,-0.034,2370,0
2282695,2.234,9.333,-2.172,0.003,-0.032,-0.035,2371,0
2282715,2.236,9.330,-2.152,0.001,-0.035,-0.031,2370,0
2282735,2.241,9.301,-2.143,0.003,-0.052,-0.027,2371,0
2282755,2.248,9.318,-2.229,0.034,-0.062,-0.030,2372,0
2282775,2.227,9.369,-2.320,0.056,-0.053,-0.016,2371,0
2282795,2.231,9.369,-2.318,0.066,-0.039,-0.005,2370,0
2282815,2.239,9.282,-2.248,0.042,-0.023,-0.008,2371,0
2282835,2.267,9.280,-2.169,0.033,-0.036,-0.022,2371,0
2282855,2.239,9.323,-2.169,0.041,-0.044,-0.037,2372,0
2282875,2.253,9.412,-2.195,0.063,-0.049,-0.029,2370,0
2282895,2.215,9.517,-2.224,0.071,-0.029,-0.017,2372,0
2282915,2.200,9.510,-2.198,0.044,-0.023,0.003,2372,0
2282935,2.143,9.462,-2.193,0.026,-0.023,0.013,2372,0
2282955,2.169,9.378,-2.109,0.027,-0.045,0.019,2371,0
2282975,2.210,9.258,-2.193,0.043,-0.050,0.015,2370,0
2282995,2.224,9.345,-2.234,0.074,-0.048,0.021,2371,0
2283015,2.263,9.361,-2.282,0.066,-0.023,0.010,2370,0
2283035,2.210,9.311,-2.260,0.039,-0.012,0.010,2371,0
2283055,2.224,9.306,-2.179,0.009,-0.007,-0.005,2371,0
2283075,2.157,9.282,-2.126,0.001,-0.026,-0.007,2371,0
2283095,2.164,9.304,-2.109,0.033,-0.049,0.002,2371,0
2283115,2.152,9.311,-2.191,0.067,-0.051,0.003,2371,0
2283135,2.181,9.282,-2.270,0.068,-0.058,0.023,2372,0
2283155,2.188,9.301,-2.296,0.061,-0.042,0.011,2371,0
2283175,2.160,9.278,-2.289,0.032,-0.031,-0.006,2371,0
2283195,2.191,9.294,-2.203,0.034,-0.026,-0.011,2371,0
2283215,2.210,9.282,-2.184,0.043,-0.023,-0.016,2371,0
2283235,2.186,9.340,-2.176,0.060,-0.033,-0.013,2371,0
2283255,2.215,9.380,-2.179,0.062,-0.037,-0.010,2370,0
2283275,2.217,9.404,-2.210,0.050,-0.039,-0.002,2371,0
2283295,2.222,9.345,-2.217,0.034,-0.035,-0.002,2370,0
2283315,2.243,9.285,-2.286,0.025,-0.037,-0.006,2371,0
2283335,2.231,9.258,-2.294,0.039,-0.031,-0.010,2371,0
2283355,2.239,9.287,-2.282,0.060,-0.019,-0.009,2370,0
2283375,2.253,9.294,-2.253,0.070,-0.018,-0.002,2371,0
2283395,2.263,9.268,-2.239,0.055,-0.026,-0.010,2370,0
2283415,2.255,9.359,-2.282,0.055,-0.035,-0.018,2371,0
2283435,2.284,9.416,-2.282,0.060,-0.024,-0.019,2370,0
2283455,2.277,9.452,-2.255,0.066,-0.007,-0.013,2371,0
2283475,2.255,9.414,-2.203,0.048,-0.002,0.002,2370,0
2283495,2.224,9.333,-2.145,0.026,-0.017,0.017,2370,0
2283515,2.222,9.254,-2.116,0.030,-0.026,0.008,2371,0
2283535,2.126,9.275,-2.107,0.046,-0.030,-0.001,2370,0
2283555,2.090,9.318,-2.100,0.058,-0.034,-0.007,2371,0
2283575,2.078,9.340,-2.119,0.040,-0.046,-0.003,2371,0
2283595,2.205,9.256,-2.160,0.031,-0.061,-0.008,2372,0
2283615,2.284,9.153,-2.184,0.021,-0.071,-0.029,2371,0
2283635,2.358,9.103,-2.239,0.034,-0.080,-0.050,2370,0
2283655,2.387,9.285,-2.559,0.030,-0.080,-0.066,2371,0
2283675,2.540,9.321,-3.548,-0.055,-0.072,-0.044,2371,0
2283695,2.854,9.637,-5.076,-0.041,0.083,-0.059,2372,0
2283715,3.110,10.254,-6.278,0.015,0.385,-0.050,2372,0
2283735,3.021,10.274,-7.594,-0.081,0.806,0.005,2372,0
2283755,2.921,9.972,-8.514,-0.108,1.241,0.055,2370,0
2283775,2.722,9.881,-8.492,-0.064,1.790,0.043,2371,0
2283797,2.169,9.651,-8.128,0.094,2.375,0.099,2368,0
2283815,1.894,9.431,-7.558,0.228,2.767,0.176,2372,0
2283835,1.676,8.976,-6.646,0.355,3.167,0.159,2370,0
2283855,1.168,8.734,-5.681,0.476,3.559,0.089,2367,0
2283875,0.575,8.626,-4.714,0.548,3.834,0.037,2371,0
2283895,0.019,8.533,-3.970,0.509,4.027,-0.011,2371,0
2283915,-0.464,8.260,-3.395,0.390,4.164,-0.091,2370,0
2283935,-0.713,7.887,-2.787,0.247,4.252,-0.191,2370,0
2283955,-1.049,7.539,-2.294,0.197,4.375,-0.351,2370,0
2283975,-1.571,7.745,-1.463,0.345,4.508,-0.570,2372,0
2283995,-2.047,8.284,-0.144,0.593,4.552,-0.742,2370,0
2284015,-2.401,8.624,0.922,0.699,4.382,-0.796,2371,0
2284035,-2.274,8.760,1.305,0.656,4.114,-0.809,2368,0
2284055,-1.745,10.135,3.160,0.936,3.806,-0.913,2368,0
2284075,-1.748,11.100,4.954,0.707,3.360,-0.859,2367,0
2284095,-1.745,10.554,4.930,0.585,2.764,-0.679,2365,0
2284115,-1.475,10.429,4.470,0.704,2.121,-0.471,2365,0
2284135,-0.668,11.188,4.654,0.904,1.542,-0.310,2361,0
2284155,-0.115,11.514,4.690,0.896,1.100,-0.217,2362,0
2284175,-0.022,11.313,4.226,0.793,0.711,-0.113,2361,0
2284195,0.338,11.083,3.402,0.499,0.350,-0.047,2363,0
2284215,0.644,10.858,2.658,0.215,0.045,-0.010,2363,0
2284235,1.089,10.467,1.834,0.027,-0.131,0.010,2363,0
2284255,1.362,10.034,1.085,-0.068,-0.242,0.016,2364,0
2284275,1.542,9.694,0.326,-0.086,-0.275,-0.036,2365,0
2284295,1.760,9.658,-0.311,-0.056,-0.256,-0.111,2366,0
2284315,1.762,9.957,-0.601,-0.021,-0.201,-0.156,2366,0
2284532,1.633,9.589,-0.457,0.079,-0.103,0.038,2367,0
2286185,1.932,9.641,-0.280,0.054,-0.071,-0.014,2365,0
2286205,1.927,9.677,-0.297,0.063,-0.054,-0.011,2365,0
2286225,1.870,9.680,-0.160,0.056,-0.034,0.004,2366,0
2286245,1.856,9.668,-0.129,0.041,-0.043,0.017,2365,0
2286265,1.942,9.644,-0.165,0.027,-0.061,0.021,2365,0
2286285,1.901,9.675,-0.172,0.024,-0.066,0.014,2365,0
2286305,1.805,9.706,-0.218,0.038,-0.061,0.009,2365,0
2286325,1.805,9.639,-0.268,0.046,-0.062,0.023,2365,0
2286345,1.927,9.610,-0.299,0.053,-0.059,0.015,2366,0
2286365,1.942,9.615,-0.350,0.035,-0.041,0.009,2364,0
2286385,1.932,9.577,-0.342,0.029,-0.017,0.009,2365,0
2286405,1.870,9.543,-0.268,0.029,0.007,0.005,2365,0
2286425,1.851,9.519,-0.153,0.036,0.005,0.005,2366,0
2286445,1.923,9.579,-0.098,0.055,-0.014,-0.008,2365,0
2286465,1.956,9.639,-0.124,0.053,-0.022,-0.004,2366,0
2286485,1.949,9.675,-0.213,0.057,-0.029,0.004,2366,0
2286505,1.863,9.692,-0.230,0.048,-0.018,0.008,2365,0
2286525,1.829,9.618,-0.151,0.040,-0.014,0.003,2366,0
2286545,1.851,9.618,-0.101,0.054,-0.030,0.002,2365,0
2286565,1.899,9.646,-0.110,0.060,-0.044,0.002,2367,0
2286585,1.863,9.613,-0.163,0.055,-0.044,0.010,2366,0
2286605,1.865,9.598,-0.184,0.057,-0.035,0.012,2366,0
2286625,1.829,9.675,-0.156,0.050,-0.026,-0.001,2366,0
2286645,1.877,9.603,-0.146,0.023,-0.041,-0.005,2366,0
2286665,1.968,9.567,-0.144,0.025,-0.054,-0.006,2365,0
2286685,1.935,9.601,-0.215,0.037,-0.051,-0.016,2366,0
2286705,1.832,9.625,-0.208,0.049,-0.048,-0.012,2366,0
2286725,1.848,9.641,-0.249,0.047,-0.046,-0.010,2366,0
2286745,1.908,9.613,-0.280,0.038,-0.041,-0.009,2366,0
2286765,1.997,9.565,-0.385,0.040,-0.027,-0.011,2365,0
2286785,2.030,9.550,-0.369,0.045,-0.005,-0.017,2366,0
2286805,1.968,9.541,-0.261,0.061,0.011,-0.018,2366,0
2286825,1.918,9.658,-0.244,0.080,0.009,-0.014,2366,0
2286845,1.839,9.819,-0.263,0.074,0.001,-0.013,2366,0
2286865,1.851,9.785,-0.206,0.062,0.007,-0.001,2366,0
2286885,1.846,9.687,-0.124,0.058,0.026,0.009,2366,0
2286905,1.863,9.577,-0.029,0.062,0.022,0.018,2365,0
2286925,1.911,9.527,0.010,0.066,-0.008,0.011,2365,0
2286945,1.930,9.510,-0.007,0.051,-0.041,-0.010,2366,0
2286965,1.827,9.670,-0.098,0.032,-0.047,-0.023,2366,0
2286985,1.702,9.852,-0.213,0.007,-0.030,-0.013,2366,0
2287005,1.709,9.711,-0.168,0.003,-0.027,0.022,2367,0
2287025,1.822,9.629,-0.158,0.039,-0.047,0.031,2365,0
2287045,1.963,9.699,-0.249,0.052,-0.078,0.030,2366,0
2287065,2.045,9.527,-0.211,0.043,-0.068,0.024,2366,0
2287085,1.987,9.510,-0.170,0.056,-0.040,0.004,2366,0
2287105,1.882,9.641,-0.163,0.044,-0.038,0.003,2366,0
2287125,1.887,9.620,-0.206,0.025,-0.065,0.006,2366,0
2287145,1.932,9.560,-0.247,0.032,-0.071,0.004,2367,0
2287165,1.894,9.639,-0.275,0.052,-0.053,-0.009,2366,0
2287185,1.798,9.697,-0.223,0.042,-0.034,-0.003,2367,0
2287205,1.817,9.589,-0.165,0.033,-0.045,0.001,2367,0
2287225,1.942,9.507,-0.129,0.028,-0.071,-0.014,2366,0
2287245,1.944,9.527,-0.180,0.044,-0.086,-0.028,2366,0
2287265,1.894,9.517,-0.237,0.067,-0.083,-0.027,2366,0
2287285,1.810,9.634,-0.275,0.075,-0.064,-0.028,2366,0
2287305,1.812,9.711,-0.263,0.050,-0.057,-0.022,2366,0
2287325,1.951,9.639,-0.318,0.023,-0.064,-0.018,2366,0
2287345,2.033,9.606,-0.294,0.024,-0.057,-0.023,2365,0
2287365,1.942,9.682,-0.304,0.036,-0.038,-0.035,2367,0
2287385,1.815,9.761,-0.283,0.035,-0.028,-0.027,2367,0
2287405,1.834,9.754,-0.239,0.035,-0.035,-0.012,2367,0
2287425,1.937,9.708,-0.232,0.030,-0.042,-0.011,2367,0
2287445,1.990,9.682,-0.223,0.028,-0.039,-0.006,2367,0
2287465,1.937,9.665,-0.180,0.036,-0.021,-0.001,2367,0
2287485,1.877,9.620,-0.101,0.036,-0.013,0.006,2367,0
2287505,1.851,9.615,-0.084,0.023,-0.028,0.019,2368,0
2287525,1.911,9.534,-0.086,0.016,-0.046,0.019,2366,0
2287545,1.946,9.546,-0.160,0.027,-0.055,0.008,2367,0
2287565,1.879,9.613,-0.227,0.033,-0.054,0.002,2367,0
2287585,1.803,9.627,-0.213,0.035,-0.044,0.004,2367,0
2287605,1.822,9.618,-0.232,0.046,-0.047,0.009,2367,0
2287625,1.896,9.656,-0.244,0.060,-0.062,0.014,2367,0
2287645,1.894,9.673,-0.273,0.058,-0.061,0.008,2366,0
2287665,1.863,9.629,-0.256,0.063,-0.051,0.003,2366,0
2287685,1.834,9.646,-0.283,0.064,-0.046,0.009,2367,0
2287705,1.889,9.670,-0.283,0.079,-0.051,0.023,2367,0
2287725,1.923,9.608,-0.280,0.076,-0.042,0.022,2366,0
2287745,1.908,9.491,-0.213,0.060,-0.036,0.022,2367,0
2287765,1.879,9.440,-0.201,0.059,-0.038,0.008,2367,0
2287785,1.856,9.515,-0.194,0.067,-0.053,-0.006,2367,0
2287805,1.894,9.610,-0.266,0.087,-0.057,-0.019,2367,0
2287825,1.908,9.747,-0.347,0.099,-0.038,-0.023,2367,0
2287845,1.903,9.814,-0.333,0.073,-0.010,-0.025,2367,0
2287865,1.915,9.708,-0.235,0.027,0.003,-0.022,2367,0
2287885,1.954,9.634,-0.156,0.009,-0.000,-0.025,2367,0
