810538,3.788,8.971,-1.116,0.040,-0.069,-0.032,2409,0
810558,3.747,9.064,-1.214,0.025,-0.059,-0.031,2410,0
810578,3.723,9.088,-1.243,0.036,-0.050,-0.017,2409,0
810598,3.809,9.100,-1.276,0.062,-0.045,-0.011,2409,0
810618,3.857,9.112,-1.329,0.060,-0.025,-0.015,2409,0
810638,3.809,9.108,-1.271,0.054,0.008,-0.013,2407,0
810658,3.759,9.084,-1.166,0.057,0.030,-0.005,2408,0
810678,3.687,9.074,-1.080,0.068,0.034,0.003,2408,0
810698,3.551,9.143,-1.065,0.060,0.034,0.005,2409,0
810718,3.357,9.225,-1.056,0.067,0.037,0.015,2409,0
810738,3.057,9.455,-0.994,0.108,0.040,0.052,2408,0
810758,2.708,9.811,-0.862,0.118,0.001,0.115,2410,0
810778,2.136,10.451,-0.754,0.116,-0.015,0.198,2412,0
810798,1.437,10.590,-0.189,0.072,0.028,0.296,2412,0
810818,1.369,10.307,0.271,0.112,0.058,0.395,2413,0
810838,1.650,10.506,0.867,0.242,-0.046,0.486,2412,0
810858,1.858,10.625,1.523,0.242,-0.175,0.573,2411,0
810878,1.946,10.508,1.987,0.237,-0.377,0.681,2409,0
810898,2.923,10.336,1.997,0.161,-0.701,0.713,2407,0
810918,3.567,10.460,2.021,0.061,-0.961,0.687,2404,0
810938,3.728,10.657,1.899,-0.199,-1.097,0.681,2400,0
810958,4.034,10.501,1.671,-0.494,-1.237,0.762,2401,0
810978,4.563,10.309,1.185,-0.729,-1.491,0.854,2398,0
810998,4.745,9.895,0.948,-1.009,-1.653,0.864,2400,0
811018,4.616,9.268,0.417,-1.182,-1.675,0.817,2400,0
811038,4.523,8.495,-0.110,-1.232,-1.772,0.793,2401,0
811058,4.992,8.169,-0.735,-1.145,-1.920,0.773,2400,0
811078,5.188,8.191,-1.125,-1.122,-1.986,0.717,2400,0
811098,5.045,7.920,-1.508,-1.177,-1.967,0.640,2399,0
811118,4.954,7.286,-1.925,-1.283,-1.936,0.588,2401,0
811138,5.037,6.977,-2.246,-1.309,-1.934,0.551,2402,0
811158,5.088,6.816,-2.485,-1.395,-1.887,0.475,2402,0
811178,5.227,6.543,-2.543,-1.419,-1.870,0.355,2400,0
811198,5.303,6.577,-2.507,-1.285,-1.793,0.188,2401,0
811218,4.985,6.778,-2.591,-1.173,-1.710,-0.010,2403,0
811238,4.456,6.843,-2.756,-1.102,-1.673,-0.092,2403,0
811258,4.132,7.187,-3.134,-1.028,-1.759,-0.014,2402,0
811278,4.197,7.575,-3.469,-1.014,-1.848,0.047,2404,0
811298,4.271,7.422,-3.565,-1.034,-1.798,0.026,2405,0
811318,4.465,7.020,-3.508,-1.026,-1.622,-0.031,2405,0
811338,4.525,6.668,-3.400,-0.919,-1.501,-0.118,2405,0
811358,4.413,6.661,-3.462,-0.774,-1.390,-0.247,2403,0
811378,4.326,6.812,-3.558,-0.700,-1.279,-0.411,2404,0
811398,4.252,7.290,-3.615,-0.539,-1.189,-0.518,2406,0
811418,4.233,7.551,-3.302,-0.358,-1.102,-0.548,2405,0
811438,4.032,7.891,-3.115,-0.247,-0.971,-0.576,2405,0
811458,3.864,8.162,-2.950,-0.184,-0.841,-0.658,2406,0
811478,3.637,8.868,-2.954,-0.071,-0.780,-0.716,2406,0
811498,3.658,9.189,-2.816,-0.039,-0.729,-0.659,2403,0
811518,3.575,9.567,-2.813,-0.002,-0.706,-0.534,2407,0
811538,3.716,9.737,-2.751,0.029,-0.675,-0.460,2404,0
811558,3.733,10.001,-2.614,0.123,-0.570,-0.449,2403,0
811578,3.757,10.195,-2.586,0.193,-0.422,-0.407,2404,0
811598,3.757,10.518,-2.679,0.248,-0.348,-0.316,2405,0
811618,3.792,10.580,-2.619,0.231,-0.316,-0.209,2406,0
811638,3.862,10.324,-2.550,0.190,-0.281,-0.098,2404,0
811658,3.989,9.862,-2.543,0.153,-0.264,-0.009,2403,0
811678,4.077,9.586,-2.567,0.088,-0.226,0.028,2405,0
811698,4.187,9.335,-2.557,0.029,-0.147,0.017,2406,0
811718,4.152,9.167,-2.485,0.036,-0.040,-0.007,2405,0
811738,4.058,9.105,-2.291,0.050,0.061,-0.025,2406,0
811758,3.881,9.074,-2.143,0.026,0.116,-0.034,2407,0
811778,3.795,9.136,-1.980,-0.004,0.120,-0.039,2406,0
811798,3.704,9.239,-1.824,-0.002,0.090,-0.025,2405,0
811818,3.666,9.199,-1.709,0.015,0.065,0.017,2405,0
811838,3.711,9.136,-1.650,0.044,0.038,0.069,2406,0
811858,3.742,9.084,-1.666,0.038,0.019,0.083,2406,0
811878,3.804,8.985,-1.628,0.030,0.010,0.078,2405,0
811898,3.745,8.918,-1.659,0.038,-0.001,0.089,2404,0
811918,3.745,8.792,-1.726,0.035,-0.008,0.096,2406,0
811938,3.797,8.696,-1.784,0.046,-0.013,0.086,2406,0
811958,3.754,8.583,-1.834,0.054,-0.010,0.063,2405,0
811978,3.709,8.605,-1.970,0.037,-0.014,0.052,2405,0
811998,3.826,8.598,-1.930,0.012,-0.015,0.038,2408,0
812018,3.924,8.543,-1.803,0.033,0.014,0.011,2406,0
812038,3.915,8.648,-1.755,0.082,0.023,-0.016,2406,0
812058,3.919,8.763,-1.798,0.084,-0.009,-0.017,2405,0
812078,3.970,8.775,-1.858,0.073,-0.041,0.004,2406,0
812098,3.986,8.712,-1.803,0.087,-0.037,-0.001,2405,0
812118,3.953,8.686,-1.750,0.125,-0.018,-0.022,2405,0
812138,3.898,8.806,-1.832,0.135,-0.018,-0.031,2406,0
812158,3.886,8.859,-1.939,0.085,-0.025,-0.032,2405,0
812178,3.922,8.827,-1.994,0.050,-0.028,-0.029,2404,0
812198,3.946,8.837,-1.968,0.060,-0.008,-0.033,2404,0
812218,3.867,8.882,-1.944,0.068,0.034,-0.041,2404,0
812238,3.814,8.868,-1.899,0.034,0.059,-0.043,2406,0
812258,3.859,8.851,-1.786,0.008,0.066,-0.048,2406,0
812278,3.855,8.894,-1.683,0.007,0.059,-0.062,2404,0
812298,3.816,8.950,-1.657,0.032,0.036,-0.062,2405,0
812318,3.785,9.017,-1.674,0.060,-0.001,-0.043,2406,0
812338,3.778,8.988,-1.705,0.055,-0.018,-0.029,2405,0
812358,3.838,8.954,-1.762,0.054,-0.026,-0.017,2403,0
812378,3.852,8.957,-1.772,0.059,-0.036,-0.015,2405,0
812398,3.871,8.945,-1.846,0.044,-0.036,-0.014,2404,0
812418,3.819,8.892,-1.975,0.027,-0.019,-0.016,2405,0
812438,3.802,8.871,-2.011,0.029,0.002,-0.020,2405,0
812458,3.814,8.868,-1.920,0.042,0.019,-0.030,2404,0
812478,3.771,8.873,-1.827,0.054,0.027,-0.030,2405,0
812498,3.759,8.875,-1.805,0.040,0.019,-0.030,2405,0
812518,3.807,8.880,-1.731,0.021,0.008,-0.038,2406,0
812538,3.831,8.938,-1.707,0.032,-0.003,-0.039,2404,0
812558,3.812,8.976,-1.724,0.049,-0.025,-0.028,2404,0
812578,3.776,9.019,-1.800,0.069,-0.046,-0.003,2405,0
812598,3.807,8.940,-1.899,0.067,-0.043,0.006,2405,0
812618,3.802,8.909,-1.911,0.058,-0.011,-0.009,2404,0
812638,3.788,8.866,-1.911,0.053,0.013,-0.018,2405,0
812658,3.766,8.906,-1.884,0.050,0.028,-0.018,2405,0
812678,3.759,8.875,-1.841,0.046,0.037,-0.025,2406,0
812698,3.745,8.871,-1.707,0.057,0.035,-0.030,2404,0
812718,3.757,8.806,-1.626,0.103,0.021,-0.040,2404,0
812738,3.723,8.875,-1.697,0.177,0.006,-0.044,2405,0
812758,3.735,8.969,-1.844,0.193,-0.026,-0.025,2405,0
812778,3.773,8.981,-1.911,0.159,-0.046,-0.007,2407,0
812798,3.792,8.957,-1.841,0.106,-0.027,-0.012,2405,0
812818,3.778,8.957,-1.800,0.064,0.004,-0.010,2405,0
812838,3.745,8.961,-1.844,0.022,-0.003,-0.007,2406,0
812858,3.771,8.882,-1.863,0.014,-0.034,-0.003,2405,0
812878,3.780,8.835,-1.870,0.049,-0.055,-0.004,2406,0
812898,3.788,8.914,-1.908,0.093,-0.059,0.002,2406,0
812918,3.780,8.981,-1.935,0.090,-0.051,0.011,2408,0
812938,3.768,8.976,-1.906,0.051,-0.038,0.010,2406,0
812958,3.776,8.880,-1.894,0.026,-0.031,0.006,2408,0
812978,3.773,8.859,-1.894,0.018,-0.031,0.004,2408,0
812998,3.733,8.847,-1.903,0.027,-0.037,0.004,2406,0
813018,3.721,8.823,-1.879,0.057,-0.044,0.009,2407,0
813038,3.716,8.815,-1.906,0.072,-0.043,-0.002,2406,0
813058,3.721,8.878,-1.903,0.054,-0.042,-0.016,2406,0
813078,3.790,8.854,-1.920,0.025,-0.039,-0.018,2406,0
813098,3.759,8.902,-1.906,0.028,-0.036,-0.017,2406,0
813118,3.764,8.897,-1.841,0.044,-0.036,-0.009,2405,0
813138,3.740,8.911,-1.839,0.058,-0.042,-0.001,2408,0
813158,3.766,8.890,-1.872,0.043,-0.052,-0.001,2406,0
813178,3.790,8.902,-1.903,0.033,-0.059,-0.009,2406,0
813198,3.768,8.918,-1.956,0.032,-0.059,-0.012,2407,0
813218,3.752,8.966,-2.018,0.047,-0.052,-0.003,2405,0
813238,3.757,8.938,-2.016,0.053,-0.039,0.001,2407,0
813258,3.807,8.892,-1.966,0.049,-0.028,0.004,2406,0
813278,3.785,8.856,-1.992,0.013,-0.028,0.002,2407,0
813298,3.730,8.801,-1.973,0.007,-0.027,-0.005,2408,0
813318,3.721,8.830,-1.956,0.022,-0.023,-0.014,2408,0
813338,3.723,8.892,-1.954,0.048,-0.024,-0.009,2408,0
813358,3.699,8.909,-1.877,0.050,-0.030,-0.002,2409,0
813378,3.716,8.897,-1.896,0.039,-0.042,-0.002,2406,0
813398,3.747,8.890,-1.899,0.035,-0.046,-0.007,2408,0
813418,3.790,8.875,-1.894,0.047,-0.045,-0.007,2405,0
813438,3.771,8.890,-1.920,0.061,-0.048,-0.002,2406,0
813458,3.795,8.911,-1.978,0.049,-0.051,-0.007,2408,0
813478,3.790,8.902,-2.014,0.033,-0.041,-0.008,2407,0
813498,3.797,8.890,-2.014,0.031,-0.017,-0.010,2407,0
813518,3.778,8.885,-1.973,0.029,-0.002,-0.014,2409,0
813538,3.773,8.873,-1.896,0.029,-0.001,-0.011,2406,0
813558,3.780,8.892,-1.844,0.031,-0.013,-0.010,2408,0
813578,3.740,8.871,-1.858,0.038,-0.026,-0.002,2409,0
813598,3.747,8.904,-1.860,0.042,-0.039,0.000,2408,0
813618,3.771,8.909,-1.877,0.051,-0.039,-0.001,2406,0
813638,3.792,8.916,-1.846,0.052,-0.034,0.002,2408,0
813658,3.790,8.885,-1.810,0.049,-0.038,0.005,2406,0
813678,3.797,8.863,-1.800,0.037,-0.048,0.002,2408,0
813698,3.780,8.873,-1.844,0.040,-0.052,-0.003,2408,0
813718,3.757,8.933,-1.853,0.052,-0.055,-0.002,2408,0
813738,3.742,8.971,-1.884,0.060,-0.058,0.010,2408,0
813758,3.759,8.897,-1.961,0.054,-0.062,0.022,2408,0
813778,3.747,8.839,-1.968,0.038,-0.056,0.015,2408,0
813798,3.761,8.806,-1.944,0.032,-0.047,-0.003,2408,0
813818,3.761,8.849,-1.968,0.036,-0.041,-0.011,2407,0
813838,3.757,8.894,-1.949,0.037,-0.044,-0.009,2407,0
813858,3.749,8.880,-1.963,0.043,-0.052,-0.004,2406,0
813878,3.778,8.885,-1.992,0.054,-0.046,-0.004,2408,0
813898,3.785,8.887,-1.980,0.050,-0.038,-0.006,2408,0
813918,3.754,8.916,-1.958,0.045,-0.027,-0.006,2409,0
813938,3.730,8.887,-1.951,0.041,-0.024,-0.006,2408,0
813958,3.733,8.897,-1.937,0.043,-0.025,-0.006,2408,0
813978,3.742,8.887,-1.944,0.044,-0.030,-0.002,2406,0
813998,3.768,8.873,-1.867,0.042,-0.037,-0.001,2408,0
814018,3.757,8.825,-1.870,0.046,-0.034,-0.001,2406,0
814038,3.771,8.815,-1.822,0.048,-0.034,-0.007,2407,0
814058,3.749,8.856,-1.918,0.038,-0.042,-0.016,2406,0
814078,3.733,8.923,-1.992,0.036,-0.048,-0.012,2405,0
814098,3.725,8.930,-2.002,0.043,-0.046,-0.005,2408,0
814118,3.733,8.873,-1.985,0.060,-0.034,0.000,2406,0
814138,3.733,8.878,-1.963,0.065,-0.028,-0.008,2407,0
814158,3.759,8.885,-1.992,0.040,-0.031,-0.017,2408,0
814178,3.747,8.942,-2.023,0.018,-0.037,-0.019,2407,0
814198,3.745,8.961,-2.042,0.032,-0.027,-0.012,2406,0
814218,3.737,8.983,-1.954,0.060,-0.020,-0.008,2408,0
814238,3.725,8.959,-1.939,0.060,-0.023,0.001,2407,0
814258,3.752,8.921,-1.923,0.034,-0.031,0.004,2408,0
814278,3.780,8.839,-1.879,0.018,-0.032,0.002,2407,0
814298,3.773,8.851,-1.889,0.039,-0.029,-0.002,2407,0
814318,3.754,8.906,-1.894,0.051,-0.034,-0.003,2410,0
814338,3.709,8.961,-1.923,0.041,-0.038,0.000,2408,0
814358,3.737,8.928,-1.930,0.031,-0.038,0.005,2407,0
814378,3.737,8.914,-1.939,0.040,-0.044,0.010,2407,0
814398,3.764,8.839,-1.942,0.048,-0.044,0.013,2408,0
814418,3.795,8.806,-1.958,0.055,-0.044,0.012,2408,0
814438,3.795,8.780,-1.968,0.047,-0.043,0.001,2406,0
814458,3.800,8.839,-1.980,0.040,-0.035,-0.011,2408,0
814478,3.730,8.914,-1.987,0.038,-0.021,-0.013,2409,0
814498,3.721,8.942,-1.970,0.044,-0.017,-0.003,2406,0
814518,3.764,8.923,-1.927,0.044,-0.024,0.004,2409,0
814538,3.757,8.899,-1.923,0.037,-0.031,0.006,2406,0
814558,3.797,8.861,-1.942,0.036,-0.041,0.003,2408,0
814578,3.788,8.844,-1.908,0.046,-0.031,0.002,2406,0
814598,3.766,8.873,-1.949,0.051,-0.028,-0.001,2408,0
814618,3.749,8.914,-1.951,0.043,-0.030,-0.000,2408,0
814638,3.716,8.878,-1.903,0.033,-0.020,0.003,2410,0
814658,3.697,8.854,-1.872,0.043,-0.019,0.005,2408,0
814678,3.697,8.847,-1.882,0.038,-0.034,-0.004,2407,0
814698,3.711,8.825,-1.951,0.026,-0.054,-0.002,2408,0
814718,3.773,8.801,-1.956,0.032,-0.056,-0.006,2408,0
814738,3.783,8.806,-1.932,0.047,-0.043,-0.011,2411,0
814758,3.747,8.854,-1.918,0.064,-0.035,-0.012,2410,0
814778,3.716,8.897,-1.968,0.042,-0.039,-0.015,2409,0
814798,3.704,8.909,-2.004,0.022,-0.045,-0.009,2410,0
814818,3.723,8.897,-2.030,0.027,-0.049,-0.003,2409,0
814838,3.733,8.954,-2.004,0.044,-0.056,0.002,2411,0
814858,3.800,8.985,-1.980,0.062,-0.068,0.007,2414,0
814878,3.859,8.973,-2.016,0.064,-0.050,0.010,2412,0
814898,3.855,8.878,-1.978,0.064,-0.011,0.004,2413,0
814918,3.807,8.878,-1.994,0.046,0.015,-0.007,2413,0
814938,3.764,8.892,-1.935,0.000,0.022,-0.011,2412,0
814958,3.757,8.868,-1.853,-0.012,0.015,-0.008,2412,0
814978,3.711,8.935,-1.918,0.022,-0.002,0.005,2413,0
814998,3.654,8.923,-1.903,0.050,-0.031,0.005,2411,0
815018,3.723,8.952,-1.927,0.058,-0.057,0.008,2411,0
815038,3.754,8.875,-1.915,0.056,-0.061,0.009,2412,0
815058,3.773,8.842,-1.961,0.047,-0.054,0.007,2411,0
815078,3.771,8.827,-2.006,0.039,-0.046,0.005,2411,0
815098,3.778,8.832,-2.016,0.033,-0.032,-0.004,2412,0
815118,3.785,8.851,-1.990,0.041,-0.016,-0.014,2410,0
815138,3.752,8.921,-1.915,0.048,-0.012,-0.011,2412,0
815158,3.783,8.904,-1.856,0.039,-0.013,-0.007,2411,0
815178,3.812,8.878,-1.860,0.032,-0.012,-0.010,2411,0
815198,3.812,8.878,-1.834,0.025,-0.017,-0.013,2411,0
815218,3.797,8.892,-1.848,0.017,-0.024,-0.011,2412,0
815238,3.785,8.897,-1.863,0.019,-0.032,-0.003,2412,0
815258,3.749,8.904,-1.889,0.029,-0.039,-0.000,2412,0
815278,3.749,8.969,-1.963,0.040,-0.045,0.005,2411,0
815298,3.757,8.973,-1.987,0.038,-0.039,0.009,2410,0
815318,3.780,8.894,-1.946,0.040,-0.027,0.009,2412,0
815338,3.807,8.825,-1.920,0.053,-0.020,0.004,2412,0
815358,3.814,8.851,-1.937,0.052,-0.027,0.001,2411,0
815378,3.785,8.911,-1.944,0.028,-0.032,-0.005,2412,0
815398,3.745,8.930,-1.966,0.031,-0.029,0.000,2411,0
815418,3.745,8.938,-1.973,0.053,-0.025,0.009,2411,0
815438,3.790,8.904,-1.970,0.054,-0.024,0.015,2412,0
815458,3.824,8.849,-1.949,0.043,-0.017,0.014,2410,0
815478,3.783,8.813,-1.956,0.030,-0.011,0.007,2412,0
815498,3.723,8.768,-1.944,0.026,-0.017,0.006,2410,0
815518,3.766,8.748,-1.951,0.028,-0.018,0.006,2411,0
815538,3.752,8.715,-1.906,0.031,-0.011,-0.011,2409,0
815558,3.706,8.756,-1.915,0.034,-0.008,-0.033,2411,0
815578,3.723,8.849,-1.963,0.029,-0.020,-0.036,2410,0
815598,3.771,8.890,-1.975,0.031,-0.024,-0.027,2410,0
815618,3.802,8.868,-1.920,0.044,-0.011,-0.022,2411,0
815638,3.773,8.909,-1.901,0.057,-0.008,-0.024,2412,0
815658,3.771,8.954,-1.932,0.037,-0.012,-0.024,2412,0
815678,3.761,8.971,-1.901,0.025,-0.012,-0.024,2413,0
815698,3.759,9.029,-1.946,0.033,-0.017,-0.022,2410,0
815718,3.780,9.064,-1.899,0.049,-0.017,-0.010,2412,0
815738,3.790,9.041,-1.884,0.052,-0.013,0.007,2411,0
815758,3.840,8.945,-1.856,0.042,-0.010,0.014,2412,0
815778,3.838,8.873,-1.865,0.034,-0.011,0.009,2408,0
815798,3.807,8.926,-1.824,0.027,-0.005,0.001,2412,0
815818,3.728,8.961,-1.793,0.028,-0.007,0.007,2411,0
815838,3.701,8.935,-1.781,0.030,-0.021,0.022,2410,0
815858,3.716,8.844,-1.774,0.035,-0.045,0.029,2410,0
815878,3.742,8.782,-1.839,0.048,-0.065,0.023,2411,0
815898,3.780,8.787,-1.879,0.066,-0.066,0.017,2411,0
815918,3.740,8.842,-1.889,0.063,-0.057,0.011,2411,0
815938,3.757,8.854,-1.932,0.043,-0.053,0.013,2411,0
815958,3.797,8.815,-1.896,0.021,-0.046,0.006,2410,0
815978,3.800,8.813,-1.884,0.031,-0.036,-0.005,2412,0
815998,3.802,8.866,-1.867,0.049,-0.037,-0.004,2411,0
816018,3.819,8.897,-1.870,0.051,-0.046,0.000,2411,0
816038,3.867,8.897,-1.935,0.033,-0.044,0.003,2409,0
816058,3.881,8.902,-1.927,0.026,-0.033,0.002,2409,0
816078,3.857,8.930,-1.918,0.019,-0.022,-0.004,2410,0
816098,3.881,8.918,-1.877,0.029,-0.019,0.007,2410,0
816118,3.917,8.878,-1.906,0.035,-0.024,0.013,2410,0
816138,3.888,8.832,-1.939,0.027,-0.024,0.005,2411,0
816158,3.881,8.792,-1.954,0.021,-0.014,0.001,2410,0
816178,3.862,8.772,-1.935,0.029,-0.002,-0.003,2410,0
816198,3.847,8.772,-2.040,0.027,-0.003,-0.015,2410,0
816218,3.936,8.724,-2.105,0.036,-0.024,-0.011,2410,0
816238,3.996,8.590,-2.203,0.073,-0.038,-0.006,2409,0
816258,4.123,8.475,-2.377,0.107,-0.042,-0.018,2410,0
816278,4.144,8.631,-2.708,0.102,-0.059,-0.050,2409,0
816298,4.077,8.744,-3.184,0.055,-0.065,-0.064,2410,0
816318,3.912,8.815,-3.831,0.039,-0.092,-0.022,2411,0
816338,3.692,8.617,-4.707,0.061,-0.120,0.030,2410,0
816358,3.661,8.406,-5.547,0.092,-0.129,0.112,2414,0
816378,3.677,8.219,-6.349,0.150,-0.083,0.174,2416,0
816398,3.666,7.848,-7.302,0.308,0.100,0.201,2421,0
816418,3.656,7.913,-7.829,0.499,0.399,0.163,2426,0
816438,3.570,7.875,-8.025,0.626,0.690,0.088,2430,0
816458,3.412,7.903,-7.963,0.694,1.015,0.035,2432,0
816478,3.141,7.944,-7.609,0.689,1.312,-0.013,2433,0
816498,2.978,7.728,-7.149,0.644,1.614,-0.100,2436,0
816518,2.818,7.503,-6.651,0.691,1.929,-0.212,2437,0
816538,2.693,7.767,-6.177,0.800,2.252,-0.360,2437,0
816558,2.365,8.064,-5.358,0.845,2.593,-0.560,2439,0
816578,1.932,8.490,-4.403,0.960,2.935,-0.756,2436,0
816598,1.518,9.184,-3.486,1.077,3.165,-0.961,2436,0
816618,0.974,9.543,-2.468,1.104,3.247,-1.052,2434,0
816638,0.575,10.034,-1.635,1.017,3.234,-1.030,2431,0
816658,0.644,10.487,-0.745,1.054,3.061,-0.990,2429,0
816678,0.453,10.633,0.117,1.133,2.948,-0.988,2427,0
816698,0.089,10.678,1.037,1.051,3.025,-0.965,2420,0
816718,-0.134,11.207,1.844,0.961,2.987,-0.903,2419,0
816738,-0.127,11.660,2.842,0.790,2.706,-0.794,2416,0
816758,-0.189,11.712,3.663,0.620,2.308,-0.588,2414,0
816778,0.211,11.629,3.704,0.450,1.923,-0.366,2411,0
816798,0.833,11.413,3.594,0.356,1.468,-0.208,2410,0
816818,1.398,10.994,3.481,0.343,1.095,-0.119,2410,0
816838,1.662,10.740,2.947,0.314,0.909,-0.060,2408,0
816858,1.982,10.369,2.284,0.172,0.730,-0.026,2407,0
816878,2.344,10.013,1.733,0.031,0.557,-0.015,2407,0
816898,2.670,9.957,1.403,-0.054,0.495,-0.047,2409,0
816918,2.672,9.816,1.106,-0.131,0.496,-0.076,2409,0
816938,2.725,9.582,0.764,-0.160,0.466,-0.076,2407,0
816958,2.840,9.421,0.304,-0.146,0.353,-0.070,2407,0
816978,3.021,9.500,-0.115,-0.123,0.235,-0.055,2407,0
816998,3.182,9.498,-0.393,-0.116,0.188,-0.018,2406,0
817018,3.266,9.299,-0.486,-0.119,0.198,0.015,2408,0
817038,3.290,9.146,-0.462,-0.112,0.204,0.025,2407,0
817058,3.414,9.177,-0.373,-0.108,0.196,0.014,2406,0
817078,3.366,9.280,-0.254,-0.109,0.169,0.016,2407,0
817098,3.373,9.206,-0.168,-0.071,0.110,0.042,2406,0
817118,3.354,9.122,-0.160,0.022,0.033,0.094,2405,0
817138,3.443,9.115,-0.211,0.103,-0.035,0.133,2406,0
817158,3.536,9.093,-0.297,0.145,-0.084,0.146,2404,0
817178,3.517,9.074,-0.438,0.126,-0.105,0.141,2403,0
817198,3.433,9.019,-0.596,0.078,-0.110,0.139,2405,0
817218,3.522,8.942,-0.673,0.045,-0.126,0.120,2407,0
817238,3.685,8.902,-0.730,0.065,-0.136,0.086,2405,0
817258,3.632,8.957,-0.749,0.085,-0.107,0.050,2405,0
817278,3.488,8.916,-0.816,0.063,-0.073,0.041,2407,0
817298,3.512,8.971,-0.867,0.074,-0.082,0.061,2406,0
817318,3.570,9.048,-0.871,0.060,-0.088,0.066,2405,0
817338,3.551,8.957,-0.845,0.019,-0.059,0.052,2406,0
817358,3.536,8.863,-0.826,0.013,-0.044,0.038,2405,0
817378,3.582,8.815,-0.809,0.018,-0.054,0.014,2405,0
817398,3.630,8.871,-0.781,0.044,-0.056,-0.011,2403,0
817418,3.682,9.024,-0.761,0.057,-0.048,-0.037,2405,0
817438,3.637,9.234,-0.721,0.084,-0.050,-0.038,2405,0
