2309725,2.265,9.464,-2.128,-0.051,-0.070,-0.013,2371,0
2309745,2.231,9.335,-1.968,0.008,-0.095,-0.007,2371,0
2309765,2.282,9.182,-1.923,0.061,-0.125,-0.013,2371,0
2309785,2.248,9.342,-1.994,0.123,-0.098,-0.021,2371,0
2309805,2.260,9.419,-1.949,0.102,-0.063,-0.011,2371,0
2309825,2.172,9.299,-1.946,0.018,-0.026,-0.009,2371,0
2309845,2.119,9.222,-1.925,-0.074,-0.031,-0.026,2370,0
2309865,2.037,9.148,-1.899,-0.118,-0.023,-0.055,2371,0
2309885,1.954,9.337,-1.769,-0.034,-0.026,-0.056,2371,0
2309905,1.846,9.510,-1.528,0.092,-0.049,-0.022,2371,0
2309925,1.769,9.596,-1.482,0.190,-0.116,0.001,2370,0
2309945,1.824,9.646,-1.551,0.182,-0.183,0.031,2371,0
2309965,2.045,9.404,-1.674,0.080,-0.203,0.043,2370,0
2309985,2.272,9.026,-1.784,-0.035,-0.181,-0.001,2370,0
2310005,2.354,9.064,-1.925,-0.072,-0.133,-0.065,2371,0
2310025,2.246,9.261,-2.054,-0.078,-0.085,-0.113,2371,0
2310045,2.064,9.412,-1.970,-0.029,-0.058,-0.124,2370,0
2310065,1.946,9.632,-1.824,0.034,-0.053,-0.123,2374,0
2310085,1.889,9.881,-1.844,0.067,-0.070,-0.098,2371,0
2310105,1.946,9.814,-1.822,0.043,-0.093,-0.016,2373,0
2310125,2.088,9.471,-1.846,0.039,-0.093,0.038,2371,0
2310145,2.236,9.237,-1.944,0.010,-0.088,0.014,2373,0
2310165,2.274,9.175,-2.083,-0.003,-0.066,-0.032,2370,0
2310185,2.136,9.464,-2.002,0.041,-0.011,-0.078,2371,0
2310205,1.808,9.759,-1.765,0.063,0.046,-0.088,2370,0
2310225,1.650,9.898,-1.654,0.091,0.031,-0.045,2371,0
2310245,1.786,9.931,-1.614,0.046,-0.008,0.025,2373,0
2310265,2.016,9.433,-1.635,-0.022,-0.024,0.085,2371,0
2310285,2.231,8.940,-1.712,-0.021,-0.015,0.061,2371,0
2310305,2.279,8.866,-1.765,0.008,0.009,-0.009,2373,0
2310325,2.145,9.146,-1.721,0.034,0.017,-0.071,2371,0
2310345,1.915,9.500,-1.609,0.019,0.013,-0.102,2372,0
2310365,1.834,9.716,-1.542,0.011,-0.029,-0.067,2372,0
2310385,1.839,9.658,-1.592,0.035,-0.066,-0.009,2372,0
2310405,1.846,9.627,-1.765,0.090,-0.087,0.028,2372,0
2310425,1.994,9.407,-1.856,0.097,-0.082,0.051,2371,0
2310445,2.095,9.134,-1.858,0.091,-0.056,0.024,2373,0
2310465,2.136,9.141,-1.875,0.077,-0.019,-0.047,2373,0
2310485,2.049,9.340,-1.824,0.024,-0.011,-0.100,2373,0
2310505,2.035,9.483,-1.810,0.008,-0.015,-0.099,2372,0
2310525,2.009,9.620,-1.796,0.050,-0.007,-0.064,2372,0
2310545,1.913,9.697,-1.776,0.097,0.014,-0.031,2371,0
2310565,1.836,9.565,-1.726,0.091,0.012,-0.008,2372,0
2310585,1.858,9.500,-1.681,0.076,0.002,-0.010,2373,0
2310605,1.899,9.481,-1.666,0.045,-0.014,-0.030,2373,0
2310625,1.963,9.603,-1.635,0.030,-0.039,-0.038,2374,0
2310645,2.030,9.620,-1.587,0.023,-0.033,-0.029,2373,0
2310665,1.987,9.625,-1.518,0.014,-0.019,-0.024,2372,0
2310685,1.992,9.627,-1.595,-0.015,-0.043,-0.011,2373,0
2310705,2.076,9.553,-1.609,-0.033,-0.065,-0.006,2372,0
2310725,2.102,9.596,-1.559,-0.014,-0.070,-0.001,2372,0
2310745,1.963,9.641,-1.535,0.012,-0.070,0.038,2372,0
2310765,1.827,9.665,-1.590,0.014,-0.091,0.084,2373,0
2310785,1.856,9.572,-1.721,-0.004,-0.109,0.083,2372,0
2310805,1.896,9.512,-1.832,-0.019,-0.107,0.052,2372,0
2310825,1.927,9.584,-1.762,-0.012,-0.087,0.041,2371,0
2310845,1.872,9.572,-1.714,-0.028,-0.079,0.065,2374,0
2310865,1.832,9.471,-1.647,-0.033,-0.100,0.091,2373,0
2310885,1.832,9.378,-1.695,-0.016,-0.121,0.089,2373,0
2310905,1.879,9.428,-1.817,0.039,-0.130,0.063,2372,0
2310925,1.915,9.448,-1.774,0.064,-0.097,0.045,2373,0
2310945,1.918,9.234,-1.645,0.056,-0.073,0.065,2373,0
2310965,2.002,9.050,-1.523,0.062,-0.080,0.059,2373,0
2310985,2.119,9.172,-1.530,0.070,-0.104,-0.013,2371,0
2311005,2.148,9.474,-1.614,0.048,-0.135,-0.037,2372,0
2311025,2.128,9.500,-1.750,0.026,-0.129,-0.019,2372,0
2311045,2.088,9.426,-1.774,0.040,-0.083,0.006,2372,0
2311065,2.021,9.352,-1.690,0.040,-0.042,0.009,2373,0
2311085,2.025,9.273,-1.714,0.064,-0.032,-0.019,2374,0
2311105,2.172,9.266,-1.760,0.116,-0.046,-0.052,2372,0
2311125,2.203,9.452,-1.906,0.173,-0.055,-0.056,2372,0
2311145,2.109,9.658,-2.071,0.167,-0.041,-0.044,2372,0
2311165,1.867,9.711,-2.047,0.095,-0.006,-0.018,2373,0
2311185,1.721,9.670,-1.966,0.044,0.023,-0.006,2372,0
2311205,1.769,9.562,-1.867,0.037,0.022,-0.006,2372,0
2311225,1.973,9.376,-1.844,0.074,-0.009,-0.004,2372,0
2311245,2.100,9.292,-1.894,0.138,-0.010,-0.011,2372,0
2311265,2.105,9.476,-1.870,0.170,0.008,-0.008,2372,0
2311285,2.052,9.606,-1.796,0.136,0.020,-0.010,2373,0
2311305,2.088,9.586,-1.714,0.088,0.011,-0.009,2371,0
2311325,2.138,9.524,-1.683,0.066,-0.007,-0.006,2371,0
2311345,2.116,9.414,-1.702,0.070,-0.007,0.007,2373,0
2311365,2.069,9.390,-1.724,0.100,0.001,0.011,2373,0
2311385,2.011,9.340,-1.662,0.084,0.005,0.018,2371,0
2311405,1.956,9.404,-1.674,0.054,-0.015,0.018,2372,0
2311425,1.985,9.409,-1.767,0.012,-0.040,0.013,2373,0
2311445,1.939,9.455,-1.903,-0.001,-0.040,0.009,2373,0
2311465,1.911,9.400,-1.946,0.010,-0.022,0.022,2372,0
2311485,1.923,9.330,-1.927,0.059,0.009,0.016,2371,0
2311505,2.073,9.383,-1.829,0.070,-0.002,-0.001,2373,0
2311525,2.203,9.392,-1.705,0.049,-0.032,-0.025,2372,0
2311545,2.203,9.426,-1.717,0.032,-0.076,-0.038,2372,0
2311565,2.160,9.493,-1.815,0.063,-0.104,-0.031,2374,0
2311585,2.045,9.584,-1.973,0.112,-0.106,-0.012,2372,0
2311605,1.968,9.701,-2.052,0.153,-0.088,-0.006,2374,0
2311625,1.954,9.720,-2.035,0.139,-0.068,0.010,2374,0
2311645,2.037,9.594,-1.920,0.110,-0.050,0.015,2373,0
2311665,2.061,9.567,-1.879,0.043,-0.022,0.014,2372,0
2311685,2.085,9.507,-1.887,-0.007,-0.023,0.031,2373,0
2311705,2.100,9.436,-1.872,-0.028,-0.020,0.037,2373,0
2311725,2.028,9.404,-1.918,-0.013,-0.026,0.030,2374,0
2311745,1.980,9.440,-1.927,0.010,-0.041,0.025,2374,0
2311765,2.004,9.404,-1.896,0.017,-0.058,0.032,2374,0
2311785,2.073,9.313,-1.846,0.015,-0.075,0.046,2373,0
2311805,2.071,9.309,-1.923,0.031,-0.074,0.042,2373,0
2311825,2.040,9.433,-1.958,0.046,-0.079,0.037,2372,0
2311845,1.923,9.531,-1.987,0.066,-0.075,0.035,2373,0
2311865,1.882,9.562,-1.923,0.105,-0.078,0.043,2372,0
2311885,1.858,9.522,-1.906,0.122,-0.087,0.071,2373,0
2311905,1.997,9.402,-1.877,0.125,-0.100,0.084,2373,0
2311925,2.138,9.129,-1.879,0.080,-0.093,0.063,2374,0
2311945,2.184,9.115,-1.896,0.055,-0.069,0.006,2373,0
2311965,2.203,9.249,-1.946,-0.002,-0.053,-0.042,2374,0
2311985,2.174,9.376,-1.990,-0.042,-0.037,-0.072,2373,0
2312005,2.157,9.419,-2.021,-0.051,-0.008,-0.082,2372,0
2312025,2.033,9.474,-1.975,-0.027,0.022,-0.076,2373,0
2312045,1.990,9.436,-1.820,-0.020,0.024,-0.051,2372,0
2312065,2.042,9.354,-1.695,-0.003,-0.001,-0.046,2375,0
2312085,1.990,9.467,-1.697,0.005,-0.020,-0.062,2374,0
2312105,1.923,9.661,-1.741,-0.003,-0.052,-0.051,2372,0
2312125,1.985,9.641,-1.647,0.001,-0.071,-0.022,2372,0
2312145,2.066,9.615,-1.686,0.004,-0.085,0.013,2372,0
2312165,2.152,9.517,-1.733,0.005,-0.107,0.042,2371,0
2312185,2.243,9.330,-1.815,0.018,-0.116,0.041,2373,0
2312205,2.241,9.234,-1.966,0.032,-0.112,0.032,2373,0
2312225,2.188,9.380,-1.980,0.043,-0.096,0.017,2372,0
2312245,2.148,9.354,-1.901,0.027,-0.070,0.016,2372,0
2312265,2.107,9.433,-1.815,0.029,-0.056,0.017,2372,0
2312285,2.112,9.440,-1.784,0.024,-0.067,0.033,2372,0
2312305,2.059,9.495,-1.798,0.057,-0.079,0.042,2372,0
2312325,2.018,9.579,-1.856,0.069,-0.092,0.054,2373,0
2312345,1.997,9.553,-1.935,0.066,-0.092,0.062,2372,0
2312365,2.097,9.507,-1.932,0.069,-0.084,0.057,2373,0
2312385,2.133,9.486,-1.970,0.055,-0.077,0.057,2374,0
2312405,2.184,9.364,-2.009,0.057,-0.081,0.062,2373,0
2312425,2.188,9.244,-2.133,0.064,-0.062,0.057,2371,0
2312445,2.181,9.299,-2.162,0.108,-0.022,0.038,2372,0
2312465,2.138,9.488,-2.030,0.115,0.034,0.011,2372,0
2312485,2.105,9.546,-1.870,0.074,0.046,0.029,2373,0
2312505,2.210,9.584,-1.788,0.063,0.030,0.047,2372,0
2312525,2.298,9.445,-1.781,0.042,0.026,0.062,2371,0
2312545,2.289,9.323,-1.762,0.075,0.015,0.081,2372,0
2312565,2.327,9.301,-1.796,0.099,0.015,0.075,2373,0
2312585,2.258,9.290,-1.865,0.084,0.023,0.050,2372,0
2312605,2.248,9.342,-1.865,0.060,0.030,0.027,2372,0
2312625,2.267,9.330,-1.822,0.030,0.040,0.014,2373,0
2312645,2.289,9.263,-1.803,0.023,0.045,0.009,2373,0
2312665,2.277,9.299,-1.779,0.033,0.046,0.016,2372,0
2312685,2.229,9.369,-1.887,0.051,0.056,0.019,2372,0
2312705,2.174,9.421,-1.879,0.065,0.064,0.028,2373,0
2312725,2.140,9.325,-1.810,0.054,0.070,0.029,2374,0
2312745,2.157,9.261,-1.836,0.034,0.062,0.017,2373,0
2312765,2.140,9.323,-1.925,0.003,0.051,-0.015,2370,0
2312785,2.195,9.287,-1.999,0.010,0.071,-0.036,2373,0
2312805,2.251,9.251,-1.949,0.065,0.110,-0.039,2373,0
2312825,2.315,9.210,-1.920,0.067,0.139,-0.053,2372,0
2312845,2.406,9.091,-1.851,0.027,0.143,-0.070,2372,0
2312865,2.382,9.084,-1.753,-0.014,0.140,-0.099,2372,0
2312885,2.260,9.177,-1.779,-0.033,0.137,-0.121,2372,0
2312905,2.100,9.340,-1.738,-0.004,0.125,-0.117,2373,0
2312925,2.088,9.438,-1.623,0.056,0.113,-0.100,2373,0
2312945,2.131,9.402,-1.563,0.075,0.079,-0.084,2374,0
2312965,2.231,9.313,-1.585,0.071,0.024,-0.069,2374,0
2312985,2.330,9.285,-1.647,0.055,-0.016,-0.087,2372,0
2313005,2.282,9.323,-1.765,0.052,-0.018,-0.103,2373,0
2313025,2.193,9.493,-1.856,0.090,-0.019,-0.087,2373,0
2313045,2.188,9.620,-1.875,0.110,-0.014,-0.071,2374,0
2313065,2.193,9.622,-1.920,0.101,-0.022,-0.064,2373,0
2313085,2.222,9.649,-1.935,0.085,-0.035,-0.060,2373,0
2313105,2.234,9.658,-1.915,0.083,-0.040,-0.045,2374,0
2313125,2.150,9.673,-1.894,0.115,-0.026,-0.019,2373,0
2313145,2.078,9.675,-1.908,0.123,-0.033,0.017,2373,0
2313165,2.174,9.517,-2.023,0.112,-0.066,0.012,2373,0
2313185,2.155,9.495,-2.140,0.111,-0.088,-0.017,2372,0
2313205,2.133,9.464,-2.150,0.159,-0.110,-0.008,2373,0
2313225,2.035,9.407,-2.145,0.216,-0.116,0.005,2374,0
2313245,2.040,9.433,-2.253,0.235,-0.126,0.025,2372,0
2313265,2.184,9.467,-2.253,0.223,-0.107,0.060,2374,0
2313285,2.258,9.409,-2.128,0.184,-0.057,0.080,2372,0
2313305,2.231,9.349,-2.085,0.127,-0.038,0.098,2372,0
2313325,2.239,9.290,-2.014,0.055,-0.040,0.097,2372,0
2313345,2.176,9.165,-1.927,0.035,-0.028,0.081,2371,0
2313365,2.148,9.206,-1.824,0.099,-0.031,0.048,2372,0
2313385,2.100,9.330,-1.820,0.103,-0.058,0.022,2374,0
2313405,2.093,9.292,-1.851,0.075,-0.109,0.011,2374,0
2313425,2.069,9.304,-1.966,0.047,-0.122,-0.009,2374,0
2313445,1.982,9.424,-2.076,0.031,-0.106,-0.017,2373,0
2313465,1.982,9.479,-2.114,0.039,-0.090,-0.005,2373,0
2313485,2.023,9.414,-2.126,0.049,-0.091,0.007,2374,0
2313505,2.083,9.280,-2.176,0.058,-0.098,0.011,2373,0
2313525,2.109,9.273,-2.200,0.060,-0.082,-0.012,2373,0
2313545,2.059,9.390,-2.188,0.045,-0.059,-0.025,2373,0
2313565,2.100,9.436,-2.100,0.040,-0.042,-0.031,2372,0
2313585,2.090,9.538,-2.037,0.035,-0.022,-0.048,2372,0
2313605,2.049,9.627,-2.002,0.001,-0.023,-0.051,2371,0
2313625,1.966,9.632,-1.951,-0.040,-0.009,-0.047,2373,0
2313645,1.908,9.589,-1.925,-0.069,-0.004,-0.030,2373,0
2313665,1.913,9.567,-1.808,-0.050,-0.014,-0.005,2373,0
2313685,1.942,9.522,-1.765,-0.015,-0.046,0.015,2373,0
2313705,1.987,9.503,-1.796,0.013,-0.092,0.032,2372,0
2313725,2.131,9.462,-1.903,0.010,-0.127,0.042,2373,0
2313745,2.246,9.256,-1.990,-0.023,-0.135,0.037,2372,0
2313765,2.239,9.292,-2.073,-0.018,-0.131,0.016,2372,0
2313785,2.160,9.459,-2.112,-0.008,-0.120,0.015,2374,0
2313805,2.114,9.543,-2.102,0.022,-0.104,0.036,2373,0
2313825,2.109,9.565,-2.090,0.037,-0.082,0.061,2372,0
2313845,2.155,9.452,-2.040,0.009,-0.082,0.077,2372,0
2313865,2.239,9.179,-1.923,-0.027,-0.089,0.067,2374,0
2313885,2.236,9.043,-1.913,-0.032,-0.102,0.032,2374,0
2313905,2.222,9.105,-1.877,0.000,-0.123,0.002,2373,0
2313925,2.195,9.234,-1.915,0.020,-0.145,-0.019,2372,0
2313945,2.193,9.390,-1.970,0.013,-0.165,-0.017,2372,0
2313965,2.210,9.483,-2.042,-0.005,-0.168,-0.004,2373,0
2313985,2.229,9.337,-2.102,-0.017,-0.162,0.013,2372,0
2314005,2.212,9.359,-2.203,0.011,-0.157,0.014,2370,0
2314025,2.205,9.428,-2.289,0.044,-0.153,0.022,2374,0
2314045,2.184,9.395,-2.239,0.073,-0.125,0.028,2373,0
2314065,2.124,9.392,-2.150,0.068,-0.096,0.050,2374,0
2314085,2.140,9.359,-2.047,0.065,-0.106,0.066,2372,0
2314105,2.227,9.256,-2.021,0.062,-0.128,0.069,2373,0
2314125,2.310,9.177,-2.073,0.091,-0.146,0.051,2373,0
2314145,2.380,9.134,-2.272,0.103,-0.135,0.035,2372,0
2314165,2.368,9.208,-2.325,0.098,-0.092,0.011,2373,0
2314185,2.215,9.380,-2.356,0.051,-0.037,-0.000,2373,0
2314205,2.100,9.424,-2.272,0.023,-0.008,-0.002,2373,0
2314225,2.157,9.440,-2.121,0.045,-0.006,-0.000,2374,0
2314245,2.286,9.376,-2.069,0.071,-0.018,-0.005,2372,0
2314265,2.411,9.321,-2.021,0.103,-0.029,-0.009,2373,0
2314285,2.449,9.373,-2.028,0.089,-0.026,-0.008,2373,0
2314305,2.409,9.357,-2.107,0.030,-0.021,-0.012,2373,0
2314325,2.294,9.299,-2.107,-0.027,-0.026,0.000,2373,0
2314345,2.239,9.213,-2.085,-0.020,-0.044,0.011,2374,0
2314365,2.236,9.103,-2.179,0.038,-0.057,0.013,2376,0
2314385,2.224,9.064,-2.231,0.111,-0.066,0.009,2376,0
2314405,2.193,9.167,-2.246,0.154,-0.055,-0.011,2374,0
2314425,2.136,9.325,-2.231,0.128,-0.035,-0.032,2375,0
2314445,2.157,9.443,-2.164,0.093,-0.034,-0.039,2374,0
2314465,2.263,9.392,-2.102,0.066,-0.029,-0.049,2373,0
2314485,2.291,9.357,-2.145,0.074,-0.035,-0.059,2373,0
2314505,2.289,9.287,-2.263,0.064,-0.035,-0.062,2374,0
2314525,2.277,9.349,-2.344,0.083,-0.031,-0.059,2374,0
2314545,2.303,9.421,-2.303,0.086,-0.002,-0.064,2374,0
2314565,2.234,9.469,-2.282,0.064,0.017,-0.070,2375,0
2314585,2.181,9.570,-2.191,0.048,-0.001,-0.059,2375,0
2314605,2.186,9.567,-2.143,0.033,-0.013,-0.026,2373,0
2314625,2.184,9.455,-2.105,0.052,-0.011,0.009,2374,0
2314645,2.205,9.428,-2.025,0.084,-0.007,0.024,2375,0
2314665,2.186,9.438,-2.066,0.074,-0.021,0.016,2374,0
2314685,2.205,9.376,-2.054,0.028,-0.041,0.006,2376,0
2314705,2.184,9.364,-2.167,0.022,-0.042,-0.008,2375,0
2314725,2.138,9.438,-2.217,0.025,-0.028,-0.021,2376,0
2314745,2.081,9.397,-2.131,0.026,-0.014,-0.020,2375,0
2314765,2.045,9.412,-2.071,0.037,-0.022,-0.019,2373,0
2314785,2.045,9.400,-2.021,0.027,-0.044,-0.004,2375,0
2314805,2.030,9.299,-2.107,0.046,-0.071,0.009,2375,0
2314825,1.980,9.407,-2.255,0.079,-0.073,0.007,2376,0
2314845,1.958,9.378,-2.332,0.054,-0.079,0.018,2374,0
2314865,2.006,9.258,-2.303,0.030,-0.068,0.029,2374,0
2314885,2.109,9.218,-2.265,0.045,-0.046,0.026,2375,0
2314905,2.155,9.187,-2.188,0.068,-0.036,0.011,2375,0
2314925,2.162,9.270,-2.105,0.080,-0.059,-0.002,2374,0
2314945,2.184,9.352,-2.083,0.056,-0.071,-0.021,2377,0
2314965,2.133,9.419,-2.081,0.041,-0.059,-0.035,2375,0
2314985,2.066,9.515,-2.085,0.029,-0.043,-0.030,2374,0
2315005,2.076,9.534,-2.100,0.023,-0.056,-0.027,2375,0
2315025,2.100,9.534,-2.162,0.010,-0.075,-0.024,2375,0
2315045,2.112,9.503,-2.184,0.011,-0.079,-0.015,2374,0
2315065,2.069,9.436,-2.198,0.008,-0.067,0.004,2375,0
2315085,2.040,9.428,-2.195,0.000,-0.060,0.011,2374,0
2315105,2.126,9.357,-2.210,-0.024,-0.078,0.012,2374,0
2315125,2.215,9.175,-2.186,-0.032,-0.076,0.010,2375,0
2315145,2.279,9.134,-2.093,0.001,-0.068,0.003,2374,0
2315165,2.210,9.261,-2.088,0.030,-0.053,0.002,2375,0
2315185,2.148,9.378,-2.102,0.031,-0.053,-0.007,2376,0
2315205,2.064,9.541,-2.025,0.024,-0.068,-0.017,2375,0
2315225,2.040,9.620,-2.191,0.014,-0.090,-0.003,2376,0
2315245,2.028,9.629,-2.248,0.047,-0.086,0.019,2376,0
2315265,2.069,9.488,-2.296,0.071,-0.071,0.041,2375,0
2315285,2.160,9.352,-2.236,0.077,-0.043,0.054,2375,0
2315305,2.241,9.225,-2.160,0.049,-0.015,0.032,2377,0
2315325,2.277,9.134,-2.047,-0.001,-0.008,0.013,2376,0
2315345,2.217,9.189,-1.994,-0.018,-0.015,-0.006,2376,0
2315365,2.105,9.330,-2.066,-0.021,-0.013,-0.014,2376,0
2315385,2.018,9.402,-2.107,-0.003,-0.009,-0.005,2376,0
2315405,1.994,9.426,-2.073,0.025,0.008,-0.009,2376,0
2315425,2.030,9.383,-2.047,0.015,0.008,-0.017,2376,0
2315445,2.167,9.278,-1.954,-0.004,-0.027,-0.024,2376,0
2315465,2.298,9.242,-1.935,-0.024,-0.059,-0.026,2376,0
2315485,2.258,9.409,-2.035,-0.006,-0.075,-0.030,2375,0
2315505,2.126,9.531,-2.227,0.019,-0.072,-0.013,2378,0
2315525,2.105,9.560,-2.263,0.055,-0.068,0.023,2376,0
2315545,2.128,9.407,-2.152,0.076,-0.044,0.037,2376,0
2315565,2.150,9.301,-2.047,0.072,-0.050,0.039,2376,0
2315585,2.176,9.213,-2.030,0.046,-0.068,0.028,2377,0
2315605,2.109,9.165,-2.049,0.034,-0.066,0.005,2376,0
2315625,2.040,9.242,-2.090,0.042,-0.063,-0.010,2375,0
2315645,2.071,9.237,-2.025,0.046,-0.061,-0.006,2376,0
2315665,2.119,9.201,-2.023,0.044,-0.065,-0.023,2375,0
2315685,2.121,9.244,-2.069,0.019,-0.077,-0.043,2375,0
2315705,2.061,9.395,-2.155,0.026,-0.084,-0.046,2377,0
2315725,2.054,9.498,-2.224,0.057,-0.068,-0.050,2377,0
2315745,2.033,9.627,-2.184,0.082,-0.039,-0.048,2375,0
2315765,2.119,9.584,-2.083,0.060,-0.025,-0.040,2376,0
2315785,2.239,9.433,-1.944,0.022,-0.035,-0.035,2376,0
2315805,2.255,9.354,-1.865,-0.004,-0.057,-0.026,2374,0
2315825,2.150,9.416,-1.951,0.005,-0.073,-0.015,2377,0
2315845,2.042,9.505,-2.030,0.030,-0.080,-0.002,2376,0
2315865,2.128,9.471,-2.011,0.035,-0.110,0.025,2376,0
2315885,2.270,9.242,-2.052,0.017,-0.136,0.034,2376,0
2315905,2.310,9.014,-2.155,0.031,-0.151,0.031,2374,0
2315925,2.301,9.033,-2.243,0.050,-0.180,0.011,2377,0
2315945,2.394,9.081,-2.334,0.055,-0.200,-0.017,2375,0
2315965,2.454,9.227,-2.516,0.058,-0.203,-0.032,2375,0
2315985,2.476,9.230,-3.057,0.014,-0.192,-0.029,2375,0
2316005,2.626,9.218,-4.226,-0.089,-0.166,0.018,2373,0
2316025,2.940,9.455,-6.050,-0.132,-0.008,0.039,2377,0
2316045,3.175,9.749,-7.350,-0.170,0.357,0.007,2374,0
2316065,2.969,9.234,-9.227,-0.126,0.964,-0.001,2372,0
2316085,2.732,8.909,-9.043,0.000,1.612,-0.076,2372,0
2316105,2.193,9.282,-8.248,0.085,2.250,-0.206,2374,0
2316125,1.372,9.567,-8.128,0.226,2.757,-0.268,2374,0
2316145,0.740,9.692,-7.712,0.324,3.121,-0.197,2375,0
2316165,0.299,9.555,-6.943,0.447,3.481,-0.148,2375,0
2316185,-0.146,9.376,-5.837,0.570,3.845,-0.168,2378,0
2316205,-0.508,9.158,-5.289,0.587,4.135,-0.236,2377,0
2316225,-1.140,9.091,-4.824,0.578,4.414,-0.364,2378,0
2316245,-1.858,9.081,-4.089,0.533,4.629,-0.454,2378,0
2316265,-2.454,8.813,-3.464,0.524,4.796,-0.490,2378,0
2316285,-2.868,8.384,-2.887,0.532,4.877,-0.540,2379,0
2316305,-3.038,8.133,-2.042,0.654,4.968,-0.710,2380,0
2316325,-3.270,8.868,0.117,0.988,4.987,-0.971,2382,0
2316345,-3.821,10.015,2.564,1.076,4.766,-1.066,2379,0
2316365,-3.812,10.104,3.163,0.671,4.121,-0.829,2374,0
2316385,-2.986,10.008,3.002,0.535,3.422,-0.610,2375,0
2316405,-2.318,11.111,4.075,0.536,2.953,-0.572,2374,0
2316425,-2.164,11.315,5.136,0.393,2.477,-0.467,2373,0
2316445,-1.913,10.915,4.937,0.439,1.939,-0.310,2371,0
2316465,-1.338,10.793,4.228,0.552,1.368,-0.161,2371,0
2316485,-0.479,11.159,3.673,0.599,0.921,-0.071,2370,0
2316505,-0.022,10.975,3.352,0.481,0.652,-0.058,2369,0
2316525,0.170,10.719,2.701,0.349,0.394,-0.036,2370,0
2316545,0.445,10.918,1.990,0.147,0.141,0.006,2371,0
2316565,0.927,10.736,1.223,-0.106,-0.057,0.052,2371,0
2316585,1.267,10.417,0.649,-0.217,-0.145,0.075,2370,0
2316605,1.571,10.039,0.096,-0.293,-0.187,0.067,2374,0
2316625,1.779,9.766,-0.378,-0.350,-0.187,0.043,2374,0
2316645,1.829,9.584,-0.754,-0.402,-0.165,0.038,2373,0
2316665,1.812,9.424,-0.699,-0.353,-0.126,0.039,2375,0
2316685,1.733,9.285,-0.467,-0.249,-0.096,0.015,2376,0
2316705,1.678,9.163,-0.453,-0.118,-0.102,-0.019,2374,0
2316725,1.681,9.424,-0.658,-0.009,-0.142,-0.018,2375,0
2316745,1.671,9.639,-0.728,0.027,-0.148,0.014,2374,0
2316765,1.647,9.620,-0.620,0.048,-0.108,0.026,2374,0
2316785,1.647,9.498,-0.460,0.076,-0.064,0.016,2374,0
2316805,1.755,9.469,-0.474,0.086,-0.075,0.004,2375,0
2316825,1.781,9.488,-0.496,0.080,-0.099,0.001,2374,0
2316845,1.662,9.622,-0.484,0.076,-0.095,-0.005,2375,0
2316865,1.559,9.639,-0.364,0.067,-0.058,-0.009,2375,0
2316885,1.561,9.740,-0.407,0.073,-0.050,-0.014,2374,0
2316905,1.657,9.893,-0.450,0.071,-0.057,-0.012,2373,0
2316925,1.664,9.890,-0.505,0.050,-0.066,0.005,2373,0
2316945,1.626,9.764,-0.474,0.030,-0.056,0.019,2375,0
2316965,1.697,9.646,-0.397,0.027,-0.046,0.035,2374,0
2316985,1.820,9.471,-0.371,0.042,-0.044,0.025,2375,0
2317005,1.741,9.498,-0.429,0.061,-0.050,-0.006,2374,0
2317025,1.666,9.515,-0.414,0.041,-0.063,-0.017,2375,0
2317045,1.666,9.309,-0.271,0.018,-0.064,-0.026,2374,0
2317065,1.750,9.098,-0.237,0.036,-0.068,-0.049,2373,0
2317085,1.714,9.093,-0.321,0.095,-0.079,-0.107,2373,0
2317105,1.480,9.414,-0.570,0.145,-0.079,-0.159,2373,0
2317125,1.348,9.799,-0.697,0.185,-0.062,-0.162,2373,0
2317145,1.365,10.008,-0.613,0.174,-0.038,-0.136,2375,0
2317165,1.434,10.137,-0.543,0.129,-0.035,-0.084,2373,0
2317185,1.544,10.036,-0.448,0.087,-0.037,-0.055,2375,0
2317205,1.618,9.778,-0.376,0.054,-0.048,-0.041,2373,0
2317225,1.592,9.687,-0.385,0.057,-0.062,-0.046,2374,0
2317245,1.544,9.843,-0.414,0.055,-0.061,-0.051,2374,0
2317265,1.492,9.946,-0.462,0.039,-0.056,-0.033,2374,0
2317285,1.480,9.955,-0.426,0.025,-0.061,-0.001,2374,0
2317305,1.518,9.840,-0.474,0.021,-0.070,0.020,2374,0
2317325,1.508,9.747,-0.505,0.014,-0.078,0.029,2375,0
2317345,1.516,9.677,-0.532,0.010,-0.088,0.033,2374,0
2317365,1.477,9.548,-0.505,0.006,-0.076,0.026,2377,0
2317385,1.456,9.416,-0.524,0.013,-0.075,0.010,2374,0
2317405,1.415,9.275,-0.512,0.017,-0.089,-0.021,2375,0
2317425,1.223,9.428,-0.632,0.035,-0.098,-0.055,2374,0
2317445,1.176,9.732,-0.632,0.072,-0.107,-0.065,2374,0
2317465,1.267,9.881,-0.582,0.107,-0.105,-0.038,2374,0
2317485,1.432,9.883,-0.503,0.144,-0.102,-0.011,2373,0
2317505,1.530,9.811,-0.510,0.141,-0.108,-0.009,2375,0
2317525,1.604,9.737,-0.543,0.101,-0.130,0.001,2374,0
2317545,1.616,9.708,-0.601,0.047,-0.131,-0.000,2374,0
2317565,1.618,9.720,-0.601,0.036,-0.109,0.003,2374,0
2317585,1.530,9.883,-0.572,0.059,-0.079,0.007,2373,0
2317605,1.544,9.867,-0.558,0.072,-0.074,0.026,2373,0
2317625,1.585,9.843,-0.579,0.061,-0.091,0.037,2375,0
2317645,1.535,9.692,-0.606,0.027,-0.088,0.043,2374,0
2317665,1.477,9.661,-0.658,0.025,-0.073,0.037,2375,0
2317685,1.465,9.661,-0.618,0.025,-0.052,0.021,2374,0
2317705,1.453,9.661,-0.543,0.040,-0.057,0.013,2376,0
2317725,1.401,9.752,-0.599,0.042,-0.072,0.010,2377,0
