3870224,1.233,7.515,1.085,0.212,-2.785,-1.171,2328,0
3870244,1.365,8.430,0.409,0.208,-2.604,-1.186,2326,0
3870264,1.583,9.069,-0.108,-0.093,-2.443,-1.194,2328,0
3870284,2.203,8.770,-0.417,-0.264,-2.211,-1.189,2333,0
3870304,2.646,8.593,-0.460,-0.136,-1.929,-1.106,2334,0
3870324,2.813,8.861,-0.567,0.135,-1.647,-0.947,2339,0
3870344,3.026,9.299,-0.754,0.139,-1.403,-0.801,2338,0
3870364,3.551,9.704,-0.852,-0.122,-1.213,-0.783,2337,0
3870384,3.950,9.397,-0.464,-0.307,-0.976,-0.807,2336,0
3870404,3.929,9.182,0.199,-0.223,-0.762,-0.739,2328,0
3870424,3.735,9.804,0.419,-0.145,-0.611,-0.619,2319,0
3870444,4.092,10.118,0.596,-0.338,-0.529,-0.509,2307,0
3870464,4.599,9.713,1.257,-0.596,-0.403,-0.419,2302,0
3870484,4.867,9.002,1.944,-0.620,-0.258,-0.382,2297,0
3870504,4.942,8.727,2.447,-0.269,-0.126,-0.318,2293,0
3870524,4.793,8.983,3.079,0.185,-0.021,-0.197,2291,0
3870544,4.374,9.761,3.620,0.411,0.004,-0.082,2290,0
3870564,4.250,9.946,4.008,0.220,-0.059,-0.086,2289,0
3870584,4.317,9.567,3.900,0.109,-0.143,-0.101,2288,0
3870604,4.322,9.560,3.821,0.191,-0.173,-0.020,2287,0
3870624,4.149,9.491,3.764,0.341,-0.149,0.023,2287,0
3870644,3.730,10.044,3.582,0.460,-0.107,0.062,2287,0
3870664,3.445,10.218,3.397,0.450,-0.070,0.141,2288,0
3870684,3.316,10.137,3.383,0.377,-0.031,0.191,2289,0
3870704,3.211,10.072,3.419,0.177,-0.006,0.215,2288,0
3870724,3.081,9.591,3.800,-0.028,0.031,0.226,2288,0
3870744,3.105,9.072,4.111,-0.073,0.055,0.253,2287,0
3870764,3.261,8.593,4.360,0.043,0.079,0.314,2288,0
3870784,3.247,8.473,4.341,0.172,0.084,0.333,2288,0
3870804,3.053,8.696,3.958,0.151,0.065,0.282,2287,0
3870824,3.247,8.808,3.646,-0.017,0.039,0.231,2287,0
3870844,3.364,8.571,4.039,-0.215,0.104,0.195,2288,0
3870864,3.139,8.332,4.345,-0.254,0.135,0.183,2288,0
3870884,3.060,8.100,4.401,-0.159,0.114,0.198,2289,0
3870904,3.448,7.951,4.530,-0.117,0.054,0.196,2290,0
3870924,3.752,7.568,4.745,-0.197,0.033,0.134,2289,0
3870944,3.711,7.302,4.920,-0.212,0.017,0.028,2288,0
3870964,3.625,7.338,4.800,-0.072,-0.000,-0.055,2288,0
3870984,3.723,7.678,4.503,0.058,-0.010,-0.071,2289,0
3871004,3.747,7.836,4.597,-0.014,0.015,-0.084,2288,0
3871024,3.577,7.518,4.748,-0.041,0.051,-0.171,2289,0
3871044,3.340,7.587,4.762,0.175,0.121,-0.219,2288,0
3871064,3.091,8.169,4.535,0.304,0.147,-0.143,2288,0
3871084,2.940,8.519,4.451,0.168,0.084,-0.046,2288,0
3871104,2.883,8.554,4.235,-0.123,-0.035,-0.055,2291,0
3871124,2.971,8.140,3.994,-0.345,-0.129,-0.096,2289,0
3871144,3.151,7.671,3.857,-0.304,-0.155,-0.085,2291,0
3871164,3.153,7.606,3.785,-0.116,-0.118,-0.061,2292,0
3871184,2.959,7.851,3.780,0.031,-0.094,-0.054,2293,0
3871204,2.837,8.126,3.759,0.108,-0.115,-0.027,2291,0
3871224,3.077,8.167,3.737,0.096,-0.149,-0.011,2292,0
3871244,3.426,8.159,3.862,0.033,-0.157,-0.024,2293,0
3871264,3.527,7.951,3.986,0.013,-0.144,-0.028,2293,0
3871284,3.462,7.944,4.029,0.102,-0.129,-0.021,2292,0
3871304,3.400,8.188,4.058,0.203,-0.114,-0.012,2291,0
3871324,3.488,8.432,4.070,0.211,-0.091,-0.000,2291,0
3871344,3.527,8.471,4.051,0.190,-0.067,0.019,2290,0
3871364,3.385,8.516,4.154,0.155,-0.044,0.032,2290,0
3871384,3.220,8.334,4.590,0.131,-0.041,0.040,2289,0
3871404,3.093,8.294,4.843,0.210,-0.078,0.055,2289,0
3871424,3.115,8.392,4.836,0.258,-0.175,0.064,2288,0
3871444,3.235,8.353,4.750,0.192,-0.286,0.078,2289,0
3871464,3.366,8.198,4.413,0.146,-0.358,0.065,2289,0
3871580,3.745,8.327,3.577,0.025,0.141,0.030,2291,0
3874129,3.033,8.787,3.804,0.053,-0.154,-0.091,2330,0
3874149,3.089,8.849,3.862,0.043,-0.131,-0.066,2331,0
3874169,3.134,8.851,3.910,0.033,-0.116,-0.027,2331,0
3874189,3.211,8.722,3.950,0.026,-0.103,0.026,2332,0
3874209,3.215,8.583,4.070,0.005,-0.095,0.042,2332,0
3874229,3.225,8.531,4.183,-0.014,-0.112,0.028,2331,0
3874249,3.254,8.533,4.152,-0.001,-0.128,0.042,2332,0
3874269,3.239,8.468,4.082,0.011,-0.139,0.053,2332,0
3874289,3.132,8.605,4.041,0.022,-0.142,0.054,2333,0
3875606,3.809,7.901,3.790,0.254,0.040,-0.138,2331,0
3875626,3.845,8.114,3.701,0.220,0.020,-0.130,2332,0
3875646,3.915,8.179,3.488,-0.007,-0.049,-0.189,2331,0
3875666,4.130,7.853,3.464,-0.217,-0.080,-0.266,2331,0
3875686,4.113,7.661,3.469,-0.143,-0.034,-0.304,2331,0
3875706,3.682,8.068,3.440,0.087,0.033,-0.265,2330,0
3875726,3.333,8.643,3.479,0.179,0.047,-0.209,2330,0
3875746,3.146,8.964,3.524,0.042,0.011,-0.221,2330,0
3875766,3.105,8.871,3.666,-0.030,-0.031,-0.217,2331,0
3875786,3.074,8.849,3.790,0.118,-0.027,-0.161,2331,0
3875806,3.053,9.170,3.757,0.261,-0.038,-0.064,2331,0
3875826,2.950,9.603,3.788,0.165,-0.104,0.022,2329,0
3875846,3.036,9.385,3.761,-0.087,-0.221,0.044,2331,0
3875866,3.112,9.105,3.584,-0.200,-0.297,0.071,2330,0
3875886,3.328,8.631,3.402,-0.214,-0.309,0.130,2329,0
3875906,3.572,8.061,3.340,-0.144,-0.266,0.159,2331,0
3875926,3.630,7.767,3.457,0.030,-0.199,0.169,2331,0
3875946,3.464,8.030,3.450,0.187,-0.159,0.180,2330,0
3875966,3.194,8.540,3.318,0.167,-0.188,0.139,2331,0
3875986,3.144,8.739,3.189,0.002,-0.236,0.081,2329,0
3876006,3.268,8.588,3.153,-0.032,-0.238,0.091,2331,0
3876026,3.290,8.509,3.010,0.057,-0.183,0.112,2332,0
3876046,3.318,8.569,3.053,0.118,-0.130,0.135,2332,0
3876066,3.438,8.514,3.112,0.105,-0.096,0.145,2332,0
3876086,3.567,8.423,3.378,0.063,-0.082,0.126,2332,0
3876106,3.565,8.444,3.620,-0.008,-0.080,0.112,2331,0
3876126,3.610,8.298,3.692,-0.086,-0.107,0.108,2331,0
3876146,3.771,8.004,3.634,-0.133,-0.121,0.087,2332,0
3876166,3.867,7.831,3.632,-0.113,-0.102,0.057,2332,0
3876186,3.809,7.961,3.541,-0.041,-0.073,0.035,2332,0
3876206,3.716,8.205,3.460,-0.025,-0.059,0.018,2331,0
3876226,3.728,8.289,3.359,-0.072,-0.062,-0.003,2331,0
3876246,3.773,8.164,3.457,-0.082,-0.068,-0.016,2332,0
3876266,3.697,8.025,3.608,-0.013,-0.076,-0.030,2332,0
3876286,3.603,8.226,3.563,0.106,-0.104,-0.028,2332,0
3876306,3.529,8.590,3.357,0.143,-0.124,-0.018,2331,0
3876326,3.517,8.686,3.223,0.073,-0.128,-0.012,2333,0
3876346,3.615,8.504,3.182,0.033,-0.109,0.001,2332,0
3876366,3.680,8.377,3.165,0.073,-0.068,0.015,2333,0
3876386,3.663,8.353,3.235,0.140,-0.031,0.038,2332,0
3876406,3.661,8.241,3.306,0.214,0.003,0.058,2337,0
3876426,3.598,8.351,3.282,0.282,0.031,0.054,2333,0
3876446,3.598,8.667,3.338,0.243,0.039,0.036,2335,0
3876466,3.560,8.844,3.570,0.057,0.004,0.007,2333,0
3876486,3.610,8.475,3.721,-0.079,-0.055,-0.020,2334,0
3876506,3.706,8.186,3.663,-0.029,-0.085,-0.011,2333,0
3876526,3.816,8.193,3.517,0.064,-0.073,-0.007,2333,0
3876546,3.797,8.341,3.421,0.057,-0.055,-0.028,2334,0
3876566,3.668,8.408,3.333,0.018,-0.051,-0.046,2335,0
3876586,3.584,8.480,3.242,0.004,-0.054,-0.051,2334,0
3876606,3.567,8.521,3.237,-0.001,-0.046,-0.048,2334,0
3876626,3.570,8.523,3.357,0.031,-0.035,-0.033,2332,0
3876646,3.541,8.531,3.371,0.064,-0.036,-0.008,2333,0
3876666,3.517,8.449,3.436,0.046,-0.051,-0.003,2333,0
3876686,3.570,8.349,3.512,0.006,-0.070,-0.017,2332,0
3876706,3.721,8.224,3.675,-0.021,-0.088,-0.042,2331,0
3876726,3.833,8.090,3.809,-0.002,-0.115,-0.065,2332,0
3876746,3.879,8.159,3.733,0.045,-0.167,-0.090,2331,0
3876766,4.278,8.373,3.493,0.053,-0.229,-0.133,2331,0
3876786,5.069,8.588,3.287,0.144,-0.288,-0.210,2330,0
3876806,6.033,9.048,2.849,0.418,-0.407,-0.315,2332,0
3876826,7.130,9.706,1.688,0.766,-0.704,-0.453,2333,0
3876846,7.317,10.511,-0.409,0.863,-1.127,-0.533,2335,0
3876866,7.175,11.284,-3.450,0.535,-1.544,-0.572,2356,0
3876886,5.995,12.725,-7.104,-0.083,-1.693,-0.695,2418,0
3876906,4.487,14.226,-12.280,-0.709,-1.640,-0.786,2454,0
3876926,2.938,15.610,-15.390,-0.605,-0.944,-0.261,2468,0
3876946,1.966,19.778,-17.202,-0.134,0.811,0.563,2522,0
3876966,5.294,20.039,-17.928,-0.044,3.069,1.507,2543,0
3876986,0.101,18.694,-16.846,-0.417,5.543,1.951,2486,0
3877006,-7.745,14.296,-11.787,-0.897,6.953,1.951,2417,0
3877026,-13.309,10.139,-2.701,-1.184,7.418,2.215,2363,0
3877046,-14.095,6.644,6.155,-1.935,6.962,2.432,2314,0
3877066,-15.107,2.818,12.028,-2.133,6.166,2.579,2256,0
3877086,-12.876,-1.903,14.700,-0.553,5.703,2.345,2224,0
3877106,-11.722,-1.051,16.740,1.611,4.463,1.972,2213,0
3877126,-9.905,3.668,17.533,1.622,2.682,1.960,2215,0
3877146,-7.642,4.343,16.324,0.166,1.421,1.828,2219,0
3877166,-5.622,1.954,14.222,-0.618,0.698,1.380,2228,0
3877186,-3.867,1.178,12.218,-0.294,0.472,1.140,2243,0
3877206,-2.782,1.899,10.944,0.215,0.540,1.075,2253,0
3877226,-1.982,2.456,10.597,0.263,0.650,0.856,2255,0
3877246,-0.996,2.902,10.767,0.113,0.659,0.511,2256,0
3877266,-0.292,3.656,10.791,-0.036,0.540,0.218,2261,0
3877286,0.089,4.293,10.513,-0.094,0.334,0.057,2271,0
3877306,0.852,4.762,10.060,-0.114,0.076,-0.055,2281,0
3877326,1.109,5.543,9.716,-0.122,-0.099,-0.202,2281,0
3877346,1.161,6.036,9.199,-0.067,-0.252,-0.316,2280,0
3877366,1.446,6.278,8.303,0.139,-0.385,-0.344,2282,0
3877386,1.647,6.792,7.166,0.401,-0.435,-0.330,2285,0
3877406,1.652,7.391,6.381,0.422,-0.477,-0.290,2289,0
3877426,1.863,7.274,5.684,0.232,-0.523,-0.271,2294,0
3877446,2.512,6.871,5.195,0.078,-0.501,-0.293,2295,0
3877466,2.485,6.814,5.119,0.066,-0.350,-0.334,2295,0
3877486,1.870,7.408,5.377,0.149,-0.152,-0.412,2295,0
3877506,1.683,8.313,5.583,0.110,-0.052,-0.495,2295,0
3877526,1.563,8.763,5.904,0.011,-0.029,-0.445,2295,0
3877546,1.300,8.581,6.211,0.018,-0.066,-0.297,2292,0
3877566,1.209,8.305,6.258,0.124,-0.124,-0.181,2292,0
3877586,1.504,8.176,6.072,0.202,-0.176,-0.128,2292,0
3877606,1.755,8.255,5.887,0.216,-0.194,-0.097,2293,0
3877626,1.817,8.284,5.734,0.144,-0.170,-0.057,2296,0
3877646,1.690,7.946,5.823,0.046,-0.112,-0.007,2294,0
3877666,1.633,7.580,5.966,0.065,-0.066,0.022,2292,0
3877686,1.731,7.594,5.990,0.149,-0.042,0.021,2291,0
3877706,1.709,7.767,5.986,0.143,-0.015,0.011,2291,0
3877726,1.556,7.762,6.132,0.074,-0.002,0.013,2292,0
3877746,1.463,7.482,6.287,0.045,-0.010,0.038,2292,0
3877766,1.568,7.144,6.404,0.091,-0.043,0.062,2291,0
3877786,1.633,7.137,6.385,0.143,-0.095,0.053,2290,0
3877806,1.628,7.276,6.325,0.138,-0.119,0.016,2291,0
3877826,1.666,7.396,6.268,0.124,-0.127,-0.015,2292,0
3877846,1.647,7.594,6.225,0.182,-0.120,-0.030,2290,0
3877866,1.563,7.848,6.127,0.212,-0.129,-0.017,2290,0
3877886,1.508,7.927,6.081,0.194,-0.130,0.030,2290,0
3877906,1.803,7.841,5.966,0.164,-0.133,0.047,2292,0
3877926,2.155,7.884,5.863,0.118,-0.105,0.041,2292,0
3877946,2.227,7.954,5.859,0.037,-0.054,0.022,2292,0
3877966,1.946,7.942,5.971,-0.056,-0.005,0.009,2290,0
3877986,1.736,7.824,6.060,-0.118,0.006,0.042,2293,0
3878006,1.786,7.570,6.206,-0.144,0.013,0.067,2292,0
3878026,1.731,7.439,6.385,-0.129,0.008,0.034,2292,0
3878046,1.647,7.427,6.376,-0.082,-0.027,0.024,2292,0
3878066,1.475,7.434,6.369,-0.036,-0.064,0.031,2292,0
3878086,1.417,7.412,6.246,0.010,-0.107,0.040,2292,0
3878106,1.712,7.348,6.038,0.045,-0.136,0.058,2294,0
3878126,1.836,7.298,5.792,0.052,-0.131,0.055,2292,0
3878146,1.858,7.151,5.799,0.046,-0.112,0.060,2292,0
3878166,2.133,7.034,5.890,0.082,-0.096,0.045,2293,0
3878186,2.133,7.178,5.971,0.110,-0.082,-0.006,2292,0
3878206,1.932,7.456,5.981,0.104,-0.087,-0.028,2293,0
3878226,1.901,7.573,5.851,0.087,-0.090,-0.013,2293,0
3878246,2.188,7.535,5.768,0.055,-0.062,-0.009,2292,0
3878266,2.207,7.491,5.772,0.009,-0.013,-0.026,2293,0
3878286,1.887,7.403,5.959,-0.038,0.027,-0.034,2294,0
3878306,1.769,7.432,6.191,-0.052,0.022,-0.041,2292,0
3878326,1.844,7.432,6.342,-0.038,-0.010,-0.045,2294,0
3878346,1.712,7.424,6.366,-0.002,-0.034,-0.038,2293,0
3878366,1.532,7.465,6.208,0.045,-0.056,-0.018,2295,0
3878386,1.626,7.465,6.100,0.060,-0.067,0.001,2295,0
3878406,1.810,7.398,6.007,0.063,-0.068,0.001,2294,0
3878426,1.860,7.302,5.966,0.061,-0.073,-0.011,2295,0
3878446,1.774,7.276,5.863,0.042,-0.076,-0.035,2292,0
3878466,1.824,7.302,5.792,0.029,-0.058,-0.041,2294,0
3878486,1.851,7.381,5.854,0.046,-0.019,-0.022,2294,0
3878506,1.793,7.487,5.993,0.087,0.002,-0.017,2294,0
