2347365,0.431,9.340,-1.626,-0.558,-3.280,0.663,2368,0
2347385,0.572,9.167,-2.279,-0.620,-3.301,0.626,2368,0
2347405,0.656,9.292,-2.770,-0.611,-3.252,0.597,2369,0
2347425,0.745,9.251,-3.098,-0.608,-3.154,0.581,2370,0
2347445,1.006,9.124,-3.244,-0.567,-3.038,0.533,2367,0
2347465,1.472,8.772,-3.558,-0.659,-2.913,0.425,2370,0
2347485,1.688,8.629,-4.003,-0.628,-2.744,0.286,2369,0
2347505,1.736,8.811,-4.175,-0.474,-2.537,0.219,2371,0
2347525,1.731,8.878,-4.152,-0.246,-2.318,0.199,2371,0
2347545,1.846,8.897,-4.195,-0.092,-2.117,0.188,2371,0
2347565,2.203,8.873,-4.312,-0.069,-1.955,0.145,2370,0
2347585,2.464,8.988,-4.494,-0.128,-1.784,0.085,2373,0
2347605,2.456,9.225,-4.556,-0.187,-1.593,0.055,2370,0
2347625,2.358,9.400,-4.695,-0.197,-1.395,0.078,2371,0
2347645,2.442,9.361,-4.642,-0.153,-1.189,0.114,2371,0
2347665,2.605,9.282,-4.587,-0.070,-0.960,0.097,2371,0
2347685,2.638,9.371,-4.439,-0.017,-0.765,0.080,2370,0
2347705,2.610,9.409,-4.185,-0.004,-0.611,0.095,2372,0
2347725,2.643,9.273,-3.812,0.014,-0.467,0.123,2371,0
2347745,2.679,9.093,-3.457,0.021,-0.340,0.123,2371,0
2347765,2.732,9.019,-3.146,0.042,-0.240,0.098,2372,0
2347785,2.713,9.017,-2.856,0.064,-0.177,0.060,2371,0
2347805,2.595,9.017,-2.569,0.087,-0.148,0.036,2371,0
2347825,2.507,8.990,-2.485,0.092,-0.147,0.038,2371,0
2347845,2.523,8.997,-2.552,0.075,-0.152,0.033,2371,0
2347865,2.516,9.024,-2.547,0.062,-0.131,0.004,2373,0
2347885,2.435,9.129,-2.545,0.086,-0.094,-0.026,2370,0
2347905,2.363,9.273,-2.368,0.130,-0.081,-0.039,2371,0
2347925,2.344,9.287,-2.265,0.159,-0.075,-0.024,2372,0
2347945,2.356,9.220,-2.210,0.141,-0.097,-0.014,2372,0
2347965,2.339,9.232,-2.382,0.111,-0.111,-0.013,2370,0
2347985,2.313,9.299,-2.528,0.093,-0.106,-0.007,2371,0
2348005,2.258,9.316,-2.581,0.095,-0.079,-0.011,2371,0
2348025,2.246,9.364,-2.523,0.127,-0.066,-0.008,2372,0
2348045,2.330,9.373,-2.526,0.154,-0.061,-0.013,2370,0
2348065,2.389,9.323,-2.545,0.114,-0.055,-0.003,2372,0
2348085,2.437,9.345,-2.535,0.087,-0.039,-0.013,2373,0
2348105,2.394,9.258,-2.435,0.052,-0.013,-0.003,2371,0
2348125,2.389,9.234,-2.310,0.065,-0.023,0.010,2373,0
2348145,2.411,9.268,-2.298,0.069,-0.048,0.015,2372,0
2348165,2.430,9.201,-2.373,0.075,-0.079,0.022,2371,0
2348185,2.480,9.199,-2.325,0.085,-0.094,0.008,2371,0
2348205,2.444,9.179,-2.248,0.074,-0.092,0.004,2372,0
2348225,2.409,9.239,-2.248,0.054,-0.108,0.010,2370,0
2348245,2.363,9.256,-2.363,0.001,-0.118,0.001,2370,0
2348265,2.325,9.280,-2.614,-0.029,-0.119,-0.001,2370,0
2348285,2.289,9.261,-2.751,-0.007,-0.087,0.000,2371,0
2348305,2.286,9.201,-2.729,0.020,-0.044,-0.015,2371,0
2348325,2.279,9.141,-2.722,0.023,-0.017,-0.028,2372,0
2348345,2.308,9.110,-2.701,0.037,-0.012,-0.034,2371,0
2348365,2.306,9.084,-2.641,0.025,0.007,-0.041,2369,0
2348385,2.308,9.050,-2.610,0.035,0.035,-0.054,2370,0
2348405,2.284,9.179,-2.394,0.053,0.046,-0.076,2370,0
2348425,2.251,9.239,-2.373,0.063,0.023,-0.077,2371,0
2348445,2.327,9.290,-2.399,0.071,-0.020,-0.063,2370,0
2348465,2.399,9.215,-2.433,0.077,-0.025,-0.040,2371,0
2348485,2.354,9.287,-2.497,0.094,-0.012,-0.026,2370,0
2348505,2.279,9.340,-2.459,0.063,-0.002,-0.023,2370,0
2348525,2.227,9.292,-2.433,0.031,-0.022,-0.019,2370,0
2348545,2.229,9.294,-2.478,0.028,-0.052,-0.019,2370,0
2348565,2.279,9.268,-2.512,0.044,-0.059,-0.023,2371,0
2348585,2.337,9.225,-2.409,0.081,-0.035,-0.026,2371,0
2348605,2.303,9.273,-2.313,0.093,-0.021,-0.026,2371,0
2348625,2.258,9.352,-2.308,0.056,-0.056,-0.021,2372,0
2348645,2.306,9.328,-2.401,0.009,-0.096,-0.008,2371,0
2348665,2.342,9.244,-2.571,0.021,-0.086,-0.007,2371,0
2348685,2.310,9.278,-2.655,0.053,-0.051,-0.009,2371,0
2348705,2.298,9.299,-2.614,0.056,-0.010,-0.013,2371,0
2348725,2.303,9.249,-2.507,0.026,0.013,-0.014,2371,0
2348745,2.303,9.309,-2.464,0.019,0.005,-0.018,2370,0
2348765,2.413,9.256,-2.519,0.005,-0.015,-0.015,2373,0
2348785,2.480,9.239,-2.576,0.033,-0.015,-0.021,2371,0
2348805,2.418,9.290,-2.557,0.058,0.011,-0.016,2371,0
2348825,2.298,9.347,-2.540,0.050,0.027,-0.015,2369,0
2348845,2.241,9.330,-2.478,0.016,0.023,0.006,2371,0
2348865,2.260,9.285,-2.473,0.028,0.003,0.013,2371,0
2348885,2.279,9.122,-2.466,0.039,0.002,0.017,2370,0
2348905,2.282,9.076,-2.526,0.075,-0.001,0.005,2370,0
2348925,2.239,9.153,-2.586,0.060,0.003,-0.021,2370,0
2348945,2.195,9.273,-2.574,0.049,0.012,-0.029,2370,0
2348965,2.195,9.364,-2.507,0.043,0.038,-0.034,2370,0
2348985,2.210,9.354,-2.495,0.034,0.058,-0.027,2373,0
2349005,2.219,9.380,-2.433,0.028,0.058,-0.017,2372,0
2349025,2.184,9.318,-2.440,0.010,0.056,-0.017,2370,0
2349045,2.174,9.313,-2.437,0.035,0.043,-0.005,2371,0
2349065,2.176,9.268,-2.397,0.047,0.043,0.005,2372,0
2349085,2.181,9.184,-2.394,0.061,0.033,0.009,2371,0
2349105,2.219,9.100,-2.382,0.042,0.027,0.006,2373,0
2349125,2.236,9.134,-2.449,0.030,0.024,-0.017,2372,0
2349145,2.200,9.191,-2.433,0.029,0.018,-0.025,2371,0
2349165,2.150,9.273,-2.411,0.060,0.013,-0.027,2370,0
2349185,2.160,9.304,-2.375,0.073,0.009,-0.010,2370,0
2349205,2.212,9.273,-2.330,0.074,0.019,-0.014,2372,0
2349225,2.294,9.251,-2.308,0.079,0.025,-0.013,2370,0
2349245,2.313,9.311,-2.289,0.056,0.021,-0.023,2370,0
2349265,2.332,9.194,-2.310,0.044,-0.002,-0.017,2371,0
2349285,2.368,9.242,-2.382,0.060,-0.015,-0.022,2371,0
2349305,2.358,9.196,-2.507,0.035,-0.009,-0.026,2370,0
2349325,2.327,9.266,-2.636,0.044,0.004,-0.032,2371,0
2349345,2.337,9.376,-2.660,0.045,0.033,-0.043,2370,0
2349365,2.354,9.345,-2.552,0.046,0.047,-0.032,2373,0
2349385,2.377,9.316,-2.456,0.061,0.050,-0.018,2370,0
2349405,2.394,9.292,-2.365,0.075,0.052,-0.004,2370,0
2349425,2.356,9.201,-2.284,0.072,0.054,0.001,2371,0
2349445,2.291,9.203,-2.234,0.064,0.037,-0.009,2372,0
2349465,2.248,9.270,-2.246,0.049,0.012,-0.018,2371,0
2349485,2.229,9.340,-2.274,0.037,0.000,-0.019,2370,0
2349505,2.258,9.316,-2.284,0.054,0.006,-0.008,2373,0
2349525,2.265,9.330,-2.251,0.061,0.013,-0.008,2372,0
2349545,2.234,9.263,-2.227,0.030,-0.008,-0.007,2371,0
2349565,2.210,9.215,-2.260,0.018,-0.037,-0.009,2372,0
2349585,2.160,9.270,-2.401,0.030,-0.052,-0.005,2370,0
2349605,2.143,9.316,-2.488,0.053,-0.052,0.001,2370,0
2349625,2.210,9.280,-2.478,0.074,-0.043,0.015,2371,0
2349645,2.265,9.251,-2.380,0.089,-0.034,0.006,2372,0
2349665,2.255,9.275,-2.399,0.067,-0.051,-0.001,2371,0
2349685,2.296,9.155,-2.409,0.049,-0.064,-0.007,2370,0
2349705,2.207,9.304,-2.557,0.097,-0.042,-0.008,2372,0
2349725,2.193,9.287,-2.581,0.072,-0.031,0.011,2371,0
2349745,2.227,9.110,-2.483,0.065,-0.013,-0.001,2372,0
2349765,2.231,9.076,-2.454,0.055,0.004,-0.024,2372,0
2349785,2.195,9.194,-2.500,0.048,0.002,-0.044,2372,0
2349805,2.184,9.196,-2.557,0.058,-0.001,-0.041,2371,0
2349825,2.243,9.215,-2.550,0.096,0.014,-0.036,2371,0
2349845,2.306,9.261,-2.471,0.114,0.027,-0.039,2372,0
2349865,2.344,9.290,-2.373,0.086,0.019,-0.044,2373,0
2349885,2.373,9.290,-2.322,0.056,-0.003,-0.048,2372,0
2349905,2.351,9.340,-2.330,0.053,-0.010,-0.053,2370,0
2349925,2.289,9.493,-2.387,0.065,-0.014,-0.031,2372,0
2349945,2.272,9.529,-2.421,0.054,-0.022,-0.006,2370,0
2349965,2.327,9.426,-2.365,0.034,-0.031,0.013,2371,0
2349985,2.370,9.357,-2.344,0.039,-0.054,0.015,2372,0
2350005,2.387,9.254,-2.375,0.029,-0.075,0.023,2370,0
2350025,2.375,9.254,-2.478,0.045,-0.091,0.030,2371,0
2350045,2.356,9.182,-2.480,0.030,-0.079,0.043,2370,0
2350065,2.289,9.206,-2.523,0.057,-0.069,0.034,2371,0
2350085,2.222,9.232,-2.471,0.026,-0.078,0.029,2372,0
2350105,2.198,9.201,-2.504,0.042,-0.097,0.028,2371,0
2350125,2.193,9.182,-2.559,0.050,-0.088,0.028,2372,0
2350145,2.191,9.222,-2.531,0.083,-0.077,0.017,2371,0
2350165,2.222,9.172,-2.521,0.059,-0.060,0.014,2372,0
2350185,2.251,9.146,-2.504,0.051,-0.068,0.007,2372,0
2350205,2.270,9.136,-2.540,0.029,-0.065,-0.007,2371,0
2350225,2.267,9.122,-2.540,0.047,-0.055,-0.018,2371,0
2350245,2.212,9.225,-2.557,0.070,-0.039,-0.029,2371,0
2350265,2.133,9.376,-2.614,0.072,-0.040,-0.026,2370,0
2350285,2.148,9.426,-2.634,0.054,-0.052,-0.007,2371,0
2350305,2.219,9.342,-2.629,0.049,-0.045,0.008,2370,0
2350325,2.248,9.196,-2.622,0.059,-0.017,0.005,2370,0
2350345,2.215,9.177,-2.567,0.065,-0.001,-0.005,2370,0
2350365,2.186,9.230,-2.473,0.050,-0.009,-0.017,2371,0
2350385,2.157,9.258,-2.464,0.031,-0.025,-0.017,2370,0
2350405,2.200,9.285,-2.473,0.043,-0.038,-0.001,2371,0
2350425,2.203,9.318,-2.540,0.051,-0.016,-0.007,2371,0
2350445,2.186,9.383,-2.581,0.049,-0.012,-0.006,2372,0
2350465,2.181,9.507,-2.610,0.051,-0.008,0.000,2370,0
2350485,2.203,9.498,-2.557,0.029,-0.004,0.018,2371,0
2350505,2.380,9.263,-2.476,0.037,-0.013,0.040,2370,0
2350525,2.512,9.088,-2.425,0.034,-0.014,0.023,2370,0
2350545,2.512,9.079,-2.387,0.028,-0.031,0.012,2372,0
2350565,2.397,9.256,-2.459,0.017,-0.041,-0.002,2371,0
2350585,2.296,9.335,-2.543,0.001,-0.050,0.014,2371,0
2350605,2.270,9.294,-2.540,0.010,-0.050,0.041,2371,0
2350625,2.306,9.201,-2.535,0.030,-0.047,0.045,2370,0
2350645,2.294,9.148,-2.591,0.047,-0.050,0.030,2372,0
2350665,2.274,9.206,-2.574,0.055,-0.045,0.014,2371,0
2350685,2.284,9.210,-2.490,0.051,-0.025,0.003,2372,0
2350705,2.284,9.199,-2.397,0.035,-0.026,0.006,2372,0
2350725,2.315,9.146,-2.286,0.010,-0.046,0.006,2371,0
2350745,2.358,9.009,-2.306,0.016,-0.070,-0.002,2372,0
2350765,2.382,8.964,-2.327,0.045,-0.089,-0.015,2372,0
2350785,2.358,8.921,-2.330,0.067,-0.102,-0.031,2372,0
2350805,2.198,9.242,-2.428,0.095,-0.102,-0.054,2372,0
2350825,2.105,9.459,-2.533,0.080,-0.110,-0.046,2371,0
2350845,2.116,9.462,-2.705,0.120,-0.087,-0.025,2371,0
2350865,2.234,9.486,-2.782,0.147,-0.065,-0.009,2371,0
2350885,2.296,9.419,-2.837,0.170,-0.038,0.001,2370,0
2350905,2.322,9.330,-2.804,0.200,-0.007,0.008,2373,0
2350925,2.286,9.431,-2.794,0.193,0.007,0.017,2371,0
2350945,2.217,9.385,-2.794,0.120,-0.013,0.041,2371,0
2350965,2.246,9.371,-2.780,0.039,-0.034,0.055,2369,0
2350985,2.279,9.163,-2.720,-0.025,-0.038,0.057,2370,0
2351005,2.339,9.093,-2.686,-0.005,-0.026,0.053,2372,0
2351025,2.382,9.064,-2.636,0.033,-0.007,0.045,2372,0
2351045,2.394,9.088,-2.581,0.052,-0.005,0.034,2371,0
2351065,2.392,9.139,-2.555,0.039,-0.019,0.017,2370,0
2351085,2.339,9.230,-2.631,0.005,-0.036,0.007,2370,0
2351105,2.370,9.210,-2.653,-0.006,-0.048,0.018,2372,0
2351125,2.425,9.112,-2.677,0.028,-0.028,0.034,2372,0
2351145,2.447,9.117,-2.667,0.059,-0.014,0.028,2373,0
2351165,2.440,9.067,-2.624,0.027,-0.021,0.014,2372,0
2351185,2.418,9.045,-2.636,-0.008,-0.038,-0.005,2373,0
2351205,2.346,9.108,-2.705,-0.013,-0.034,-0.015,2371,0
2351225,2.308,9.170,-2.744,0.032,-0.014,-0.006,2371,0
2351245,2.344,9.158,-2.674,0.064,0.011,-0.011,2373,0
2351265,2.387,9.076,-2.571,0.056,0.009,-0.022,2373,0
2351285,2.409,8.971,-2.497,0.026,-0.014,-0.034,2371,0
2351305,2.418,8.854,-2.435,0.021,-0.036,-0.051,2372,0
2351325,2.375,8.794,-2.409,0.056,-0.035,-0.082,2372,0
2351345,2.224,8.947,-2.433,0.106,-0.033,-0.105,2373,0
2351365,2.114,9.155,-2.507,0.137,-0.029,-0.112,2373,0
2351385,2.174,9.189,-2.646,0.166,-0.015,-0.153,2375,0
2351405,2.157,9.134,-2.672,0.135,-0.005,-0.153,2374,0
2351425,2.193,9.155,-2.670,0.156,-0.025,-0.135,2373,0
2351445,2.188,9.328,-2.710,0.176,-0.006,-0.119,2374,0
2351465,2.143,9.495,-2.749,0.189,-0.017,-0.093,2373,0
2351485,2.169,9.574,-2.796,0.131,-0.044,-0.053,2374,0
2351505,2.229,9.550,-2.892,0.063,-0.067,-0.019,2373,0
2351525,2.260,9.469,-2.897,0.018,-0.063,0.009,2375,0
2351545,2.263,9.438,-2.940,0.041,-0.045,0.028,2373,0
2351565,2.246,9.416,-2.875,0.056,-0.022,0.045,2373,0
2351585,2.222,9.325,-2.866,0.052,-0.011,0.048,2372,0
2351605,2.205,9.294,-2.816,0.034,-0.013,0.037,2373,0
2351625,2.184,9.258,-2.739,0.023,-0.015,0.043,2374,0
2351645,2.169,9.237,-2.670,0.035,-0.019,0.056,2374,0
2351665,2.164,9.163,-2.638,0.040,-0.022,0.062,2374,0
2351685,2.140,9.134,-2.638,0.042,-0.035,0.060,2373,0
2351705,2.155,9.072,-2.720,0.022,-0.051,0.046,2373,0
2351725,2.150,9.005,-2.703,0.019,-0.051,0.031,2375,0
2351745,2.160,8.966,-2.684,0.038,-0.043,0.012,2374,0
2351765,2.169,8.988,-2.658,0.053,-0.033,-0.014,2373,0
2351785,2.160,9.038,-2.667,0.038,-0.039,-0.040,2373,0
2351805,2.181,9.108,-2.617,0.023,-0.053,-0.055,2374,0
2351825,2.172,9.155,-2.634,0.021,-0.061,-0.051,2374,0
2351845,2.167,9.268,-2.653,0.047,-0.068,-0.035,2373,0
2351865,2.176,9.316,-2.710,0.060,-0.076,-0.013,2373,0
2351885,2.248,9.323,-2.713,0.054,-0.079,-0.013,2374,0
2351905,2.296,9.261,-2.794,0.017,-0.081,-0.003,2372,0
2351925,2.294,9.237,-2.835,0.016,-0.075,0.003,2374,0
2351945,2.313,9.237,-2.854,0.037,-0.057,0.007,2373,0
2351965,2.284,9.210,-2.863,0.062,-0.042,0.013,2375,0
2351985,2.260,9.268,-2.849,0.064,-0.040,0.029,2375,0
2352005,2.296,9.306,-2.861,0.054,-0.043,0.036,2374,0
2352025,2.308,9.232,-2.895,0.037,-0.031,0.033,2375,0
2352045,2.277,9.203,-2.919,0.044,-0.012,0.029,2375,0
2352065,2.248,9.242,-2.837,0.046,0.005,0.026,2374,0
2352085,2.203,9.249,-2.741,0.043,0.018,0.020,2374,0
2352105,2.210,9.199,-2.693,0.036,0.017,0.025,2374,0
2352125,2.265,9.120,-2.674,0.033,0.000,0.025,2374,0
2352145,2.306,9.084,-2.708,0.034,-0.026,0.018,2374,0
2352165,2.344,9.041,-2.720,0.032,-0.026,0.009,2374,0
2352185,2.346,9.072,-2.720,0.031,-0.010,-0.001,2376,0
2352205,2.318,9.050,-2.662,0.025,-0.003,-0.002,2374,0
2352225,2.243,9.057,-2.667,0.026,-0.015,-0.004,2374,0
2352245,2.267,9.110,-2.722,0.047,-0.042,0.005,2376,0
2352265,2.260,9.151,-2.808,0.068,-0.038,-0.009,2375,0
2352285,2.205,9.191,-2.825,0.068,-0.017,-0.016,2375,0
2352305,2.207,9.263,-2.775,0.059,0.001,-0.020,2374,0
2352325,2.239,9.232,-2.689,0.036,0.010,-0.024,2374,0
2352345,2.234,9.239,-2.643,0.038,-0.010,-0.012,2373,0
2352365,2.289,9.246,-2.598,0.051,-0.030,-0.004,2375,0
2352385,2.272,9.220,-2.648,0.055,-0.027,-0.000,2374,0
2352405,2.270,9.232,-2.670,0.047,-0.028,0.010,2376,0
2352425,2.255,9.234,-2.725,0.028,-0.027,0.006,2374,0
2352445,2.215,9.179,-2.684,0.030,-0.037,0.007,2375,0
2352465,2.227,9.120,-2.713,0.046,-0.051,0.018,2375,0
2352485,2.239,9.153,-2.749,0.068,-0.052,0.009,2375,0
2352505,2.258,9.115,-2.787,0.063,-0.050,0.007,2373,0
2352525,2.241,9.225,-2.804,0.047,-0.038,-0.007,2374,0
2352545,2.246,9.220,-2.816,0.030,-0.030,0.001,2373,0
2352565,2.327,9.143,-2.801,0.040,-0.018,0.006,2373,0
2352585,2.382,9.151,-2.787,0.052,-0.009,-0.000,2374,0
2352605,2.382,9.213,-2.851,0.054,-0.007,-0.015,2372,0
2352625,2.389,9.285,-2.792,0.048,-0.013,-0.005,2374,0
2352645,2.382,9.313,-2.751,0.040,-0.010,0.015,2373,0
2352665,2.430,9.287,-2.777,0.039,-0.010,0.027,2374,0
2352685,2.435,9.239,-2.823,0.047,-0.007,0.030,2374,0
2352705,2.444,9.266,-2.775,0.048,-0.005,0.027,2375,0
2352725,2.421,9.146,-2.746,0.040,0.006,0.035,2374,0
2352745,2.392,9.163,-2.734,0.038,0.014,0.031,2374,0
2352765,2.315,9.160,-2.734,0.016,0.014,0.031,2373,0
2352785,2.229,9.148,-2.732,0.009,0.009,0.037,2374,0
2352805,2.215,9.124,-2.729,0.036,0.004,0.038,2372,0
2352825,2.239,9.086,-2.737,0.059,0.011,0.023,2374,0
2352845,2.251,9.067,-2.732,0.057,0.015,0.015,2374,0
2352865,2.298,9.050,-2.646,0.044,0.021,-0.001,2373,0
2352885,2.267,9.093,-2.600,0.022,0.026,-0.009,2374,0
2352905,2.272,9.098,-2.471,0.033,-0.003,-0.008,2375,0
2352925,2.255,9.115,-2.468,0.029,-0.027,-0.003,2373,0
2352945,2.296,9.120,-2.535,0.054,-0.071,0.018,2373,0
2352965,2.301,9.127,-2.650,0.050,-0.078,0.017,2373,0
2352985,2.303,9.100,-2.739,0.051,-0.081,0.015,2374,0
2353005,2.327,9.048,-2.765,0.032,-0.065,0.000,2375,0
2353025,2.344,9.081,-2.727,0.022,-0.064,-0.009,2375,0
2353045,2.406,9.105,-2.734,-0.005,-0.074,-0.018,2373,0
2353065,2.449,9.124,-2.744,0.025,-0.072,-0.019,2373,0
2353085,2.454,9.234,-2.775,0.066,-0.054,-0.017,2373,0
2353105,2.406,9.328,-2.787,0.078,-0.053,-0.005,2374,0
2353125,2.471,9.249,-2.777,0.051,-0.060,0.018,2374,0
2353145,2.492,9.222,-2.751,0.053,-0.053,0.021,2372,0
2353165,2.435,9.199,-2.741,0.056,-0.041,0.030,2373,0
2353185,2.435,9.163,-2.739,0.069,-0.040,0.032,2373,0
2353205,2.428,9.136,-2.794,0.066,-0.043,0.014,2374,0
2353225,2.413,9.167,-2.804,0.051,-0.043,0.003,2374,0
2353245,2.449,9.203,-2.811,0.037,-0.022,-0.007,2375,0
2353265,2.428,9.203,-2.775,0.031,-0.007,0.003,2374,0
2353285,2.401,9.175,-2.722,0.032,-0.009,0.012,2374,0
2353305,2.389,9.100,-2.665,0.031,-0.019,0.009,2375,0
2353325,2.354,9.007,-2.667,0.035,-0.033,0.006,2374,0
2353345,2.322,9.036,-2.677,0.038,-0.046,-0.001,2373,0
2353365,2.272,9.115,-2.725,0.040,-0.037,-0.013,2373,0
2353385,2.339,9.088,-2.703,0.033,-0.022,-0.010,2374,0
2353405,2.356,9.084,-2.638,0.035,-0.012,-0.016,2373,0
2353425,2.313,9.189,-2.626,0.007,-0.038,-0.016,2375,0
2353445,2.315,9.270,-2.691,-0.012,-0.083,-0.001,2374,0
2353465,2.385,9.163,-2.777,-0.003,-0.093,0.014,2373,0
2353485,2.471,9.072,-2.842,0.043,-0.070,0.015,2373,0
2353505,2.492,9.151,-2.820,0.067,-0.038,0.003,2373,0
2353525,2.444,9.167,-2.749,0.042,-0.026,-0.008,2374,0
2353545,2.421,9.182,-2.648,0.023,-0.025,-0.017,2374,0
2353565,2.370,9.184,-2.638,0.019,-0.025,-0.014,2375,0
2353585,2.365,9.146,-2.624,0.034,-0.025,-0.003,2374,0
2353605,2.377,9.129,-2.629,0.048,-0.025,0.001,2374,0
2353625,2.373,9.139,-2.636,0.050,-0.026,-0.002,2373,0
2353645,2.401,9.096,-2.622,0.044,-0.025,-0.017,2375,0
2353665,2.375,9.079,-2.629,0.032,-0.024,-0.031,2374,0
2353685,2.354,9.199,-2.643,0.035,-0.030,-0.031,2374,0
2353705,2.392,9.225,-2.650,0.026,-0.022,-0.030,2373,0
2353725,2.404,9.177,-2.732,0.029,-0.023,-0.031,2373,0
2353745,2.452,9.210,-2.725,0.030,-0.024,-0.035,2373,0
2353765,2.456,9.239,-2.701,0.029,-0.021,-0.039,2374,0
2353785,2.430,9.261,-2.698,0.027,-0.027,-0.022,2372,0
2353805,2.428,9.266,-2.677,0.029,-0.027,-0.008,2374,0
2353825,2.377,9.251,-2.763,0.041,-0.033,0.009,2373,0
2353845,2.344,9.194,-2.811,0.048,-0.034,0.019,2373,0
2353865,2.382,9.127,-2.761,0.056,-0.026,0.017,2372,0
2353885,2.308,9.151,-2.722,0.057,-0.014,0.003,2373,0
2353905,2.310,9.182,-2.658,0.048,-0.027,0.006,2373,0
2353925,2.308,9.139,-2.626,0.035,-0.029,0.005,2374,0
2353945,2.354,9.091,-2.591,0.041,-0.041,0.006,2374,0
2353965,2.356,9.112,-2.547,0.053,-0.050,0.004,2375,0
2353985,2.282,9.158,-2.555,0.059,-0.067,0.010,2373,0
2354005,2.296,9.182,-2.588,0.056,-0.077,0.013,2374,0
2354025,2.301,9.222,-2.648,0.041,-0.073,0.006,2373,0
2354045,2.322,9.225,-2.591,0.029,-0.070,0.002,2373,0
2354065,2.382,9.084,-2.507,0.019,-0.084,-0.003,2376,0
2354085,2.392,9.024,-2.461,0.021,-0.099,-0.012,2374,0
2354105,2.370,9.117,-2.449,0.030,-0.121,-0.026,2374,0
2354125,2.339,9.122,-2.476,0.005,-0.139,-0.027,2375,0
2354145,2.327,9.110,-2.514,0.012,-0.158,-0.031,2374,0
2354165,2.387,9.069,-2.607,0.015,-0.169,-0.037,2373,0
2354185,2.504,9.076,-2.729,0.039,-0.192,-0.033,2372,0
2354205,2.847,9.100,-2.902,0.043,-0.242,-0.033,2373,0
2354225,3.096,9.256,-3.371,-0.026,-0.331,-0.014,2374,0
2354245,3.112,9.402,-4.458,-0.112,-0.381,0.076,2374,0
2354265,3.177,9.692,-5.942,-0.113,-0.281,0.212,2374,0
2354285,3.285,9.969,-6.967,-0.074,0.000,0.289,2375,0
2354305,3.352,9.699,-7.819,-0.068,0.439,0.271,2374,0
2354325,2.964,9.045,-8.423,0.018,0.980,0.211,2371,0
2354345,2.423,8.942,-8.849,0.173,1.494,0.183,2372,0
2354365,2.035,8.935,-9.349,0.290,1.990,0.163,2372,0
2354385,1.712,8.940,-9.325,0.432,2.560,0.095,2372,0
2354405,1.195,8.440,-8.878,0.521,3.207,-0.024,2372,0
2354425,0.563,8.119,-8.052,0.575,3.833,-0.181,2371,0
2354445,-0.122,8.294,-6.802,0.579,4.299,-0.314,2372,0
2354465,-0.795,8.416,-5.593,0.584,4.654,-0.441,2371,0
2354485,-1.468,8.272,-4.283,0.610,4.901,-0.550,2372,0
2354505,-2.006,8.183,-3.500,0.579,5.004,-0.613,2372,0
2354525,-2.203,8.274,-2.313,0.582,5.032,-0.661,2374,0
2354545,-2.045,8.916,0.661,0.847,5.004,-0.782,2374,0
2354565,-2.023,9.572,3.570,0.931,4.716,-0.790,2371,0
2354585,-2.035,9.527,4.343,0.935,4.067,-0.711,2368,0
2354605,-1.487,9.653,3.443,0.965,3.363,-0.642,2367,0
2354625,-0.694,11.349,4.233,0.982,2.844,-0.593,2367,0
2354645,-0.223,11.404,5.341,0.701,2.389,-0.499,2367,0
2354665,0.031,10.762,5.241,0.543,1.944,-0.427,2367,0
2354685,0.441,10.894,4.401,0.469,1.357,-0.326,2367,0
2354705,1.039,11.032,3.304,0.309,0.845,-0.185,2365,0
2354725,1.422,10.671,2.433,0.163,0.534,-0.110,2367,0
2354745,1.810,10.295,1.657,-0.029,0.383,-0.107,2369,0
2354765,2.009,10.003,1.226,-0.272,0.300,-0.124,2368,0
2354785,2.054,9.855,0.939,-0.377,0.231,-0.150,2368,0
2354805,2.131,9.826,0.864,-0.314,0.123,-0.145,2369,0
2354825,2.207,9.759,0.788,-0.183,-0.003,-0.095,2369,0
2354845,2.351,9.697,0.484,-0.121,-0.121,-0.039,2369,0
2354865,2.547,9.668,0.089,-0.115,-0.205,0.007,2369,0
2354885,2.646,9.677,-0.280,-0.145,-0.224,0.041,2370,0
2354905,2.737,9.448,-0.436,-0.135,-0.206,0.076,2369,0
2354925,2.758,9.306,-0.453,-0.075,-0.175,0.076,2369,0
2354945,2.701,9.208,-0.464,0.000,-0.122,0.047,2369,0
2354965,2.684,9.218,-0.467,0.037,-0.095,0.030,2369,0
2354985,2.703,9.266,-0.472,0.056,-0.053,0.012,2370,0
2355005,2.665,9.407,-0.371,0.058,-0.008,-0.007,2370,0
2355025,2.607,9.428,-0.220,0.029,0.019,-0.014,2369,0
2355045,2.648,9.404,-0.151,0.026,0.016,-0.020,2370,0
2355065,2.684,9.448,-0.065,0.044,-0.006,-0.017,2371,0
