3839444,2.066,8.080,5.212,0.019,-0.043,-0.038,2319,0
3839464,1.935,8.176,5.145,0.045,-0.041,-0.025,2320,0
3839484,1.858,8.226,5.028,0.036,-0.051,-0.018,2320,0
3839504,1.982,8.200,5.009,0.024,-0.059,-0.018,2319,0
3839524,1.903,8.169,5.054,0.040,-0.046,-0.015,2320,0
3839544,1.810,8.174,5.047,0.071,-0.050,0.004,2319,0
3839564,1.894,8.138,4.956,0.072,-0.052,0.015,2317,0
3839584,2.033,8.056,4.937,0.031,-0.046,-0.002,2320,0
3839604,1.942,8.100,4.985,-0.018,-0.030,-0.017,2319,0
3839624,1.805,7.980,5.037,-0.068,-0.024,-0.026,2319,0
3839644,1.884,7.810,5.114,-0.004,-0.020,-0.021,2322,0
3839664,1.968,7.997,5.102,0.114,0.006,-0.011,2321,0
3839684,2.023,8.303,5.071,0.124,0.016,-0.011,2320,0
3839704,1.901,8.442,5.097,0.061,0.014,-0.019,2321,0
3839724,1.784,8.389,5.176,-0.011,0.005,-0.007,2321,0
3839744,1.853,8.135,5.416,-0.002,-0.000,0.016,2320,0
3839764,1.872,8.092,5.502,0.067,-0.013,0.020,2319,0
3839784,1.743,8.447,5.466,0.084,-0.020,0.029,2320,0
3839804,1.506,8.578,5.739,-0.002,-0.014,0.050,2320,0
3839824,1.051,8.598,6.697,-0.086,-0.015,0.085,2320,0
3839844,0.584,8.406,7.630,-0.168,-0.092,0.119,2319,0
3839864,0.340,8.262,8.205,-0.191,-0.237,0.146,2319,0
3839884,0.022,8.193,8.794,-0.297,-0.378,0.184,2319,0
3839904,-0.362,7.846,9.787,-0.516,-0.521,0.197,2318,0
3839924,-0.812,6.986,10.432,-0.665,-0.756,0.143,2318,0
3839944,-1.140,6.393,10.432,-0.679,-1.075,0.093,2317,0
3839964,-0.836,5.887,9.962,-0.688,-1.361,-0.006,2319,0
3839984,-0.359,5.614,9.639,-0.580,-1.556,-0.155,2320,0
3840004,-0.335,5.744,9.096,-0.402,-1.670,-0.301,2326,0
3840024,-0.496,6.146,8.504,-0.329,-1.792,-0.426,2390,0
3840044,-0.467,6.292,7.647,-0.373,-1.928,-0.532,2397,0
3840064,-0.287,6.493,7.233,-0.488,-2.065,-0.655,2349,0
3840084,-0.366,6.455,6.515,-0.636,-2.190,-0.810,2364,0
3840104,-0.599,6.598,5.971,-0.750,-2.319,-0.959,2336,0
3840124,-0.680,6.615,5.485,-0.819,-2.425,-1.070,2337,0
3840144,-0.508,6.512,5.001,-0.760,-2.498,-1.188,2334,0
3840164,0.292,6.543,4.187,-0.534,-2.570,-1.270,2338,0
3840184,0.989,6.970,3.402,-0.299,-2.554,-1.322,2343,0
3840204,1.372,7.544,2.516,-0.247,-2.498,-1.377,2352,0
3840224,2.210,7.954,1.697,-0.281,-2.437,-1.444,2352,0
3840244,2.990,8.396,0.735,-0.295,-2.308,-1.501,2352,0
3840264,3.393,8.911,-0.105,-0.330,-2.086,-1.499,2361,0
3840284,3.335,9.359,-0.029,-0.472,-1.762,-1.421,2369,0
3840304,3.546,9.464,0.220,-0.675,-1.514,-1.363,2373,0
3840324,3.821,9.455,0.376,-0.783,-1.370,-1.348,2375,0
3840344,3.831,9.500,0.467,-0.691,-1.204,-1.295,2373,0
3840364,4.082,9.706,0.455,-0.360,-0.992,-1.175,2373,0
3840384,4.058,10.513,0.539,0.031,-0.703,-0.974,2370,0
3840404,3.903,11.030,0.634,0.227,-0.481,-0.736,2372,0
3840424,3.797,10.961,0.785,0.305,-0.367,-0.478,2371,0
3840444,4.108,10.647,0.986,0.332,-0.310,-0.311,2369,0
3840464,4.350,10.384,1.267,0.321,-0.245,-0.199,2368,0
3840484,4.362,9.948,1.762,0.294,-0.151,-0.084,2369,0
3840504,4.286,9.383,2.136,0.391,-0.080,0.022,2369,0
3840524,4.492,9.251,2.437,0.599,-0.013,0.147,2368,0
3840544,4.420,9.479,2.648,0.716,0.059,0.252,2368,0
3840564,3.965,9.732,2.880,0.565,0.111,0.260,2369,0
3840584,3.697,9.445,3.299,0.372,0.113,0.222,2367,0
3840604,3.670,9.088,3.680,0.356,0.096,0.233,2368,0
3840624,3.577,8.985,3.663,0.515,0.083,0.294,2368,0
3840644,3.522,9.187,3.395,0.602,0.074,0.324,2368,0
3840664,3.594,9.421,3.412,0.509,0.083,0.310,2368,0
3840684,3.716,9.395,3.601,0.376,0.100,0.297,2368,0
3840704,3.701,9.160,3.757,0.307,0.102,0.316,2368,0
3840724,3.575,8.859,3.675,0.313,0.070,0.322,2368,0
3840744,3.488,8.827,3.711,0.300,0.038,0.286,2367,0
3840764,3.378,8.681,3.742,0.257,0.006,0.248,2366,0
3840784,3.333,8.638,3.563,0.307,-0.027,0.235,2366,0
3840804,3.436,8.756,3.235,0.356,-0.051,0.255,2367,0
3840824,3.527,8.667,3.007,0.272,-0.037,0.231,2366,0
3840844,3.608,8.363,3.158,0.136,-0.012,0.164,2367,0
3840864,3.697,8.241,3.345,0.108,0.009,0.121,2366,0
3840884,3.859,8.186,3.342,0.137,0.003,0.122,2366,0
3840904,3.883,8.236,3.148,0.119,-0.001,0.078,2367,0
3840924,4.027,8.289,3.199,0.020,-0.003,-0.004,2367,0
3840944,3.950,8.313,3.436,-0.020,0.025,-0.060,2366,0
3840964,3.778,8.464,3.517,0.072,0.022,-0.052,2366,0
3840984,3.771,8.715,3.259,0.144,0.002,-0.013,2365,0
3841004,3.898,8.756,3.108,0.091,0.009,-0.015,2365,0
3841024,3.974,8.667,3.287,0.015,0.036,-0.041,2366,0
3841044,3.895,8.636,3.464,-0.002,0.039,-0.035,2366,0
3841064,3.821,8.509,3.460,0.007,0.001,-0.020,2364,0
3841084,3.836,8.399,3.361,0.037,-0.030,-0.018,2366,0
3841104,3.778,8.368,3.383,0.060,-0.029,-0.035,2366,0
3841124,3.591,8.490,3.275,0.115,-0.031,-0.052,2365,0
3841144,3.555,8.657,3.000,0.172,-0.041,-0.031,2364,0
3841164,3.680,8.775,2.638,0.121,-0.028,-0.004,2366,0
3841184,3.926,8.554,2.670,-0.034,-0.002,-0.028,2366,0
3841204,4.113,8.334,2.799,-0.091,0.018,-0.062,2365,0
3841224,4.008,8.313,2.878,-0.053,0.039,-0.067,2366,0
3841244,3.692,8.473,3.019,-0.034,0.041,-0.064,2367,0
3841264,3.649,8.492,3.242,-0.041,0.019,-0.066,2366,0
3841284,3.979,8.449,3.357,-0.007,-0.024,-0.064,2365,0
3841304,4.331,8.329,3.335,0.061,-0.062,-0.050,2367,0
3841324,4.324,8.109,3.304,0.140,-0.085,-0.008,2367,0
3841344,4.178,7.693,3.230,0.218,-0.117,0.062,2367,0
3841364,3.888,7.343,2.964,0.303,-0.129,0.050,2367,0
3841384,3.266,8.001,2.729,0.341,-0.076,-0.106,2365,0
3841404,2.919,8.523,2.859,0.115,-0.041,-0.261,2366,0
3841424,2.693,8.605,3.017,0.023,-0.006,-0.280,2367,0
3841444,2.507,9.036,3.005,0.112,0.003,-0.232,2367,0
3841464,2.600,9.292,3.055,0.110,-0.009,-0.142,2367,0
3841484,2.928,9.067,3.179,0.095,-0.024,-0.061,2364,0
3841504,3.213,8.803,3.120,0.141,-0.028,-0.059,2366,0
3841524,3.256,9.060,2.856,0.226,-0.012,-0.059,2366,0
3841544,3.103,9.421,2.782,0.199,0.028,-0.018,2365,0
3841564,3.249,9.270,2.998,0.057,0.047,0.031,2367,0
3841584,3.632,8.756,3.270,-0.025,0.043,0.061,2366,0
3841604,3.962,8.416,3.419,-0.011,0.036,0.044,2365,0
3841624,3.955,8.353,3.666,-0.008,0.030,-0.010,2364,0
3841644,3.539,8.423,4.061,0.011,-0.029,-0.057,2361,0
3841664,3.074,8.689,3.903,0.087,-0.136,-0.052,2359,0
3841684,2.959,8.897,3.369,0.124,-0.237,-0.011,2361,0
3841704,2.981,8.904,2.835,0.069,-0.253,0.009,2361,0
3841724,3.019,8.674,2.708,0.031,-0.212,0.011,2361,0
3841744,3.081,8.442,2.705,0.096,-0.160,0.002,2361,0
3841764,3.170,8.720,2.567,0.178,-0.130,-0.001,2359,0
3841784,3.395,8.959,2.346,0.108,-0.109,-0.008,2361,0
3841804,3.598,8.787,2.351,-0.008,-0.058,-0.022,2361,0
3841824,3.824,8.499,2.703,-0.033,0.009,-0.037,2360,0
3841844,3.728,8.511,3.115,0.055,0.035,-0.062,2359,0
3841864,3.361,8.796,3.347,0.155,-0.027,-0.065,2359,0
3841884,3.160,8.945,3.390,0.211,-0.145,-0.037,2357,0
3841904,3.417,9.103,3.156,0.210,-0.238,0.011,2358,0
3841924,3.591,8.875,2.679,0.133,-0.248,0.063,2357,0
3841944,3.867,8.430,2.365,0.057,-0.206,0.081,2357,0
3841964,4.051,8.107,2.318,0.041,-0.105,0.059,2357,0
3841984,3.982,8.135,2.591,0.065,-0.019,0.006,2359,0
3842004,3.761,8.514,2.811,0.034,0.007,-0.046,2359,0
3842024,3.610,8.796,2.933,-0.041,-0.012,-0.081,2359,0
3842044,3.445,8.815,3.103,-0.050,-0.031,-0.079,2358,0
3842064,3.323,8.904,3.110,0.019,-0.051,-0.047,2359,0
3842084,3.328,9.064,3.010,0.051,-0.055,-0.030,2358,0
3842104,3.330,9.153,2.971,0.039,-0.052,-0.007,2358,0
3842124,3.323,9.033,2.971,0.013,-0.057,0.010,2359,0
3842144,3.330,8.823,2.926,-0.003,-0.066,0.016,2357,0
3842164,3.421,8.629,2.954,-0.011,-0.079,0.014,2359,0
3842184,3.508,8.528,2.828,0.003,-0.082,0.017,2360,0
3842204,3.651,8.468,2.732,-0.017,-0.069,0.007,2358,0
3842224,3.606,8.418,2.801,-0.044,-0.046,-0.028,2360,0
3842244,3.498,8.528,2.909,-0.025,-0.045,-0.033,2358,0
3842264,3.505,8.598,2.919,-0.016,-0.063,-0.027,2358,0
3842284,3.541,8.734,2.830,-0.018,-0.078,-0.031,2357,0
3842304,3.558,8.787,2.763,-0.025,-0.078,-0.017,2356,0
3842324,3.579,8.746,2.734,-0.005,-0.069,-0.008,2357,0
3842344,3.618,8.748,2.782,0.012,-0.068,0.003,2357,0
3842364,3.644,8.792,2.825,0.032,-0.064,0.008,2357,0
3842384,3.699,8.847,2.832,0.029,-0.075,0.013,2356,0
3842404,3.632,8.808,2.816,0.019,-0.076,0.018,2355,0
3842424,3.618,8.811,2.921,0.022,-0.077,0.022,2355,0
3842444,3.577,8.887,2.986,0.034,-0.078,0.046,2356,0
3842464,3.596,8.815,2.933,0.045,-0.086,0.074,2355,0
3842484,3.687,8.645,2.832,0.037,-0.088,0.076,2354,0
3842504,3.737,8.456,2.907,0.026,-0.082,0.057,2353,0
3842524,3.716,8.430,2.909,0.035,-0.086,0.035,2355,0
3842544,3.613,8.447,2.820,0.034,-0.085,0.024,2354,0
3842564,3.486,8.449,2.626,0.045,-0.073,0.016,2354,0
3842584,3.508,8.547,2.468,0.046,-0.034,0.006,2355,0
3842604,3.500,8.708,2.591,0.037,0.006,0.003,2354,0
3842624,3.448,8.729,2.753,-0.016,0.013,0.002,2354,0
3842644,3.426,8.543,2.976,-0.032,-0.011,0.001,2354,0
3842664,3.508,8.425,3.045,0.001,-0.036,-0.003,2355,0
3842684,3.570,8.480,3.122,0.037,-0.043,-0.010,2354,0
3842704,3.553,8.554,3.089,0.041,-0.059,-0.013,2354,0
3842724,3.606,8.576,2.988,0.036,-0.077,-0.014,2353,0
3842744,3.663,8.583,2.919,0.030,-0.078,-0.025,2355,0
3842764,3.680,8.605,2.863,0.030,-0.063,-0.032,2352,0
3842784,3.685,8.705,2.854,0.030,-0.056,-0.026,2353,0
3842804,3.642,8.679,2.820,0.013,-0.044,-0.021,2352,0
3842824,3.575,8.710,2.854,0.013,-0.032,-0.021,2354,0
3842844,3.572,8.715,2.897,0.007,-0.029,-0.010,2353,0
3842864,3.649,8.638,2.971,0.011,-0.023,-0.005,2352,0
3842884,3.582,8.636,2.995,0.055,-0.020,-0.002,2352,0
3842904,3.462,8.748,2.966,0.062,-0.031,0.004,2352,0
3842924,3.503,8.724,2.947,0.021,-0.068,-0.005,2354,0
3842944,3.620,8.677,2.921,0.010,-0.087,-0.010,2354,0
3842964,3.646,8.729,2.847,0.038,-0.072,0.007,2354,0
3842984,3.601,8.703,2.765,0.035,-0.052,0.020,2352,0
3843004,3.603,8.557,2.753,0.024,-0.042,0.020,2353,0
3843024,3.668,8.478,2.875,0.028,-0.033,0.011,2352,0
3843044,3.632,8.509,3.000,0.037,-0.029,0.002,2352,0
3843064,3.598,8.526,2.983,0.045,-0.040,0.001,2353,0
3843084,3.606,8.562,2.926,0.037,-0.047,-0.006,2351,0
3843104,3.661,8.523,2.887,0.015,-0.047,-0.017,2352,0
3843124,3.596,8.564,2.942,0.035,-0.037,-0.022,2353,0
3843144,3.536,8.650,2.945,0.051,-0.042,-0.015,2352,0
3843164,3.512,8.691,2.799,0.030,-0.044,-0.017,2353,0
3843184,3.558,8.650,2.780,0.003,-0.038,-0.023,2352,0
3843204,3.649,8.633,2.796,0.004,-0.018,-0.017,2354,0
3843224,3.627,8.648,2.921,0.010,0.004,-0.015,2352,0
3843244,3.534,8.624,2.950,0.005,0.005,-0.022,2352,0
3843264,3.491,8.638,2.954,0.001,-0.002,-0.019,2353,0
3843284,3.524,8.574,3.014,0.014,-0.007,0.000,2352,0
3843304,3.567,8.490,3.122,0.045,-0.011,-0.007,2353,0
3843324,3.575,8.566,3.084,0.048,-0.024,-0.025,2352,0
3843344,3.582,8.550,3.007,0.025,-0.035,-0.035,2352,0
3843364,3.622,8.571,3.024,0.031,-0.035,-0.037,2353,0
3843384,3.548,8.665,3.081,0.054,-0.027,-0.032,2353,0
3843404,3.519,8.780,2.988,0.061,-0.034,-0.015,2352,0
3843424,3.541,8.782,2.923,0.040,-0.030,-0.008,2352,0
3843444,3.610,8.712,2.998,0.009,-0.026,-0.009,2352,0
3843464,3.582,8.669,3.182,0.007,-0.021,-0.009,2352,0
3843484,3.519,8.667,3.206,0.035,-0.043,-0.006,2352,0
3843504,3.496,8.710,3.081,0.050,-0.059,0.010,2352,0
3843524,3.622,8.617,3.108,0.035,-0.065,0.008,2352,0
3843544,3.658,8.581,3.103,0.051,-0.063,0.008,2354,0
3843564,3.555,8.660,3.041,0.044,-0.067,0.006,2353,0
3843584,3.448,8.643,2.911,0.010,-0.069,0.000,2353,0
3843604,3.519,8.514,2.957,0.019,-0.067,0.016,2352,0
3843624,3.634,8.461,2.993,0.056,-0.056,0.015,2352,0
3843644,3.627,8.581,2.935,0.054,-0.052,-0.002,2353,0
3843664,3.512,8.638,2.840,0.028,-0.056,-0.018,2353,0
3843684,3.534,8.617,2.832,0.002,-0.054,-0.017,2354,0
3843704,3.606,8.547,2.861,0.024,-0.041,-0.012,2353,0
3843724,3.553,8.629,2.883,0.049,-0.027,-0.007,2353,0
3843744,3.539,8.641,2.914,0.028,-0.029,-0.011,2353,0
3843764,3.553,8.533,2.926,0.022,-0.035,-0.008,2352,0
3843784,3.649,8.473,2.981,0.031,-0.030,-0.009,2352,0
3843804,3.642,8.533,2.931,0.042,-0.023,-0.019,2353,0
3843824,3.577,8.655,2.942,0.030,-0.021,-0.028,2353,0
3843844,3.570,8.576,2.959,0.007,-0.024,-0.027,2352,0
3843864,3.651,8.562,3.055,0.026,-0.022,-0.031,2353,0
3843884,3.577,8.674,3.084,0.042,-0.010,-0.027,2353,0
3843904,3.472,8.751,3.110,0.046,-0.020,-0.011,2353,0
3843924,3.479,8.720,3.021,0.029,-0.032,-0.003,2352,0
3843944,3.546,8.686,2.995,0.026,-0.034,-0.011,2352,0
3843964,3.608,8.696,3.041,0.039,-0.032,-0.006,2353,0
3843984,3.534,8.696,3.038,0.054,-0.032,0.001,2352,0
3844004,3.481,8.648,3.002,0.030,-0.036,-0.002,2354,0
3844024,3.527,8.559,2.981,0.017,-0.031,-0.003,2355,0
3844044,3.555,8.526,3.031,0.028,-0.022,-0.009,2352,0
3844064,3.512,8.571,3.100,0.053,-0.023,-0.011,2353,0
3844084,3.491,8.578,3.045,0.072,-0.038,-0.005,2353,0
3844104,3.543,8.552,2.931,0.059,-0.044,-0.014,2354,0
3844124,3.634,8.571,2.919,0.034,-0.033,-0.028,2354,0
3844144,3.560,8.648,3.000,0.042,-0.006,-0.026,2354,0
3844164,3.428,8.801,3.091,0.050,-0.005,-0.014,2355,0
3844184,3.369,8.763,3.093,0.033,-0.027,-0.006,2354,0
3844204,3.565,8.720,3.084,0.026,-0.049,-0.004,2354,0
3844224,3.644,8.672,3.136,0.024,-0.037,0.002,2355,0
3844244,3.548,8.665,3.175,0.043,-0.035,0.002,2353,0
3844264,3.462,8.693,3.057,0.041,-0.041,0.010,2352,0
3844284,3.491,8.631,3.062,0.016,-0.051,0.006,2353,0
3844304,3.529,8.531,3.100,0.031,-0.048,0.007,2354,0
3844324,3.536,8.571,3.041,0.057,-0.049,0.005,2354,0
3844344,3.484,8.624,3.017,0.040,-0.048,-0.001,2353,0
3844364,3.438,8.547,3.100,0.017,-0.049,-0.006,2353,0
3844384,3.486,8.583,3.112,0.050,-0.059,-0.002,2354,0
3844404,3.508,8.653,3.067,0.059,-0.063,0.005,2355,0
3844424,3.498,8.605,2.976,0.032,-0.056,-0.001,2355,0
3844444,3.505,8.521,3.021,0.023,-0.047,-0.008,2353,0
3844464,3.527,8.547,3.048,0.037,-0.050,-0.018,2354,0
3844484,3.558,8.693,2.978,0.029,-0.054,-0.021,2354,0
3844504,3.510,8.696,2.899,0.016,-0.048,-0.015,2354,0
3844524,3.503,8.624,2.921,0.030,-0.031,-0.002,2353,0
3844544,3.618,8.564,3.031,0.035,-0.021,-0.001,2354,0
3844564,3.606,8.540,3.074,0.038,-0.029,-0.011,2354,0
3844584,3.548,8.612,3.005,0.030,-0.038,-0.018,2354,0
3844604,3.527,8.586,3.017,0.023,-0.036,-0.017,2353,0
3844624,3.551,8.578,3.057,0.044,-0.031,-0.009,2352,0
3844644,3.531,8.626,3.041,0.054,-0.030,-0.012,2354,0
3844664,3.469,8.648,2.988,0.026,-0.034,-0.013,2353,0
3844684,3.448,8.564,2.935,0.026,-0.027,-0.014,2354,0
3844704,3.527,8.540,2.945,0.042,-0.012,-0.013,2354,0
3844724,3.479,8.614,2.981,0.045,0.007,-0.010,2353,0
3844744,3.400,8.686,3.048,0.025,0.003,-0.010,2353,0
3844764,3.376,8.619,3.103,0.010,-0.008,-0.008,2353,0
3844784,3.438,8.554,3.251,0.034,-0.026,-0.018,2356,0
3844804,3.517,8.631,3.263,0.069,-0.050,-0.017,2354,0
3844824,3.541,8.703,3.168,0.070,-0.063,-0.011,2353,0
3844844,3.522,8.717,3.038,0.051,-0.059,-0.015,2354,0
3844864,3.591,8.696,3.031,0.034,-0.047,-0.011,2353,0
3844884,3.570,8.665,3.146,0.039,-0.033,-0.010,2354,0
3844904,3.505,8.672,3.144,0.050,-0.039,-0.005,2354,0
3844924,3.481,8.701,3.072,0.048,-0.052,0.005,2353,0
3844944,3.558,8.657,3.024,0.028,-0.055,0.004,2352,0
3844964,3.567,8.576,2.993,0.025,-0.040,0.003,2353,0
3844984,3.500,8.571,2.988,0.046,-0.030,0.002,2353,0
3845004,3.436,8.669,2.966,0.047,-0.033,-0.005,2354,0
3845024,3.493,8.705,2.962,0.028,-0.045,-0.005,2353,0
3845044,3.625,8.667,2.899,0.025,-0.035,0.005,2353,0
3845064,3.654,8.605,2.931,0.026,-0.008,0.007,2354,0
3845084,3.541,8.638,3.081,0.031,0.007,0.001,2353,0
3845104,3.381,8.701,3.239,0.030,-0.011,0.003,2354,0
3845124,3.321,8.701,3.237,0.027,-0.044,0.005,2352,0
3845144,3.457,8.569,3.206,0.031,-0.068,0.011,2352,0
3845164,3.579,8.396,3.251,0.061,-0.071,0.001,2354,0
3845184,3.579,8.432,3.230,0.104,-0.086,-0.013,2353,0
3845204,3.654,8.557,3.129,0.108,-0.118,-0.033,2353,0
3845224,4.164,8.317,3.117,0.110,-0.170,-0.084,2352,0
3845244,4.911,8.437,2.940,0.333,-0.257,-0.220,2352,0
3845264,5.155,9.711,2.097,0.811,-0.332,-0.379,2353,0
3845284,5.499,11.803,0.785,0.945,-0.488,-0.529,2354,0
3845304,6.340,12.426,-0.991,0.690,-0.784,-0.687,2353,0
3845324,6.764,11.923,-3.352,0.834,-1.009,-0.750,2368,0
3845344,6.481,13.048,-6.785,0.936,-1.112,-0.514,2384,0
3845364,4.992,14.150,-10.228,0.241,-1.031,-0.190,2430,0
3845384,4.429,15.818,-12.163,-0.594,-0.741,0.010,2453,0
3845404,2.770,14.643,-14.305,-0.467,0.120,0.779,2473,0
3845424,2.547,15.692,-15.344,-0.230,1.824,1.226,2498,0
3845444,1.664,15.349,-13.910,-0.706,3.632,1.214,2522,0
3845464,-1.800,12.986,-11.638,-1.168,5.162,1.300,2503,0
3845484,-4.506,10.637,-7.669,-1.526,5.877,1.626,2473,0
3845504,-7.913,7.717,-1.702,-1.758,6.185,1.881,2419,0
3845524,-11.207,4.341,5.425,-1.561,6.288,1.869,2352,0
3845544,-10.693,2.662,9.074,-0.819,5.805,1.743,2303,0
3845564,-9.505,3.172,11.868,-0.275,4.815,1.618,2279,0
3845584,-8.842,3.191,14.866,-0.034,3.802,1.617,2271,0
3845604,-7.882,2.938,16.194,0.141,2.765,1.628,2262,0
3845624,-6.208,2.404,16.635,0.254,1.796,1.498,2261,0
3845644,-4.642,2.169,15.016,0.540,1.203,1.295,2262,0
3845664,-3.400,2.638,13.293,0.705,0.932,1.060,2262,0
3845684,-2.535,3.452,12.186,0.656,0.786,0.773,2264,0
3845704,-2.042,4.355,11.681,0.267,0.639,0.478,2267,0
3845724,-1.817,4.887,11.416,-0.321,0.416,0.224,2271,0
3845744,-1.456,4.851,10.712,-0.810,0.158,0.046,2274,0
3845764,-0.723,4.492,10.104,-0.908,0.001,-0.074,2278,0
3845784,-0.129,4.513,9.438,-0.597,-0.052,-0.175,2281,0
3845804,0.338,5.224,8.741,-0.166,-0.091,-0.259,2285,0
3845824,0.694,6.139,8.004,0.061,-0.164,-0.334,2288,0
3845844,0.886,7.195,7.345,0.114,-0.263,-0.380,2294,0
3845864,0.852,7.879,6.716,0.036,-0.360,-0.359,2303,0
3845884,1.046,8.119,6.144,-0.023,-0.452,-0.295,2308,0
3845904,1.544,8.181,5.681,-0.024,-0.504,-0.228,2313,0
3845924,2.011,8.169,5.255,-0.033,-0.459,-0.169,2316,0
3845944,2.239,7.982,5.195,-0.062,-0.337,-0.106,2313,0
3845964,2.397,7.671,5.265,-0.059,-0.205,-0.068,2314,0
3845984,2.330,7.482,5.351,-0.010,-0.085,-0.078,2313,0
3846004,2.207,7.333,5.545,0.041,-0.021,-0.063,2315,0
3846024,2.097,7.192,5.830,0.066,-0.001,-0.042,2315,0
3846044,1.930,6.991,5.997,0.056,0.004,-0.054,2315,0
3846064,1.693,6.898,6.270,0.060,0.033,-0.085,2313,0
3846084,1.439,7.056,6.522,0.108,0.037,-0.115,2310,0
3846104,1.238,7.321,6.634,0.178,0.002,-0.116,2311,0
3846124,1.188,7.599,6.555,0.226,-0.047,-0.069,2310,0
3846144,1.204,7.717,6.500,0.186,-0.058,-0.035,2311,0
3846164,1.338,7.532,6.539,0.164,-0.068,-0.021,2312,0
3846184,1.549,7.599,6.424,0.170,-0.085,-0.012,2312,0
3846204,1.638,7.649,6.340,0.120,-0.078,-0.013,2311,0
3846224,1.647,7.566,6.412,0.069,-0.064,-0.011,2310,0
3846244,1.568,7.439,6.495,0.052,-0.059,-0.007,2311,0
3846264,1.693,7.283,6.553,0.045,-0.082,-0.019,2311,0
3846284,1.686,7.266,6.507,0.070,-0.101,-0.044,2314,0
3846304,1.547,7.321,6.246,0.093,-0.117,-0.048,2310,0
3846324,1.403,7.405,6.069,0.090,-0.092,-0.050,2312,0
3846344,1.470,7.396,6.048,0.089,-0.075,-0.063,2312,0
3846364,1.417,7.554,5.938,0.093,-0.059,-0.056,2312,0
3846384,1.415,7.630,5.875,0.073,-0.058,-0.030,2312,0
3846404,1.609,7.475,5.890,0.036,-0.042,-0.012,2312,0
3846424,1.832,7.293,6.045,0.030,-0.020,-0.020,2312,0
3846444,1.731,7.314,6.076,0.051,-0.008,-0.034,2311,0
3846464,1.458,7.300,6.074,0.046,-0.022,-0.027,2311,0
3846484,1.549,7.204,5.993,0.046,-0.036,-0.030,2312,0
3846504,1.669,7.173,5.830,0.067,-0.029,-0.052,2310,0
3846524,1.712,7.178,5.681,0.066,-0.010,-0.058,2311,0
3846544,1.803,7.101,5.861,0.032,0.030,-0.089,2311,0
3846564,1.963,7.111,6.220,0.048,0.051,-0.140,2313,0
3846584,1.748,7.460,6.352,0.078,0.038,-0.163,2311,0
3846604,1.468,7.693,6.292,0.039,0.016,-0.144,2312,0
3846624,1.331,7.707,6.445,0.056,0.017,-0.098,2310,0
3846644,1.255,7.803,6.529,0.161,0.024,-0.043,2312,0
3846664,1.166,8.006,6.486,0.181,-0.002,0.001,2310,0
3846684,1.207,7.865,6.390,0.096,-0.042,0.025,2310,0
3846704,1.415,7.561,6.366,0.052,-0.053,0.034,2313,0
3846724,1.463,7.374,6.323,0.081,-0.037,0.033,2311,0
3846744,1.367,7.424,6.261,0.092,-0.037,0.010,2310,0
3846764,1.288,7.491,6.208,0.058,-0.054,-0.006,2312,0
3846784,1.312,7.439,6.155,0.046,-0.058,0.004,2311,0
3846804,1.377,7.427,6.060,0.074,-0.046,0.040,2310,0
3846824,1.326,7.611,6.000,0.097,-0.031,0.062,2309,0
3846844,1.336,7.657,6.029,0.057,-0.026,0.037,2312,0
3846864,1.468,7.578,6.179,0.007,-0.034,0.000,2310,0
3846884,1.604,7.453,6.256,-0.001,-0.061,-0.021,2309,0
