3849104,1.307,7.784,6.108,0.057,-0.031,-0.035,2309,0
3849124,1.207,7.745,6.165,0.031,-0.037,-0.003,2310,0
3849144,1.290,7.496,6.165,0.024,-0.045,0.018,2311,0
3849164,1.377,7.396,6.165,0.044,-0.047,0.002,2311,0
3849184,1.247,7.448,6.175,0.062,-0.040,-0.001,2311,0
3849204,1.068,7.554,6.457,0.065,-0.048,0.020,2310,0
3849224,0.871,7.515,7.384,0.060,-0.080,0.072,2311,0
3849244,0.462,7.661,8.782,-0.031,-0.112,0.123,2311,0
3849264,-0.572,7.089,11.281,-0.156,-0.157,0.177,2311,0
3849284,-2.358,6.359,13.075,-0.114,-0.415,0.274,2310,0
3849304,-3.503,5.308,12.807,0.060,-0.884,0.350,2310,0
3849324,-3.304,4.951,11.717,0.133,-1.280,0.268,2312,0
3849344,-2.334,5.253,10.949,-0.034,-1.572,0.087,2315,0
3849364,-1.633,4.951,10.144,-0.323,-1.707,-0.125,2318,0
3849384,-1.671,4.784,9.867,-0.429,-1.779,-0.302,2319,0
3849404,-1.851,4.827,9.615,-0.427,-1.925,-0.509,2320,0
3849424,-1.355,4.879,9.052,-0.362,-2.135,-0.772,2320,0
3849444,-0.903,5.186,8.064,-0.266,-2.303,-0.981,2320,0
3849464,-1.235,5.930,7.204,-0.290,-2.399,-1.142,2319,0
3849484,-1.295,6.783,6.306,-0.658,-2.603,-1.386,2319,0
3849504,-0.441,7.230,4.896,-1.076,-2.876,-1.691,2318,0
3849524,0.498,7.161,3.206,-1.269,-2.924,-1.937,2324,0
3849544,0.907,6.953,2.049,-0.972,-2.694,-2.034,2373,0
3849564,1.286,7.623,1.250,-0.358,-2.360,-1.956,2372,0
3849584,1.571,9.017,0.802,0.144,-2.069,-1.844,2373,0
3849604,1.247,10.625,0.165,0.313,-1.918,-1.726,2374,0
3849624,1.358,12.096,-0.754,0.130,-1.878,-1.516,2373,0
3849644,2.121,12.476,-1.109,-0.074,-1.713,-1.251,2378,0
3849664,2.878,11.732,-1.166,-0.096,-1.383,-0.980,2377,0
3849684,3.357,10.676,-0.800,0.149,-1.015,-0.674,2379,0
3849704,3.761,10.353,-0.151,0.387,-0.715,-0.423,2371,0
3849724,4.281,10.080,0.867,0.417,-0.506,-0.309,2367,0
3849744,4.697,9.622,1.614,0.393,-0.387,-0.249,2365,0
3849764,4.741,9.184,1.963,0.454,-0.307,-0.140,2363,0
3849784,4.891,9.201,2.191,0.500,-0.241,-0.019,2357,0
3849804,4.738,9.321,2.526,0.446,-0.148,0.011,2351,0
3849824,4.640,9.263,3.132,0.313,-0.140,-0.005,2348,0
3849844,4.590,9.041,3.211,0.342,-0.152,0.039,2345,0
3849864,4.482,9.158,3.048,0.498,-0.124,0.141,2345,0
3849884,4.532,9.400,2.883,0.540,-0.062,0.215,2345,0
3849904,4.448,9.512,2.959,0.455,0.022,0.227,2345,0
3849924,3.984,9.457,3.278,0.369,0.061,0.259,2344,0
3849944,3.594,9.304,3.316,0.311,0.052,0.311,2342,0
3849964,3.553,9.067,3.433,0.256,0.038,0.342,2343,0
3849984,3.522,8.835,3.486,0.290,0.039,0.327,2339,0
3850004,3.491,8.732,3.314,0.397,0.043,0.325,2338,0
3850024,3.378,8.854,3.287,0.433,0.064,0.325,2337,0
3850044,3.455,8.729,3.570,0.394,0.059,0.284,2340,0
3850064,3.543,8.803,3.754,0.416,0.024,0.266,2336,0
3850084,3.486,8.842,3.582,0.427,-0.026,0.290,2337,0
3850104,3.486,8.732,3.440,0.380,-0.062,0.296,2337,0
3850124,3.728,8.578,3.572,0.302,-0.057,0.266,2336,0
3850144,3.771,8.375,3.742,0.275,-0.026,0.225,2336,0
3850164,3.598,8.380,3.747,0.279,-0.032,0.211,2336,0
3850184,3.615,8.219,3.539,0.198,-0.054,0.170,2336,0
3850204,3.941,8.056,3.503,0.048,-0.060,0.094,2336,0
3850224,3.998,7.810,3.613,-0.030,-0.015,0.013,2335,0
3850244,3.876,7.721,3.405,0.030,0.015,-0.028,2336,0
3850264,3.682,8.092,3.148,0.067,0.053,-0.062,2337,0
3850284,3.654,8.384,3.144,-0.048,0.092,-0.105,2336,0
3850304,3.486,8.461,3.333,-0.105,0.131,-0.107,2337,0
3850324,3.440,8.404,3.436,-0.090,0.120,-0.079,2337,0
3850344,3.486,8.308,3.426,-0.044,0.090,-0.066,2336,0
3850364,3.757,8.387,3.462,-0.005,0.057,-0.088,2337,0
3850384,3.706,8.519,3.596,0.010,0.048,-0.110,2336,0
3850404,3.560,8.653,3.606,0.028,0.005,-0.097,2336,0
3850424,3.620,8.782,3.524,0.060,-0.034,-0.085,2336,0
3850444,3.728,9.014,3.579,0.059,-0.067,-0.088,2334,0
3850464,3.704,9.031,3.797,0.050,-0.126,-0.062,2331,0
3850484,3.646,8.890,3.666,0.112,-0.190,-0.021,2329,0
3850504,3.867,8.837,3.182,0.172,-0.236,0.024,2329,0
3850524,4.061,8.799,2.866,0.174,-0.206,0.050,2329,0
3850544,4.070,8.559,2.816,0.131,-0.120,0.067,2328,0
3850564,3.903,8.234,2.904,0.120,-0.034,0.086,2328,0
3850584,3.740,8.054,3.112,0.096,0.023,0.092,2329,0
3850604,3.766,7.827,3.347,0.041,0.056,0.053,2329,0
3850624,3.706,7.767,3.603,-0.007,0.075,-0.017,2328,0
3850644,3.536,7.810,3.730,-0.028,0.078,-0.064,2328,0
3850664,3.426,7.975,3.613,-0.022,0.071,-0.093,2328,0
3850684,3.479,8.207,3.515,-0.041,0.078,-0.107,2327,0
3850704,3.464,8.296,3.598,-0.063,0.099,-0.102,2327,0
3850724,3.285,8.248,3.771,-0.052,0.098,-0.095,2327,0
3850744,3.213,8.248,3.874,-0.018,0.058,-0.113,2328,0
3850764,3.299,8.380,3.946,0.017,0.011,-0.153,2331,0
3850784,3.309,8.538,3.759,0.076,0.013,-0.178,2334,0
3850804,3.201,8.784,3.654,0.071,-0.013,-0.137,2327,0
3850824,3.261,8.760,3.625,-0.007,-0.027,-0.094,2331,0
3850844,3.381,8.533,3.658,-0.087,-0.026,-0.092,2329,0
3850864,3.472,8.296,3.570,-0.083,-0.016,-0.076,2327,0
3850884,3.462,8.200,3.491,-0.072,0.007,-0.077,2328,0
3850904,3.467,8.284,3.699,-0.063,0.022,-0.093,2325,0
3850924,3.431,8.420,3.903,-0.030,0.014,-0.109,2328,0
3850944,3.349,8.605,3.883,0.030,-0.039,-0.088,2325,0
3850964,3.376,8.729,3.699,0.068,-0.072,-0.064,2326,0
3850984,3.426,8.753,3.668,0.039,-0.077,-0.052,2324,0
3851004,3.412,8.665,3.658,0.041,-0.068,-0.033,2324,0
3851024,3.402,8.710,3.610,0.046,-0.066,-0.009,2325,0
3851044,3.366,8.612,3.687,0.004,-0.060,-0.010,2324,0
3851064,3.270,8.332,3.982,-0.005,-0.066,-0.015,2324,0
3851084,3.227,8.229,3.907,0.056,-0.099,-0.017,2324,0
3851104,3.254,8.420,3.536,0.061,-0.122,-0.020,2324,0
3851124,3.261,8.413,3.251,-0.004,-0.118,-0.036,2324,0
3851144,3.249,8.320,3.182,-0.018,-0.076,-0.045,2326,0
3851164,3.275,8.420,3.309,0.030,-0.030,-0.047,2325,0
3851184,3.342,8.624,3.428,0.070,-0.014,-0.029,2325,0
3851204,3.354,8.689,3.505,0.027,-0.010,-0.014,2325,0
3851224,3.388,8.499,3.610,-0.022,-0.011,-0.024,2324,0
3851244,3.457,8.310,3.766,-0.016,-0.005,-0.023,2324,0
3851264,3.524,8.274,3.850,0.023,-0.002,-0.024,2322,0
3851284,3.541,8.404,3.785,0.037,-0.007,-0.035,2323,0
3851304,3.388,8.461,3.723,0.020,-0.013,-0.031,2324,0
3851324,3.354,8.392,3.742,-0.008,-0.017,-0.040,2324,0
3851344,3.333,8.363,3.754,0.014,-0.011,-0.046,2324,0
3851364,3.302,8.557,3.663,0.070,-0.016,-0.042,2324,0
3851384,3.302,8.784,3.519,0.052,-0.017,-0.033,2325,0
3851404,3.256,8.727,3.539,0.010,0.003,-0.023,2325,0
3851424,3.187,8.554,3.637,0.009,0.023,-0.004,2324,0
3851444,3.053,8.576,3.747,0.036,0.027,0.004,2325,0
3851464,2.959,8.672,3.699,0.036,0.015,0.020,2325,0
3851484,2.914,8.581,3.725,0.036,0.013,0.040,2324,0
3851504,3.033,8.432,3.725,0.041,0.007,0.046,2323,0
3851524,3.247,8.315,3.699,0.044,0.001,0.042,2322,0
3851544,3.393,8.262,3.675,0.040,0.002,0.019,2322,0
3851564,3.383,8.250,3.704,0.021,0.003,0.002,2323,0
3851584,3.361,8.236,3.783,0.017,0.008,-0.010,2322,0
3851604,3.309,8.265,3.852,0.019,0.007,-0.020,2325,0
3851624,3.275,8.322,3.907,0.031,0.002,-0.025,2323,0
3851644,3.261,8.425,3.871,0.043,-0.016,-0.029,2323,0
3851664,3.256,8.459,3.845,0.039,-0.024,-0.029,2322,0
3851684,3.256,8.430,3.893,0.051,-0.020,-0.024,2323,0
3851704,3.235,8.478,3.821,0.066,-0.016,-0.011,2322,0
3851724,3.139,8.516,3.745,0.043,-0.010,-0.012,2327,0
3851744,3.151,8.492,3.718,0.010,-0.003,-0.017,2322,0
3851764,3.172,8.454,3.824,0.012,0.010,-0.018,2322,0
3851784,3.177,8.454,3.929,0.002,0.003,-0.011,2323,0
3851804,3.103,8.392,3.946,-0.004,-0.009,-0.015,2324,0
3851824,3.053,8.404,3.855,0.010,-0.009,-0.020,2324,0
3851844,3.134,8.471,3.809,0.025,-0.010,-0.024,2324,0
3851864,3.148,8.557,3.879,0.018,-0.009,-0.025,2324,0
3851884,3.103,8.557,3.926,0.013,-0.020,-0.020,2324,0
3851904,3.050,8.471,3.905,0.035,-0.041,-0.010,2324,0
3851924,3.263,8.375,3.903,0.035,-0.059,-0.003,2324,0
3851944,3.373,8.337,3.840,0.054,-0.052,-0.014,2324,0
3851964,3.311,8.492,3.788,0.071,-0.038,-0.010,2325,0
3851984,3.177,8.540,3.735,0.046,-0.033,-0.006,2324,0
3852004,3.158,8.514,3.701,0.019,-0.029,-0.012,2326,0
3852024,3.237,8.461,3.780,0.023,-0.021,-0.006,2324,0
3852044,3.251,8.437,3.893,0.048,-0.017,0.003,2327,0
3852064,3.194,8.444,3.843,0.051,-0.024,0.001,2325,0
3852084,3.124,8.449,3.790,0.041,-0.035,-0.006,2324,0
3852104,3.132,8.516,3.785,0.043,-0.044,-0.004,2324,0
3852124,3.194,8.521,3.768,0.041,-0.042,0.007,2324,0
3852144,3.199,8.487,3.723,0.040,-0.026,0.013,2326,0
3852164,3.194,8.435,3.668,0.044,-0.009,0.017,2324,0
3852184,3.273,8.382,3.780,0.026,0.006,0.004,2323,0
3852204,3.182,8.428,3.862,0.012,0.011,-0.011,2324,0
3852224,3.148,8.456,3.874,0.003,0.002,-0.003,2323,0
3852244,3.158,8.420,3.857,-0.015,0.003,-0.012,2324,0
3852264,3.136,8.368,3.857,0.001,0.009,-0.015,2323,0
3852284,3.112,8.363,3.943,0.044,0.009,0.002,2325,0
3852304,3.060,8.420,3.948,0.069,-0.008,0.019,2323,0
3852324,3.096,8.363,3.941,0.044,-0.030,0.011,2325,0
3852344,3.196,8.255,3.828,0.023,-0.037,-0.006,2326,0
3852364,3.242,8.171,3.812,0.025,-0.015,-0.023,2324,0
3852384,3.215,8.241,3.850,0.037,0.010,-0.040,2324,0
3852404,3.105,8.471,4.010,0.051,0.014,-0.046,2323,0
3852424,3.021,8.626,4.058,0.058,-0.013,-0.038,2322,0
3852444,3.010,8.727,3.967,0.060,-0.041,-0.018,2323,0
3852464,3.091,8.610,3.888,0.037,-0.053,-0.003,2325,0
3852484,3.184,8.499,3.821,0.040,-0.042,-0.001,2324,0
3852504,3.261,8.550,3.783,0.057,-0.026,-0.002,2322,0
3852524,3.302,8.777,3.725,0.052,-0.011,0.007,2324,0
3852544,3.311,8.873,3.745,0.014,-0.000,0.025,2326,0
3852564,3.249,8.777,3.840,-0.012,0.010,0.045,2324,0
3852584,3.184,8.624,3.946,-0.026,0.021,0.065,2323,0
3852604,3.117,8.425,4.005,-0.035,0.026,0.069,2324,0
3852624,3.021,8.179,4.049,-0.031,0.027,0.075,2326,0
3852644,3.029,7.954,4.128,-0.026,0.009,0.054,2324,0
3852664,3.122,7.872,4.221,-0.012,-0.017,0.018,2324,0
3852684,3.122,7.997,4.130,0.037,-0.040,-0.014,2324,0
3852704,3.053,8.258,3.965,0.074,-0.055,-0.022,2324,0
3852724,3.005,8.499,3.768,0.063,-0.055,-0.015,2325,0
3852744,3.014,8.495,3.687,0.026,-0.038,-0.010,2325,0
3852764,3.110,8.396,3.809,0.023,-0.016,0.005,2324,0
3852784,3.146,8.303,3.910,0.034,-0.000,0.010,2323,0
3852804,3.160,8.282,3.883,0.026,-0.000,-0.000,2325,0
3852824,3.227,8.274,3.946,0.008,-0.003,-0.020,2325,0
3852844,3.211,8.298,4.041,0.012,0.003,-0.030,2325,0
3852864,3.079,8.408,4.135,0.043,-0.007,-0.021,2327,0
3852884,2.995,8.452,4.089,0.060,-0.030,-0.004,2330,0
3852904,3.062,8.425,4.029,0.062,-0.047,-0.005,2330,0
3852924,3.194,8.392,3.986,0.063,-0.050,-0.005,2333,0
3852944,3.187,8.349,3.941,0.061,-0.046,-0.004,2329,0
3852964,3.127,8.370,3.900,0.063,-0.039,-0.010,2333,0
3852984,3.089,8.380,3.864,0.078,-0.026,-0.007,2330,0
3853004,3.191,8.408,3.936,0.065,-0.018,-0.012,2331,0
3853024,3.144,8.437,4.039,0.039,-0.007,-0.018,2332,0
3853044,3.036,8.475,4.051,0.031,-0.015,-0.014,2332,0
3853064,3.021,8.461,4.003,0.019,-0.022,-0.005,2332,0
3853084,3.132,8.382,4.061,0.024,-0.021,0.002,2331,0
3853104,3.172,8.296,4.147,0.042,-0.021,0.003,2331,0
3853124,3.086,8.296,4.118,0.057,-0.033,-0.002,2332,0
3853144,3.067,8.339,4.063,0.047,-0.054,-0.010,2332,0
3853164,3.153,8.361,4.017,0.042,-0.061,-0.019,2333,0
3853184,3.168,8.423,4.010,0.054,-0.054,-0.016,2332,0
3853204,3.067,8.519,3.998,0.057,-0.046,-0.007,2333,0
3853224,3.041,8.511,3.948,0.058,-0.053,0.002,2333,0
3853244,3.093,8.497,3.922,0.055,-0.056,0.009,2332,0
3853264,3.179,8.480,3.888,0.044,-0.051,0.013,2333,0
3853284,3.136,8.337,3.946,0.023,-0.041,0.012,2334,0
3853304,3.108,8.207,3.998,0.039,-0.044,0.007,2333,0
3853324,3.144,8.262,3.979,0.055,-0.050,-0.010,2333,0
3853344,3.194,8.308,3.996,0.040,-0.050,-0.026,2333,0
3853364,3.122,8.423,3.970,0.054,-0.048,-0.027,2333,0
3853384,3.050,8.535,3.905,0.043,-0.049,-0.016,2333,0
3853404,3.067,8.329,3.828,0.040,-0.042,-0.009,2333,0
3853424,3.105,8.401,3.852,0.063,-0.022,-0.003,2333,0
3853444,3.139,8.430,3.931,0.044,-0.025,-0.005,2335,0
3853464,3.156,8.408,4.015,0.021,-0.037,-0.011,2334,0
3853484,3.105,8.394,4.003,0.036,-0.049,-0.013,2334,0
3853504,3.124,8.384,3.958,0.064,-0.053,-0.001,2333,0
3853524,3.122,8.370,3.974,0.071,-0.049,-0.000,2336,0
3853544,3.184,8.332,3.998,0.053,-0.054,-0.003,2335,0
3853564,3.175,8.267,3.984,0.042,-0.058,-0.021,2334,0
3853584,3.072,8.265,3.986,0.066,-0.070,-0.033,2333,0
3853604,3.098,8.373,3.876,0.108,-0.082,-0.033,2334,0
3853624,3.227,8.442,3.735,0.115,-0.078,-0.024,2332,0
3853644,3.196,8.454,3.663,0.101,-0.051,-0.030,2332,0
3853664,3.153,8.416,3.694,0.062,-0.034,-0.031,2331,0
3853684,3.179,8.294,3.792,0.028,-0.026,-0.047,2331,0
3853704,3.168,8.358,3.907,0.046,-0.013,-0.062,2330,0
3853724,3.043,8.662,3.900,0.083,-0.015,-0.044,2331,0
3853744,3.029,8.844,3.838,0.058,-0.030,-0.017,2332,0
3853764,3.065,8.727,3.792,0.027,-0.033,0.003,2331,0
3853784,3.191,8.583,3.876,0.047,-0.019,0.019,2331,0
3853804,3.194,8.571,3.958,0.067,-0.006,0.029,2330,0
3853824,3.108,8.571,3.989,0.055,-0.014,0.029,2332,0
3853844,3.012,8.504,3.917,0.037,-0.020,0.032,2333,0
3853864,3.045,8.353,3.903,0.027,-0.022,0.030,2330,0
3853884,3.153,8.250,3.982,0.031,-0.013,0.021,2330,0
3853904,3.103,8.265,4.039,0.035,-0.011,0.007,2331,0
3853924,2.962,8.320,3.986,0.022,-0.022,-0.006,2332,0
3853944,2.986,8.325,3.960,0.014,-0.033,-0.013,2332,0
3853964,3.045,8.334,3.934,0.022,-0.028,-0.021,2331,0
3853984,2.998,8.399,4.005,0.046,-0.027,-0.019,2331,0
3854004,2.952,8.452,3.986,0.051,-0.043,-0.004,2332,0
3854024,2.995,8.313,3.931,0.037,-0.056,-0.014,2332,0
3854044,3.077,8.200,3.917,0.064,-0.066,-0.035,2333,0
3854064,3.165,8.399,3.857,0.110,-0.071,-0.041,2331,0
3854084,3.129,8.595,3.850,0.078,-0.074,-0.039,2332,0
3854104,3.129,8.492,3.754,0.050,-0.079,-0.032,2331,0
3854124,3.129,8.492,3.627,0.090,-0.062,-0.024,2331,0
3854144,3.201,8.657,3.632,0.072,-0.038,-0.020,2331,0
3854164,3.194,8.653,3.713,0.033,-0.018,-0.013,2332,0
3854184,3.110,8.602,3.838,0.023,-0.010,-0.002,2331,0
3854204,3.072,8.533,3.883,0.031,-0.014,0.014,2330,0
3854224,3.089,8.459,3.869,0.044,-0.022,0.014,2332,0
3854244,3.165,8.430,3.938,0.051,-0.025,0.017,2332,0
3854264,3.189,8.468,3.919,0.048,-0.025,0.015,2332,0
3854284,3.079,8.509,3.850,0.024,-0.025,0.005,2331,0
3854304,2.964,8.411,3.816,0.019,-0.027,0.009,2333,0
3854324,2.942,8.365,3.790,0.050,-0.019,0.014,2329,0
3854344,3.072,8.322,3.790,0.046,-0.018,0.009,2332,0
3854364,3.146,8.313,3.766,0.038,-0.009,-0.005,2332,0
3854384,3.089,8.375,3.807,0.015,0.003,-0.014,2331,0
3854404,2.995,8.313,3.948,-0.001,0.012,-0.018,2331,0
3854424,3.000,8.310,4.175,0.035,0.001,-0.015,2331,0
3854444,2.998,8.399,4.300,0.075,-0.031,-0.018,2328,0
3854464,2.957,8.533,4.171,0.095,-0.081,-0.023,2330,0
3854484,2.981,8.636,3.895,0.070,-0.106,-0.019,2331,0
3854504,3.156,8.559,3.757,0.038,-0.092,-0.017,2330,0
3854524,3.213,8.495,3.802,0.036,-0.050,-0.011,2330,0
3854544,3.112,8.497,3.867,0.033,-0.027,-0.010,2330,0
3854564,3.010,8.509,3.905,0.015,-0.031,-0.015,2329,0
3854584,3.112,8.511,4.020,-0.004,-0.049,-0.023,2329,0
3854604,3.235,8.552,4.075,0.025,-0.063,-0.032,2331,0
3854624,3.273,8.775,4.008,0.070,-0.091,-0.037,2330,0
3854644,3.493,8.720,3.922,0.098,-0.121,-0.043,2330,0
3854664,3.670,8.777,3.776,0.161,-0.133,-0.068,2330,0
3854684,3.864,8.995,3.479,0.254,-0.165,-0.092,2330,0
3854704,3.888,9.443,3.086,0.369,-0.150,-0.065,2329,0
3854724,3.694,9.804,2.749,0.313,-0.098,-0.014,2329,0
3854744,3.318,9.622,2.804,0.145,-0.057,0.034,2329,0
3854764,2.753,8.835,3.024,0.005,-0.037,0.116,2330,0
3854784,2.447,8.095,3.383,-0.069,0.007,0.131,2332,0
3854804,2.069,7.573,3.998,-0.190,0.084,0.058,2327,0
3854824,1.798,7.209,4.702,-0.287,0.116,-0.030,2328,0
3854844,2.023,6.981,5.289,-0.279,0.052,-0.104,2326,0
3854864,2.507,7.314,5.339,-0.183,-0.066,-0.205,2326,0
3854884,2.758,8.205,4.791,-0.120,-0.183,-0.254,2324,0
3854904,2.885,8.787,4.293,-0.119,-0.245,-0.231,2328,0
3854924,2.899,9.019,3.893,-0.090,-0.241,-0.179,2327,0
3854944,2.871,9.050,3.649,0.017,-0.208,-0.090,2328,0
3854964,2.990,9.098,3.354,0.087,-0.186,-0.009,2328,0
3854984,3.196,8.969,3.134,0.033,-0.165,0.038,2329,0
3855004,3.467,8.564,3.333,-0.076,-0.112,0.067,2329,0
3855024,3.390,8.164,3.869,-0.087,-0.050,0.069,2327,0
3855044,3.330,8.066,4.187,-0.047,-0.046,0.064,2325,0
3855064,3.199,8.088,4.300,-0.027,-0.079,0.047,2327,0
3855084,3.103,8.116,4.125,-0.035,-0.126,0.015,2328,0
3855104,2.981,8.219,3.958,-0.020,-0.125,0.001,2328,0
3855124,2.935,8.258,3.809,-0.021,-0.096,0.000,2328,0
3855144,2.988,8.162,3.759,-0.030,-0.053,0.001,2328,0
3855164,3.017,8.042,3.759,-0.022,-0.018,-0.019,2326,0
3855184,3.127,8.059,3.924,-0.025,-0.002,-0.037,2326,0
3855204,3.127,8.133,4.051,-0.022,0.000,-0.052,2328,0
3855224,3.072,8.341,3.984,0.016,-0.022,-0.062,2327,0
3855244,3.048,8.420,3.759,0.040,-0.047,-0.065,2327,0
3855264,3.057,8.593,3.603,0.079,-0.052,-0.048,2330,0
3855284,3.127,8.626,3.584,0.054,-0.038,-0.034,2327,0
3855304,3.177,8.523,3.625,0.049,-0.014,-0.016,2327,0
3855324,3.201,8.490,3.594,0.057,0.011,0.001,2327,0
3855344,3.191,8.464,3.852,0.018,0.038,-0.002,2326,0
3855364,3.036,8.384,4.204,0.014,0.045,-0.007,2329,0
3855384,2.921,8.432,4.298,0.044,0.029,-0.003,2327,0
3855404,2.866,8.497,4.221,0.019,0.004,-0.018,2324,0
3855424,2.974,8.504,4.216,-0.021,0.000,-0.034,2327,0
3855444,3.014,8.528,4.286,-0.007,0.013,-0.035,2330,0
3855464,2.938,8.576,4.317,0.025,0.019,-0.006,2327,0
3855484,2.796,8.514,4.310,0.020,0.003,0.011,2327,0
3855504,2.806,8.313,4.360,-0.009,-0.023,0.011,2327,0
3855524,2.885,8.143,4.384,-0.007,-0.033,0.007,2327,0
3855544,2.926,8.174,4.298,0.010,-0.037,-0.004,2327,0
3855564,2.902,8.212,4.140,-0.008,-0.033,-0.021,2328,0
3855584,2.842,8.265,4.202,-0.027,-0.029,-0.028,2329,0
3855607,2.873,8.121,4.365,-0.035,-0.025,-0.039,2329,0
3855624,2.950,8.195,4.326,0.019,-0.026,-0.039,2327,0
3855644,2.947,8.382,4.140,0.033,-0.025,-0.032,2327,0
3855664,2.911,8.377,4.070,-0.000,-0.032,-0.040,2326,0
3855684,2.911,8.351,4.106,-0.005,-0.030,-0.037,2327,0
3855704,2.909,8.315,4.173,0.034,-0.029,-0.025,2326,0
3855724,2.935,8.394,4.128,0.059,-0.030,-0.016,2326,0
3855744,2.926,8.387,4.073,0.036,-0.030,-0.023,2326,0
3855764,2.928,8.317,4.130,0.007,-0.027,-0.032,2326,0
3855784,2.952,8.226,4.257,0.036,-0.022,-0.025,2324,0
3855804,2.873,8.301,4.341,0.074,-0.036,-0.027,2326,0
3855824,2.854,8.428,4.173,0.059,-0.059,-0.029,2325,0
3855844,2.851,8.392,4.013,0.042,-0.055,-0.030,2326,0
3855864,2.933,8.358,4.073,0.046,-0.033,-0.021,2325,0
3855884,2.969,8.222,4.180,0.047,-0.017,-0.018,2326,0
3855904,2.938,8.250,4.185,0.064,-0.017,-0.038,2326,0
3855924,2.914,8.377,4.142,0.041,-0.031,-0.054,2325,0
3855944,2.887,8.401,4.211,0.021,-0.029,-0.053,2324,0
3855964,2.808,8.382,4.379,0.057,-0.027,-0.043,2323,0
3855984,2.761,8.480,4.401,0.080,-0.042,-0.035,2325,0
3856004,2.792,8.507,4.372,0.062,-0.072,-0.041,2325,0
3856024,2.878,8.437,4.293,0.072,-0.090,-0.045,2325,0
3856044,3.189,8.373,4.199,0.114,-0.095,-0.051,2324,0
3856064,3.871,8.461,4.106,0.243,-0.159,-0.126,2326,0
3856084,4.578,9.172,3.634,0.472,-0.296,-0.228,2325,0
3856104,5.255,10.317,2.454,0.804,-0.451,-0.353,2325,0
3856124,5.677,11.930,0.381,1.339,-0.694,-0.517,2325,0
3856144,5.171,13.441,-3.426,1.468,-1.042,-0.466,2327,0
3856164,5.203,16.630,-8.076,0.428,-1.493,-0.139,2339,0
3856184,5.763,17.016,-12.775,-0.626,-1.456,0.375,2367,0
3856204,6.998,16.970,-16.738,-0.837,-0.044,0.939,2416,0
3856224,7.676,15.720,-15.938,-0.411,2.073,1.394,2476,0
3856244,2.643,14.176,-14.241,0.482,4.244,1.288,2481,0
3856264,-3.529,14.451,-12.984,1.264,5.749,1.134,2452,0
3856284,-6.747,15.400,-8.815,0.471,6.500,1.472,2420,0
3856304,-10.733,13.230,-2.387,-1.443,6.555,1.835,2373,0
3856324,-13.317,7.525,3.184,-2.819,6.647,1.992,2327,0
3856344,-13.027,1.506,7.633,-2.227,6.395,2.026,2286,0
3856364,-12.182,1.647,13.489,-0.847,5.006,1.825,2262,0
3856384,-10.472,2.516,15.699,-0.936,3.433,1.864,2256,0
3856404,-8.657,0.962,16.484,-1.247,2.365,1.942,2255,0
3856424,-7.156,-1.640,16.599,-0.729,1.602,1.622,2252,0
3856444,-6.112,-1.731,15.304,0.295,1.013,1.211,2250,0
3856464,-5.085,0.132,12.883,0.915,0.649,0.956,2252,0
3856484,-3.871,2.270,11.205,0.784,0.520,0.727,2253,0
3856504,-3.536,3.587,10.525,0.159,0.546,0.430,2255,0
3856524,-3.598,3.994,10.343,-0.484,0.466,0.142,2255,0
3856544,-2.571,4.080,10.063,-0.852,0.169,-0.035,2255,0
3856564,-1.302,4.434,9.503,-0.900,0.018,-0.063,2259,0
3856584,-0.752,4.451,9.222,-0.814,0.076,-0.114,2260,0
3856604,-0.532,4.458,9.127,-0.457,0.166,-0.227,2264,0
3856624,-0.393,5.306,9.074,0.085,0.214,-0.294,2266,0
3856644,-0.393,6.491,8.885,0.364,0.137,-0.295,2265,0
3856664,-0.316,7.204,8.576,0.215,-0.107,-0.264,2264,0
3856684,0.091,7.118,8.100,-0.054,-0.385,-0.256,2263,0
3856704,0.419,7.065,7.468,-0.228,-0.534,-0.268,2263,0
3856724,0.819,6.922,6.795,-0.330,-0.538,-0.264,2266,0
3856744,0.821,6.620,6.474,-0.255,-0.390,-0.209,2270,0
3856764,0.702,6.297,6.412,-0.021,-0.218,-0.147,2275,0
3856784,0.907,6.639,6.194,0.286,-0.078,-0.113,2277,0
3856804,1.128,7.192,6.115,0.269,0.000,-0.125,2280,0
3856824,1.142,7.417,6.352,-0.052,0.034,-0.166,2280,0
3856844,0.754,6.965,6.883,-0.295,0.071,-0.197,2277,0
3856864,0.383,6.555,7.614,-0.129,0.103,-0.150,2277,0
3856884,0.074,6.704,7.896,0.225,0.106,-0.048,2275,0
3856904,-0.010,6.993,7.822,0.508,0.010,0.015,2276,0
3856924,-0.024,7.427,7.535,0.623,-0.108,0.054,2275,0
3856944,-0.017,7.721,7.329,0.416,-0.207,0.056,2276,0
3856964,0.220,7.331,7.072,0.153,-0.276,0.033,2276,0
3856984,0.579,6.965,6.797,0.159,-0.272,0.061,2275,0
3857004,0.833,6.958,6.601,0.239,-0.187,0.112,2277,0
3857024,0.924,7.104,6.560,0.220,-0.082,0.115,2278,0
3857044,0.912,7.286,6.551,0.127,-0.009,0.071,2280,0
3857064,0.740,7.566,6.790,-0.017,0.010,0.053,2284,0
3857084,0.469,7.513,7.238,-0.243,-0.019,0.064,2287,0
3857104,0.663,6.871,7.475,-0.340,-0.075,0.072,2291,0
3857124,0.991,6.371,7.661,-0.174,-0.091,0.103,2291,0
3857144,0.982,6.134,7.654,0.123,-0.071,0.144,2290,0
3857164,0.812,6.337,7.417,0.320,-0.084,0.148,2289,0
3857184,0.907,6.414,7.185,0.377,-0.126,0.114,2289,0
3857204,1.116,6.574,7.058,0.345,-0.147,0.067,2288,0
3857224,1.171,6.627,6.869,0.267,-0.138,0.042,2288,0
3857244,1.032,6.630,6.807,0.212,-0.112,0.027,2288,0
3857264,0.912,6.761,6.895,0.195,-0.088,0.018,2288,0
3857284,0.773,7.013,7.096,0.192,-0.095,0.014,2288,0
3857304,0.792,7.302,7.135,0.154,-0.159,0.038,2288,0
3857324,0.888,7.233,6.941,0.067,-0.212,0.042,2288,0
3857344,1.056,6.941,6.826,0.040,-0.219,0.034,2288,0
3857364,1.159,6.773,6.721,0.107,-0.216,0.040,2288,0
3857384,1.240,6.778,6.519,0.158,-0.207,0.047,2288,0
3857404,1.377,6.958,6.218,0.130,-0.187,0.036,2289,0
3857424,1.432,7.061,6.177,0.060,-0.134,0.011,2291,0
3857444,1.343,7.053,6.443,0.015,-0.096,-0.011,2291,0
3857464,1.207,7.116,6.546,-0.010,-0.087,-0.013,2292,0
3857484,1.211,7.276,6.610,-0.126,-0.116,0.000,2291,0
3857504,1.336,7.029,6.764,-0.255,-0.140,0.001,2289,0
3857524,1.317,6.627,6.946,-0.237,-0.132,-0.005,2291,0
3857544,1.314,6.306,7.056,-0.059,-0.104,-0.005,2290,0
3857564,1.408,6.460,7.106,0.154,-0.083,0.005,2290,0
3857584,1.448,6.869,7.061,0.222,-0.083,0.007,2292,0
