712635,-0.860,3.158,9.189,0.083,-0.003,-0.007,2452,0
712654,-0.903,3.254,9.189,0.059,-0.013,-0.004,2452,0
712675,-0.915,3.259,9.246,0.022,-0.027,0.006,2452,0
712694,-0.915,3.211,9.304,0.028,-0.046,0.009,2451,0
712714,-0.845,3.175,9.256,0.056,-0.053,0.012,2452,0
712734,-0.816,3.148,9.177,0.069,-0.033,0.004,2452,0
712755,-0.860,3.172,9.201,0.050,-0.016,-0.006,2453,0
712774,-0.900,3.163,9.280,0.030,-0.017,0.000,2452,0
712795,-0.917,3.103,9.311,0.031,-0.041,0.000,2451,0
712814,-0.864,3.060,9.244,0.039,-0.057,-0.007,2452,0
712835,-0.883,3.038,9.266,0.055,-0.044,-0.010,2452,0
712855,-0.931,3.139,9.227,0.070,-0.048,-0.023,2453,0
712875,-0.922,3.218,9.151,0.051,-0.062,-0.022,2453,0
712895,-0.910,3.177,9.153,0.031,-0.045,-0.015,2452,0
712915,-0.876,3.117,9.170,0.047,-0.033,-0.018,2453,0
712934,-0.881,3.160,9.210,0.078,-0.015,-0.014,2455,0
712954,-0.883,3.194,9.201,0.079,-0.014,-0.014,2452,0
712974,-0.874,3.249,9.127,0.055,-0.029,-0.012,2452,0
712995,-0.850,3.251,9.117,0.013,-0.033,-0.015,2452,0
713014,-0.843,3.165,9.206,-0.007,-0.023,-0.015,2453,0
713034,-0.852,3.093,9.258,0.039,-0.014,-0.004,2451,0
713054,-0.895,3.187,9.244,0.102,-0.010,-0.002,2453,0
713074,-0.936,3.321,9.165,0.111,-0.019,-0.010,2451,0
713095,-0.960,3.455,9.108,0.068,-0.031,-0.015,2452,0
713114,-0.953,3.393,9.160,0.008,-0.040,-0.002,2453,0
713135,-0.917,3.225,9.230,0.010,-0.035,0.014,2453,0
713154,-0.895,3.153,9.191,0.076,-0.017,0.017,2453,0
713174,-0.905,3.232,9.199,0.125,0.010,0.016,2454,0
713195,-0.939,3.302,9.143,0.083,0.001,0.010,2453,0
713215,-0.929,3.251,9.213,0.002,-0.028,0.011,2453,0
713235,-0.879,3.036,9.309,-0.001,-0.039,0.010,2454,0
713254,-0.876,3.014,9.349,0.059,-0.024,-0.006,2453,0
713275,-0.888,3.144,9.290,0.103,-0.017,-0.010,2453,0
713295,-0.895,3.273,9.220,0.085,-0.028,-0.013,2453,0
713315,-0.910,3.273,9.227,0.028,-0.041,-0.018,2453,0
713335,-0.939,3.187,9.335,0.017,-0.045,-0.014,2454,0
713354,-0.924,3.184,9.316,0.063,-0.039,-0.005,2454,0
713374,-0.905,3.261,9.210,0.101,-0.025,-0.001,2455,0
713394,-0.929,3.326,9.134,0.090,-0.028,-0.007,2452,0
713414,-0.946,3.306,9.165,0.045,-0.044,-0.003,2453,0
713435,-0.948,3.254,9.163,0.015,-0.048,-0.002,2454,0
713454,-0.965,3.254,9.177,0.021,-0.041,0.005,2454,0
713475,-0.979,3.270,9.165,0.059,-0.032,0.003,2452,0
713494,-0.972,3.364,9.084,0.078,-0.027,0.000,2454,0
713515,-0.965,3.436,9.117,0.037,-0.023,0.005,2454,0
713535,-0.977,3.314,9.242,0.008,-0.030,0.013,2455,0
713554,-0.927,3.232,9.278,0.047,-0.030,0.017,2453,0
713574,-0.905,3.230,9.232,0.099,-0.021,0.021,2454,0
713594,-0.912,3.328,9.160,0.099,-0.031,0.018,2453,0
713614,-0.936,3.326,9.108,0.032,-0.066,0.013,2453,0
713634,-0.941,3.227,9.170,-0.002,-0.066,0.022,2454,0
713654,-0.905,3.031,9.208,0.065,-0.053,0.022,2454,0
713674,-0.874,3.151,9.108,0.143,-0.036,0.017,2455,0
713694,-0.953,3.400,9.021,0.101,-0.036,0.007,2454,0
713714,-0.982,3.318,9.074,0.008,-0.056,0.001,2455,0
713734,-0.915,3.158,9.148,0.001,-0.043,0.011,2456,0
713754,-0.838,3.122,9.184,0.090,-0.006,0.011,2455,0
713774,-0.891,3.316,9.191,0.124,0.016,0.006,2455,0
713795,-0.919,3.383,9.266,0.093,-0.008,0.014,2455,0
713814,-0.922,3.364,9.273,0.034,-0.036,0.012,2456,0
713835,-0.876,3.261,9.304,0.012,-0.051,0.016,2454,0
713854,-0.855,3.218,9.301,0.047,-0.041,0.014,2454,0
713874,-0.843,3.294,9.206,0.096,-0.039,0.011,2453,0
713894,-0.857,3.385,9.139,0.096,-0.043,0.002,2456,0
713915,-0.860,3.371,9.072,0.064,-0.047,-0.007,2454,0
713934,-0.840,3.354,9.141,0.048,-0.053,-0.010,2455,0
713954,-0.814,3.282,9.086,0.074,-0.064,-0.012,2455,0
713975,-0.831,3.388,9.045,0.105,-0.048,-0.009,2457,0
713995,-0.915,3.412,9.038,0.109,-0.015,0.002,2456,0
714014,-0.970,3.472,9.112,0.111,-0.005,0.009,2455,0
714035,-1.008,3.541,9.088,0.112,-0.017,0.004,2457,0
714054,-1.010,3.567,9.026,0.063,-0.031,0.006,2455,0
714075,-1.001,3.457,9.072,0.026,-0.029,0.018,2455,0
714095,-0.960,3.311,9.127,0.064,-0.019,0.021,2456,0
714115,-0.917,3.349,9.091,0.100,-0.020,0.019,2455,0
714134,-0.867,3.321,9.074,0.081,-0.014,0.015,2457,0
714155,-0.883,3.297,9.088,0.052,-0.011,0.004,2456,0
714174,-0.888,3.268,9.141,0.047,-0.014,-0.004,2454,0
714194,-0.876,3.256,9.179,0.058,-0.014,-0.007,2457,0
714214,-0.895,3.292,9.177,0.075,-0.011,-0.018,2456,0
714235,-0.931,3.407,9.124,0.066,-0.010,-0.025,2455,0
714254,-0.972,3.500,9.115,0.034,-0.011,-0.017,2456,0
714274,-0.970,3.464,9.163,0.014,-0.016,-0.015,2456,0
714294,-1.020,3.462,9.227,0.020,-0.013,-0.014,2455,0
714315,-1.018,3.424,9.306,0.043,-0.009,-0.004,2456,0
714334,-0.989,3.397,9.258,0.076,-0.005,0.010,2457,0
714354,-0.958,3.402,9.227,0.073,-0.001,0.010,2457,0
714374,-0.962,3.330,9.246,0.026,-0.027,-0.017,2456,0
714395,-0.941,3.256,9.251,0.019,-0.054,-0.029,2455,0
714414,-0.910,3.251,9.194,0.055,-0.060,-0.031,2458,0
714434,-0.917,3.340,9.084,0.072,-0.041,-0.031,2456,0
714454,-0.924,3.457,9.057,0.056,-0.026,-0.028,2456,0
714474,-0.950,3.491,9.069,0.032,-0.022,-0.033,2455,0
714494,-1.001,3.452,9.163,0.041,-0.026,-0.044,2456,0
714514,-1.039,3.457,9.139,0.064,-0.035,-0.037,2457,0
714535,-1.006,3.476,9.096,0.054,-0.042,-0.026,2456,0
714555,-1.006,3.546,9.033,0.023,-0.059,-0.023,2457,0
714574,-0.953,3.486,8.981,0.022,-0.065,-0.021,2456,0
714595,-0.907,3.443,8.981,0.056,-0.039,-0.034,2457,0
714614,-0.931,3.503,9.050,0.082,-0.002,-0.038,2457,0
714635,-1.001,3.622,9.103,0.066,0.007,-0.022,2456,0
714655,-0.991,3.618,9.146,0.039,-0.020,-0.001,2456,0
714675,-0.919,3.488,9.175,0.033,-0.035,0.003,2458,0
714694,-0.881,3.414,9.215,0.064,-0.023,-0.010,2456,0
714715,-0.912,3.476,9.218,0.086,-0.021,-0.018,2456,0
714734,-0.977,3.589,9.155,0.062,-0.038,-0.007,2457,0
714754,-0.977,3.555,9.196,0.024,-0.056,0.019,2456,0
714774,-0.922,3.405,9.153,0.036,-0.059,0.019,2456,0
714794,-0.931,3.366,9.105,0.073,-0.053,-0.001,2456,0
714814,-0.979,3.421,9.084,0.077,-0.050,-0.018,2454,0
714835,-1.056,3.560,9.033,0.060,-0.046,-0.009,2457,0
714855,-1.080,3.606,9.069,0.053,-0.042,0.014,2455,0
714874,-1.049,3.522,9.079,0.052,-0.043,0.024,2455,0
714894,-0.984,3.405,9.055,0.041,-0.055,0.018,2456,0
714915,-0.929,3.302,9.057,0.032,-0.055,0.003,2456,0
714934,-0.905,3.273,9.019,0.045,-0.041,-0.006,2456,0
714955,-0.927,3.371,9.012,0.073,-0.022,-0.007,2455,0
714974,-0.950,3.452,9.043,0.059,-0.017,-0.013,2458,0
714995,-0.950,3.450,9.088,0.025,-0.020,-0.022,2457,0
715014,-0.931,3.376,9.184,0.015,-0.031,-0.032,2457,0
715035,-0.905,3.364,9.194,0.050,-0.029,-0.037,2457,0
715055,-0.929,3.486,9.129,0.068,-0.025,-0.038,2456,0
715075,-0.943,3.543,9.062,0.054,-0.032,-0.025,2455,0
715094,-0.931,3.548,9.062,0.028,-0.041,-0.024,2458,0
715114,-0.939,3.510,9.086,0.014,-0.040,-0.023,2457,0
715134,-0.915,3.479,9.072,0.035,-0.033,-0.027,2456,0
715155,-0.958,3.543,9.079,0.068,-0.022,-0.027,2456,0
715174,-1.032,3.697,9.076,0.055,-0.021,-0.018,2457,0
715194,-1.046,3.699,9.108,0.022,-0.026,-0.009,2456,0
715214,-0.979,3.570,9.143,0.031,-0.033,-0.003,2457,0
715234,-0.910,3.479,9.108,0.075,-0.023,-0.001,2457,0
715254,-0.941,3.486,9.100,0.088,-0.010,0.001,2458,0
715275,-0.967,3.567,9.134,0.061,-0.017,0.005,2456,0
715294,-0.984,3.541,9.163,0.036,-0.041,0.011,2458,0
715315,-0.967,3.457,9.196,0.033,-0.044,0.010,2456,0
715334,-0.996,3.414,9.153,0.045,-0.046,0.001,2457,0
715355,-1.027,3.496,9.105,0.054,-0.060,-0.006,2457,0
715375,-1.013,3.505,9.062,0.044,-0.060,-0.001,2458,0
715395,-1.075,3.510,9.141,0.053,-0.044,0.000,2457,0
715414,-1.094,3.491,9.153,0.068,-0.049,-0.008,2456,0
715435,-1.068,3.484,9.098,0.059,-0.060,-0.007,2457,0
715454,-1.032,3.419,9.100,0.052,-0.058,-0.006,2456,0
715475,-1.056,3.409,9.194,0.079,-0.042,-0.010,2457,0
715494,-1.094,3.467,9.201,0.094,-0.045,-0.017,2457,0
715514,-1.063,3.503,9.143,0.053,-0.080,-0.021,2457,0
715535,-0.941,3.431,9.031,0.017,-0.102,-0.020,2457,0
715555,-0.893,3.333,9.026,0.044,-0.084,-0.029,2458,0
715574,-0.953,3.390,8.983,0.060,-0.061,-0.042,2457,0
715594,-0.917,3.512,8.820,0.042,-0.051,-0.043,2457,0
715614,-0.860,3.589,8.794,0.025,-0.042,-0.045,2459,0
715635,-0.871,3.531,8.847,0.018,-0.014,-0.047,2460,0
715654,-0.905,3.529,8.938,0.023,0.010,-0.057,2459,0
715675,-0.996,3.654,9.036,0.021,0.038,-0.059,2460,0
715695,-1.061,3.687,9.210,0.004,0.053,-0.041,2459,0
715714,-1.156,3.649,9.438,-0.017,0.045,-0.025,2459,0
715735,-1.180,3.472,9.591,-0.019,0.015,-0.026,2458,0
715754,-1.137,3.338,9.704,0.003,-0.014,-0.033,2458,0
715775,-1.080,3.354,9.649,0.025,-0.054,-0.045,2458,0
715794,-1.070,3.366,9.577,0.006,-0.079,-0.051,2460,0
715814,-1.053,3.237,9.550,-0.011,-0.092,-0.045,2458,0
715834,-0.994,3.098,9.582,-0.006,-0.114,-0.055,2458,0
715854,-0.955,3.053,9.538,0.007,-0.144,-0.075,2458,0
715874,-0.931,3.065,9.402,0.012,-0.174,-0.092,2458,0
715894,-0.907,3.156,9.261,0.009,-0.196,-0.102,2458,0
715914,-0.891,3.136,9.172,-0.011,-0.191,-0.089,2459,0
715934,-0.876,3.041,9.153,0.011,-0.180,-0.090,2458,0
715954,-0.886,3.105,9.048,0.049,-0.187,-0.114,2458,0
715974,-0.888,3.290,8.904,0.028,-0.206,-0.130,2459,0
715995,-0.852,3.314,8.832,-0.026,-0.218,-0.123,2459,0
716014,-0.754,3.151,8.806,0.001,-0.194,-0.122,2459,0
716034,-0.723,3.168,8.734,0.094,-0.153,-0.140,2459,0
716055,-0.733,3.361,8.712,0.132,-0.115,-0.151,2460,0
716075,-0.704,3.567,8.655,0.094,-0.098,-0.139,2459,0
716095,-0.663,3.618,8.660,0.026,-0.092,-0.111,2461,0
716115,-0.620,3.589,8.691,0.022,-0.063,-0.097,2461,0
716134,-0.646,3.608,8.794,0.062,-0.036,-0.095,2459,0
716154,-0.639,3.852,8.787,0.091,-0.020,-0.093,2461,0
716175,-0.663,4.068,8.825,0.081,-0.027,-0.078,2462,0
716194,-0.737,4.094,8.942,0.065,-0.021,-0.053,2459,0
716214,-0.809,4.013,9.076,0.094,-0.010,-0.029,2460,0
716235,-0.919,4.022,9.189,0.148,-0.001,0.004,2460,0
716254,-1.027,4.017,9.227,0.150,-0.017,0.019,2460,0
716275,-1.041,3.946,9.282,0.113,-0.055,0.035,2461,0
716294,-1.044,3.768,9.309,0.091,-0.070,0.057,2460,0
716315,-0.905,3.455,9.263,0.111,-0.066,0.073,2461,0
716334,-0.788,3.311,9.155,0.140,-0.037,0.072,2461,0
716354,-0.778,3.285,9.124,0.141,-0.019,0.042,2462,0
716375,-0.773,3.299,9.141,0.102,-0.029,0.010,2461,0
716395,-0.747,3.237,9.225,0.051,-0.027,0.003,2460,0
716414,-0.685,3.139,9.318,0.045,-0.026,-0.000,2461,0
716435,-0.697,3.091,9.416,0.069,-0.025,-0.018,2460,0
716454,-0.716,3.108,9.385,0.081,-0.046,-0.039,2460,0
716475,-0.730,3.163,9.373,0.083,-0.078,-0.063,2460,0
716494,-0.797,3.297,9.335,0.070,-0.102,-0.080,2460,0
716515,-0.785,3.419,9.127,0.035,-0.132,-0.070,2461,0
716534,-0.670,3.440,8.880,0.015,-0.139,-0.047,2461,0
716555,-0.543,3.469,8.756,0.027,-0.105,-0.036,2461,0
716575,-0.510,3.575,8.598,0.039,-0.076,-0.044,2461,0
716595,-0.512,3.723,8.595,0.004,-0.062,-0.047,2462,0
716614,-0.445,3.711,8.643,-0.014,-0.041,-0.037,2463,0
716634,-0.469,3.718,8.684,0.032,-0.026,-0.038,2463,0
716654,-0.543,3.883,8.672,0.074,-0.016,-0.036,2462,0
716674,-0.630,4.080,8.641,0.068,0.007,-0.023,2462,0
716695,-0.723,4.137,8.780,0.069,0.015,-0.005,2461,0
716714,-0.788,4.209,8.823,0.098,0.021,0.021,2463,0
716734,-0.797,4.226,8.794,0.124,0.036,0.046,2463,0
716755,-0.836,4.254,8.811,0.129,0.056,0.069,2463,0
716775,-0.934,4.209,8.976,0.117,0.078,0.101,2462,0
716795,-1.003,4.108,9.182,0.117,0.079,0.132,2463,0
716814,-0.979,3.943,9.251,0.128,0.068,0.147,2463,0
716835,-0.967,3.783,9.354,0.127,0.071,0.155,2463,0
716854,-1.013,3.658,9.443,0.109,0.052,0.152,2461,0
716874,-1.006,3.438,9.462,0.082,0.026,0.153,2463,0
716895,-0.982,3.273,9.462,0.102,0.029,0.136,2462,0
716914,-1.018,3.371,9.457,0.082,0.020,0.097,2461,0
716934,-0.982,3.338,9.495,0.013,-0.015,0.086,2462,0
716955,-0.919,3.132,9.428,0.012,-0.045,0.072,2462,0
716974,-0.860,3.065,9.426,0.050,-0.041,0.034,2462,0
716994,-0.848,3.191,9.364,0.046,-0.050,0.003,2461,0
717015,-0.831,3.326,9.268,-0.018,-0.078,-0.009,2463,0
717035,-0.816,3.364,9.175,-0.044,-0.096,-0.034,2461,0
717054,-0.831,3.431,9.134,-0.020,-0.107,-0.056,2462,0
717075,-0.797,3.474,9.041,0.013,-0.108,-0.060,2462,0
717094,-0.800,3.541,8.947,0.045,-0.095,-0.076,2463,0
717114,-0.855,3.754,8.928,0.031,-0.091,-0.084,2463,0
717134,-0.836,3.809,8.885,-0.019,-0.102,-0.064,2462,0
717154,-0.749,3.606,8.887,-0.009,-0.090,-0.053,2463,0
717174,-0.716,3.546,8.875,0.063,-0.071,-0.070,2462,0
717195,-0.709,3.701,8.801,0.090,-0.048,-0.066,2462,0
717215,-0.730,3.809,8.823,0.045,-0.039,-0.056,2463,0
717234,-0.737,3.780,8.904,-0.002,-0.041,-0.038,2463,0
717254,-0.721,3.733,8.995,-0.018,-0.032,-0.026,2463,0
717275,-0.687,3.610,9.105,-0.001,-0.027,-0.025,2462,0
717295,-0.704,3.601,9.196,0.062,-0.015,-0.025,2464,0
717315,-0.788,3.752,9.220,0.092,-0.022,-0.034,2463,0
717335,-0.871,3.831,9.426,0.077,-0.096,0.002,2463,0
717354,-0.814,3.733,9.483,0.148,-0.241,0.053,2463,0
717374,-0.709,3.618,9.424,0.265,-0.355,0.076,2466,0
717395,-0.661,3.426,9.577,0.502,-0.355,0.105,2474,0
717415,-0.697,3.273,9.730,1.092,-0.441,0.190,2479,0
717435,-0.548,3.893,9.340,1.730,-0.477,0.252,2489,0
717454,-0.445,3.886,9.256,2.320,-0.416,0.355,2512,0
717474,-0.453,3.730,9.471,3.211,-0.487,0.474,2524,0
717494,-0.318,4.345,8.693,4.299,-0.511,0.374,2542,0
717514,-0.115,4.932,7.331,5.402,-0.288,0.129,2553,0
717534,0.120,4.606,6.182,6.678,-0.011,-0.305,2558,0
717555,-0.072,5.418,3.883,8.050,0.256,-0.814,2558,0
717574,-0.146,6.165,1.365,8.731,0.635,-1.296,2559,0
717595,-0.010,6.665,-1.123,8.731,1.132,-1.597,2559,0
717614,-0.723,6.931,-3.254,8.731,1.607,-1.760,2559,0
717634,-1.168,6.874,-5.284,8.731,2.024,-1.564,2559,0
717654,-1.346,7.178,-7.468,8.731,2.182,-1.553,2559,0
717674,-1.899,6.737,-9.093,8.731,1.801,-0.958,2571,0
717695,-2.294,8.200,-9.615,8.731,1.191,-0.600,2562,0
717715,-3.086,8.875,-8.794,8.068,-0.052,0.129,2574,0
717734,-3.469,8.258,-8.253,4.879,-1.835,0.777,2600,0
717754,-2.744,4.463,-9.098,2.308,-2.830,1.139,2639,0
717774,-1.846,1.185,-9.361,1.404,-2.567,1.124,2672,0
717794,-1.748,-0.491,-9.603,1.546,-1.810,0.641,2686,0
717815,-2.998,-0.196,-10.393,1.928,-1.181,0.056,2686,0
717834,-3.912,0.972,-10.599,1.806,-1.093,-0.230,2689,0
717854,-3.953,1.767,-10.762,1.171,-1.107,-0.142,2698,0
717875,-3.610,1.846,-10.659,0.417,-0.882,0.062,2702,0
717894,-3.627,0.962,-10.386,-0.082,-0.555,0.058,2701,0
717914,-3.792,0.721,-10.130,-0.109,-0.323,-0.118,2698,0
717934,-3.915,1.209,-9.955,0.037,-0.247,-0.225,2701,0
717954,-3.895,1.654,-9.807,0.141,-0.273,-0.215,2703,0
717975,-3.709,1.994,-9.811,0.132,-0.239,-0.160,2703,0
717995,-3.694,1.951,-9.723,0.012,-0.133,-0.086,2703,0
718014,-3.747,1.575,-9.443,-0.026,-0.054,-0.006,2702,0
718035,-3.828,1.123,-9.428,0.046,-0.125,-0.000,2700,0
718054,-3.694,1.228,-9.510,0.127,-0.130,-0.031,2702,0
718074,-3.836,1.250,-9.553,0.023,-0.088,-0.030,2703,0
718094,-4.001,0.982,-9.376,-0.081,-0.072,-0.029,2702,0
718114,-4.017,0.924,-9.318,-0.014,-0.062,-0.041,2703,0
718134,-3.934,1.073,-9.268,0.041,-0.044,-0.060,2704,0
718155,-3.907,1.384,-9.160,0.010,-0.023,-0.085,2704,0
718175,-3.977,1.235,-9.000,-0.031,-0.033,-0.079,2705,0
718195,-3.917,1.173,-8.847,0.020,-0.079,-0.053,2704,0
718214,-3.850,1.290,-8.866,0.060,-0.121,-0.035,2704,0
718235,-4.020,1.147,-8.988,0.088,-0.139,-0.038,2706,0
718254,-4.085,1.164,-9.093,0.068,-0.146,-0.019,2707,0
718274,-4.032,1.101,-9.141,-0.001,-0.113,-0.003,2708,0
718295,-4.063,1.015,-9.079,-0.041,-0.124,-0.029,2707,0
718314,-4.022,1.022,-9.110,-0.024,-0.140,-0.056,2711,0
718335,-3.943,1.147,-8.923,0.005,-0.108,-0.070,2713,0
718354,-4.027,1.006,-8.997,0.065,-0.106,-0.076,2714,0
718374,-4.094,1.154,-9.002,0.100,-0.131,-0.091,2716,0
718395,-4.168,1.132,-9.062,0.086,-0.217,-0.144,2719,0
718414,-4.132,0.967,-9.096,0.000,-0.315,-0.191,2728,0
718435,-4.049,0.900,-9.033,0.001,-0.285,-0.161,2737,0
718454,-4.120,0.836,-9.136,0.122,-0.195,-0.152,2745,0
718475,-4.334,1.437,-9.079,0.184,-0.151,-0.198,2753,0
718494,-4.417,1.427,-8.873,-0.010,-0.286,-0.228,2762,0
718515,-4.424,0.704,-8.744,-0.080,-0.505,-0.294,2776,0
718534,-4.192,0.656,-9.048,0.176,-0.422,-0.276,2800,0
718555,-4.338,1.295,-9.290,0.137,-0.213,-0.122,2816,0
718574,-4.393,1.015,-8.918,0.000,-0.096,-0.102,2820,0
718594,-4.250,0.941,-8.272,-0.113,-0.295,-0.271,2832,0
718614,-4.250,-0.069,-8.248,-0.026,-0.497,-0.456,2844,0
718635,-5.071,0.651,-8.617,0.301,-0.636,-0.364,2864,0
718654,-5.363,2.097,-8.590,0.198,-0.916,0.096,2881,0
718675,-4.812,1.496,-8.772,0.019,-0.932,0.186,2913,0
718694,-4.784,1.164,-9.110,-0.080,-0.652,-0.098,2972,0
718714,-5.851,0.098,-9.560,-0.238,-0.305,-0.324,3042,0
718734,-6.306,0.575,-7.695,0.157,-0.366,-0.069,3087,0
718755,-6.148,1.472,-7.772,0.292,-0.642,0.319,3119,0
718775,-5.073,0.553,-9.177,-0.047,-0.653,0.192,3136,0
718795,-4.310,-0.381,-9.632,-0.468,-0.206,-0.422,3151,3093
718814,-5.899,0.450,-7.867,-0.422,0.138,-0.687,3152,3482
718835,-7.336,2.073,-7.307,-0.211,-0.317,-0.055,3151,3894
718854,-5.377,0.953,-8.255,-0.386,-0.707,0.128,3146,4055
718874,-5.121,0.733,-8.629,-0.255,-0.426,-0.084,3136,4095
718894,-5.025,1.178,-8.598,-0.349,-0.022,-0.286,3128,4095
718915,-6.400,1.049,-7.810,-0.352,0.026,-0.307,3123,4095
718934,-6.369,1.305,-7.676,-0.247,-0.228,-0.173,3118,4095
718955,-5.114,1.408,-8.411,-0.285,-0.230,-0.175,3113,4095
718975,-5.816,1.647,-8.380,-0.373,-0.046,-0.177,3108,4095
718995,-5.962,1.396,-7.901,-0.522,0.027,-0.155,3104,4095
719014,-5.942,1.006,-8.131,-0.402,-0.095,-0.198,3102,4095
719034,-6.345,1.736,-8.406,-0.375,-0.149,-0.222,3094,4095
719054,-5.895,2.746,-8.499,-0.676,-0.140,-0.168,3091,4095
719075,-5.502,2.725,-9.110,-1.110,-0.104,-0.010,3089,4095
719094,-5.478,2.523,-9.098,-1.609,0.188,0.072,3088,4095
719115,-5.863,3.857,-9.019,-2.280,0.279,0.203,3087,4095
719134,-7.216,5.222,-9.076,-3.200,0.126,0.512,3085,4095
719155,-7.556,6.182,-9.627,-4.508,-0.097,0.952,3082,4095
719175,-6.732,7.247,-11.037,-5.812,-0.090,1.449,3082,4095
719195,-8.320,9.251,-10.424,-7.246,0.176,2.339,3081,4095
719214,-9.397,11.303,-9.335,-8.731,-0.357,3.215,3082,4095
719235,-9.251,7.513,-8.317,-8.731,-1.741,3.960,3087,4095
719254,-5.571,5.851,-7.954,-8.731,-2.271,3.789,3088,4095
719274,-4.671,7.846,-7.343,-8.731,-1.932,3.704,3088,4095
719295,-3.677,4.934,-5.097,-8.731,-1.615,3.495,3088,4095
719314,-3.120,3.692,-1.250,-8.731,-1.716,2.941,3089,4095
719335,-1.128,0.711,2.301,-8.731,-1.781,2.448,3093,4095
719355,0.436,-0.335,4.719,-8.208,-1.548,1.733,3092,4095
719374,1.896,-3.230,6.653,-5.670,-0.841,1.198,3093,4095
719394,0.759,-0.627,8.131,-3.009,-0.160,0.720,3091,4095
719414,-0.029,1.535,8.856,-1.972,-0.076,0.448,3089,4095
719434,0.055,1.046,9.462,-1.369,-0.020,0.277,3088,4095
719454,-0.278,1.733,9.802,-0.529,0.225,0.131,3084,4095
719474,-1.137,3.926,9.912,-0.373,0.307,0.128,3083,4095
719495,-1.080,3.378,9.840,-0.618,0.154,0.282,3082,4095
719514,-0.656,2.246,9.706,-0.192,0.130,0.267,3074,4095
719534,-0.790,2.971,9.548,0.211,0.152,0.142,3072,4095
719555,-0.931,4.044,9.486,-0.052,0.040,0.114,3067,4095
719574,-0.512,2.823,9.546,-0.424,-0.013,0.107,3065,4095
719594,-0.409,2.085,9.811,-0.088,0.014,0.067,3066,4095
719614,-0.579,2.940,9.799,0.237,-0.050,0.051,3063,4095
719634,-0.637,3.457,9.670,0.048,-0.146,0.075,3060,4095
719654,-0.472,3.153,9.555,-0.121,-0.112,0.050,3059,4095
719674,-0.469,3.163,9.634,-0.221,-0.124,0.102,3058,4095
719694,-0.453,2.840,9.591,-0.227,-0.132,0.172,3057,4095
719714,-0.460,2.660,9.752,-0.147,-0.183,0.206,3056,4095
719734,-0.199,2.504,9.598,-0.189,-0.224,0.204,3053,4095
719755,-0.160,2.658,9.699,-0.250,-0.261,0.199,3053,4095
719775,-0.077,2.394,9.558,-0.259,-0.283,0.147,3053,4095
719794,-0.254,2.286,9.732,-0.230,-0.277,0.107,3053,4095
719815,-0.144,2.320,10.183,-0.167,-0.441,0.142,3053,4095
719835,-0.024,2.284,9.941,-0.201,-0.636,0.162,3053,4095
719854,-0.069,2.344,9.845,-0.168,-0.818,0.185,3049,4095
719875,0.797,1.863,9.567,-0.248,-0.784,0.151,3042,4095
719894,0.287,1.626,9.546,-0.118,-0.702,0.084,3039,4095
719914,0.486,1.647,9.871,0.114,-0.727,0.051,3036,4095
719934,0.232,2.497,9.740,0.127,-0.837,0.025,3028,3705
719955,0.002,2.708,9.471,0.159,-1.021,0.136,3007,3075
719975,1.087,2.148,9.175,0.172,-1.049,0.231,2963,0
719995,1.360,2.138,8.629,0.078,-0.896,-0.012,2888,0
720014,1.633,2.126,7.944,0.128,-0.538,-0.026,2775,0
720034,1.106,2.210,5.583,0.674,0.362,0.036,2605,0
720054,2.025,3.311,5.265,1.078,1.715,0.269,2498,0
720075,1.377,4.432,10.551,0.045,2.502,0.473,2478,0
720094,1.686,1.846,11.416,-1.305,1.068,0.272,2440,0
720114,0.342,-0.553,9.378,-0.951,0.676,-0.293,2407,0
720134,1.250,2.100,9.565,-0.160,1.094,-0.458,2379,0
720154,-0.630,2.413,9.507,0.027,1.233,-0.443,2355,0
720174,-0.405,3.105,9.850,0.018,1.023,-0.367,2349,0
720194,-1.836,3.251,9.929,-0.003,0.706,-0.269,2347,0
720214,-1.149,3.311,10.211,0.045,0.362,-0.042,2347,0
720235,-1.508,2.868,10.640,-0.081,-0.020,0.063,2347,0
720254,-0.917,2.682,10.032,0.109,-0.180,0.119,2349,0
720275,-0.505,2.306,9.780,0.100,-0.235,0.106,2350,0
720294,-0.261,2.100,9.613,0.138,-0.154,0.050,2352,0
720314,-0.273,1.932,9.359,0.223,-0.044,-0.003,2354,0
720334,-0.299,2.184,9.718,0.290,0.031,-0.009,2357,0
720354,-0.453,2.320,9.507,0.299,0.004,0.001,2359,0
720374,-0.488,2.488,9.656,0.214,-0.071,0.036,2363,0
720394,-0.438,2.404,9.543,0.150,-0.098,0.053,2367,0
720414,-0.405,2.263,9.685,0.135,-0.091,0.034,2368,0
720435,-0.397,2.181,9.749,0.189,-0.103,0.022,2371,0
720454,-0.441,2.425,9.644,0.192,-0.083,0.031,2372,0
720475,-0.505,2.478,9.560,0.137,-0.068,0.043,2376,0
720494,-0.606,2.485,9.553,0.092,-0.072,0.047,2378,0
720515,-0.558,2.389,9.637,0.102,-0.106,0.027,2381,0
720534,-0.510,2.449,9.651,0.161,-0.144,0.021,2383,0
720555,-0.493,2.555,9.510,0.181,-0.117,0.047,2384,0
720574,-0.474,2.557,9.407,0.161,-0.076,0.048,2386,0
720594,-0.441,2.485,9.383,0.105,-0.062,0.027,2388,0
720614,-0.388,2.394,9.459,0.084,-0.058,0.011,2390,0
720634,-0.371,2.370,9.388,0.124,-0.056,0.003,2392,0
720654,-0.467,2.559,9.436,0.153,-0.066,0.007,2396,0
720674,-0.472,2.610,9.450,0.125,-0.111,0.019,2399,0
720694,-0.421,2.624,9.414,0.099,-0.135,0.029,2399,0
720714,-0.385,2.595,9.400,0.079,-0.129,0.025,2402,0
720734,-0.314,2.607,9.378,0.062,-0.100,0.021,2403,0
720754,-0.108,2.547,9.400,0.050,-0.073,0.029,2405,0
720775,0.122,2.514,9.194,0.163,-0.031,0.038,2405,0
720795,-0.800,2.660,9.601,0.129,-0.043,0.016,2407,0
720814,-0.038,2.959,9.141,0.142,-0.016,-0.005,2410,0
720834,-0.551,2.708,9.483,0.048,-0.088,0.033,2412,0
720854,-0.335,2.928,9.316,0.042,-0.069,0.010,2415,0
720874,-0.244,2.610,9.354,0.062,-0.104,0.052,2416,0
720895,-0.575,2.914,9.371,0.050,-0.031,0.002,2416,0
720914,0.026,2.696,9.285,0.120,-0.059,0.072,2416,0
720934,-0.682,2.871,9.462,0.075,-0.048,0.025,2416,0
720955,0.223,2.612,9.225,0.136,-0.069,0.041,2419,0
720974,-0.790,2.770,9.653,0.058,-0.069,-0.034,2420,0
720994,0.350,2.708,9.196,0.128,-0.075,0.024,2421,0
721014,-0.721,2.725,9.560,0.064,-0.089,0.005,2423,0
721034,0.414,2.705,9.081,0.161,-0.059,0.037,2425,0
721055,-0.730,2.863,9.515,0.104,-0.046,-0.022,2425,0
721074,0.242,2.942,9.084,0.144,-0.041,0.000,2429,0
721094,-0.797,2.837,9.570,0.039,-0.061,0.006,2428,0
721115,0.302,2.880,9.184,0.106,-0.025,0.051,2430,0
721135,-0.903,2.880,9.632,0.052,-0.034,0.018,2431,0
721155,0.311,2.880,9.155,0.125,-0.042,0.036,2431,0
721174,-0.771,2.770,9.598,0.053,-0.082,0.005,2432,0
721195,0.381,2.880,9.084,0.100,-0.044,0.028,2432,0
721214,-0.747,2.703,9.625,0.024,-0.047,0.023,2433,0
721234,-0.199,2.849,9.203,0.090,-0.019,0.011,2435,0
721254,-0.139,2.758,9.397,0.090,-0.070,-0.002,2435,0
721274,-0.230,3.002,9.285,0.096,-0.060,-0.009,2436,0
721294,-0.244,2.957,9.273,0.034,-0.053,0.003,2440,0
721314,-0.184,2.875,9.294,0.028,-0.028,0.007,2439,0
721334,-0.160,2.851,9.290,0.087,-0.015,-0.002,2440,0
721355,-0.235,3.007,9.203,0.116,-0.019,-0.009,2441,0
721374,-0.309,3.093,9.201,0.068,-0.026,-0.003,2442,0
721394,-0.254,2.978,9.297,0.023,-0.015,0.004,2441,0
721414,-0.206,2.863,9.270,0.064,-0.008,0.005,2442,0
721434,-0.256,2.964,9.270,0.094,-0.002,0.006,2442,0
721454,-0.283,3.012,9.270,0.074,-0.005,-0.001,2441,0
721474,-0.206,2.942,9.328,0.063,-0.005,-0.011,2441,0
721494,-0.213,2.866,9.407,0.085,0.015,-0.014,2442,0
721515,-0.263,2.981,9.445,0.105,0.016,-0.014,2442,0
721535,-0.273,3.060,9.431,0.076,-0.003,-0.003,2443,0
721555,-0.194,2.969,9.445,0.037,-0.023,0.003,2442,0
721574,-0.172,2.883,9.459,0.044,-0.022,-0.006,2441,0
721595,-0.232,2.890,9.498,0.074,-0.014,-0.012,2441,0
721615,-0.292,3.036,9.436,0.095,-0.022,-0.006,2441,0
