507075,-3.788,3.369,-8.689,0.008,-0.040,-0.012,2646,0
507094,-3.816,3.352,-8.684,0.023,-0.030,0.002,2646,0
507114,-3.745,3.309,-8.677,0.028,-0.018,0.009,2645,0
507134,-3.761,3.254,-8.633,0.019,-0.025,-0.004,2645,0
507155,-3.780,3.323,-8.607,0.017,-0.039,-0.013,2645,0
507175,-3.869,3.388,-8.629,0.017,-0.038,-0.014,2645,0
507194,-3.900,3.352,-8.583,0.021,-0.035,-0.002,2645,0
507214,-3.840,3.287,-8.590,0.019,-0.041,0.000,2645,0
507234,-3.790,3.282,-8.566,0.020,-0.038,-0.010,2645,0
507254,-3.795,3.381,-8.543,0.024,-0.039,-0.017,2646,0
507275,-3.792,3.445,-8.595,0.025,-0.059,-0.016,2646,0
507295,-3.795,3.457,-8.650,0.019,-0.058,-0.008,2645,0
507315,-3.809,3.460,-8.645,0.034,-0.035,0.004,2644,0
507334,-3.809,3.460,-8.590,0.039,-0.030,0.009,2645,0
507355,-3.833,3.419,-8.581,0.034,-0.046,0.010,2645,0
507374,-3.819,3.383,-8.633,0.036,-0.052,0.015,2644,0
507395,-3.804,3.335,-8.598,0.043,-0.026,0.021,2643,0
507414,-3.819,3.285,-8.586,0.044,-0.029,0.010,2643,0
507435,-3.800,3.309,-8.562,0.041,-0.032,0.001,2643,0
507454,-3.826,3.340,-8.559,0.043,-0.046,-0.005,2643,0
507475,-3.807,3.407,-8.610,0.038,-0.057,-0.001,2645,0
507495,-3.776,3.371,-8.607,0.033,-0.045,0.005,2644,0
507514,-3.785,3.338,-8.578,0.044,-0.032,0.007,2647,0
507534,-3.828,3.321,-8.564,0.057,-0.032,0.003,2643,0
507554,-3.833,3.302,-8.559,0.053,-0.055,-0.004,2645,0
507575,-3.833,3.292,-8.598,0.048,-0.050,-0.006,2644,0
507594,-3.857,3.306,-8.602,0.055,-0.040,-0.006,2645,0
507614,-3.862,3.345,-8.586,0.058,-0.036,-0.007,2644,0
507635,-3.840,3.311,-8.610,0.045,-0.046,-0.014,2645,0
507654,-3.821,3.378,-8.583,0.045,-0.043,-0.019,2644,0
507674,-3.816,3.426,-8.566,0.047,-0.036,-0.013,2643,0
507694,-3.881,3.412,-8.583,0.054,-0.044,-0.003,2643,0
507715,-3.857,3.407,-8.595,0.064,-0.050,-0.003,2644,0
507734,-3.859,3.414,-8.665,0.069,-0.033,0.004,2645,0
507755,-3.879,3.417,-8.629,0.051,-0.033,0.008,2644,0
507774,-3.859,3.345,-8.605,0.040,-0.052,0.005,2644,0
507795,-3.821,3.314,-8.650,0.044,-0.061,0.001,2641,0
507814,-3.833,3.342,-8.669,0.054,-0.052,-0.007,2644,0
507834,-3.886,3.378,-8.684,0.056,-0.046,-0.005,2643,0
507854,-3.838,3.388,-8.722,0.049,-0.039,0.001,2644,0
507875,-3.819,3.354,-8.710,0.035,-0.022,-0.000,2645,0
507894,-3.809,3.400,-8.665,0.043,-0.025,0.001,2644,0
507915,-3.843,3.409,-8.679,0.048,-0.025,0.011,2647,0
507935,-3.852,3.371,-8.667,0.044,-0.015,0.021,2645,0
507954,-3.855,3.314,-8.624,0.042,-0.012,0.020,2645,0
507974,-3.862,3.292,-8.588,0.036,-0.023,0.016,2644,0
507995,-3.847,3.249,-8.602,0.029,-0.024,0.023,2643,0
508014,-3.816,3.235,-8.600,0.019,-0.023,0.021,2645,0
508035,-3.821,3.273,-8.564,0.021,-0.036,-0.003,2646,0
508054,-3.845,3.349,-8.612,0.018,-0.053,-0.014,2646,0
508075,-3.840,3.443,-8.612,0.027,-0.048,-0.003,2644,0
508094,-3.845,3.472,-8.631,0.039,-0.028,0.018,2643,0
508115,-3.845,3.393,-8.581,0.031,-0.025,0.021,2644,0
508134,-3.824,3.357,-8.535,0.021,-0.030,0.013,2643,0
508154,-3.828,3.364,-8.559,0.037,-0.046,0.011,2643,0
508174,-3.800,3.409,-8.662,0.055,-0.057,0.010,2645,0
508194,-3.761,3.452,-8.660,0.051,-0.033,0.021,2644,0
508214,-3.845,3.443,-8.610,0.035,-0.029,0.023,2645,0
508235,-3.831,3.436,-8.590,0.026,-0.044,0.018,2644,0
508254,-3.800,3.417,-8.619,0.040,-0.043,0.028,2644,0
508275,-3.759,3.407,-8.669,0.059,-0.043,0.027,2645,0
508294,-3.800,3.402,-8.686,0.048,-0.037,0.021,2645,0
508315,-3.847,3.421,-8.650,0.026,-0.031,0.023,2644,0
508334,-3.912,3.397,-8.629,0.017,-0.030,0.022,2645,0
508354,-3.859,3.359,-8.583,0.033,-0.028,0.019,2647,0
508374,-3.792,3.366,-8.610,0.056,-0.025,0.022,2644,0
508394,-3.795,3.421,-8.602,0.050,-0.033,0.018,2645,0
508414,-3.840,3.405,-8.612,0.034,-0.046,0.020,2644,0
508435,-3.807,3.412,-8.629,0.034,-0.033,0.023,2644,0
508455,-3.809,3.385,-8.691,0.051,-0.028,0.023,2645,0
508474,-3.816,3.400,-8.720,0.050,-0.029,0.019,2644,0
508495,-3.778,3.378,-8.681,0.019,-0.007,0.021,2644,0
508515,-3.737,3.359,-8.593,-0.010,0.015,0.017,2642,0
508534,-3.819,3.357,-8.487,-0.001,-0.001,0.006,2643,0
508554,-3.826,3.354,-8.511,0.035,-0.032,0.018,2644,0
508574,-3.788,3.285,-8.540,0.071,-0.036,0.030,2645,0
508595,-3.814,3.235,-8.602,0.094,-0.030,0.015,2644,0
508614,-3.840,3.306,-8.657,0.068,-0.028,-0.006,2644,0
508634,-3.757,3.381,-8.574,0.034,-0.008,-0.016,2644,0
508654,-3.802,3.424,-8.468,0.033,-0.017,-0.018,2644,0
508675,-3.874,3.476,-8.461,0.061,-0.052,-0.007,2644,0
508694,-3.867,3.524,-8.595,0.071,-0.063,0.001,2645,0
508715,-3.785,3.498,-8.657,0.054,-0.040,0.000,2644,0
508734,-3.747,3.512,-8.600,0.026,-0.025,-0.003,2643,0
508755,-3.812,3.548,-8.588,0.018,-0.050,-0.010,2643,0
508774,-3.771,3.558,-8.629,0.029,-0.065,0.002,2643,0
508795,-3.723,3.541,-8.691,0.050,-0.053,0.022,2643,0
508814,-3.704,3.488,-8.712,0.040,-0.033,0.025,2642,0
508835,-3.685,3.460,-8.672,0.028,-0.022,0.023,2643,0
508854,-3.634,3.438,-8.576,0.033,-0.025,0.023,2644,0
508875,-3.654,3.445,-8.578,0.046,-0.037,0.027,2643,0
508894,-3.704,3.393,-8.629,0.064,-0.049,0.040,2642,0
508914,-3.740,3.292,-8.686,0.076,-0.037,0.044,2643,0
508934,-3.723,3.230,-8.717,0.065,-0.019,0.034,2643,0
508954,-3.694,3.249,-8.641,0.054,-0.017,0.011,2642,0
508974,-3.725,3.287,-8.636,0.058,-0.046,0.006,2641,0
508995,-3.685,3.328,-8.703,0.069,-0.035,0.016,2643,0
509014,-3.701,3.294,-8.677,0.066,-0.016,0.006,2643,0
509035,-3.771,3.345,-8.708,0.062,-0.029,-0.013,2643,0
509055,-3.757,3.421,-8.734,0.074,-0.033,-0.010,2641,0
509075,-3.733,3.412,-8.736,0.054,-0.004,0.003,2642,0
509094,-3.723,3.316,-8.624,0.034,0.004,-0.008,2642,0
509115,-3.718,3.378,-8.554,0.037,-0.009,-0.018,2642,0
509135,-3.709,3.381,-8.588,0.036,-0.016,-0.020,2642,0
509154,-3.649,3.378,-8.559,0.029,-0.014,-0.017,2643,0
509175,-3.682,3.314,-8.571,0.025,-0.027,-0.024,2643,0
509194,-3.730,3.309,-8.593,0.013,-0.060,-0.030,2643,0
509214,-3.716,3.323,-8.669,0.021,-0.071,-0.034,2642,0
509235,-3.730,3.354,-8.727,0.041,-0.038,-0.032,2645,0
509254,-3.766,3.393,-8.701,0.042,-0.018,-0.026,2643,0
509274,-3.764,3.345,-8.665,0.028,-0.044,-0.024,2642,0
509294,-3.725,3.342,-8.662,0.030,-0.047,-0.032,2643,0
509314,-3.735,3.419,-8.681,0.047,-0.030,-0.026,2644,0
509334,-3.780,3.445,-8.645,0.048,-0.026,-0.014,2644,0
509355,-3.766,3.407,-8.624,0.040,-0.025,-0.010,2642,0
509375,-3.788,3.352,-8.607,0.037,-0.042,-0.019,2643,0
509395,-3.776,3.409,-8.614,0.035,-0.043,-0.021,2641,0
509414,-3.800,3.436,-8.607,0.028,-0.045,-0.015,2642,0
509435,-3.783,3.395,-8.600,0.026,-0.039,-0.010,2643,0
509454,-3.771,3.330,-8.583,0.033,-0.040,-0.009,2642,0
509475,-3.757,3.376,-8.574,0.036,-0.050,-0.017,2642,0
509494,-3.797,3.438,-8.619,0.024,-0.059,-0.020,2642,0
509515,-3.840,3.400,-8.626,0.015,-0.063,-0.012,2641,0
509534,-3.819,3.316,-8.660,0.030,-0.049,-0.005,2642,0
509554,-3.766,3.306,-8.643,0.041,-0.037,-0.012,2641,0
509574,-3.828,3.345,-8.641,0.035,-0.055,-0.019,2641,0
509594,-3.819,3.345,-8.729,0.030,-0.070,-0.021,2642,0
509614,-3.797,3.371,-8.756,0.026,-0.056,-0.027,2641,0
509634,-3.788,3.383,-8.782,0.029,-0.034,-0.029,2641,0
509654,-3.804,3.469,-8.746,0.026,-0.022,-0.025,2641,0
509674,-3.807,3.527,-8.636,0.010,-0.017,-0.022,2642,0
509694,-3.795,3.474,-8.571,0.004,-0.024,-0.015,2640,0
509715,-3.807,3.390,-8.557,0.016,-0.033,-0.013,2641,0
509734,-3.780,3.443,-8.583,0.030,-0.042,-0.019,2642,0
509754,-3.871,3.517,-8.581,0.025,-0.035,-0.020,2641,0
509774,-3.912,3.493,-8.622,0.023,-0.036,-0.007,2642,0
509795,-3.807,3.476,-8.610,0.033,-0.012,0.006,2641,0
509814,-3.800,3.426,-8.538,0.041,-0.003,0.002,2641,0
509834,-3.790,3.481,-8.430,0.038,-0.024,0.002,2641,0
509855,-3.852,3.455,-8.521,0.045,-0.060,0.002,2642,0
509874,-3.814,3.462,-8.638,0.049,-0.054,0.009,2641,0
509894,-3.826,3.457,-8.662,0.046,-0.029,0.011,2641,0
509915,-3.819,3.419,-8.562,0.030,-0.018,0.008,2640,0
509934,-3.843,3.405,-8.468,0.031,-0.029,0.000,2640,0
509954,-3.812,3.431,-8.502,0.040,-0.049,0.002,2640,0
509974,-3.776,3.452,-8.538,0.037,-0.044,0.009,2640,0
509994,-3.797,3.421,-8.610,0.035,-0.047,0.008,2640,0
510014,-3.764,3.383,-8.638,0.037,-0.042,0.006,2641,0
510034,-3.790,3.433,-8.583,0.031,-0.037,0.001,2640,0
510055,-3.816,3.438,-8.511,0.022,-0.047,0.001,2641,0
510074,-3.864,3.371,-8.559,0.036,-0.059,0.011,2642,0
510094,-3.836,3.347,-8.672,0.064,-0.046,0.014,2641,0
510115,-3.785,3.326,-8.696,0.052,-0.029,0.003,2641,0
510134,-3.821,3.338,-8.650,0.027,-0.038,-0.010,2641,0
510155,-3.824,3.385,-8.629,0.030,-0.040,-0.009,2640,0
510174,-3.819,3.457,-8.653,0.056,-0.023,-0.003,2641,0
510194,-3.869,3.529,-8.669,0.070,-0.019,0.001,2640,0
510214,-3.900,3.503,-8.715,0.066,-0.021,0.011,2641,0
510235,-3.883,3.445,-8.689,0.063,0.002,0.017,2640,0
510254,-3.900,3.519,-8.550,0.070,0.009,0.018,2641,0
510275,-3.867,3.534,-8.490,0.067,-0.003,0.028,2641,0
510294,-3.785,3.481,-8.540,0.062,-0.011,0.035,2640,0
510315,-3.733,3.457,-8.507,0.059,-0.009,0.035,2641,0
510334,-3.711,3.481,-8.471,0.050,-0.013,0.030,2640,0
510355,-3.745,3.433,-8.519,0.038,-0.035,0.029,2640,0
510375,-3.752,3.364,-8.633,0.055,-0.060,0.028,2640,0
510395,-3.783,3.299,-8.768,0.069,-0.043,0.034,2640,0
510414,-3.733,3.259,-8.765,0.046,-0.013,0.036,2640,0
510434,-3.723,3.163,-8.650,0.045,0.001,0.020,2640,0
510454,-3.754,3.191,-8.602,0.068,-0.014,0.006,2640,0
510474,-3.855,3.256,-8.619,0.091,-0.034,-0.000,2640,0
510495,-3.965,3.299,-8.708,0.091,-0.038,0.002,2640,0
510515,-3.965,3.306,-8.727,0.075,-0.027,-0.006,2640,0
510535,-3.955,3.448,-8.681,0.084,-0.020,-0.020,2641,0
510554,-4.003,3.646,-8.636,0.093,-0.012,-0.017,2641,0
510574,-4.013,3.689,-8.598,0.080,-0.013,0.012,2640,0
510595,-3.943,3.555,-8.614,0.086,-0.028,0.031,2640,0
510614,-3.891,3.481,-8.681,0.092,-0.026,0.033,2640,0
510635,-3.898,3.455,-8.684,0.082,-0.016,0.028,2641,0
510654,-3.891,3.309,-8.722,0.065,-0.024,0.031,2640,0
510675,-3.790,3.225,-8.777,0.051,-0.023,0.014,2640,0
510694,-3.694,3.304,-8.660,0.057,0.013,-0.003,2640,0
510714,-3.634,3.436,-8.557,0.075,0.016,0.009,2641,0
510734,-3.543,3.445,-8.533,0.062,0.001,0.021,2639,0
510754,-3.558,3.326,-8.547,0.068,-0.010,0.029,2640,0
510774,-3.594,3.259,-8.598,0.086,-0.017,0.019,2643,0
510795,-3.594,3.338,-8.545,0.080,-0.009,0.015,2640,0
510815,-3.567,3.354,-8.566,0.071,-0.012,0.018,2640,0
510835,-3.486,3.390,-8.502,0.069,0.008,0.016,2640,0
510855,-3.534,3.369,-8.389,0.093,0.006,0.026,2640,0
510875,-3.498,3.309,-8.444,0.099,-0.022,0.035,2640,0
510894,-3.419,3.189,-8.528,0.068,-0.036,0.023,2640,0
510915,-3.436,3.215,-8.610,0.056,-0.052,-0.005,2641,0
510934,-3.508,3.352,-8.655,0.074,-0.052,-0.001,2640,0
510955,-3.591,3.371,-8.792,0.086,-0.061,0.020,2640,0
510975,-3.694,3.280,-8.969,0.072,-0.071,0.015,2640,0
510994,-3.950,3.354,-9.189,0.045,-0.081,0.000,2640,0
511014,-4.183,3.541,-9.450,-0.015,-0.045,0.006,2640,0
511034,-4.436,3.713,-9.625,-0.086,0.026,0.032,2640,0
511054,-4.717,3.941,-9.826,-0.172,0.060,0.035,2639,0
511074,-4.887,4.561,-9.828,-0.420,0.112,0.090,2641,0
511095,-5.150,4.982,-9.603,-0.804,0.120,0.199,2641,0
511115,-5.368,5.136,-9.598,-1.051,0.161,0.300,2641,0
511134,-5.825,5.780,-9.407,-1.170,0.214,0.439,2644,0
511154,-6.182,6.649,-9.428,-1.413,0.247,0.624,2645,0
511175,-6.275,7.298,-9.309,-1.836,0.285,0.869,2648,0
511194,-6.213,7.755,-8.950,-2.474,0.370,1.118,2647,0
511214,-6.179,7.626,-8.648,-2.891,0.373,1.364,2649,0
511234,-5.816,7.439,-8.042,-3.099,0.402,1.547,2648,0
511255,-5.377,7.784,-7.209,-3.127,0.505,1.735,2650,0
511274,-5.207,8.495,-6.491,-3.140,0.493,1.872,2651,0
511295,-4.705,9.064,-5.825,-3.325,0.410,1.975,2649,0
511314,-4.041,9.127,-5.064,-3.617,0.297,2.082,2647,0
511334,-3.661,8.945,-4.257,-3.722,0.187,2.131,2648,0
511354,-3.148,9.534,-3.491,-3.736,0.026,2.189,2648,0
511374,-2.339,9.711,-2.710,-3.852,-0.082,2.287,2645,0
511395,-1.865,9.409,-2.028,-3.963,-0.282,2.260,2645,0
511415,-1.202,9.041,-1.456,-4.020,-0.544,2.161,2643,0
511434,-0.402,8.837,-0.764,-4.061,-0.720,2.091,2643,0
511455,0.402,8.449,-0.223,-4.098,-0.892,1.999,2640,0
511474,1.228,8.090,0.515,-3.965,-1.017,1.788,2640,0
511494,1.872,8.124,1.420,-3.831,-1.109,1.482,2640,0
511514,1.990,8.262,2.124,-3.643,-1.219,1.124,2640,0
511535,2.157,8.222,2.464,-3.403,-1.264,0.855,2640,0
511554,2.447,8.042,2.878,-3.137,-1.357,0.673,2639,0
511575,2.866,7.312,3.012,-2.818,-1.409,0.411,2638,0
511595,3.218,6.646,3.326,-2.566,-1.359,0.148,2636,0
511614,3.170,6.929,3.843,-2.472,-1.318,-0.045,2635,0
511634,2.789,7.338,4.101,-2.627,-1.369,-0.165,2635,0
511655,2.523,7.300,4.156,-3.016,-1.502,-0.209,2634,0
511674,2.557,6.512,4.199,-3.205,-1.607,-0.295,2635,0
511694,2.899,5.624,4.618,-3.042,-1.534,-0.465,2635,0
511714,2.765,5.490,5.231,-2.650,-1.422,-0.630,2632,0
511734,2.564,5.890,5.318,-2.502,-1.426,-0.777,2633,0
511754,2.897,5.837,5.234,-2.670,-1.493,-0.873,2632,0
511775,3.345,5.164,5.160,-2.869,-1.499,-0.966,2631,0
511795,3.527,4.719,5.495,-2.831,-1.449,-1.065,2632,0
511814,3.249,4.920,5.789,-2.659,-1.467,-1.185,2631,0
511834,2.732,5.389,5.899,-2.487,-1.582,-1.300,2630,0
511855,2.591,5.507,5.744,-2.216,-1.661,-1.424,2632,0
511874,2.545,5.873,5.962,-1.742,-1.493,-1.550,2632,0
511895,2.200,6.175,6.211,-0.938,-1.203,-1.768,2635,0
511914,2.037,6.529,6.371,-0.155,-0.958,-1.875,2633,0
511934,1.987,6.754,6.196,0.175,-0.921,-1.815,2632,0
511954,2.337,6.847,6.275,-0.116,-0.978,-1.572,2630,0
511974,2.512,6.304,6.558,-0.655,-1.144,-1.314,2631,0
511994,2.674,5.459,6.862,-0.742,-1.300,-1.315,2630,0
512014,2.952,5.485,6.972,-0.494,-1.348,-1.463,2632,0
512034,3.268,5.746,6.838,-0.239,-1.339,-1.579,2632,0
512054,3.642,5.871,6.481,-0.224,-1.288,-1.583,2632,0
512075,3.826,5.902,6.175,-0.327,-1.262,-1.548,2632,0
512095,3.594,6.256,5.698,-0.386,-1.318,-1.564,2633,0
512115,3.704,6.912,4.899,-0.403,-1.326,-1.550,2637,0
512135,3.795,7.326,4.398,-0.598,-1.079,-1.372,2637,0
512154,3.888,7.125,4.369,-0.976,-0.786,-1.118,2639,0
512174,3.979,6.472,4.290,-1.333,-0.649,-0.962,2641,0
512194,3.701,6.208,3.984,-1.468,-0.660,-0.962,2641,0
512214,3.632,6.721,3.359,-1.450,-0.590,-0.953,2643,0
512234,4.369,7.348,3.630,-1.593,-0.140,-0.759,2644,0
512254,4.587,7.015,4.525,-1.683,0.399,-0.627,2650,0
512274,4.587,6.785,5.109,-1.568,0.640,-0.637,2651,0
512295,4.470,7.195,5.100,-1.523,0.677,-0.570,2656,0
512315,4.159,7.798,5.792,-1.763,0.733,-0.411,2656,0
512334,3.812,7.348,6.706,-1.926,0.849,-0.158,2655,0
512354,3.972,7.369,7.779,-2.053,0.875,0.144,2654,0
512374,4.243,6.996,8.571,-1.997,0.908,0.400,2647,0
512395,4.322,5.686,9.096,-1.915,0.908,0.466,2633,0
512415,3.883,5.432,9.814,-1.794,0.803,0.353,2620,0
512434,3.043,4.891,10.372,-1.488,0.567,0.414,2609,0
512455,2.820,4.532,10.779,-1.051,0.347,0.667,2607,0
512475,3.316,3.845,10.613,-0.815,0.285,0.851,2604,0
512494,3.546,2.813,10.410,-0.922,0.158,0.828,2602,0
512514,3.388,1.197,9.840,-0.938,-0.081,0.628,2598,0
512534,3.503,0.153,9.560,-0.660,-0.135,0.454,2598,0
512554,3.395,0.156,9.474,-0.469,0.101,0.395,2599,0
512575,3.024,0.223,10.046,-0.505,0.181,0.281,2602,0
512595,2.670,0.309,10.388,-0.480,0.091,0.187,2602,0
512615,2.356,0.783,10.010,-0.232,-0.063,0.182,2606,0
512634,1.587,1.695,10.633,-0.112,-0.275,0.278,2639,0
512654,2.025,0.986,11.360,-0.255,-0.843,0.352,2791,0
512674,3.251,0.005,10.743,-0.456,-0.992,0.325,2840,0
512694,3.349,-0.725,10.053,-0.445,-0.902,0.186,2867,0
512715,2.753,-0.891,9.543,-0.255,-1.004,-0.056,2883,0
512734,2.586,-0.582,8.490,0.193,-1.085,-0.410,2881,0
512755,3.177,0.378,7.638,0.657,-0.775,-0.524,2880,0
512775,3.424,2.100,8.253,0.670,-0.426,-0.308,2891,0
512795,3.330,2.148,8.538,0.114,-0.420,-0.010,2896,0
512814,3.148,1.226,8.696,-0.156,-0.502,0.128,2896,0
512834,3.381,1.068,8.677,-0.076,-0.500,0.006,2894,0
512854,3.589,0.860,8.677,-0.001,-0.358,-0.090,2879,0
512874,4.245,0.907,8.981,0.075,-0.168,-0.133,2864,0
512894,4.398,1.422,9.201,-0.039,-0.041,-0.051,2856,0
512915,4.331,0.871,9.397,-0.237,-0.015,0.119,2846,0
512934,4.240,0.057,9.524,-0.148,-0.052,0.052,2836,0
512955,3.943,0.462,9.012,0.052,-0.057,-0.074,2826,0
512974,3.869,0.869,8.938,0.107,0.018,-0.078,2814,0
512995,4.058,0.747,9.201,0.157,0.050,-0.107,2799,0
513014,3.982,0.675,9.124,0.260,0.075,-0.116,2800,0
513034,3.692,1.030,8.988,0.249,0.046,-0.068,2802,0
513054,3.757,1.051,9.397,0.114,-0.059,-0.029,2817,0
513074,3.807,0.749,8.945,0.117,-0.105,-0.058,2822,0
513094,3.871,0.752,8.787,0.203,-0.035,-0.106,2825,0
513114,3.883,1.125,8.983,0.140,-0.021,-0.111,2820,0
513134,3.977,0.850,9.222,0.034,-0.017,-0.132,2816,0
513154,3.967,0.697,8.911,0.062,-0.045,-0.193,2815,0
513174,4.204,0.582,8.554,0.181,-0.043,-0.262,2815,0
513194,4.262,0.469,8.554,0.358,0.022,-0.342,2812,0
513214,4.515,0.388,8.792,0.468,0.017,-0.428,2810,0
513234,4.709,0.364,8.744,0.463,0.039,-0.474,2804,0
513254,4.745,0.776,8.576,0.500,0.048,-0.505,2796,0
513274,4.561,0.903,8.547,0.450,0.055,-0.549,2789,0
513295,4.499,0.924,8.837,0.491,0.050,-0.653,2783,0
513314,4.338,1.393,8.871,0.561,0.006,-0.756,2775,0
513334,4.080,1.903,8.875,0.666,0.021,-0.793,2770,0
513355,3.620,2.612,8.607,0.642,0.027,-0.751,2768,0
513375,3.847,2.990,8.947,0.596,-0.025,-0.668,2764,0
513394,3.783,3.191,8.605,0.391,-0.112,-0.500,2760,0
513415,3.749,3.026,8.495,0.204,-0.127,-0.343,2760,0
513435,3.912,2.435,8.535,0.148,-0.144,-0.285,2761,0
513454,4.010,2.435,8.787,0.128,-0.091,-0.298,2760,0
513475,3.946,2.648,8.543,0.200,-0.061,-0.306,2758,0
513495,3.807,2.775,8.346,0.200,0.012,-0.275,2756,0
513514,3.768,2.758,8.528,0.160,0.066,-0.248,2753,0
513535,3.575,3.187,8.674,0.091,0.025,-0.221,2753,0
513554,3.644,3.115,8.636,0.045,-0.025,-0.175,2754,0
513575,3.821,2.737,8.600,-0.007,-0.040,-0.128,2752,0
513594,3.912,2.466,8.519,0.006,0.003,-0.137,2752,0
513614,3.716,2.808,8.569,0.088,0.092,-0.132,2750,0
513634,3.515,3.041,8.851,0.028,0.021,-0.039,2749,0
513654,3.745,2.696,8.753,-0.015,-0.050,-0.042,2747,0
513674,3.701,2.452,8.564,-0.000,-0.022,-0.062,2742,0
513694,3.694,2.255,8.703,0.058,0.011,-0.077,2738,0
513714,3.725,2.512,8.832,0.078,0.021,-0.112,2735,0
513734,3.486,2.947,8.777,0.049,0.022,-0.106,2735,0
513755,3.476,3.019,8.696,-0.034,-0.010,-0.071,2735,0
513775,3.594,2.744,8.662,-0.065,-0.008,-0.061,2734,0
513794,3.603,2.813,8.693,-0.047,0.011,-0.051,2732,0
513814,3.536,2.883,8.677,-0.076,0.006,-0.026,2730,0
513834,3.587,2.753,8.748,-0.077,0.018,0.002,2728,0
513854,3.603,2.535,8.708,-0.030,0.043,0.025,2726,0
513874,3.601,2.425,8.868,0.054,0.020,-0.005,2724,0
513895,3.539,2.516,8.796,0.141,-0.011,-0.039,2724,0
513914,3.424,2.732,8.796,0.253,-0.011,-0.045,2723,0
513935,3.484,2.890,8.686,0.290,-0.030,-0.019,2724,0
513954,3.440,2.890,8.648,0.275,-0.022,-0.012,2723,0
513975,3.558,2.851,8.511,0.197,-0.009,-0.007,2723,0
513994,3.546,2.835,8.562,0.096,-0.000,-0.002,2724,0
514014,3.400,2.835,8.770,0.025,0.007,0.008,2722,0
514034,3.498,2.851,8.844,0.028,-0.046,0.029,2722,0
514055,3.620,2.667,8.789,0.041,-0.067,0.001,2721,0
514074,3.565,2.765,8.665,0.076,-0.048,-0.030,2720,0
514094,3.524,2.952,8.612,0.035,-0.042,-0.016,2719,0
514114,3.450,3.010,8.569,-0.005,0.001,-0.003,2720,0
514135,3.443,2.931,8.866,-0.017,-0.023,0.019,2720,0
514155,3.608,2.772,8.813,-0.003,-0.048,0.010,2719,0
514175,3.460,2.763,8.751,0.033,-0.041,0.005,2718,0
514194,3.419,2.952,8.698,0.031,-0.064,0.050,2719,0
514215,3.555,2.988,8.677,-0.008,-0.063,0.089,2717,0
514235,3.512,2.890,8.564,-0.042,-0.031,0.087,2718,0
514255,3.531,2.804,8.751,-0.080,-0.041,0.090,2715,0
514274,3.508,2.799,8.799,-0.085,-0.059,0.126,2716,0
514294,3.519,2.792,8.626,-0.078,-0.049,0.155,2716,0
514314,3.543,2.782,8.602,-0.066,-0.038,0.161,2715,0
514335,3.467,2.734,8.724,-0.123,-0.021,0.195,2714,0
514355,3.541,2.665,8.818,-0.165,-0.056,0.234,2714,0
514375,3.687,2.648,8.866,-0.175,-0.066,0.241,2714,0
514395,3.589,2.519,8.693,-0.185,-0.062,0.241,2716,0
514415,3.677,2.377,8.708,-0.175,-0.064,0.251,2719,0
514434,3.644,2.464,8.734,-0.186,-0.043,0.264,2721,0
514454,3.658,2.246,8.789,-0.197,-0.031,0.266,2725,0
514474,3.723,1.994,8.882,-0.168,-0.031,0.254,2726,0
514495,3.785,1.911,8.935,-0.052,-0.029,0.255,2729,0
514514,3.790,1.999,8.890,0.021,-0.017,0.244,2735,0
514535,3.694,2.169,8.770,0.011,0.003,0.218,2739,0
514554,3.673,2.313,8.803,-0.046,-0.018,0.236,2746,0
514575,3.754,2.040,8.837,-0.036,-0.013,0.261,2750,0
514594,3.783,1.832,8.815,0.048,0.016,0.249,2751,0
514614,3.735,1.992,8.859,0.049,0.027,0.218,2751,0
514634,3.685,2.076,8.942,-0.008,0.007,0.193,2752,0
514654,3.785,1.822,8.921,0.024,-0.022,0.213,2752,0
514675,3.790,1.832,8.871,0.053,-0.016,0.174,2752,0
514694,3.723,1.834,8.887,0.064,-0.010,0.127,2752,0
514714,3.802,2.014,8.902,0.030,-0.046,0.075,2752,0
514734,3.757,1.829,8.765,-0.009,-0.038,0.047,2753,0
514755,3.740,1.812,8.868,-0.007,-0.009,0.031,2751,0
514775,3.749,1.776,8.938,0.011,-0.010,0.013,2752,0
514794,3.754,1.834,8.885,0.050,-0.014,-0.004,2749,0
514814,3.785,1.882,8.832,0.068,-0.019,-0.019,2750,0
514835,3.802,1.913,8.871,0.076,-0.013,-0.039,2748,0
514854,3.687,1.913,8.782,0.072,0.010,-0.025,2747,0
514875,3.673,1.978,8.890,0.068,0.010,-0.015,2747,0
514894,3.704,1.963,8.882,0.070,-0.004,-0.018,2746,0
514914,3.709,1.927,8.830,0.079,-0.000,-0.026,2743,0
514934,3.687,1.990,8.839,0.082,0.002,-0.030,2742,0
514954,3.646,2.049,8.847,0.067,-0.007,-0.025,2742,0
514975,3.658,2.138,8.892,0.028,-0.018,-0.022,2738,0
514994,3.656,2.033,8.837,0.014,-0.018,-0.008,2737,0
515014,3.654,1.867,8.885,0.026,-0.001,-0.001,2736,0
515035,3.687,1.808,8.933,0.063,-0.009,-0.012,2736,0
515054,3.682,1.896,8.899,0.096,0.003,-0.029,2735,0
515075,3.630,2.045,8.851,0.087,-0.005,-0.023,2732,0
515094,3.646,2.136,8.897,0.065,-0.012,-0.018,2732,0
515115,3.670,2.081,8.825,0.048,-0.015,-0.009,2729,0
515134,3.699,1.877,8.844,0.053,-0.010,-0.000,2727,0
515155,3.790,1.805,8.957,0.081,-0.008,-0.016,2727,0
515175,3.716,1.870,8.933,0.115,-0.025,-0.040,2728,0
515194,3.680,1.927,8.942,0.121,-0.037,-0.080,2725,0
515214,3.598,1.781,9.076,0.134,-0.057,-0.117,2723,0
515234,3.560,1.690,9.340,0.211,-0.127,-0.146,2724,0
515254,3.670,1.856,9.278,0.395,-0.201,-0.174,2723,0
515275,3.831,2.128,9.014,0.478,-0.222,-0.164,2722,0
515294,3.757,2.174,9.364,0.472,-0.256,-0.244,2722,0
515314,3.543,1.853,10.041,0.566,-0.477,-0.423,2719,0
515334,3.867,2.162,10.305,0.731,-0.753,-0.498,2718,0
515354,4.257,3.215,10.262,0.796,-0.892,-0.454,2718,0
515375,4.204,3.898,9.969,0.632,-1.030,-0.300,2717,0
515395,4.367,4.168,9.550,0.390,-1.076,-0.105,2717,0
515414,4.549,4.484,9.225,0.229,-1.041,0.060,2717,0
515435,4.539,5.890,8.899,0.019,-0.987,0.260,2717,0
515454,4.812,6.754,8.655,-0.343,-0.960,0.643,2716,0
515474,5.255,6.440,8.746,-0.527,-0.891,1.025,2715,0
515494,5.634,6.440,8.638,-0.426,-0.866,1.281,2712,0
515514,6.122,6.232,8.566,-0.155,-0.794,1.416,2713,0
515534,6.079,6.452,8.243,0.070,-0.740,1.511,2712,0
515554,6.062,6.335,7.846,0.197,-0.810,1.590,2710,0
515574,6.081,6.098,7.458,0.481,-0.802,1.576,2711,0
515594,5.765,6.175,7.104,0.970,-0.647,1.502,2710,0
515614,5.282,6.426,6.251,1.411,-0.499,1.528,2709,0
515634,4.930,6.402,5.734,1.753,-0.295,1.632,2709,0
515654,4.372,6.306,5.679,1.931,-0.115,1.750,2709,0
515674,3.847,5.610,5.476,2.178,0.002,1.812,2709,0
515694,3.486,5.681,4.887,2.346,-0.001,1.936,2712,0
515714,3.414,5.224,3.994,2.378,-0.016,2.085,2713,0
515734,3.527,4.583,3.208,2.364,0.225,2.272,2712,0
515755,3.699,4.085,3.280,2.248,0.730,2.426,2715,0
515774,3.577,2.921,3.766,2.103,1.112,2.507,2714,0
515795,3.706,1.908,4.132,2.129,1.236,2.476,2715,0
515814,3.998,1.762,4.154,2.147,1.197,2.320,2714,0
515835,4.410,1.472,4.262,2.110,1.301,2.148,2713,0
515854,4.733,1.504,4.635,1.890,1.622,2.078,2713,0
515875,4.355,1.104,5.416,1.751,1.854,1.997,2711,0
515894,4.113,1.113,6.165,1.715,1.693,1.822,2711,0
515914,4.626,0.685,6.548,1.666,1.411,1.671,2708,0
515935,5.033,0.994,6.835,1.459,1.425,1.560,2709,0
515955,5.090,1.037,7.219,1.214,1.588,1.371,2709,0
515974,4.693,1.422,7.968,1.126,1.696,1.116,2705,0
515995,4.377,1.923,8.866,1.299,1.710,0.871,2703,0
516014,4.166,2.792,9.527,1.398,1.673,0.762,2701,0
516035,4.025,3.086,9.867,1.349,1.650,0.730,2699,0
516054,3.771,3.237,10.353,1.289,1.638,0.653,2696,0
516075,3.323,3.551,11.147,1.321,1.719,0.526,2691,0
516095,2.456,3.735,11.897,1.474,1.689,0.423,2688,0
516114,1.935,3.658,12.191,1.691,1.366,0.393,2681,0
516134,1.956,3.608,11.775,1.895,0.918,0.355,2677,0
516154,1.997,4.073,11.315,1.888,0.718,0.282,2673,0
516174,1.607,3.879,11.511,1.845,0.749,0.197,2673,0
516194,1.322,3.627,11.734,2.042,0.593,0.106,2673,0
516214,1.245,3.594,11.073,2.485,0.288,-0.017,2672,0
516235,1.575,3.833,10.082,2.818,0.107,-0.175,2672,0
516254,1.772,4.082,9.191,2.957,0.154,-0.352,2672,0
516274,1.595,4.384,8.684,3.037,0.259,-0.504,2672,0
516294,1.262,4.860,8.126,3.189,0.297,-0.616,2671,0
516314,1.109,5.442,7.360,3.365,0.290,-0.728,2670,0
516334,1.092,6.074,6.424,3.397,0.311,-0.824,2672,0
516354,1.128,6.900,5.681,3.197,0.329,-0.884,2672,0
516375,0.855,7.551,5.191,2.845,0.316,-0.891,2672,0
516395,0.680,7.973,4.755,2.544,0.302,-0.835,2671,0
516414,0.484,8.425,4.276,2.337,0.324,-0.768,2671,0
516435,0.249,8.799,3.855,2.212,0.403,-0.735,2669,0
516454,-0.129,8.983,3.381,2.140,0.439,-0.734,2668,0
516475,-0.503,9.392,2.986,2.098,0.367,-0.739,2667,0
516494,-0.534,9.953,2.550,1.942,0.226,-0.714,2670,0
516514,-0.563,10.221,2.227,1.694,0.186,-0.679,2670,0
516534,-0.620,10.345,2.061,1.500,0.248,-0.662,2672,0
516554,-0.603,10.558,1.894,1.418,0.298,-0.664,2671,0
516574,-0.687,10.772,1.537,1.374,0.284,-0.647,2671,0
516594,-0.661,11.174,1.305,1.266,0.262,-0.530,2669,0
516614,-0.642,11.339,1.123,1.007,0.187,-0.421,2670,0
516634,-0.575,11.260,1.020,0.845,0.115,-0.349,2670,0
516654,-0.457,11.164,0.883,0.795,0.070,-0.316,2671,0
516675,-0.402,10.903,0.673,0.781,0.048,-0.265,2671,0
516694,-0.141,10.566,0.467,0.796,0.022,-0.188,2671,0
516715,0.136,9.936,0.290,0.969,0.017,-0.161,2672,0
516734,0.366,9.335,0.065,1.265,-0.002,-0.274,2672,0
516754,0.373,8.696,-0.450,1.674,-0.020,-0.490,2675,0
516774,0.338,8.274,-1.190,2.128,-0.025,-0.717,2678,0
516795,0.328,8.068,-1.839,2.519,0.010,-0.913,2682,0
516815,-0.002,8.296,-2.411,2.875,-0.011,-1.050,2683,0
516834,-0.457,8.279,-3.352,3.182,-0.091,-1.231,2683,0
516854,-0.898,8.744,-4.152,3.305,-0.023,-1.324,2684,0
516875,-1.209,9.036,-4.767,3.179,0.091,-1.244,2683,0
516894,-1.626,8.827,-5.107,2.942,0.148,-1.097,2681,0
516915,-2.136,8.631,-5.339,2.734,0.049,-0.931,2681,0
516935,-2.490,8.205,-5.641,2.481,-0.168,-0.800,2681,0
516955,-2.523,7.693,-6.067,2.217,-0.272,-0.682,2680,0
516974,-2.318,7.389,-6.227,2.051,-0.149,-0.603,2683,0
516994,-2.124,6.943,-6.199,2.095,0.029,-0.648,2680,0
517014,-2.342,6.249,-6.235,2.239,0.124,-0.792,2682,0
517034,-2.782,5.504,-6.754,2.507,0.048,-0.973,2678,0
517054,-3.105,4.362,-7.501,3.003,-0.050,-1.193,2677,0
517075,-2.820,5.227,-8.389,3.408,0.066,-1.234,2678,0
517094,-2.823,5.483,-8.842,3.285,0.317,-1.155,2678,0
517115,-2.749,5.296,-9.055,2.900,0.464,-0.987,2678,0
517134,-3.215,4.757,-9.031,2.334,0.380,-0.734,2675,0
517154,-3.364,4.211,-8.947,1.859,0.059,-0.515,2672,0
517174,-3.077,3.903,-9.005,1.446,-0.175,-0.348,2671,0
517195,-2.849,3.400,-8.978,1.065,-0.180,-0.237,2669,0
517214,-3.215,2.761,-8.909,0.825,-0.144,-0.264,2671,0
517235,-3.658,2.701,-9.000,0.716,-0.205,-0.337,2670,0
517254,-3.960,2.837,-9.045,0.569,-0.260,-0.376,2668,0
517275,-4.161,3.029,-9.000,0.272,-0.305,-0.332,2669,0
517295,-4.240,3.050,-8.959,-0.020,-0.301,-0.229,2669,0
517315,-4.152,2.847,-8.803,-0.190,-0.209,-0.123,2670,0
517334,-4.216,2.686,-8.600,-0.200,-0.121,-0.083,2671,0
517354,-4.197,2.610,-8.413,-0.115,-0.111,-0.110,2670,0
517374,-4.202,2.555,-8.511,0.020,-0.170,-0.145,2670,0
517395,-3.984,2.607,-8.739,0.095,-0.176,-0.134,2670,0
517415,-3.723,2.820,-8.732,0.113,-0.079,-0.110,2671,0
517434,-3.742,2.808,-8.712,0.136,-0.031,-0.127,2670,0
517454,-3.809,2.921,-8.926,0.256,-0.126,-0.154,2670,0
517475,-3.651,3.105,-9.251,0.285,-0.178,-0.115,2671,0
517494,-3.479,3.100,-9.347,0.187,-0.143,-0.042,2671,0
517515,-3.625,2.933,-9.378,0.103,-0.115,-0.010,2671,0
517535,-3.893,2.954,-9.558,0.116,-0.163,-0.037,2671,0
517554,-3.891,3.093,-9.699,0.103,-0.145,-0.027,2672,0
517574,-3.807,2.976,-9.687,0.084,-0.067,0.034,2672,0
517595,-3.723,2.885,-9.567,0.062,0.003,0.071,2672,0
517614,-3.587,2.878,-9.352,-0.009,0.043,0.069,2671,0
517634,-3.519,2.828,-9.124,-0.078,0.047,0.078,2672,0
517654,-3.488,2.725,-9.021,-0.112,0.029,0.093,2672,0
517674,-3.479,2.614,-8.966,-0.109,0.022,0.096,2672,0
517694,-3.385,2.631,-8.866,-0.100,0.042,0.095,2673,0
517714,-3.376,2.622,-8.813,-0.111,0.024,0.088,2674,0
517735,-3.345,2.492,-8.734,-0.109,-0.021,0.081,2671,0
517755,-3.196,2.550,-8.784,-0.054,-0.056,0.072,2673,0
517774,-3.098,2.717,-8.732,-0.004,-0.050,0.050,2672,0
517794,-3.112,2.875,-8.736,0.009,-0.076,0.046,2673,0
517815,-3.160,2.787,-8.839,-0.015,-0.150,0.062,2674,0
517835,-3.089,2.569,-8.894,-0.010,-0.175,0.070,2674,0
517854,-3.077,2.502,-8.940,0.053,-0.159,0.053,2676,0
517874,-3.069,2.533,-9.021,0.104,-0.129,0.014,2677,0
517895,-3.146,2.547,-9.060,0.139,-0.110,-0.017,2676,0
517915,-3.297,2.634,-9.048,0.141,-0.131,-0.023,2676,0
517934,-3.338,2.689,-9.098,0.090,-0.160,-0.020,2677,0
517954,-3.340,2.696,-9.057,0.004,-0.145,0.003,2677,0
517974,-3.476,2.459,-9.036,-0.016,-0.156,0.008,2679,0
517994,-3.469,2.361,-9.045,0.057,-0.151,-0.023,2678,0
518014,-3.488,2.490,-8.997,0.115,-0.134,-0.054,2679,0
518035,-3.536,2.543,-8.985,0.094,-0.123,-0.065,2679,0
518054,-3.610,2.535,-8.940,0.065,-0.123,-0.056,2679,0
518074,-3.704,2.519,-9.043,0.006,-0.130,-0.044,2681,0
518094,-3.713,2.497,-9.043,-0.015,-0.112,-0.042,2683,0
518114,-3.656,2.382,-9.021,-0.002,-0.099,-0.048,2684,0
518134,-3.622,2.375,-9.002,0.026,-0.104,-0.072,2684,0
518155,-3.713,2.370,-9.072,0.041,-0.127,-0.109,2687,0
518175,-3.766,2.425,-9.076,0.022,-0.160,-0.140,2691,0
518195,-3.766,2.368,-9.043,0.022,-0.135,-0.149,2697,0
518214,-3.761,2.322,-8.928,0.091,-0.108,-0.151,2702,0
518235,-3.845,2.495,-8.878,0.173,-0.117,-0.165,2704,0
518254,-3.905,2.557,-8.777,0.197,-0.141,-0.186,2711,0
518274,-3.998,2.461,-8.739,0.173,-0.211,-0.199,2715,0
518294,-4.029,2.504,-8.746,0.141,-0.308,-0.197,2723,0
518314,-4.039,2.425,-8.792,0.074,-0.363,-0.184,2734,0
518334,-3.984,2.313,-8.624,0.054,-0.374,-0.179,2745,0
518355,-4.111,2.325,-8.777,0.140,-0.302,-0.189,2756,0
518374,-4.302,2.622,-8.813,0.169,-0.221,-0.175,2764,0
518394,-4.448,2.641,-8.820,0.106,-0.216,-0.159,2767,0
518414,-4.458,2.497,-8.693,0.051,-0.248,-0.139,2771,0
518435,-4.492,2.286,-8.796,0.057,-0.226,-0.104,2776,0
518454,-4.501,2.456,-8.801,0.114,-0.194,-0.107,2776,0
518474,-4.563,2.552,-8.892,0.067,-0.171,-0.095,2777,0
518494,-4.623,2.495,-8.911,0.007,-0.162,-0.068,2774,0
518514,-4.659,2.246,-9.012,-0.009,-0.126,-0.020,2775,0
518534,-4.597,2.279,-8.866,-0.012,-0.088,-0.002,2771,0
518555,-4.575,2.337,-8.892,-0.031,-0.069,-0.029,2771,0
518574,-4.573,2.399,-8.820,-0.041,-0.075,-0.035,2769,0
518594,-4.530,2.380,-8.803,-0.043,-0.082,-0.007,2768,0
518614,-4.470,2.421,-8.748,-0.038,-0.070,0.016,2768,0
518634,-4.472,2.447,-8.736,-0.026,-0.029,0.015,2767,0
518654,-4.489,2.502,-8.727,-0.022,-0.021,0.012,2766,0
518675,-4.523,2.397,-8.703,-0.018,-0.026,0.019,2766,0
518694,-4.448,2.416,-8.643,-0.007,-0.043,0.022,2764,0
518715,-4.480,2.476,-8.641,-0.005,-0.027,0.025,2766,0
518735,-4.530,2.444,-8.619,-0.014,-0.026,0.018,2763,0
518755,-4.580,2.466,-8.605,0.006,-0.018,0.013,2764,0
518774,-4.539,2.440,-8.633,-0.012,-0.023,0.015,2762,0
518795,-4.422,2.418,-8.543,-0.031,-0.025,0.017,2762,0
518814,-4.341,2.452,-8.289,0.011,-0.017,-0.002,2762,0
518834,-4.101,2.461,-7.944,0.175,-0.042,-0.036,2790,0
518854,-3.778,2.713,-8.602,0.195,-0.215,-0.066,2836,0
518874,-4.599,2.397,-8.808,0.205,0.018,0.054,2848,0
518894,-4.623,2.703,-8.423,0.355,0.010,0.023,2851,0
518914,-4.463,2.933,-8.016,0.264,-0.240,0.076,2863,0
518934,-3.907,2.476,-7.884,0.013,-0.535,0.153,2893,0
518955,-4.925,2.169,-9.196,0.031,-0.465,0.165,2922,1170
518974,-6.074,2.231,-9.773,-0.307,-0.326,0.152,2969,3702
518995,-4.970,2.567,-8.016,-0.520,-0.558,0.080,2996,4048
519014,-4.575,2.301,-7.903,-0.725,-0.859,0.087,3020,4095
519035,-4.204,1.231,-8.384,-0.571,-0.777,-0.056,3047,4095
519054,-4.628,1.820,-8.387,-0.092,-0.414,-0.164,3056,4095
519075,-5.629,3.017,-8.066,0.057,-0.316,-0.119,3056,4095
519094,-5.444,3.175,-7.693,-0.054,-0.512,0.016,3054,4095
519114,-5.478,2.495,-7.812,-0.072,-0.753,0.044,3045,4095
519134,-4.578,2.569,-8.243,0.029,-0.581,-0.077,3044,4095
519155,-5.303,2.686,-8.361,-0.018,-0.218,-0.023,3044,4095
519174,-5.555,2.710,-8.138,-0.005,-0.031,-0.027,3042,4095
519194,-5.942,2.914,-7.942,-0.103,-0.154,0.030,3041,4095
519214,-5.643,2.543,-7.944,-0.095,-0.293,-0.075,3033,4095
519234,-5.200,2.684,-7.896,-0.073,-0.284,-0.084,3025,4095
519254,-5.363,2.902,-8.100,-0.021,-0.185,-0.174,3023,4095
519275,-5.303,3.182,-8.135,-0.125,-0.097,-0.076,3018,4095
519294,-5.461,3.261,-8.416,-0.240,-0.130,-0.142,3012,4095
519314,-5.409,3.840,-8.195,-0.514,-0.156,-0.116,3009,4095
519334,-5.672,4.324,-8.396,-0.921,-0.243,-0.168,3004,4095
519354,-5.157,4.626,-8.684,-1.465,-0.186,0.038,3001,4095
519375,-4.882,5.064,-9.448,-2.085,0.142,0.128,3004,4095
519395,-5.751,6.199,-9.218,-2.924,0.511,0.305,3008,4095
519415,-7.678,10.350,-9.577,-4.568,0.332,0.845,3008,4095
519435,-9.012,12.328,-10.460,-7.131,-0.292,2.341,3017,4095
519454,-8.095,11.286,-10.501,-8.731,-0.803,3.870,3034,4095
519475,-6.950,7.669,-9.378,-8.731,-1.061,4.452,3051,4095
519494,-5.076,6.697,-8.325,-8.731,-1.009,3.887,3055,4095
519514,-5.526,6.656,-6.905,-8.731,-1.010,3.274,3058,4095
519534,-4.542,5.284,-3.227,-8.731,-1.812,3.348,3058,4095
519554,-2.512,2.631,-0.002,-8.731,-2.435,3.289,3085,4095
519574,0.012,-0.199,2.952,-8.731,-1.898,2.761,3106,4095
519594,1.480,-3.043,6.012,-6.727,-0.686,1.748,3120,4095
519614,0.249,-1.805,8.808,-3.187,0.181,0.801,3122,4095
519635,-0.515,2.682,9.697,-1.414,0.213,0.366,3120,4095
519654,-1.317,4.365,9.574,-1.319,-0.079,0.474,3119,4095
519675,-0.520,2.564,9.811,-1.232,-0.188,0.480,3114,4095
519694,0.012,2.526,9.357,-0.878,-0.112,0.234,3110,4095
519715,-0.869,3.460,9.301,-0.678,-0.112,0.167,3103,4095
519734,-0.242,3.072,9.340,-0.573,-0.167,0.125,3104,4095
519754,-0.412,3.273,9.172,-0.589,-0.243,0.090,3101,4095
519774,-0.285,2.682,9.383,-0.336,-0.272,0.100,3095,4095
519794,0.618,2.737,8.945,0.001,-0.107,-0.014,3091,4095
519814,-0.455,4.020,8.964,-0.068,-0.051,-0.042,3088,4095
519834,-0.204,3.385,9.340,-0.304,-0.117,0.051,3087,4095
519855,0.500,2.509,9.395,-0.205,-0.155,0.040,3086,4095
519875,-0.443,3.275,9.500,0.074,-0.179,0.017,3082,4095
519895,0.280,3.546,9.364,-0.095,-0.215,0.090,3070,4095
519914,0.259,3.474,9.093,-0.368,-0.177,0.109,3069,4095
519935,-0.151,3.060,9.354,-0.362,-0.174,0.157,3067,4095
519954,0.632,2.423,9.584,-0.165,-0.179,0.198,3060,4095
519975,0.642,2.942,9.380,-0.072,-0.202,0.221,3055,4095
519994,0.105,3.182,9.534,-0.199,-0.223,0.250,3053,4095
520014,0.833,2.607,9.519,-0.373,-0.213,0.248,3052,4095
520034,0.053,2.959,9.816,-0.391,-0.341,0.256,3053,4095
520055,0.041,2.576,9.699,-0.423,-0.572,0.290,3048,4095
520074,0.043,2.389,9.852,-0.331,-0.778,0.313,3042,4095
520095,-0.168,2.145,10.159,-0.106,-1.051,0.433,3019,3795
520114,0.417,2.559,8.638,0.201,-1.198,0.523,2948,1446
520134,2.145,2.516,6.608,0.273,-0.372,0.620,2875,0
520155,1.341,1.233,6.788,0.289,0.947,0.627,2784,0
520175,1.487,2.049,7.714,0.466,1.747,0.609,2659,0
520194,1.152,2.614,10.982,-0.406,1.628,0.603,2592,0
520214,1.769,1.030,11.954,-0.968,0.504,0.360,2538,0
520234,0.601,0.237,9.957,-0.432,0.247,-0.065,2478,0
520255,0.845,1.930,9.443,0.088,0.423,-0.164,2433,0
520274,-0.117,2.363,9.414,0.098,0.451,-0.232,2408,0
520295,0.232,2.562,9.301,-0.011,0.371,-0.136,2387,0
520314,-0.093,2.370,9.670,-0.219,0.363,-0.121,2377,0
520334,-0.170,1.788,9.996,-0.090,0.221,-0.068,2368,0
520354,-0.034,2.176,9.699,0.044,0.142,-0.128,2362,0
520374,-0.668,2.152,9.833,0.031,-0.007,-0.081,2360,0
520395,0.385,2.322,9.682,0.047,-0.000,-0.011,2357,0
520415,-0.630,1.946,9.943,-0.062,0.003,-0.016,2356,0
520434,0.512,1.858,9.823,0.019,-0.003,-0.008,2357,0
520454,-0.388,1.803,9.859,0.026,0.033,-0.083,2358,0
520474,0.256,1.884,9.668,0.110,-0.013,-0.066,2362,0
520494,-0.261,2.119,9.828,0.100,-0.041,-0.128,2363,0
520514,0.000,1.949,9.936,0.095,-0.183,-0.058,2365,0
520534,0.256,2.203,9.665,0.101,-0.141,-0.075,2369,0
520555,-0.237,1.824,9.886,0.068,-0.133,-0.055,2371,0
520574,0.517,1.978,9.318,0.187,0.015,-0.078,2374,0
520594,-0.524,2.016,9.761,0.210,0.047,-0.097,2377,0
520614,0.273,2.385,9.349,0.241,-0.033,-0.060,2380,0
520634,-0.682,2.423,9.828,0.056,-0.156,-0.063,2382,0
520655,0.433,1.920,9.543,0.082,-0.192,0.012,2386,0
520675,-0.098,2.016,9.629,0.183,-0.055,-0.077,2392,0
520695,-0.211,2.121,9.522,0.224,-0.034,-0.087,2392,0
520714,-0.034,2.586,9.177,0.204,0.070,-0.115,2397,0
520735,-0.338,2.284,9.665,0.124,-0.050,-0.035,2398,0
520754,0.218,2.495,9.397,0.176,-0.034,-0.034,2401,0
520774,-0.493,2.308,9.625,0.129,-0.094,-0.027,2407,0
520794,0.445,2.291,9.234,0.141,-0.029,-0.027,2413,0
520814,-0.587,2.224,9.661,0.074,-0.027,-0.069,2415,0
520834,0.400,2.097,9.414,0.147,-0.051,-0.018,2417,0
520855,-0.469,2.538,9.498,0.158,-0.032,-0.071,2420,0
520874,0.244,2.365,9.313,0.092,-0.078,-0.027,2424,0
520895,0.189,2.492,9.287,0.022,0.022,-0.051,2425,0
520915,-0.096,2.085,9.644,-0.009,-0.037,-0.010,2425,0
520934,0.041,2.440,9.443,0.072,0.035,-0.060,2428,0
520954,-0.364,2.339,9.639,0.058,-0.058,-0.035,2429,0
520975,0.488,2.334,9.318,0.072,-0.002,-0.002,2431,0
520995,-0.512,2.421,9.764,0.046,0.035,-0.046,2432,0
521014,0.299,2.164,9.515,0.094,-0.031,-0.018,2435,0
521034,-0.297,2.571,9.515,0.104,-0.008,-0.080,2435,0
521054,0.124,2.423,9.440,0.047,-0.071,-0.042,2441,0
521074,-0.036,2.495,9.596,0.007,-0.043,-0.038,2442,0
521094,-0.055,2.358,9.548,0.057,-0.047,-0.026,2443,0
521115,-0.038,2.394,9.531,0.118,-0.043,-0.034,2445,0
521134,-0.074,2.543,9.517,0.093,-0.041,-0.047,2446,0
521154,-0.108,2.507,9.486,0.052,-0.066,-0.034,2446,0
521174,-0.072,2.478,9.467,0.081,-0.068,-0.009,2448,0
521194,-0.072,2.425,9.371,0.128,-0.034,-0.013,2448,0
521215,-0.069,2.394,9.364,0.168,0.002,-0.030,2448,0
521235,-0.160,2.492,9.369,0.196,0.026,-0.038,2451,0
521254,-0.215,2.641,9.357,0.148,-0.001,-0.032,2451,0
521274,-0.153,2.650,9.335,0.078,-0.037,-0.011,2451,0
521294,-0.098,2.543,9.345,0.086,-0.032,0.007,2451,0
521314,-0.077,2.533,9.301,0.140,-0.007,0.014,2452,0
521335,-0.134,2.562,9.419,0.175,0.016,0.007,2451,0
521355,-0.136,2.588,9.486,0.164,0.000,-0.015,2452,0
521374,-0.096,2.648,9.474,0.130,-0.041,-0.029,2454,0
521394,-0.110,2.703,9.486,0.115,-0.050,-0.010,2455,0
521415,-0.148,2.677,9.522,0.119,-0.044,0.005,2456,0
521435,-0.158,2.682,9.510,0.128,-0.054,-0.007,2457,0
521454,-0.187,2.679,9.440,0.109,-0.054,-0.017,2458,0
521474,-0.180,2.665,9.562,0.088,-0.042,-0.011,2458,0
521495,-0.156,2.559,9.627,0.092,-0.045,0.000,2460,0
521514,-0.108,2.602,9.543,0.108,-0.062,0.003,2461,0
521534,-0.074,2.638,9.457,0.093,-0.065,0.004,2461,0
521555,0.012,2.583,9.440,0.068,-0.050,0.013,2461,0
521574,0.024,2.543,9.471,0.074,-0.035,0.015,2462,0
521595,-0.005,2.555,9.483,0.069,-0.038,0.007,2463,0
521614,-0.031,2.650,9.438,0.044,-0.062,-0.004,2464,0
521634,-0.019,2.737,9.388,0.012,-0.079,-0.003,2463,0
521654,-0.012,2.732,9.400,0.013,-0.074,-0.000,2464,0
521675,0.026,2.710,9.450,0.059,-0.070,-0.002,2464,0
521694,-0.012,2.768,9.486,0.107,-0.037,-0.013,2466,0
521715,-0.141,2.914,9.519,0.110,-0.018,-0.024,2466,0
521734,-0.151,3.005,9.462,0.052,-0.073,-0.007,2467,0
521755,-0.101,2.957,9.352,0.021,-0.124,0.025,2469,0
521774,-0.065,2.851,9.378,0.048,-0.122,0.047,2470,0
521794,-0.060,2.770,9.330,0.107,-0.087,0.047,2471,0
521814,-0.026,2.753,9.285,0.140,-0.066,0.019,2472,0
521834,-0.014,2.796,9.246,0.118,-0.075,0.004,2471,0
521855,0.002,2.804,9.213,0.069,-0.080,0.016,2474,0
521875,0.034,2.746,9.232,0.065,-0.061,0.027,2475,0
521894,0.055,2.693,9.266,0.085,-0.039,0.015,2476,0
521914,0.048,2.741,9.345,0.094,-0.028,-0.002,2475,0
521935,0.000,2.801,9.316,0.066,-0.038,-0.000,2476,0
521954,-0.029,2.799,9.373,0.044,-0.045,0.008,2477,0
521975,0.010,2.749,9.445,0.060,-0.049,0.005,2476,0
521994,0.002,2.744,9.424,0.082,-0.053,-0.004,2475,0
522014,-0.029,2.796,9.333,0.077,-0.055,-0.002,2476,0
522035,0.002,2.801,9.354,0.067,-0.044,-0.004,2479,0
522055,0.022,2.780,9.325,0.071,-0.032,-0.015,2477,0
522074,0.017,2.847,9.342,0.050,-0.027,-0.015,2478,0
522095,0.048,2.823,9.412,0.021,-0.033,-0.001,2477,0
522114,0.050,2.739,9.462,0.031,-0.032,0.006,2478,0
522134,0.055,2.734,9.467,0.055,-0.034,-0.006,2478,0
522154,0.060,2.830,9.455,0.055,-0.042,-0.026,2478,0
522174,0.036,2.899,9.436,0.028,-0.057,-0.032,2479,0
522194,0.007,2.885,9.383,0.030,-0.061,-0.019,2479,0
522215,0.005,2.914,9.383,0.053,-0.054,-0.014,2478,0
522234,0.000,2.928,9.342,0.054,-0.052,-0.013,2479,0
522255,0.014,2.902,9.330,0.041,-0.049,-0.009,2479,0
522274,0.041,2.878,9.323,0.049,-0.045,-0.011,2480,0
522294,0.072,2.851,9.345,0.061,-0.033,-0.018,2479,0
522314,0.043,2.880,9.369,0.070,-0.028,-0.023,2480,0
522334,0.024,2.942,9.347,0.061,-0.039,-0.018,2479,0
522354,0.012,2.940,9.301,0.053,-0.047,-0.005,2479,0
522374,0.055,2.844,9.237,0.066,-0.056,-0.017,2479,0
522394,0.136,2.787,9.227,0.093,-0.033,-0.037,2479,0
522414,0.117,2.873,9.321,0.102,0.003,-0.047,2480,0
522435,0.012,3.024,9.378,0.084,-0.011,-0.041,2480,0
522454,0.005,3.067,9.431,0.048,-0.027,-0.019,2480,0
522475,-0.014,2.978,9.445,0.048,-0.032,-0.008,2480,0
522495,0.005,2.957,9.373,0.072,-0.044,-0.010,2481,0
522515,0.045,2.964,9.325,0.066,-0.038,-0.008,2479,0
522534,0.041,2.933,9.321,0.051,-0.030,-0.005,2480,0
522555,0.022,2.914,9.421,0.041,-0.041,0.001,2480,0
