680334,-0.280,3.481,9.234,0.082,-0.018,-0.000,2459,0
680354,-0.268,3.491,9.210,0.038,-0.039,0.022,2461,0
680374,-0.208,3.330,9.278,0.022,-0.041,0.018,2460,0
680395,-0.204,3.242,9.287,0.047,-0.043,0.004,2459,0
680414,-0.177,3.314,9.278,0.062,-0.044,0.003,2460,0
680435,-0.144,3.330,9.225,0.063,-0.047,0.009,2459,0
680454,-0.153,3.290,9.194,0.057,-0.048,0.008,2459,0
680474,-0.175,3.273,9.218,0.053,-0.039,-0.002,2459,0
680494,-0.165,3.227,9.227,0.048,-0.047,-0.015,2459,0
680514,-0.156,3.282,9.189,0.058,-0.049,-0.016,2459,0
680534,-0.175,3.340,9.158,0.054,-0.045,-0.018,2459,0
680555,-0.194,3.409,9.151,0.035,-0.043,-0.010,2462,0
680575,-0.189,3.361,9.167,0.028,-0.044,-0.008,2460,0
680594,-0.175,3.354,9.165,0.035,-0.053,-0.011,2461,0
680614,-0.146,3.383,9.091,0.033,-0.047,-0.005,2459,0
680635,-0.139,3.340,9.129,0.030,-0.020,0.005,2460,0
680654,-0.177,3.330,9.148,0.049,-0.008,-0.001,2461,0
680674,-0.227,3.417,9.215,0.060,-0.010,-0.006,2461,0
680695,-0.225,3.464,9.170,0.065,-0.020,-0.001,2461,0
680714,-0.170,3.457,9.163,0.050,-0.030,-0.001,2461,0
680734,-0.151,3.407,9.124,0.037,-0.013,0.004,2461,0
680755,-0.160,3.361,9.249,0.037,0.007,0.004,2461,0
680774,-0.177,3.366,9.306,0.061,-0.003,0.002,2460,0
680794,-0.180,3.395,9.311,0.074,-0.028,0.006,2460,0
680814,-0.165,3.378,9.278,0.078,-0.037,0.004,2461,0
680834,-0.213,3.457,9.242,0.062,-0.035,0.001,2459,0
680854,-0.230,3.438,9.203,0.019,-0.052,0.015,2461,0
680874,-0.206,3.323,9.222,0.018,-0.063,0.016,2462,0
680894,-0.189,3.326,9.131,0.047,-0.048,0.004,2460,0
680915,-0.235,3.393,9.153,0.048,-0.038,-0.006,2462,0
680934,-0.239,3.373,9.179,0.040,-0.032,-0.001,2461,0
680955,-0.223,3.373,9.136,0.054,-0.028,0.007,2460,0
680975,-0.206,3.395,9.148,0.048,-0.018,0.010,2460,0
680995,-0.199,3.330,9.163,0.027,-0.021,0.011,2461,0
681014,-0.156,3.251,9.220,0.036,-0.020,0.002,2460,0
681035,-0.158,3.292,9.184,0.049,-0.019,-0.014,2461,0
681054,-0.211,3.349,9.239,0.028,-0.014,-0.016,2459,0
681074,-0.227,3.371,9.301,0.035,-0.022,-0.014,2459,0
681094,-0.194,3.400,9.227,0.060,-0.037,-0.005,2460,0
681115,-0.192,3.460,9.158,0.060,-0.034,0.002,2462,0
681134,-0.180,3.431,9.153,0.032,-0.023,-0.005,2461,0
681155,-0.211,3.438,9.208,0.016,-0.022,-0.007,2459,0
681174,-0.230,3.419,9.273,0.021,-0.028,0.004,2461,0
681194,-0.211,3.405,9.227,0.053,-0.037,0.013,2459,0
681214,-0.230,3.476,9.158,0.055,-0.028,0.017,2460,0
681235,-0.259,3.424,9.143,0.016,-0.037,0.016,2460,0
681255,-0.201,3.280,9.160,0.017,-0.050,0.009,2462,0
681275,-0.189,3.242,9.165,0.063,-0.027,-0.003,2461,0
681294,-0.266,3.385,9.148,0.079,-0.017,-0.013,2461,0
681314,-0.302,3.479,9.129,0.038,-0.027,-0.003,2462,0
681335,-0.239,3.364,9.127,0.023,-0.033,0.013,2460,0
681355,-0.182,3.270,9.182,0.044,-0.016,0.009,2461,0
681375,-0.148,3.227,9.163,0.063,-0.005,-0.001,2461,0
681395,-0.182,3.294,9.206,0.066,-0.012,-0.009,2460,0
681414,-0.244,3.330,9.244,0.052,-0.019,-0.014,2461,0
681435,-0.266,3.361,9.280,0.042,-0.019,-0.005,2460,0
681455,-0.247,3.282,9.263,0.059,-0.049,-0.008,2460,0
681475,-0.227,3.328,9.124,0.073,-0.054,-0.030,2462,0
681495,-0.247,3.428,9.076,0.052,-0.037,-0.041,2462,0
681515,-0.316,3.474,9.187,0.035,-0.023,-0.021,2462,0
681535,-0.299,3.476,9.194,0.048,-0.015,0.002,2462,0
681554,-0.230,3.373,9.201,0.062,-0.012,0.001,2462,0
681575,-0.204,3.326,9.139,0.065,-0.010,-0.007,2461,0
681594,-0.225,3.349,9.182,0.057,-0.017,-0.016,2462,0
681614,-0.237,3.409,9.201,0.041,-0.027,-0.018,2461,0
681635,-0.201,3.402,9.244,0.025,-0.022,-0.013,2462,0
681654,-0.192,3.383,9.270,0.044,-0.013,-0.012,2463,0
681674,-0.261,3.407,9.254,0.064,-0.021,-0.015,2461,0
681694,-0.254,3.467,9.191,0.067,-0.043,-0.022,2461,0
681714,-0.208,3.467,9.165,0.050,-0.055,-0.024,2461,0
681734,-0.177,3.421,9.096,0.045,-0.044,-0.023,2463,0
681755,-0.225,3.426,9.148,0.054,-0.021,-0.017,2463,0
681774,-0.278,3.450,9.201,0.064,-0.014,-0.006,2462,0
681795,-0.287,3.481,9.203,0.064,-0.045,-0.004,2462,0
681814,-0.275,3.496,9.139,0.038,-0.055,-0.009,2463,0
681834,-0.261,3.393,9.146,0.028,-0.042,-0.010,2463,0
681854,-0.242,3.376,9.160,0.059,-0.028,-0.005,2462,0
681874,-0.278,3.448,9.122,0.079,-0.014,-0.004,2463,0
681894,-0.326,3.546,9.124,0.062,-0.027,-0.005,2461,0
681915,-0.261,3.500,9.124,0.029,-0.035,-0.005,2463,0
681934,-0.244,3.419,9.208,0.036,-0.020,0.002,2460,0
681954,-0.263,3.395,9.244,0.064,-0.004,0.009,2462,0
681974,-0.290,3.438,9.244,0.069,-0.004,0.014,2462,0
681995,-0.304,3.484,9.215,0.056,-0.013,0.018,2461,0
682014,-0.297,3.455,9.273,0.037,-0.046,0.010,2462,0
682034,-0.230,3.352,9.237,0.031,-0.060,0.008,2463,0
682054,-0.259,3.299,9.237,0.050,-0.043,0.002,2460,0
682075,-0.280,3.369,9.213,0.078,-0.046,-0.003,2464,0
682094,-0.285,3.488,9.043,0.069,-0.047,0.005,2462,0
682114,-0.304,3.464,9.067,0.044,-0.045,0.001,2461,0
682134,-0.326,3.409,9.098,0.042,-0.051,-0.011,2460,0
682155,-0.297,3.376,9.151,0.047,-0.037,-0.009,2460,0
682174,-0.278,3.376,9.158,0.063,-0.032,-0.008,2460,0
682194,-0.256,3.436,9.041,0.063,-0.022,-0.006,2461,0
682214,-0.242,3.486,9.079,0.031,-0.030,-0.016,2462,0
682234,-0.247,3.414,9.151,0.011,-0.030,-0.018,2461,0
682254,-0.211,3.378,9.194,0.048,-0.008,-0.009,2460,0
682274,-0.237,3.481,9.172,0.103,0.006,-0.003,2461,0
682295,-0.297,3.582,9.170,0.094,0.001,0.001,2461,0
682315,-0.299,3.598,9.203,0.043,-0.040,-0.014,2461,0
682334,-0.263,3.505,9.196,0.009,-0.062,-0.015,2461,0
682355,-0.218,3.373,9.258,0.058,-0.045,-0.013,2462,0
682374,-0.237,3.405,9.148,0.139,-0.036,-0.025,2462,0
682394,-0.237,3.505,9.045,0.170,-0.046,-0.036,2461,0
682414,-0.278,3.639,8.978,0.129,-0.061,-0.041,2463,0
682434,-0.297,3.627,9.048,0.052,-0.073,-0.028,2463,0
682454,-0.254,3.467,9.072,0.060,-0.062,-0.012,2462,0
682475,-0.306,3.464,9.127,0.157,-0.046,-0.009,2463,0
682495,-0.294,3.438,9.309,0.310,-0.101,0.011,2462,0
682514,-0.287,3.457,9.215,0.513,-0.144,0.028,2464,0
682534,-0.323,3.364,9.505,0.772,-0.210,0.057,2464,0
682555,-0.345,3.239,9.850,1.346,-0.384,0.085,2475,0
682574,-0.220,3.146,9.747,2.173,-0.438,0.095,2484,0
682595,-0.124,3.601,9.184,3.190,-0.355,0.103,2503,0
682614,-0.072,4.788,8.394,3.952,-0.273,0.088,2517,0
682635,0.124,4.966,8.121,4.569,-0.207,0.036,2529,0
682654,0.113,4.906,7.570,5.612,-0.193,-0.086,2544,0
682675,0.400,5.440,5.801,6.595,-0.109,-0.335,2554,0
682694,0.491,6.278,4.164,7.526,0.191,-0.778,2558,0
682714,0.328,6.381,2.191,8.304,0.527,-1.159,2559,0
682734,-0.725,7.570,-0.084,8.731,0.741,-1.469,2557,0
682755,-1.176,8.722,-2.152,8.731,0.755,-1.591,2554,0
682774,-1.300,9.086,-4.391,8.731,0.774,-1.455,2556,0
682795,-1.480,9.124,-5.646,8.731,0.603,-1.053,2557,0
682814,-1.580,8.868,-6.481,8.674,0.453,-1.007,2559,0
682835,-1.556,7.029,-7.140,7.867,0.153,-0.693,2559,0
682855,-1.808,6.649,-7.956,7.002,-0.208,-0.531,2584,0
682875,-2.444,6.986,-8.890,5.486,-0.633,-0.240,2599,0
682894,-2.318,6.965,-8.952,3.669,-0.900,0.186,2611,0
682914,-2.358,5.121,-9.251,2.020,-0.998,0.511,2622,0
682934,-2.253,3.093,-9.124,1.207,-0.875,0.542,2627,0
682954,-2.433,2.224,-9.194,1.135,-0.797,0.371,2632,0
682974,-2.801,2.263,-9.754,1.275,-0.775,0.158,2639,0
682994,-2.828,2.581,-10.187,1.178,-0.620,0.044,2648,0
683014,-2.729,2.851,-9.984,0.928,-0.362,0.013,2655,0
683034,-2.873,2.863,-9.960,0.628,-0.199,-0.009,2654,0
683054,-2.909,2.954,-9.819,0.316,-0.144,-0.025,2652,0
683074,-2.931,2.878,-9.620,0.032,-0.167,-0.049,2652,0
683095,-2.825,2.562,-9.369,-0.030,-0.204,-0.081,2655,0
683114,-2.722,2.689,-9.239,0.037,-0.241,-0.117,2660,0
683134,-2.617,3.187,-9.124,0.014,-0.227,-0.111,2669,0
683155,-2.610,3.369,-9.038,-0.098,-0.225,-0.093,2672,0
683174,-2.701,3.302,-9.069,-0.148,-0.269,-0.062,2673,0
683195,-2.717,3.074,-9.136,-0.063,-0.311,-0.038,2674,0
683214,-2.777,3.033,-9.342,0.120,-0.284,-0.033,2675,0
683235,-2.883,3.318,-9.385,0.171,-0.232,-0.016,2678,0
683254,-3.093,3.433,-9.424,0.093,-0.193,0.029,2677,0
683274,-3.309,3.338,-9.426,0.014,-0.225,0.074,2679,0
683295,-3.292,3.069,-9.452,0.026,-0.253,0.103,2686,0
683315,-3.215,3.103,-9.409,0.088,-0.231,0.100,2688,0
683334,-3.089,3.139,-9.392,0.051,-0.144,0.099,2692,0
683355,-3.122,2.928,-9.345,-0.016,-0.049,0.093,2693,0
683374,-3.139,2.931,-9.261,-0.048,-0.033,0.073,2695,0
683394,-3.136,2.828,-9.254,-0.074,-0.062,0.036,2693,0
683414,-2.993,2.782,-9.203,-0.016,-0.030,0.024,2695,0
683435,-2.935,2.861,-9.124,0.008,0.026,0.037,2693,0
683454,-2.942,2.844,-9.098,-0.003,0.054,0.038,2691,0
683475,-2.981,2.806,-9.009,-0.023,0.022,0.024,2691,0
683494,-3.026,2.775,-9.021,0.008,-0.017,0.001,2692,0
683514,-2.976,2.875,-9.084,0.005,-0.021,-0.001,2691,0
683534,-3.033,3.014,-9.060,-0.075,0.002,0.022,2694,0
683555,-3.189,2.995,-8.914,-0.185,-0.004,0.057,2691,0
683574,-3.304,3.146,-8.868,-0.198,-0.081,0.092,2693,0
683594,-3.175,3.211,-8.851,-0.225,-0.151,0.131,2694,0
683614,-3.000,3.146,-8.820,-0.211,-0.123,0.138,2693,0
683634,-2.962,3.029,-8.772,-0.130,-0.046,0.075,2691,0
683654,-3.007,3.029,-8.705,-0.030,0.001,-0.002,2690,0
683674,-3.151,3.227,-8.645,0.044,-0.016,-0.036,2691,0
683694,-3.218,3.256,-8.746,0.066,-0.065,-0.030,2690,0
683715,-3.136,3.390,-8.748,0.065,-0.084,-0.008,2690,0
683734,-3.115,3.496,-8.782,0.022,-0.090,-0.008,2691,0
683755,-3.172,3.397,-8.892,-0.025,-0.102,-0.022,2693,0
683774,-3.232,3.285,-8.971,0.023,-0.092,-0.008,2695,0
683795,-3.191,3.424,-9.072,0.085,-0.069,0.014,2693,0
683814,-3.189,3.496,-9.036,0.060,-0.047,0.027,2693,0
683835,-3.165,3.555,-8.990,-0.007,-0.069,0.036,2694,0
683855,-3.158,3.450,-8.947,-0.072,-0.081,0.052,2694,0
683874,-3.103,3.366,-8.916,-0.076,-0.076,0.064,2695,0
683894,-3.098,3.261,-8.880,-0.059,-0.063,0.063,2696,0
683915,-3.170,3.158,-8.904,-0.009,-0.068,0.038,2695,0
683935,-3.194,3.239,-8.997,0.056,-0.062,-0.011,2696,0
683955,-3.179,3.388,-8.985,0.034,-0.043,-0.017,2696,0
683975,-3.129,3.414,-8.842,-0.009,-0.022,0.015,2694,0
683994,-3.144,3.354,-8.748,-0.022,-0.030,0.033,2693,0
684014,-3.213,3.316,-8.753,0.010,-0.066,0.023,2695,0
684035,-3.211,3.383,-8.866,0.083,-0.083,0.002,2693,0
684054,-3.211,3.450,-8.954,0.094,-0.050,0.004,2695,0
684074,-3.187,3.407,-8.894,0.047,-0.017,0.017,2694,0
684094,-3.256,3.270,-8.859,-0.003,-0.033,0.017,2692,0
684115,-3.199,3.211,-8.856,0.021,-0.073,0.005,2693,0
684135,-3.089,3.373,-8.868,0.051,-0.059,-0.003,2692,0
684154,-3.098,3.450,-8.832,0.042,-0.030,-0.007,2692,0
684174,-3.201,3.457,-8.782,0.031,-0.044,-0.011,2693,0
684195,-3.249,3.412,-8.916,0.035,-0.067,-0.018,2692,0
684214,-3.242,3.448,-8.921,0.032,-0.063,-0.012,2692,0
684235,-3.242,3.467,-8.880,0.014,-0.055,0.003,2695,0
684254,-3.225,3.438,-8.792,0.013,-0.045,0.018,2694,0
684274,-3.299,3.474,-8.803,0.037,-0.066,0.018,2693,0
684295,-3.251,3.591,-8.842,0.042,-0.114,0.026,2693,0
684315,-3.146,3.601,-8.868,0.022,-0.108,0.056,2692,0
684335,-3.201,3.531,-8.844,0.005,-0.079,0.074,2695,0
684355,-3.225,3.479,-8.777,0.008,-0.102,0.057,2693,0
684374,-3.225,3.551,-8.815,0.017,-0.126,0.037,2694,0
684394,-3.254,3.570,-8.868,0.024,-0.132,0.038,2697,0
684414,-3.225,3.563,-8.880,0.010,-0.096,0.053,2699,0
684435,-3.223,3.539,-8.823,0.018,-0.046,0.069,2697,0
684454,-3.299,3.455,-8.756,0.034,-0.035,0.074,2699,0
684474,-3.270,3.433,-8.756,0.056,-0.054,0.056,2699,0
684494,-3.294,3.417,-8.861,0.065,-0.063,0.039,2697,0
684515,-3.268,3.438,-8.787,0.022,-0.068,0.042,2697,0
684534,-3.213,3.335,-8.710,-0.008,-0.080,0.047,2698,0
684554,-3.220,3.349,-8.710,0.033,-0.086,0.039,2698,0
684574,-3.251,3.440,-8.820,0.073,-0.081,0.022,2699,0
684594,-3.275,3.498,-8.849,0.073,-0.068,0.018,2699,0
684615,-3.333,3.474,-8.856,0.052,-0.060,0.025,2698,0
684635,-3.383,3.460,-8.856,0.037,-0.071,0.024,2698,0
684654,-3.347,3.505,-8.875,0.025,-0.091,0.020,2698,0
684674,-3.280,3.519,-8.835,0.013,-0.064,0.028,2700,0
684694,-3.333,3.503,-8.813,0.023,-0.027,0.035,2701,0
684715,-3.335,3.548,-8.796,0.053,-0.018,0.027,2699,0
684735,-3.390,3.615,-8.801,0.065,-0.034,0.033,2700,0
684755,-3.306,3.587,-8.787,0.029,-0.057,0.050,2699,0
684775,-3.247,3.515,-8.741,0.007,-0.046,0.055,2701,0
684794,-3.263,3.393,-8.715,0.003,-0.039,0.054,2700,0
684814,-3.247,3.259,-8.751,0.010,-0.037,0.039,2700,0
684834,-3.187,3.275,-8.736,0.015,-0.028,0.013,2700,0
684854,-3.156,3.349,-8.638,0.022,-0.039,-0.009,2697,0
684874,-3.215,3.349,-8.657,0.023,-0.066,-0.015,2699,0
684894,-3.237,3.338,-8.681,0.035,-0.074,-0.021,2701,0
684914,-3.328,3.366,-8.748,0.054,-0.079,-0.023,2699,0
684935,-3.395,3.440,-8.770,0.062,-0.112,-0.025,2698,0
684955,-3.366,3.493,-8.827,0.063,-0.119,-0.021,2699,0
684974,-3.440,3.558,-8.890,0.044,-0.110,-0.029,2700,0
684994,-3.536,3.603,-8.926,0.038,-0.122,-0.041,2700,0
685014,-3.606,3.694,-8.959,0.038,-0.116,-0.033,2701,0
685034,-3.548,3.804,-8.875,0.026,-0.083,-0.013,2701,0
685055,-3.500,3.903,-8.739,0.019,-0.043,0.011,2702,0
685074,-3.517,3.924,-8.633,0.024,-0.045,0.027,2702,0
685094,-3.522,3.958,-8.655,0.040,-0.068,0.035,2701,0
685114,-3.536,3.970,-8.722,0.046,-0.077,0.052,2701,0
685134,-3.500,3.946,-8.717,0.047,-0.067,0.084,2700,0
685154,-3.431,3.915,-8.679,0.030,-0.036,0.107,2701,0
685175,-3.376,3.836,-8.583,0.024,-0.021,0.110,2700,0
685195,-3.359,3.780,-8.552,0.019,-0.058,0.116,2698,0
685214,-3.256,3.666,-8.545,0.002,-0.088,0.128,2699,0
685235,-3.199,3.577,-8.619,-0.018,-0.081,0.126,2700,0
685254,-3.242,3.481,-8.610,-0.029,-0.071,0.109,2698,0
685275,-3.304,3.450,-8.638,0.003,-0.087,0.094,2700,0
685294,-3.292,3.467,-8.768,0.038,-0.082,0.080,2700,0
685314,-3.292,3.493,-8.808,0.053,-0.043,0.073,2700,0
685334,-3.273,3.498,-8.724,0.047,-0.027,0.071,2700,0
685354,-3.323,3.496,-8.684,0.044,-0.043,0.071,2699,0
685375,-3.268,3.488,-8.691,0.050,-0.058,0.070,2700,0
685394,-3.244,3.393,-8.710,0.050,-0.050,0.058,2701,0
685415,-3.177,3.323,-8.693,0.049,-0.036,0.045,2702,0
685434,-3.110,3.278,-8.696,0.048,-0.031,0.025,2699,0
685455,-3.148,3.282,-8.712,0.038,-0.046,-0.006,2699,0
685475,-3.227,3.338,-8.803,0.052,-0.071,-0.027,2699,0
685494,-3.357,3.443,-8.916,0.074,-0.086,-0.027,2700,0
685515,-3.366,3.472,-8.966,0.078,-0.078,-0.017,2700,0
685535,-3.364,3.464,-8.902,0.058,-0.034,-0.018,2701,0
685555,-3.421,3.505,-8.806,0.065,-0.015,-0.037,2701,0
685574,-3.519,3.687,-8.813,0.101,-0.031,-0.054,2702,0
685594,-3.606,3.900,-8.882,0.117,-0.027,-0.039,2702,0
685615,-3.673,4.032,-8.873,0.086,-0.046,-0.014,2703,0
685635,-3.613,4.101,-8.784,0.063,-0.038,0.008,2702,0
685654,-3.661,4.132,-8.818,0.077,-0.007,0.028,2704,0
685675,-3.558,4.142,-8.756,0.068,0.035,0.055,2702,0
685694,-3.464,4.080,-8.622,0.025,0.051,0.084,2703,0
685714,-3.299,3.934,-8.449,-0.016,0.029,0.105,2702,0
685734,-3.225,3.893,-8.384,-0.034,0.009,0.116,2702,0
685754,-3.127,3.780,-8.337,-0.056,-0.023,0.128,2702,0
685774,-3.033,3.534,-8.416,-0.046,-0.039,0.128,2702,0
685794,-2.928,3.424,-8.444,-0.022,-0.037,0.107,2700,0
685814,-2.993,3.285,-8.502,-0.013,-0.053,0.080,2701,0
685834,-3.033,3.249,-8.593,-0.018,-0.093,0.059,2702,0
685854,-3.110,3.189,-8.684,-0.025,-0.128,0.036,2700,0
685874,-3.148,3.139,-8.792,-0.002,-0.123,0.017,2701,0
685894,-3.247,3.112,-8.868,0.017,-0.085,-0.007,2701,0
685914,-3.314,3.215,-8.921,0.028,-0.078,-0.052,2701,0
685935,-3.366,3.395,-8.904,0.027,-0.064,-0.077,2701,0
685954,-3.472,3.510,-8.868,0.037,-0.061,-0.078,2700,0
685974,-3.474,3.591,-8.885,0.042,-0.059,-0.075,2702,0
685995,-3.376,3.670,-8.849,0.032,-0.019,-0.087,2702,0
686015,-3.349,3.814,-8.710,0.040,0.016,-0.094,2701,0
686035,-3.455,3.943,-8.633,0.048,-0.006,-0.090,2701,0
686054,-3.457,4.034,-8.672,0.046,-0.048,-0.062,2701,0
686075,-3.369,3.991,-8.708,0.015,-0.036,-0.037,2700,0
686094,-3.326,3.958,-8.550,0.006,0.013,-0.032,2702,0
686114,-3.393,4.005,-8.435,0.034,0.014,-0.025,2701,0
686134,-3.440,4.063,-8.471,0.060,-0.036,-0.012,2699,0
686154,-3.460,3.998,-8.566,0.059,-0.047,0.010,2700,0
686174,-3.467,3.907,-8.586,0.053,-0.032,0.023,2699,0
686194,-3.529,3.826,-8.619,0.038,-0.030,0.015,2698,0
686214,-3.493,3.828,-8.588,0.036,-0.023,0.012,2699,0
686234,-3.481,3.917,-8.490,0.043,-0.011,0.022,2698,0
686254,-3.390,3.953,-8.420,0.019,-0.022,0.042,2699,0
686275,-3.215,3.785,-8.344,-0.015,-0.017,0.064,2698,0
686294,-3.144,3.558,-8.310,-0.015,-0.020,0.053,2698,0
686314,-3.072,3.436,-8.375,0.006,-0.038,0.031,2700,0
686334,-3.021,3.383,-8.401,0.058,-0.050,0.015,2698,0
686355,-3.036,3.412,-8.552,0.080,-0.069,-0.009,2699,0
686374,-3.065,3.383,-8.629,0.069,-0.076,-0.030,2698,0
686395,-3.115,3.323,-8.691,0.075,-0.064,-0.046,2698,0
686414,-3.175,3.381,-8.724,0.091,-0.074,-0.061,2697,0
686434,-3.244,3.340,-8.882,0.105,-0.096,-0.085,2695,0
686454,-3.304,3.359,-9.041,0.134,-0.076,-0.112,2697,0
686474,-3.359,3.409,-9.096,0.139,-0.013,-0.130,2698,0
686495,-3.428,3.438,-9.009,0.102,0.029,-0.137,2696,0
686514,-3.428,3.381,-8.916,0.078,0.023,-0.140,2695,0
686535,-3.397,3.395,-8.914,0.088,-0.010,-0.153,2696,0
686554,-3.361,3.433,-8.952,0.122,-0.003,-0.168,2696,0
686574,-3.376,3.546,-8.988,0.116,0.036,-0.173,2696,0
686595,-3.397,3.577,-8.906,0.070,0.054,-0.175,2695,0
686614,-3.428,3.587,-8.784,0.043,0.044,-0.174,2695,0
686634,-3.438,3.618,-8.780,0.050,0.025,-0.173,2693,0
686654,-3.531,3.632,-8.789,0.099,0.020,-0.163,2693,0
686675,-3.567,3.740,-8.863,0.115,0.041,-0.143,2693,0
686695,-3.709,3.759,-8.811,0.090,0.056,-0.130,2693,0
686715,-3.766,3.790,-8.770,0.063,0.045,-0.115,2694,0
686734,-3.785,3.809,-8.727,0.059,0.033,-0.095,2692,0
686754,-3.716,3.869,-8.746,0.062,0.036,-0.076,2693,0
686774,-3.668,3.917,-8.643,0.041,0.043,-0.058,2694,0
686795,-3.615,3.893,-8.566,0.005,0.036,-0.031,2691,0
686815,-3.546,3.831,-8.487,-0.007,0.005,-0.014,2692,0
686835,-3.450,3.754,-8.492,-0.014,-0.017,0.001,2692,0
686854,-3.383,3.718,-8.490,-0.006,-0.015,0.016,2692,0
686875,-3.407,3.728,-8.507,0.007,-0.030,0.020,2692,0
686894,-3.393,3.792,-8.526,0.005,-0.057,0.031,2691,0
686914,-3.381,3.718,-8.598,-0.005,-0.077,0.056,2690,0
686935,-3.354,3.603,-8.648,0.008,-0.088,0.079,2691,0
686954,-3.326,3.522,-8.698,0.025,-0.088,0.083,2691,0
686974,-3.383,3.440,-8.763,0.041,-0.082,0.070,2690,0
686995,-3.357,3.498,-8.808,0.037,-0.076,0.056,2690,0
687014,-3.354,3.541,-8.813,0.033,-0.062,0.058,2691,0
687034,-3.314,3.541,-8.768,0.040,-0.043,0.080,2690,0
687054,-3.326,3.491,-8.665,0.026,-0.044,0.083,2692,0
687075,-3.328,3.409,-8.650,0.014,-0.086,0.064,2688,0
687094,-3.290,3.417,-8.701,0.023,-0.092,0.048,2690,0
687115,-3.302,3.457,-8.736,0.042,-0.070,0.053,2692,0
687134,-3.304,3.448,-8.724,0.039,-0.055,0.063,2690,0
687154,-3.259,3.388,-8.689,0.048,-0.061,0.047,2692,0
687175,-3.232,3.414,-8.717,0.058,-0.079,0.038,2689,0
687195,-3.177,3.314,-8.775,0.048,-0.087,0.044,2689,0
687214,-3.163,3.208,-8.806,0.064,-0.066,0.039,2689,0
687234,-3.208,3.184,-8.763,0.093,-0.040,0.014,2691,0
687254,-3.254,3.199,-8.784,0.104,-0.047,-0.012,2691,0
687275,-3.299,3.177,-8.842,0.102,-0.068,-0.029,2688,0
687294,-3.357,3.251,-8.911,0.094,-0.075,-0.052,2689,0
687315,-3.431,3.376,-8.897,0.090,-0.060,-0.068,2690,0
687334,-3.539,3.524,-8.923,0.105,-0.044,-0.069,2690,0
687354,-3.572,3.622,-8.952,0.096,-0.030,-0.067,2688,0
687374,-3.531,3.558,-8.890,0.073,-0.012,-0.051,2689,0
687395,-3.443,3.527,-8.906,0.057,-0.017,-0.043,2689,0
687414,-3.419,3.476,-8.868,0.050,-0.028,-0.051,2689,0
687435,-3.390,3.500,-8.825,0.060,-0.020,-0.062,2688,0
687454,-3.455,3.486,-8.784,0.059,-0.009,-0.063,2689,0
687474,-3.472,3.397,-8.789,0.052,-0.017,-0.059,2688,0
687494,-3.366,3.359,-8.775,0.056,-0.021,-0.059,2688,0
687515,-3.309,3.335,-8.811,0.043,-0.013,-0.079,2688,0
687534,-3.349,3.259,-8.768,0.032,-0.002,-0.098,2688,0
687554,-3.297,3.251,-8.746,0.043,0.003,-0.106,2688,0
687574,-3.230,3.261,-8.701,0.043,0.042,-0.120,2688,0
687595,-3.172,3.266,-8.588,0.048,0.048,-0.124,2689,0
687615,-3.201,3.235,-8.547,0.055,0.007,-0.121,2688,0
687634,-3.239,3.218,-8.677,0.080,-0.033,-0.130,2689,0
687655,-3.354,3.103,-8.796,0.147,-0.035,-0.145,2689,0
687675,-3.342,3.129,-8.918,0.231,0.004,-0.151,2689,0
687694,-3.354,3.201,-8.928,0.272,0.065,-0.162,2689,0
687715,-3.354,3.189,-8.892,0.238,0.059,-0.180,2691,0
687734,-3.354,3.012,-8.827,0.172,-0.001,-0.203,2691,0
687754,-3.318,2.880,-8.878,0.155,-0.042,-0.222,2693,0
687775,-3.347,2.933,-8.878,0.228,-0.025,-0.238,2693,0
687795,-3.378,3.038,-8.803,0.347,-0.021,-0.294,2692,0
687814,-3.405,2.842,-8.911,0.422,-0.048,-0.385,2693,0
687835,-3.462,2.931,-8.844,0.347,-0.173,-0.444,2693,0
687854,-3.522,2.715,-8.983,0.207,-0.270,-0.452,2694,0
687875,-3.323,2.780,-8.619,0.221,-0.209,-0.413,2698,0
687894,-3.364,2.626,-8.727,0.253,-0.157,-0.430,2707,0
687915,-3.704,2.346,-8.746,0.135,-0.285,-0.579,2749,0
687934,-3.907,2.454,-8.406,0.187,-0.417,-0.663,2772,0
687955,-4.154,2.598,-8.119,0.092,-0.695,-0.682,2801,0
687974,-4.156,2.356,-8.114,0.113,-1.023,-0.566,2831,0
687994,-4.331,2.421,-8.337,0.032,-1.192,-0.409,2863,0
688015,-4.530,2.928,-8.047,0.255,-1.177,-0.223,2882,0
688034,-4.501,2.964,-7.870,0.356,-1.082,-0.152,2927,0
688054,-5.413,2.375,-8.739,0.353,-1.013,-0.278,2987,0
688075,-6.031,1.891,-8.868,0.300,-0.943,-0.543,3050,0
688095,-5.066,2.035,-8.796,-0.049,-0.902,-0.548,3090,0
688115,-5.356,0.795,-8.380,-0.026,-0.630,-0.617,3128,0
688134,-6.306,1.307,-9.431,0.025,-0.614,-0.707,3147,3010
688154,-5.935,1.544,-8.294,-0.168,-0.639,-0.699,3154,3652
688174,-6.414,1.542,-8.610,-0.160,-0.587,-0.653,3165,3966
688195,-5.739,1.793,-8.794,-0.137,-0.329,-0.648,3165,4095
688215,-6.103,2.569,-8.760,-0.176,-0.007,-0.452,3154,4095
688235,-6.732,2.356,-7.918,-0.383,0.010,-0.240,3143,4095
688254,-5.892,1.954,-7.697,-0.437,-0.179,-0.137,3138,4095
688274,-6.009,2.025,-8.009,-0.367,-0.276,-0.152,3131,4095
688294,-5.179,2.258,-8.531,-0.513,-0.070,-0.242,3126,4095
688315,-5.868,2.622,-8.128,-0.625,0.097,-0.261,3121,4095
688334,-6.742,3.462,-7.460,-0.840,-0.119,-0.068,3119,4095
688355,-5.734,4.254,-8.236,-1.340,-0.390,0.167,3116,4095
688374,-6.807,6.053,-8.693,-2.014,-0.470,0.602,3111,4095
688395,-6.215,6.536,-9.390,-3.138,-0.358,1.194,3110,4095
688414,-6.172,6.977,-10.214,-4.323,-0.050,1.475,3110,4095
688435,-7.113,6.946,-9.249,-5.615,0.369,1.638,3107,4095
688455,-7.353,9.242,-8.729,-6.698,0.210,2.095,3108,4095
688474,-8.863,11.176,-8.691,-8.448,-0.248,2.939,3106,4095
688494,-8.789,9.318,-6.958,-8.731,-1.131,3.752,3107,4095
688514,-6.845,8.454,-7.214,-8.731,-2.037,3.851,3103,4095
688534,-5.164,8.413,-7.602,-8.731,-2.183,3.544,3103,4095
688554,-2.145,3.615,-6.630,-8.731,-1.663,2.729,3102,4095
688574,-2.064,0.402,-1.027,-8.731,-1.402,1.667,3101,4095
688594,-0.955,-1.580,4.523,-8.731,-1.725,1.145,3102,4095
688615,0.227,-1.039,6.620,-5.892,-1.145,0.308,3108,4095
688635,-0.728,1.729,7.786,-4.345,-0.499,0.019,3105,4095
688654,-1.190,-0.072,9.321,-3.086,-0.164,-0.022,3103,4095
688674,-1.906,1.525,9.792,-1.165,0.104,0.006,3102,4095
688694,-2.617,3.335,9.620,-0.451,0.124,0.058,3099,4095
688714,-2.744,4.640,9.213,-0.706,-0.160,0.025,3098,4095
688734,-1.580,2.957,8.562,-0.896,-0.264,0.075,3096,4095
688754,-0.898,1.326,8.325,-0.019,0.196,0.105,3096,4095
688774,-2.071,3.577,8.835,0.765,0.547,0.128,3094,4095
688794,-2.763,4.779,9.230,0.079,0.264,0.195,3091,4095
688814,-2.133,3.043,9.333,-0.471,-0.049,0.099,3091,4095
688834,-1.666,2.634,9.275,-0.285,-0.134,0.069,3088,4095
688854,-1.525,2.911,8.947,-0.069,-0.054,0.111,3087,4095
688874,-1.827,3.208,9.148,-0.029,0.011,0.180,3086,4095
688894,-2.093,3.472,9.534,-0.160,-0.132,0.216,3085,4095
688914,-1.853,3.237,9.517,-0.295,-0.294,0.236,3079,4095
688935,-1.812,2.808,9.708,-0.238,-0.406,0.296,3078,4095
688954,-1.686,2.796,9.843,-0.135,-0.625,0.350,3073,4095
688974,-1.650,2.933,9.864,-0.188,-0.876,0.412,3081,4095
688994,-1.472,3.012,9.859,-0.218,-1.103,0.470,3083,4095
689014,-1.448,3.479,9.862,-0.258,-1.376,0.529,3078,4047
689034,-0.907,3.263,9.378,-0.398,-1.583,0.652,3066,3908
689055,-0.089,2.239,8.887,-0.397,-1.394,0.755,3043,3652
689074,0.888,1.618,8.631,-0.271,-0.889,0.659,2999,3101
689094,0.816,1.420,8.940,-0.286,-0.414,0.484,2927,0
689114,-0.045,1.822,9.402,-0.304,-0.347,0.330,2828,0
689134,-0.606,2.152,7.764,-0.092,-0.391,0.315,2702,0
689155,0.060,2.291,5.516,0.476,0.337,0.540,2590,0
689174,2.246,2.717,8.588,-0.492,1.524,0.849,2537,0
689194,1.211,1.662,12.028,-2.069,1.162,0.797,2484,0
689215,0.711,-0.974,11.246,-1.908,0.517,0.176,2429,0
689234,0.967,-0.508,10.834,-0.983,0.203,0.002,2394,0
689255,-0.146,0.464,9.608,0.127,0.449,-0.199,2375,0
689274,-0.225,2.330,9.057,0.365,0.633,-0.206,2358,0
689295,-1.274,2.737,9.977,-0.271,0.458,-0.166,2349,0
689314,-0.594,1.448,10.321,-0.585,0.292,0.051,2346,0
689334,-0.814,0.725,10.082,-0.127,0.269,0.004,2346,0
689354,-0.694,1.300,9.457,0.419,0.338,-0.035,2348,0
689374,-1.717,2.318,9.845,0.255,0.111,-0.120,2349,0
689394,-0.970,1.860,9.759,-0.050,-0.117,0.025,2351,0
689414,-1.132,1.662,9.881,-0.191,-0.135,-0.014,2351,0
689434,-0.431,1.106,9.529,-0.007,-0.108,0.025,2353,0
689455,-0.769,1.578,9.491,0.091,-0.017,-0.026,2358,0
689474,-0.551,1.164,9.500,0.199,-0.030,0.026,2358,0
689494,-0.663,1.733,9.510,0.168,-0.035,-0.053,2362,0
689514,-0.721,1.125,9.634,0.174,-0.063,0.002,2365,0
689534,-0.510,1.702,9.505,0.143,0.010,-0.018,2366,0
689555,-0.869,1.053,9.776,0.193,-0.004,0.044,2367,0
689575,-0.091,1.403,9.407,0.413,0.035,0.032,2370,0
689595,-0.706,1.465,9.699,0.548,0.063,0.013,2374,0
689615,-0.960,2.131,9.213,0.568,0.115,-0.020,2376,0
689634,-1.025,2.332,9.527,0.284,0.061,0.007,2378,0
689655,-0.960,2.049,9.641,0.079,0.007,0.088,2380,0
689674,-0.879,1.709,9.740,0.090,-0.027,0.131,2382,0
689694,-0.757,1.542,9.797,0.226,-0.032,0.104,2382,0
689714,-0.709,1.666,9.687,0.297,-0.026,0.051,2384,0
689735,-0.773,1.827,9.687,0.252,-0.020,0.026,2384,0
689754,-0.728,1.858,9.606,0.154,-0.039,0.028,2385,0
689775,-0.752,1.805,9.701,0.110,-0.045,0.044,2385,0
689794,-0.711,1.602,9.792,0.146,-0.050,0.053,2386,0
689815,-0.725,1.575,9.771,0.249,-0.033,0.027,2386,0
689834,-0.776,1.745,9.730,0.269,-0.043,-0.016,2386,0
689854,-0.757,1.915,9.682,0.203,-0.083,-0.026,2389,0
689874,-0.730,2.037,9.658,0.101,-0.114,-0.014,2390,0
689894,-0.711,1.994,9.661,0.027,-0.118,0.013,2394,0
689914,-0.642,1.930,9.651,0.013,-0.095,0.039,2393,0
689935,-0.606,1.834,9.687,0.062,-0.107,0.034,2397,0
689954,-0.620,1.877,9.656,0.096,-0.114,0.005,2395,0
689975,-0.654,2.035,9.601,0.105,-0.097,-0.007,2395,0
689994,-0.625,2.152,9.548,0.090,-0.088,-0.002,2398,0
690014,-0.615,2.222,9.536,0.074,-0.090,0.025,2398,0
690035,-0.658,2.248,9.515,0.047,-0.080,0.036,2400,0
690054,-0.690,2.126,9.567,0.038,-0.077,0.033,2399,0
690075,-0.658,2.054,9.567,0.080,-0.070,0.045,2399,0
690094,-0.666,2.126,9.503,0.126,-0.074,0.046,2399,0
690115,-0.453,2.119,9.522,0.103,-0.087,0.043,2400,0
690134,-0.208,2.025,9.239,0.117,-0.079,0.039,2402,0
690155,-1.144,2.071,9.596,0.051,-0.082,0.009,2402,0
690175,-0.151,2.255,9.086,0.115,-0.072,0.022,2401,0
690194,-0.927,1.946,9.541,0.116,-0.073,0.036,2402,0
690214,-0.278,2.344,9.225,0.139,-0.017,-0.001,2404,0
690235,-0.812,1.901,9.589,0.117,-0.044,0.014,2404,0
690254,-0.409,2.342,9.249,0.121,-0.001,-0.031,2404,0
690274,-0.658,1.896,9.577,0.135,-0.031,0.001,2404,0
690294,-0.546,2.490,9.373,0.115,0.018,-0.043,2407,0
690314,-0.584,2.004,9.656,0.090,-0.041,0.023,2406,0
690334,-0.594,2.430,9.455,0.080,-0.007,-0.029,2406,0
690354,-0.520,1.994,9.596,0.091,-0.051,0.013,2408,0
690374,-0.670,2.495,9.459,0.054,-0.004,-0.039,2409,0
690395,-0.534,2.011,9.634,0.060,-0.037,0.027,2408,0
690414,-0.704,2.442,9.538,0.061,0.005,-0.020,2410,0
690434,-0.503,2.009,9.579,0.094,-0.038,0.030,2410,0
690454,-0.682,2.497,9.450,0.042,-0.019,-0.029,2411,0
690475,-0.879,1.985,9.701,0.033,-0.054,0.017,2411,0
690494,-0.656,2.361,9.462,0.076,0.017,-0.020,2412,0
690515,-1.039,2.066,9.754,0.127,0.010,0.013,2411,0
690534,-0.836,2.734,9.438,0.104,0.031,-0.024,2412,0
690554,-0.690,2.258,9.562,0.022,-0.057,0.031,2412,0
690574,-0.244,2.483,9.309,0.005,-0.047,-0.008,2412,0
690595,-1.034,2.030,9.816,0.031,-0.055,0.006,2412,0
690614,-0.685,2.413,9.421,0.103,0.001,0.005,2414,0
690635,-0.589,2.389,9.697,0.059,-0.013,0.018,2414,0
690654,-0.611,2.344,9.503,0.029,-0.029,0.005,2413,0
690675,-0.601,2.248,9.610,0.024,-0.059,-0.004,2414,0
690694,-0.582,2.229,9.570,0.063,-0.060,-0.006,2414,0
690715,-0.632,2.330,9.469,0.092,-0.037,0.002,2415,0
690735,-0.685,2.466,9.488,0.095,-0.029,0.005,2415,0
690754,-0.721,2.523,9.500,0.061,-0.040,-0.011,2415,0
690774,-0.685,2.466,9.467,0.015,-0.068,-0.009,2415,0
690795,-0.613,2.354,9.469,0.031,-0.078,0.006,2414,0
690814,-0.558,2.279,9.428,0.087,-0.044,0.010,2416,0
690834,-0.591,2.318,9.464,0.135,-0.006,0.003,2416,0
690854,-0.644,2.454,9.421,0.121,-0.012,-0.007,2416,0
690874,-0.656,2.468,9.373,0.043,-0.051,-0.003,2415,0
690895,-0.589,2.356,9.371,0.002,-0.070,-0.003,2416,0
690915,-0.625,2.315,9.486,0.040,-0.031,-0.001,2415,0
690934,-0.682,2.387,9.481,0.103,0.015,0.013,2416,0
690954,-0.713,2.468,9.486,0.126,0.008,0.013,2416,0
690974,-0.694,2.555,9.474,0.080,-0.035,-0.001,2416,0
690995,-0.627,2.442,9.428,0.016,-0.050,0.004,2416,0
691014,-0.594,2.236,9.495,0.043,-0.035,0.011,2416,0
691035,-0.567,2.253,9.474,0.125,-0.029,0.004,2416,0
691055,-0.603,2.444,9.349,0.122,-0.011,0.009,2417,0
691075,-0.646,2.471,9.366,0.047,-0.010,0.014,2416,0
691095,-0.579,2.306,9.431,0.023,-0.036,0.005,2417,0
691114,-0.575,2.284,9.438,0.068,-0.031,-0.010,2417,0
691134,-0.634,2.442,9.400,0.080,-0.007,-0.019,2418,0
691154,-0.661,2.535,9.407,0.062,-0.005,-0.010,2417,0
691175,-0.606,2.526,9.419,0.054,-0.010,-0.002,2417,0
691195,-0.603,2.480,9.426,0.056,-0.007,-0.009,2419,0
691214,-0.632,2.488,9.503,0.069,-0.005,-0.015,2417,0
691234,-0.670,2.500,9.529,0.076,-0.011,-0.006,2418,0
691254,-0.646,2.507,9.498,0.089,-0.009,0.005,2418,0
691274,-0.682,2.533,9.440,0.106,0.001,0.018,2419,0
691294,-0.675,2.476,9.419,0.095,-0.011,0.006,2418,0
691314,-0.690,2.461,9.424,0.060,-0.031,-0.015,2419,0
691334,-0.740,2.512,9.476,0.031,-0.030,-0.013,2420,0
691354,-0.759,2.497,9.534,0.051,-0.030,0.004,2420,0
691374,-0.725,2.485,9.457,0.098,-0.017,0.020,2420,0
691394,-0.716,2.490,9.431,0.105,-0.002,0.015,2422,0
691414,-0.702,2.526,9.414,0.053,-0.027,-0.003,2419,0
691434,-0.656,2.459,9.414,-0.002,-0.060,-0.003,2420,0
691454,-0.625,2.358,9.479,0.023,-0.033,0.004,2421,0
