625294,1.872,9.725,2.229,0.646,0.001,-0.237,2541,0
625314,1.913,9.776,2.064,0.521,0.000,-0.177,2542,0
625334,1.913,9.694,1.911,0.410,0.009,-0.131,2543,0
625355,1.882,9.610,1.930,0.324,0.026,-0.126,2544,0
625374,1.815,9.546,1.990,0.310,0.038,-0.144,2544,0
625394,1.863,9.519,1.939,0.335,0.020,-0.133,2544,0
625414,1.817,9.483,1.822,0.358,0.015,-0.105,2545,0
625434,1.765,9.505,1.793,0.381,0.035,-0.087,2545,0
625455,1.820,9.436,1.748,0.371,0.049,-0.073,2546,0
625474,1.846,9.400,1.659,0.367,0.046,-0.086,2545,0
625495,1.753,9.409,1.630,0.345,0.030,-0.122,2546,0
625514,1.688,9.550,1.585,0.313,0.001,-0.128,2546,0
625534,1.592,9.634,1.528,0.259,-0.005,-0.093,2547,0
625555,1.544,9.584,1.477,0.228,-0.000,-0.050,2548,0
625574,1.611,9.380,1.494,0.246,0.025,-0.007,2548,0
625594,1.544,9.309,1.561,0.312,0.050,0.004,2547,0
625614,1.520,9.244,1.530,0.373,0.042,-0.028,2549,0
625634,1.480,9.256,1.441,0.382,0.038,-0.054,2550,0
625654,1.506,9.249,1.444,0.375,0.056,-0.043,2551,0
625674,1.506,9.131,1.472,0.408,0.050,-0.046,2549,0
625694,1.501,9.124,1.420,0.516,-0.011,-0.074,2551,0
625714,1.496,9.194,1.238,0.632,-0.109,-0.142,2552,0
625735,1.535,9.395,0.974,0.754,-0.168,-0.211,2556,0
625755,1.532,9.610,0.646,0.840,-0.168,-0.247,2559,0
625774,1.463,9.752,0.385,0.937,-0.135,-0.242,2559,0
625794,1.480,9.778,0.062,1.027,-0.103,-0.220,2559,0
625815,1.571,9.828,-0.110,1.104,-0.076,-0.217,2561,0
625834,1.621,9.799,-0.242,1.151,-0.037,-0.236,2566,0
625855,1.535,9.766,-0.373,1.207,-0.007,-0.271,2581,0
625875,1.501,9.936,-0.666,1.205,0.012,-0.295,2582,0
625894,1.420,9.907,-0.874,1.175,0.075,-0.276,2585,0
625914,1.322,9.967,-0.941,1.114,0.124,-0.243,2587,0
625934,1.231,9.996,-1.008,1.091,0.107,-0.224,2592,0
625954,1.130,9.828,-1.197,1.079,0.046,-0.226,2592,0
625975,1.106,9.689,-1.384,1.107,0.022,-0.240,2594,0
625994,1.111,9.550,-1.669,1.132,0.025,-0.250,2598,0
626015,1.020,9.500,-1.982,1.154,0.042,-0.234,2601,0
626035,0.950,9.428,-2.222,1.173,0.027,-0.249,2605,0
626054,0.893,9.251,-2.421,1.178,0.001,-0.282,2608,0
626075,0.821,9.548,-2.705,1.123,-0.032,-0.300,2610,0
626094,0.706,9.481,-2.909,1.058,-0.063,-0.248,2615,0
626114,0.680,9.402,-3.175,0.945,-0.093,-0.219,2617,0
626135,0.634,9.419,-3.388,0.760,-0.116,-0.194,2621,0
626154,0.634,9.538,-3.488,0.520,-0.115,-0.145,2623,0
626175,0.603,9.577,-3.479,0.252,-0.081,-0.088,2624,0
626194,0.582,9.471,-3.450,0.041,-0.089,-0.052,2624,0
626214,0.587,9.323,-3.438,-0.067,-0.109,-0.034,2624,0
626234,0.589,9.194,-3.280,-0.074,-0.094,-0.022,2624,0
626254,0.608,9.148,-3.175,0.002,-0.087,-0.021,2624,0
626275,0.646,9.131,-3.249,0.100,-0.106,-0.041,2625,0
626294,0.656,9.184,-3.409,0.152,-0.109,-0.069,2626,0
626314,0.639,9.285,-3.484,0.130,-0.048,-0.072,2627,0
626334,0.596,9.256,-3.421,0.098,-0.009,-0.063,2627,0
626355,0.572,9.254,-3.476,0.095,-0.044,-0.059,2627,0
626374,0.551,9.328,-3.610,0.095,-0.089,-0.056,2628,0
626395,0.520,9.330,-3.670,0.077,-0.075,-0.030,2629,0
626415,0.532,9.347,-3.517,0.082,-0.042,-0.008,2630,0
626435,0.433,9.345,-3.596,0.124,-0.042,-0.010,2630,0
626454,0.445,9.388,-3.594,0.148,-0.033,-0.012,2630,0
626475,0.508,9.419,-3.510,0.125,0.020,-0.004,2628,0
626494,0.551,9.366,-3.352,0.093,0.059,0.010,2629,0
626514,0.527,9.268,-3.290,0.078,0.047,0.022,2630,0
626534,0.484,9.163,-3.318,0.064,0.024,0.015,2628,0
626555,0.500,9.072,-3.251,0.037,0.038,-0.002,2628,0
626574,0.524,8.997,-3.115,0.031,0.043,-0.008,2627,0
626594,0.527,8.954,-3.103,0.064,0.006,-0.021,2627,0
626614,0.553,8.990,-3.172,0.087,-0.039,-0.035,2627,0
626635,0.532,9.024,-3.239,0.073,-0.055,-0.059,2626,0
626654,0.464,9.019,-3.290,0.048,-0.069,-0.083,2627,0
626674,0.448,9.098,-3.311,0.050,-0.095,-0.088,2626,0
626695,0.414,9.234,-3.340,0.076,-0.112,-0.079,2626,0
626715,0.402,9.225,-3.450,0.098,-0.120,-0.074,2628,0
626734,0.402,9.158,-3.558,0.116,-0.121,-0.073,2629,0
626755,0.402,9.167,-3.598,0.116,-0.114,-0.088,2632,0
626774,0.342,9.254,-3.699,0.107,-0.095,-0.096,2630,0
626795,0.292,9.328,-3.711,0.099,-0.080,-0.072,2631,0
626814,0.275,9.345,-3.697,0.109,-0.069,-0.038,2632,0
626834,0.347,9.345,-3.646,0.135,-0.054,-0.018,2634,0
626854,0.383,9.263,-3.663,0.154,-0.036,-0.030,2633,0
626875,0.421,9.148,-3.687,0.185,-0.024,-0.054,2633,0
626894,0.405,9.115,-3.689,0.243,-0.029,-0.070,2634,0
626915,0.402,9.177,-3.706,0.300,-0.019,-0.078,2632,0
626934,0.364,9.230,-3.740,0.307,0.005,-0.087,2631,0
626955,0.326,9.153,-3.800,0.274,0.016,-0.091,2632,0
626974,0.237,9.084,-3.819,0.264,-0.016,-0.092,2632,0
626995,0.199,9.139,-3.883,0.262,-0.049,-0.100,2630,0
627014,0.204,9.160,-3.893,0.243,-0.029,-0.091,2632,0
627034,0.163,9.069,-3.845,0.262,-0.018,-0.079,2634,0
627054,0.132,8.966,-3.883,0.341,-0.046,-0.078,2634,0
627074,0.158,8.961,-3.986,0.419,-0.072,-0.088,2636,0
627095,0.211,9.021,-4.046,0.447,-0.032,-0.104,2638,0
627115,0.204,8.868,-4.137,0.433,-0.024,-0.121,2638,0
627134,0.170,8.760,-4.185,0.454,-0.043,-0.133,2639,0
627155,0.132,8.794,-4.266,0.488,-0.075,-0.147,2640,0
627174,0.096,8.806,-4.403,0.471,-0.078,-0.162,2640,0
627194,0.081,8.720,-4.475,0.428,-0.074,-0.167,2641,0
627214,0.053,8.710,-4.585,0.407,-0.070,-0.165,2643,0
627234,-0.017,8.729,-4.709,0.412,-0.058,-0.175,2644,0
627254,-0.091,8.696,-4.743,0.435,-0.051,-0.187,2643,0
627275,-0.139,8.701,-4.781,0.463,-0.061,-0.185,2645,0
627295,-0.170,8.746,-4.942,0.463,-0.077,-0.170,2646,0
627314,-0.201,8.758,-5.033,0.396,-0.072,-0.136,2646,0
627334,-0.321,8.691,-5.104,0.326,-0.061,-0.111,2647,0
627355,-0.366,8.631,-5.169,0.280,-0.070,-0.088,2649,0
627374,-0.376,8.540,-5.227,0.234,-0.081,-0.060,2649,0
627394,-0.333,8.514,-5.198,0.200,-0.087,-0.045,2650,0
627415,-0.268,8.456,-5.234,0.153,-0.059,-0.035,2651,0
627434,-0.261,8.387,-5.186,0.121,-0.036,-0.037,2652,0
627454,-0.285,8.406,-5.121,0.087,-0.023,-0.045,2652,0
627475,-0.405,8.461,-5.116,0.080,-0.050,-0.052,2651,0
627494,-0.342,8.559,-5.162,0.067,-0.074,-0.033,2652,0
627514,-0.249,8.509,-5.140,0.050,-0.063,-0.003,2653,0
627534,-0.227,8.377,-5.150,0.052,-0.062,-0.002,2653,0
627555,-0.237,8.305,-5.186,0.068,-0.071,-0.019,2652,0
627575,-0.283,8.380,-5.246,0.072,-0.068,-0.026,2651,0
627594,-0.304,8.394,-5.265,0.074,-0.046,-0.023,2655,0
627615,-0.280,8.365,-5.274,0.068,-0.025,-0.020,2653,0
627635,-0.256,8.332,-5.222,0.070,-0.006,-0.024,2655,0
627654,-0.261,8.382,-5.186,0.072,-0.015,-0.039,2652,0
627675,-0.273,8.387,-5.176,0.065,-0.037,-0.040,2653,0
627694,-0.278,8.353,-5.210,0.068,-0.054,-0.024,2652,0
627714,-0.273,8.404,-5.265,0.084,-0.056,-0.021,2652,0
627734,-0.287,8.428,-5.310,0.096,-0.042,-0.023,2654,0
627754,-0.309,8.521,-5.250,0.088,-0.025,-0.017,2654,0
627774,-0.357,8.437,-5.236,0.084,-0.021,-0.018,2654,0
627795,-0.369,8.435,-5.296,0.098,-0.044,-0.019,2655,0
627815,-0.342,8.466,-5.310,0.099,-0.041,-0.016,2655,0
627834,-0.302,8.382,-5.301,0.082,-0.021,-0.003,2655,0
627854,-0.283,8.325,-5.253,0.063,-0.020,-0.004,2653,0
627874,-0.326,8.310,-5.270,0.055,-0.026,-0.018,2654,0
627894,-0.302,8.373,-5.236,0.046,-0.023,-0.012,2655,0
627914,-0.309,8.356,-5.231,0.044,-0.013,-0.003,2654,0
627934,-0.326,8.282,-5.205,0.042,-0.011,0.005,2655,0
627955,-0.338,8.265,-5.239,0.052,-0.025,0.002,2655,0
627974,-0.321,8.226,-5.246,0.042,-0.027,-0.010,2655,0
627995,-0.362,8.186,-5.289,0.050,-0.038,-0.026,2656,0
628014,-0.364,8.205,-5.344,0.069,-0.044,-0.034,2654,0
628034,-0.357,8.308,-5.370,0.071,-0.019,-0.040,2655,0
628054,-0.342,8.325,-5.385,0.064,0.009,-0.045,2656,0
628074,-0.323,8.382,-5.301,0.037,0.015,-0.052,2655,0
628094,-0.323,8.375,-5.250,0.022,-0.003,-0.055,2655,0
628115,-0.314,8.425,-5.289,0.030,-0.026,-0.046,2654,0
628135,-0.350,8.480,-5.286,0.033,-0.019,-0.031,2654,0
628155,-0.354,8.490,-5.274,0.035,-0.003,-0.024,2655,0
628175,-0.359,8.478,-5.253,0.036,-0.002,-0.011,2655,0
628194,-0.376,8.499,-5.227,0.044,-0.029,-0.001,2652,0
628214,-0.357,8.509,-5.262,0.044,-0.038,0.005,2654,0
628235,-0.342,8.480,-5.291,0.043,-0.033,0.011,2655,0
628254,-0.335,8.368,-5.346,0.039,-0.023,0.019,2655,0
628274,-0.323,8.368,-5.308,0.037,-0.011,0.025,2654,0
628295,-0.381,8.420,-5.286,0.033,-0.006,0.014,2654,0
628315,-0.359,8.418,-5.272,0.020,-0.017,0.013,2654,0
628334,-0.330,8.404,-5.291,0.013,-0.017,0.029,2654,0
628354,-0.328,8.320,-5.260,0.017,-0.010,0.023,2653,0
628374,-0.359,8.329,-5.203,0.031,-0.004,0.013,2654,0
628394,-0.366,8.353,-5.181,0.031,-0.011,0.018,2653,0
628414,-0.292,8.303,-5.183,0.019,-0.032,0.019,2653,0
628435,-0.242,8.236,-5.186,0.021,-0.043,0.008,2654,0
628455,-0.213,8.231,-5.248,0.042,-0.038,-0.015,2654,0
628474,-0.239,8.325,-5.351,0.050,-0.027,-0.027,2653,0
628495,-0.254,8.384,-5.375,0.028,-0.019,-0.022,2653,0
628515,-0.283,8.420,-5.327,0.005,-0.007,-0.013,2655,0
628534,-0.266,8.459,-5.289,-0.001,0.007,0.001,2651,0
628554,-0.299,8.461,-5.255,0.021,0.011,0.002,2653,0
628574,-0.283,8.440,-5.229,0.042,0.003,0.005,2653,0
628594,-0.235,8.389,-5.222,0.043,-0.002,0.017,2654,0
628614,-0.259,8.313,-5.215,0.034,-0.004,0.015,2653,0
628635,-0.299,8.284,-5.234,0.030,-0.019,0.002,2652,0
628654,-0.318,8.349,-5.234,0.036,-0.024,-0.003,2653,0
628675,-0.316,8.320,-5.215,0.034,-0.014,0.005,2653,0
628695,-0.292,8.298,-5.145,0.030,-0.005,0.003,2652,0
628714,-0.249,8.305,-5.095,0.038,-0.006,-0.013,2652,0
628735,-0.273,8.351,-5.080,0.045,-0.021,-0.021,2651,0
628755,-0.290,8.408,-5.107,0.044,-0.054,-0.012,2653,0
628774,-0.321,8.346,-5.236,0.038,-0.077,0.003,2651,0
628795,-0.304,8.327,-5.210,0.047,-0.070,0.008,2651,0
628814,-0.275,8.332,-5.229,0.066,-0.048,0.006,2651,0
628835,-0.268,8.361,-5.217,0.064,-0.037,-0.001,2652,0
628854,-0.338,8.325,-5.234,0.064,-0.055,-0.011,2651,0
628874,-0.340,8.282,-5.291,0.065,-0.071,-0.009,2652,0
628894,-0.318,8.277,-5.306,0.056,-0.059,0.005,2651,0
628914,-0.290,8.210,-5.279,0.051,-0.043,-0.009,2650,0
628934,-0.314,8.229,-5.267,0.063,-0.036,-0.035,2651,0
628954,-0.340,8.294,-5.205,0.067,-0.034,-0.041,2649,0
628974,-0.397,8.291,-5.224,0.070,-0.055,-0.033,2651,0
628994,-0.330,8.337,-5.207,0.060,-0.075,-0.031,2651,0
629014,-0.299,8.317,-5.227,0.052,-0.066,-0.040,2649,0
629035,-0.345,8.358,-5.243,0.072,-0.059,-0.053,2652,0
629054,-0.345,8.425,-5.303,0.072,-0.060,-0.055,2651,0
629075,-0.299,8.430,-5.279,0.051,-0.055,-0.045,2651,0
629094,-0.299,8.401,-5.284,0.049,-0.044,-0.041,2650,0
629115,-0.326,8.425,-5.258,0.059,-0.039,-0.041,2650,0
629134,-0.390,8.478,-5.157,0.055,-0.043,-0.034,2650,0
629154,-0.455,8.519,-5.198,0.054,-0.067,-0.020,2650,0
629175,-0.438,8.490,-5.270,0.057,-0.087,-0.009,2652,0
629195,-0.472,8.418,-5.365,0.056,-0.090,0.005,2650,0
629215,-0.431,8.406,-5.416,0.053,-0.075,0.013,2649,0
629235,-0.424,8.349,-5.444,0.060,-0.052,0.005,2652,0
629254,-0.438,8.377,-5.432,0.075,-0.046,0.003,2651,0
629275,-0.412,8.401,-5.435,0.065,-0.047,0.013,2651,0
629294,-0.407,8.377,-5.363,0.050,-0.031,0.021,2651,0
629315,-0.369,8.351,-5.308,0.053,-0.023,0.008,2650,0
629334,-0.417,8.425,-5.227,0.064,-0.020,-0.003,2651,0
629355,-0.438,8.454,-5.215,0.062,-0.043,0.018,2651,0
629374,-0.397,8.353,-5.260,0.047,-0.063,0.035,2651,0
629394,-0.421,8.274,-5.282,0.050,-0.070,0.027,2650,0
629414,-0.402,8.301,-5.308,0.061,-0.058,0.010,2650,0
629434,-0.407,8.370,-5.239,0.060,-0.045,0.021,2650,0
629454,-0.373,8.301,-5.241,0.050,-0.051,0.030,2651,0
629475,-0.357,8.215,-5.267,0.045,-0.062,0.021,2651,0
629494,-0.378,8.224,-5.282,0.050,-0.065,0.005,2649,0
629514,-0.402,8.308,-5.310,0.047,-0.064,0.001,2648,0
629534,-0.400,8.298,-5.306,0.031,-0.074,0.006,2651,0
629555,-0.400,8.222,-5.351,0.025,-0.080,0.007,2651,0
629574,-0.383,8.215,-5.363,0.045,-0.074,-0.008,2649,0
629594,-0.383,8.289,-5.401,0.052,-0.060,-0.021,2650,0
629615,-0.371,8.344,-5.356,0.046,-0.047,-0.018,2650,0
629634,-0.354,8.351,-5.356,0.040,-0.052,-0.011,2650,0
629655,-0.290,8.310,-5.361,0.031,-0.067,-0.010,2650,0
629674,-0.314,8.289,-5.401,0.030,-0.068,-0.009,2649,0
629695,-0.299,8.322,-5.382,0.043,-0.060,-0.004,2651,0
629714,-0.385,8.334,-5.380,0.059,-0.046,-0.004,2649,0
629735,-0.397,8.305,-5.361,0.066,-0.053,0.004,2650,0
629755,-0.373,8.224,-5.337,0.075,-0.051,0.014,2650,0
629774,-0.409,8.193,-5.267,0.091,-0.076,0.005,2648,0
629794,-0.429,8.253,-5.318,0.107,-0.098,-0.017,2648,0
629814,-0.378,8.255,-5.332,0.108,-0.071,-0.026,2650,0
629834,-0.390,8.198,-5.258,0.145,-0.051,-0.030,2649,0
629854,-0.488,8.317,-5.267,0.197,-0.071,-0.054,2650,0
629874,-0.551,8.487,-5.368,0.199,-0.083,-0.076,2648,0
629895,-0.515,8.523,-5.430,0.160,-0.071,-0.060,2650,0
629914,-0.464,8.416,-5.332,0.130,-0.060,-0.030,2649,0
629935,-0.429,8.344,-5.282,0.110,-0.074,-0.021,2649,0
629955,-0.467,8.337,-5.332,0.110,-0.110,-0.023,2650,0
629975,-0.524,8.389,-5.420,0.115,-0.130,-0.018,2649,0
629994,-0.510,8.334,-5.476,0.104,-0.128,-0.006,2650,0
630014,-0.474,8.265,-5.497,0.094,-0.108,0.007,2649,0
630034,-0.484,8.143,-5.466,0.086,-0.094,0.003,2653,0
630055,-0.522,8.083,-5.430,0.109,-0.115,-0.007,2654,0
630074,-0.560,8.104,-5.492,0.136,-0.137,-0.014,2652,0
630094,-0.591,8.116,-5.466,0.141,-0.140,-0.011,2654,0
630114,-0.575,8.023,-5.483,0.151,-0.153,-0.013,2657,0
630135,-0.548,7.925,-5.499,0.195,-0.166,-0.028,2660,0
630154,-0.555,7.865,-5.588,0.257,-0.171,-0.056,2661,0
630175,-0.558,7.860,-5.571,0.254,-0.167,-0.085,2662,0
630195,-0.546,7.709,-5.528,0.314,-0.176,-0.118,2662,0
630214,-0.529,7.618,-5.521,0.450,-0.186,-0.157,2665,0
630234,-0.587,7.614,-5.657,0.602,-0.194,-0.224,2665,0
630255,-0.737,7.709,-5.849,0.717,-0.205,-0.300,2667,0
630274,-0.807,7.597,-5.969,0.791,-0.227,-0.323,2665,0
630295,-0.939,7.345,-6.182,0.947,-0.270,-0.349,2668,0
630314,-0.934,6.972,-6.273,1.140,-0.282,-0.435,2667,0
630335,-1.001,7.003,-6.586,1.634,-0.256,-0.534,2667,0
630354,-1.269,6.958,-6.900,1.683,-0.257,-0.684,2667,0
630375,-1.549,7.046,-7.207,1.653,-0.233,-0.713,2669,0
630394,-1.791,6.977,-7.386,1.483,-0.300,-0.643,2671,0
630414,-2.071,6.723,-7.554,1.278,-0.414,-0.546,2672,0
630434,-2.037,6.732,-7.784,1.097,-0.467,-0.452,2677,0
630454,-2.035,6.519,-7.946,0.878,-0.438,-0.358,2682,0
630474,-2.181,6.431,-8.092,0.694,-0.339,-0.263,2685,0
630495,-2.284,6.124,-8.073,0.539,-0.257,-0.178,2687,0
630514,-2.219,5.770,-8.021,0.526,-0.216,-0.144,2687,0
630535,-2.167,5.485,-8.009,0.637,-0.180,-0.176,2685,0
630554,-2.097,5.454,-8.045,0.740,-0.116,-0.228,2686,0
630574,-2.215,5.413,-8.116,0.802,-0.071,-0.292,2682,0
630594,-2.229,5.294,-8.107,0.807,-0.055,-0.340,2684,0
630614,-2.100,4.374,-7.982,0.961,-0.044,-0.398,2685,0
630634,-1.894,3.701,-8.023,1.503,0.015,-0.616,2684,0
630655,-1.970,4.056,-8.452,2.008,0.052,-0.907,2682,0
630674,-2.315,4.489,-8.799,2.021,0.132,-0.972,2681,0
630694,-2.682,4.274,-9.000,1.739,0.098,-0.841,2680,0
630714,-2.945,3.740,-9.055,1.497,-0.058,-0.679,2681,0
630734,-2.928,3.608,-9.163,1.321,-0.211,-0.573,2679,0
630754,-2.851,3.553,-9.467,1.156,-0.234,-0.437,2679,0
630774,-2.902,3.567,-9.500,0.811,-0.161,-0.262,2678,0
630794,-3.093,3.361,-9.486,0.478,-0.155,-0.132,2682,0
630814,-3.014,2.880,-9.431,0.325,-0.185,-0.110,2681,0
630834,-2.931,2.523,-9.517,0.318,-0.168,-0.143,2683,0
630855,-2.880,2.744,-9.419,0.330,-0.095,-0.124,2681,0
630874,-2.947,2.952,-9.404,0.183,-0.067,-0.060,2682,0
630895,-2.974,2.902,-9.304,-0.033,-0.075,-0.001,2681,0
630914,-2.947,2.471,-9.261,-0.072,-0.095,-0.018,2682,0
630935,-2.959,2.523,-9.268,0.056,-0.071,-0.054,2684,0
630954,-2.945,2.631,-9.349,0.117,-0.024,-0.053,2684,0
630974,-2.950,2.868,-9.206,0.113,-0.008,-0.039,2684,0
630995,-2.931,2.911,-9.105,0.019,-0.031,-0.018,2684,0
631014,-2.935,2.689,-9.060,-0.012,-0.071,0.003,2684,0
631034,-2.873,2.526,-9.055,0.075,-0.066,0.018,2684,0
631055,-2.861,2.653,-9.052,0.167,-0.059,0.025,2685,0
631074,-2.957,2.823,-9.153,0.137,-0.081,0.027,2686,0
631094,-3.065,2.677,-9.258,0.075,-0.132,0.038,2684,0
631114,-2.995,2.617,-9.285,0.062,-0.137,0.071,2689,0
631134,-2.983,2.610,-9.301,0.019,-0.121,0.094,2691,0
631155,-2.976,2.301,-9.282,0.026,-0.089,0.064,2691,0
631174,-2.919,2.184,-9.256,0.144,-0.059,0.013,2693,0
631195,-2.976,2.200,-9.254,0.270,-0.061,-0.031,2695,0
631214,-2.976,2.435,-9.347,0.267,-0.056,-0.054,2696,0
631234,-3.062,2.418,-9.419,0.145,-0.046,-0.043,2698,0
631254,-3.096,2.308,-9.380,0.056,-0.063,-0.021,2698,0
631275,-3.029,2.167,-9.371,0.116,-0.069,-0.052,2698,0
631295,-2.983,2.267,-9.385,0.213,-0.039,-0.112,2697,0
631314,-3.041,2.476,-9.361,0.225,0.010,-0.130,2698,0
631334,-3.153,2.557,-9.371,0.145,0.013,-0.092,2697,0
631355,-3.266,2.495,-9.383,0.071,-0.046,-0.047,2698,0
631374,-3.127,2.354,-9.366,0.079,-0.074,-0.045,2697,0
631395,-2.990,2.363,-9.266,0.153,-0.017,-0.060,2698,0
631414,-3.000,2.461,-9.194,0.177,0.011,-0.056,2701,0
631434,-3.074,2.567,-9.232,0.091,-0.026,-0.035,2702,0
631455,-3.108,2.380,-9.232,0.000,-0.073,-0.012,2702,0
631475,-3.038,2.172,-9.210,0.042,-0.078,-0.007,2704,0
631494,-2.998,2.172,-9.299,0.126,-0.049,-0.014,2703,0
631515,-2.880,2.205,-9.244,0.144,-0.027,-0.024,2704,0
631534,-2.866,2.191,-9.172,0.100,-0.015,-0.040,2703,0
631554,-2.988,2.243,-9.117,0.054,-0.061,-0.048,2703,0
631574,-3.081,2.061,-9.210,0.075,-0.106,-0.038,2703,0
631594,-3.108,2.152,-9.340,0.139,-0.119,-0.029,2703,0
631614,-3.091,2.313,-9.366,0.100,-0.087,-0.015,2704,0
631634,-3.156,2.301,-9.328,0.014,-0.060,-0.003,2704,0
631654,-3.122,2.181,-9.268,-0.009,-0.067,0.002,2704,0
631675,-3.134,2.224,-9.309,0.008,-0.076,0.014,2704,0
631694,-3.163,2.184,-9.337,0.010,-0.067,0.023,2705,0
631714,-3.129,2.184,-9.294,0.024,-0.053,0.025,2706,0
631734,-3.163,2.265,-9.232,0.010,-0.033,0.031,2706,0
631754,-3.213,2.332,-9.187,-0.002,-0.046,0.037,2706,0
631774,-3.191,2.342,-9.167,-0.030,-0.074,0.053,2706,0
631794,-3.151,2.176,-9.172,-0.026,-0.098,0.063,2707,0
631815,-3.108,2.126,-9.230,0.046,-0.086,0.043,2707,0
631834,-3.120,2.318,-9.290,0.059,-0.056,0.018,2709,0
631854,-3.141,2.346,-9.275,0.009,-0.049,0.020,2707,0
631875,-3.134,2.310,-9.278,-0.038,-0.074,0.036,2707,0
631894,-3.065,2.234,-9.254,-0.030,-0.078,0.041,2708,0
631915,-3.115,2.191,-9.282,0.002,-0.063,0.036,2707,0
631934,-3.175,2.265,-9.275,0.039,-0.061,0.039,2709,0
631954,-3.199,2.255,-9.311,0.050,-0.075,0.034,2712,0
631974,-3.141,2.265,-9.397,0.043,-0.076,0.027,2714,0
631995,-3.136,2.279,-9.347,0.024,-0.026,0.033,2714,0
632014,-3.208,2.298,-9.225,0.009,-0.012,0.035,2715,0
632035,-3.194,2.205,-9.268,0.038,-0.055,0.020,2715,0
632054,-3.110,2.330,-9.282,0.070,-0.043,0.014,2715,0
632074,-3.165,2.351,-9.311,0.075,-0.003,0.019,2714,0
632094,-3.163,2.397,-9.199,0.043,0.002,0.032,2714,0
632115,-3.196,2.284,-9.234,0.024,-0.039,0.029,2714,0
632134,-3.139,2.274,-9.232,0.047,-0.061,0.016,2714,0
632154,-3.230,2.354,-9.301,0.073,-0.041,0.001,2715,0
632174,-3.266,2.456,-9.330,0.072,-0.019,0.010,2716,0
632195,-3.249,2.478,-9.280,0.022,-0.006,0.046,2715,0
632214,-3.235,2.224,-9.187,-0.032,-0.029,0.056,2714,0
632235,-3.124,2.176,-9.170,0.020,-0.050,0.019,2714,0
632254,-3.134,2.358,-9.225,0.042,-0.030,0.004,2716,0
632275,-3.187,2.327,-9.177,0.002,-0.030,0.025,2715,0
632295,-3.163,2.265,-9.129,-0.035,-0.062,0.042,2715,0
632315,-3.179,2.255,-9.146,-0.029,-0.084,0.017,2715,0
632334,-3.187,2.354,-9.222,0.024,-0.098,-0.010,2714,0
632354,-3.144,2.490,-9.335,0.023,-0.076,0.004,2713,0
632374,-3.160,2.500,-9.299,-0.008,-0.047,0.026,2714,0
632395,-3.225,2.550,-9.210,-0.016,-0.062,0.033,2714,0
632414,-3.311,2.562,-9.191,0.006,-0.088,0.036,2714,0
632434,-3.376,2.677,-9.263,0.053,-0.080,0.045,2714,0
632455,-3.373,2.725,-9.230,0.060,-0.033,0.067,2715,0
632475,-3.359,2.710,-9.060,0.061,-0.003,0.108,2712,0
632494,-3.285,2.605,-8.940,0.052,-0.046,0.144,2713,0
632515,-3.177,2.488,-8.885,0.076,-0.081,0.144,2710,0
632534,-3.215,2.466,-8.938,0.106,-0.106,0.116,2710,0
632554,-3.242,2.430,-9.062,0.105,-0.120,0.092,2712,0
632574,-3.261,2.356,-9.148,0.102,-0.112,0.079,2710,0
632595,-3.349,2.413,-9.187,0.112,-0.105,0.092,2710,0
632614,-3.235,2.444,-9.234,0.078,-0.104,0.110,2711,0
632634,-3.117,2.392,-9.222,0.045,-0.086,0.132,2711,0
632654,-3.084,2.172,-9.201,0.050,-0.092,0.132,2711,0
632674,-3.005,2.102,-9.287,0.092,-0.091,0.091,2710,0
632694,-2.969,2.109,-9.333,0.113,-0.051,0.039,2711,0
632714,-2.919,2.210,-9.328,0.109,-0.010,0.016,2710,0
632735,-2.899,2.150,-9.328,0.051,-0.009,0.021,2709,0
632755,-2.919,1.961,-9.361,0.018,-0.036,0.010,2710,0
632774,-2.899,1.939,-9.373,0.028,-0.030,-0.032,2709,0
632794,-3.002,2.009,-9.380,0.078,0.016,-0.085,2709,0
632814,-3.110,2.195,-9.383,0.109,0.038,-0.090,2709,0
632834,-3.225,2.160,-9.390,0.073,0.015,-0.073,2710,0
632854,-3.256,2.109,-9.385,0.055,-0.011,-0.084,2709,0
632874,-3.249,2.157,-9.325,0.079,0.017,-0.114,2709,0
632894,-3.326,2.308,-9.299,0.099,0.038,-0.124,2710,0
632915,-3.357,2.318,-9.275,0.080,0.014,-0.120,2709,0
632935,-3.357,2.404,-9.301,0.058,-0.003,-0.120,2710,0
632955,-3.393,2.490,-9.301,0.050,0.015,-0.132,2708,0
632975,-3.364,2.629,-9.352,0.044,0.038,-0.110,2708,0
632995,-3.359,2.504,-9.333,0.030,0.045,-0.053,2709,0
633014,-3.304,2.294,-9.337,0.048,0.016,-0.014,2708,0
633034,-3.227,2.124,-9.380,0.027,0.015,-0.023,2708,0
633054,-3.218,2.128,-9.299,0.017,0.034,-0.055,2708,0
633074,-3.273,2.167,-9.313,0.014,0.014,-0.066,2707,0
633095,-3.211,2.191,-9.364,0.001,0.017,-0.067,2708,0
633115,-3.153,2.248,-9.230,0.012,0.055,-0.094,2707,0
633134,-3.144,2.461,-9.076,0.042,0.080,-0.100,2707,0
633155,-3.124,2.571,-9.014,0.044,0.042,-0.053,2706,0
633174,-3.043,2.423,-9.062,0.006,0.000,-0.008,2707,0
633195,-2.983,2.310,-9.076,-0.013,0.002,-0.008,2706,0
633214,-2.895,2.282,-9.005,-0.023,0.025,-0.016,2707,0
633235,-2.842,2.284,-8.906,-0.025,0.021,-0.030,2706,0
633254,-2.787,2.291,-8.914,0.001,-0.015,-0.039,2706,0
633274,-2.746,2.306,-8.957,0.001,-0.038,-0.032,2706,0
633294,-2.804,2.188,-9.060,-0.012,-0.066,-0.033,2705,0
633315,-2.880,2.136,-9.206,0.009,-0.076,-0.047,2704,0
633334,-3.002,2.121,-9.309,0.030,-0.051,-0.062,2706,0
633354,-3.053,2.131,-9.297,0.019,-0.032,-0.070,2705,0
633374,-3.086,2.069,-9.263,0.007,-0.034,-0.075,2705,0
633395,-3.031,2.035,-9.282,0.017,-0.051,-0.087,2705,0
633414,-3.007,2.030,-9.342,0.014,-0.048,-0.104,2707,0
633435,-3.026,2.057,-9.342,0.030,-0.046,-0.132,2705,0
633454,-3.050,2.162,-9.443,0.047,-0.033,-0.146,2705,0
633474,-3.100,2.227,-9.438,0.042,-0.013,-0.132,2705,0
633495,-3.081,2.222,-9.345,0.008,-0.013,-0.113,2705,0
633515,-3.007,2.157,-9.239,-0.003,-0.016,-0.119,2704,0
633534,-3.019,2.174,-9.215,0.027,-0.014,-0.130,2705,0
633555,-3.031,2.248,-9.258,0.037,-0.019,-0.118,2705,0
633574,-3.105,2.198,-9.299,0.034,-0.029,-0.100,2705,0
633594,-3.189,2.186,-9.352,0.047,-0.042,-0.112,2705,0
633614,-3.340,2.200,-9.390,0.059,-0.037,-0.126,2706,0
633635,-3.414,2.303,-9.428,0.061,-0.029,-0.124,2707,0
633654,-3.462,2.409,-9.426,0.031,-0.013,-0.119,2706,0
633675,-3.503,2.507,-9.309,0.023,-0.014,-0.122,2705,0
633694,-3.534,2.701,-9.263,0.037,-0.015,-0.111,2704,0
633715,-3.563,2.787,-9.325,0.034,-0.018,-0.076,2705,0
633735,-3.500,2.832,-9.290,0.014,-0.016,-0.030,2704,0
633755,-3.452,2.794,-9.282,-0.007,-0.014,0.005,2705,0
633774,-3.385,2.787,-9.179,-0.004,-0.021,0.024,2705,0
633794,-3.314,2.787,-9.203,0.008,-0.034,0.056,2704,0
633814,-3.235,2.710,-9.179,-0.001,-0.037,0.096,2704,0
633834,-3.156,2.562,-9.139,0.002,-0.021,0.119,2704,0
633855,-3.050,2.535,-9.057,0.011,-0.018,0.129,2704,0
633874,-2.945,2.423,-9.036,-0.004,-0.036,0.143,2705,0
633894,-2.940,2.274,-9.045,-0.003,-0.070,0.151,2704,0
633914,-2.983,2.184,-9.086,0.017,-0.099,0.137,2704,0
633935,-3.069,2.188,-9.244,0.055,-0.095,0.115,2704,0
633954,-3.096,2.239,-9.347,0.056,-0.067,0.117,2704,0
633974,-3.060,2.160,-9.304,0.027,-0.053,0.119,2704,0
633994,-3.021,2.083,-9.218,0.031,-0.063,0.090,2704,0
634014,-3.108,2.160,-9.266,0.052,-0.087,0.058,2704,0
634035,-3.110,2.298,-9.323,0.049,-0.083,0.048,2704,0
634054,-3.112,2.344,-9.328,0.037,-0.051,0.050,2703,0
634074,-3.156,2.344,-9.278,0.038,-0.045,0.049,2703,0
634095,-3.141,2.401,-9.210,0.045,-0.064,0.048,2704,0
634114,-3.120,2.385,-9.270,0.048,-0.064,0.053,2704,0
634134,-3.108,2.361,-9.239,0.062,-0.035,0.059,2704,0
634154,-3.122,2.351,-9.189,0.061,-0.026,0.050,2704,0
634175,-3.196,2.418,-9.163,0.065,-0.060,0.023,2704,0
634194,-3.096,2.545,-9.194,0.068,-0.060,0.023,2703,0
634214,-3.045,2.533,-9.155,0.058,-0.040,0.047,2703,0
634234,-3.134,2.435,-9.155,0.064,-0.062,0.054,2704,0
634255,-3.156,2.423,-9.285,0.089,-0.085,0.053,2704,0
634274,-3.100,2.507,-9.337,0.083,-0.069,0.052,2703,0
634294,-3.136,2.478,-9.333,0.064,-0.057,0.051,2703,0
634315,-3.160,2.380,-9.359,0.054,-0.066,0.058,2704,0
634334,-3.244,2.361,-9.512,0.064,-0.074,0.054,2704,0
634354,-3.203,2.389,-9.483,0.055,-0.041,0.049,2703,0
634374,-3.206,2.313,-9.371,0.010,-0.005,0.054,2704,0
634394,-3.089,2.181,-9.177,-0.009,0.007,0.054,2703,0
634415,-2.981,2.128,-9.098,0.011,-0.020,0.033,2702,0
634434,-2.983,2.145,-9.163,0.031,-0.050,-0.001,2703,0
634455,-3.019,2.234,-9.232,0.033,-0.038,-0.021,2704,0
634475,-3.132,2.289,-9.263,0.003,-0.027,-0.011,2703,0
634494,-3.036,2.246,-9.143,-0.002,-0.046,-0.008,2703,0
634514,-2.976,2.260,-9.136,0.027,-0.063,-0.030,2703,0
634535,-3.021,2.342,-9.155,0.040,-0.076,-0.041,2702,0
634554,-3.065,2.342,-9.287,0.013,-0.090,-0.041,2702,0
634575,-3.117,2.260,-9.371,-0.028,-0.088,-0.043,2703,0
634594,-3.103,2.284,-9.364,-0.024,-0.082,-0.068,2703,0
634614,-3.129,2.421,-9.383,0.005,-0.059,-0.101,2702,0
634634,-3.153,2.540,-9.349,-0.004,-0.013,-0.097,2703,0
634654,-3.177,2.497,-9.239,-0.056,-0.003,-0.061,2702,0
634675,-3.120,2.409,-9.139,-0.081,-0.030,-0.052,2704,0
634695,-3.062,2.389,-9.115,-0.056,-0.031,-0.080,2701,0
634714,-3.103,2.519,-9.158,-0.010,-0.037,-0.086,2703,0
634734,-3.160,2.516,-9.261,-0.003,-0.034,-0.066,2702,0
634754,-3.170,2.466,-9.201,-0.019,-0.033,-0.052,2703,0
634775,-3.136,2.416,-9.179,-0.033,-0.020,-0.068,2707,0
634794,-3.134,2.337,-9.036,-0.014,-0.031,-0.094,2707,0
634815,-3.211,2.437,-9.201,0.040,-0.069,-0.092,2708,0
634834,-3.081,2.413,-9.165,0.038,-0.076,-0.087,2710,0
634855,-3.093,2.449,-9.091,0.008,-0.060,-0.105,2713,0
634875,-3.170,2.545,-9.112,0.007,-0.067,-0.132,2721,0
634894,-3.232,2.423,-9.110,-0.028,-0.143,-0.136,2724,0
634914,-3.273,2.210,-9.043,-0.008,-0.192,-0.159,2731,0
634935,-3.340,2.399,-9.184,0.091,-0.177,-0.189,2736,0
634954,-3.409,2.550,-9.242,0.061,-0.144,-0.170,2738,0
634974,-3.407,2.502,-9.088,-0.012,-0.117,-0.134,2744,0
634995,-3.498,2.377,-8.995,-0.014,-0.196,-0.146,2751,0
635014,-3.543,2.303,-8.918,-0.006,-0.284,-0.206,2758,0
635035,-3.575,2.272,-8.985,0.015,-0.309,-0.234,2767,0
635054,-3.603,2.382,-8.988,0.060,-0.252,-0.188,2775,0
635075,-3.656,2.509,-8.827,0.041,-0.252,-0.141,2778,0
635094,-3.713,2.440,-8.885,0.010,-0.304,-0.172,2782,0
635114,-3.666,2.593,-8.447,-0.051,-0.407,-0.223,2784,0
635134,-4.013,1.875,-8.765,-0.031,-0.534,-0.290,2796,0
635155,-4.149,2.078,-8.880,0.197,-0.474,-0.293,2806,0
635174,-4.240,2.935,-8.863,0.197,-0.438,-0.211,2815,0
635194,-4.245,2.799,-8.612,0.029,-0.442,-0.152,2821,0
635214,-4.209,2.851,-8.135,-0.172,-0.569,-0.169,2836,0
635234,-3.970,2.634,-7.611,-0.242,-0.829,-0.201,2874,0
635254,-4.164,2.126,-7.865,-0.094,-0.932,-0.273,2911,0
635274,-4.714,2.061,-8.681,0.157,-0.835,-0.309,2930,0
635295,-5.418,2.164,-8.899,0.230,-0.673,-0.233,2944,0
635314,-4.719,2.737,-7.604,0.194,-0.780,-0.126,2985,0
635335,-4.604,2.713,-7.338,0.419,-0.751,-0.015,3031,0
635355,-5.777,2.820,-8.547,0.456,-0.710,0.033,3067,0
635374,-5.574,2.612,-9.270,0.103,-0.691,-0.029,3086,0
635394,-4.982,2.033,-8.270,-0.078,-0.568,-0.028,3102,0
635414,-5.296,0.783,-8.600,-0.155,-0.548,-0.148,3119,2709
635434,-5.689,1.279,-8.243,0.142,-0.563,-0.279,3137,3753
635454,-5.887,2.593,-8.485,-0.005,-0.544,-0.230,3156,4046
635474,-6.038,2.162,-7.997,-0.176,-0.592,-0.027,3158,4095
635495,-5.684,2.172,-8.341,-0.060,-0.530,-0.041,3154,4095
635514,-6.019,2.279,-8.246,-0.017,-0.469,-0.039,3149,4095
635535,-5.382,2.306,-8.626,-0.080,-0.278,-0.030,3145,4095
635555,-6.060,2.356,-8.016,-0.161,-0.200,-0.010,3140,4095
635574,-5.962,2.234,-7.939,-0.211,-0.268,0.069,3136,4095
635595,-5.136,1.975,-8.262,-0.199,-0.134,-0.033,3134,4095
635614,-5.715,2.385,-7.949,-0.234,-0.032,-0.138,3132,4095
635635,-5.200,2.284,-7.807,-0.356,0.042,-0.151,3125,4095
635654,-5.344,2.789,-7.590,-0.493,-0.003,-0.179,3120,4095
635675,-5.583,3.117,-7.719,-0.685,-0.057,-0.156,3120,4095
635694,-4.609,2.981,-8.205,-0.991,0.066,-0.185,3118,4095
635714,-5.717,3.931,-7.652,-1.185,0.160,-0.128,3118,4095
635734,-5.169,4.475,-8.131,-1.714,0.220,0.005,3117,4095
635754,-5.373,4.609,-8.425,-2.555,0.427,0.157,3116,4095
635774,-6.874,4.930,-7.805,-3.097,0.327,0.449,3116,4095
635795,-5.792,6.524,-8.782,-4.149,0.266,0.738,3117,4095
635814,-5.701,8.430,-9.653,-5.460,0.657,1.193,3118,4095
635834,-7.472,9.991,-8.535,-7.234,0.980,1.976,3117,4095
635855,-8.092,11.542,-8.150,-8.731,0.620,2.920,3119,4095
635874,-8.243,9.117,-6.960,-8.731,-0.231,3.631,3121,4095
635894,-7.214,6.314,-4.393,-8.731,-1.180,3.283,3120,4095
635914,-5.839,7.685,-2.947,-8.731,-2.223,2.607,3120,4095
635935,-3.417,7.709,-3.203,-8.731,-2.397,2.227,3120,4095
635955,-1.305,3.785,-1.666,-8.731,-1.771,1.678,3119,4095
635974,-0.532,-0.594,2.995,-8.731,-1.115,1.005,3120,4095
635995,-0.134,-2.514,7.463,-7.073,-0.651,0.442,3122,4095
636014,-0.766,-0.141,9.400,-4.102,-0.207,-0.083,3120,4095
636035,-1.410,2.433,9.864,-3.087,-0.087,-0.259,3120,4095
636054,-1.520,1.147,10.563,-2.367,-0.153,-0.245,3120,4095
636075,-1.571,1.865,10.611,-1.005,-0.347,-0.160,3121,4095
636095,-1.611,3.292,9.680,-0.447,-0.371,-0.090,3117,4095
636115,-1.408,3.450,9.155,-0.579,-0.229,-0.163,3112,4095
636134,-1.245,2.746,9.369,-0.300,0.008,-0.157,3115,4095
636154,-1.726,3.610,9.728,0.042,-0.010,-0.079,3112,4095
636174,-1.860,3.850,9.764,-0.006,-0.349,0.071,3109,4095
636195,-1.006,3.050,9.060,-0.141,-0.509,0.146,3106,4095
636214,-0.436,2.073,8.631,0.074,-0.099,0.106,3105,4095
636234,-1.250,3.340,9.175,0.237,0.111,0.072,3104,4095
636254,-1.401,3.311,9.594,-0.034,-0.118,0.149,3102,4095
636275,-0.905,2.392,9.627,-0.065,-0.300,0.177,3102,4095
636294,-0.764,2.507,9.469,0.060,-0.286,0.233,3099,4095
636315,-0.706,2.485,9.242,-0.066,-0.196,0.252,3097,4095
636334,-0.766,2.191,9.400,-0.087,-0.122,0.237,3097,4095
636355,-0.833,2.284,9.515,-0.036,-0.156,0.240,3094,4095
636374,-0.915,2.351,9.507,-0.042,-0.238,0.272,3090,4095
636395,-0.656,2.365,9.385,-0.102,-0.323,0.313,3089,4095
636415,-0.294,2.155,9.141,-0.235,-0.234,0.346,3088,4095
636434,-0.749,2.078,9.290,-0.207,-0.099,0.355,3089,4095
636454,-0.582,1.822,9.752,-0.162,-0.069,0.298,3089,4095
636474,-1.551,2.588,10.025,-0.141,-0.289,0.325,3085,4095
636494,-0.979,2.152,10.436,-0.167,-0.702,0.454,3071,4095
636514,-0.864,1.695,10.149,-0.127,-1.037,0.446,3071,4095
636534,-0.613,1.525,9.823,0.129,-1.099,0.389,3066,3882
636554,0.184,2.243,9.706,0.199,-0.803,0.484,3058,3276
636574,0.261,1.592,9.720,0.106,-0.642,0.442,3014,144
636595,0.634,1.233,10.063,0.079,-0.684,0.261,2942,0
636614,-0.024,1.709,8.952,0.225,-0.843,0.089,2845,0
636634,0.879,1.891,7.894,0.616,-0.556,0.201,2719,0
636655,0.900,2.533,6.493,0.746,0.462,0.305,2597,0
636675,1.310,3.036,7.906,0.128,1.067,0.503,2500,0
636694,1.226,2.354,9.661,-0.808,1.141,0.257,2447,0
636715,0.369,0.915,10.824,-1.100,0.588,0.022,2403,0
636734,0.704,0.984,10.211,-0.953,0.457,-0.140,2370,0
636755,0.014,0.625,9.507,-0.368,0.543,-0.176,2351,0
636774,0.618,2.102,8.964,0.177,0.768,-0.320,2337,0
636795,-1.046,2.272,9.699,0.007,0.662,-0.319,2328,0
636814,-0.213,2.571,9.290,0.011,0.552,-0.217,2322,0
636834,-1.470,2.195,9.852,-0.139,0.433,-0.137,2322,0
636854,-0.474,1.822,9.448,0.109,0.354,0.021,2324,0
636874,-1.372,2.236,9.811,0.198,0.294,0.031,2327,0
636894,-1.171,2.397,9.574,0.183,0.107,0.050,2329,0
636914,-0.977,2.081,9.804,-0.012,-0.047,0.053,2330,0
636935,-0.713,1.614,9.996,-0.084,-0.090,0.057,2332,0
636955,-0.551,1.365,9.804,0.074,-0.027,0.045,2335,0
636974,-0.594,1.583,9.723,0.212,0.073,0.036,2338,0
636994,-0.687,1.683,9.431,0.285,0.113,0.020,2340,0
637015,-0.819,2.085,9.510,0.205,0.080,-0.018,2341,0
637035,-0.845,1.944,9.651,0.083,0.004,-0.023,2346,0
637055,-0.797,1.796,9.732,0.047,-0.008,-0.005,2348,0
637074,-0.769,1.731,9.833,0.094,0.030,0.015,2351,0
637095,-0.766,1.762,9.677,0.185,0.084,0.030,2352,0
637114,-0.900,2.107,9.596,0.199,0.076,0.007,2352,0
637134,-0.931,2.148,9.706,0.088,-0.017,-0.008,2352,0
637154,-0.821,1.937,9.780,0.007,-0.083,0.007,2354,0
637175,-0.745,1.808,9.785,0.038,-0.054,0.016,2357,0
637195,-0.759,1.903,9.653,0.116,-0.001,0.001,2358,0
637215,-0.804,2.042,9.606,0.147,0.016,-0.015,2360,0
637235,-0.869,2.049,9.543,0.143,0.012,-0.011,2362,0
637255,-0.917,2.025,9.682,0.170,-0.016,0.002,2362,0
637274,-0.917,2.081,9.646,0.189,0.002,0.022,2365,0
637295,-0.974,2.234,9.570,0.175,0.004,0.030,2366,0
637314,-0.927,2.164,9.493,0.104,-0.016,0.035,2367,0
637335,-0.869,2.066,9.491,0.091,-0.011,0.032,2367,0
637355,-0.936,2.073,9.579,0.113,-0.007,0.011,2367,0
637374,-0.778,2.059,9.689,0.094,-0.041,0.020,2370,0
637395,-0.584,2.049,9.316,0.157,-0.059,0.045,2371,0
637415,-1.554,2.181,9.560,0.065,-0.048,0.034,2371,0
637434,-0.328,2.286,9.246,0.143,-0.025,0.066,2371,0
637454,-1.413,1.968,9.713,0.111,-0.018,0.033,2372,0
637474,-0.333,2.444,9.220,0.144,-0.007,0.013,2374,0
637494,-1.386,2.167,9.711,0.028,-0.046,0.022,2375,0
637514,-0.369,2.478,9.287,0.014,-0.048,0.035,2378,0
637534,-1.312,2.035,9.783,-0.013,-0.084,0.059,2377,0
637555,-0.259,2.263,9.383,0.068,-0.082,0.077,2378,0
637574,-1.281,1.908,9.749,0.068,-0.076,0.058,2380,0
637595,-0.266,2.294,9.304,0.120,-0.066,0.021,2380,0
637614,-1.271,2.023,9.704,0.055,-0.112,0.017,2381,0
637635,-0.230,2.387,9.218,0.107,-0.114,0.049,2383,0
637654,-1.228,2.025,9.687,0.086,-0.129,0.044,2384,0
637674,-0.189,2.377,9.148,0.126,-0.091,0.042,2383,0
637694,-1.226,1.978,9.629,0.056,-0.081,0.034,2384,0
637715,-0.074,2.145,9.249,0.115,-0.053,0.038,2384,0
637734,-1.355,2.109,9.723,0.062,-0.052,-0.013,2384,0
637754,-0.163,2.330,9.234,0.122,-0.069,0.027,2385,0
637774,-1.451,2.313,9.665,-0.002,-0.087,-0.011,2384,0
637794,-0.105,2.203,9.254,0.075,-0.084,0.042,2385,0
637815,-1.338,2.169,9.682,0.059,-0.033,-0.017,2386,0
637834,-0.180,2.239,9.246,0.175,-0.015,0.018,2387,0
637855,-1.453,2.538,9.641,0.021,-0.018,-0.035,2387,0
637875,-0.649,2.380,9.273,0.041,-0.059,0.022,2388,0
637894,-0.725,2.205,9.653,-0.021,-0.091,0.025,2389,0
637915,-0.697,2.179,9.364,0.073,-0.059,0.007,2391,0
637934,-0.742,2.272,9.416,0.078,-0.025,-0.007,2390,0
637954,-0.800,2.428,9.495,0.047,-0.036,-0.009,2389,0
637974,-0.778,2.413,9.495,0.016,-0.059,0.013,2391,0
637994,-0.747,2.270,9.474,0.043,-0.035,0.012,2392,0
638015,-0.800,2.385,9.469,0.079,-0.022,-0.009,2392,0
638034,-0.836,2.665,9.459,-0.000,-0.065,0.016,2390,0
638055,-0.761,2.535,9.507,-0.112,-0.116,0.059,2392,0
638075,-0.675,2.174,9.625,-0.102,-0.104,0.066,2393,0
638094,-0.646,2.071,9.572,0.036,-0.062,0.043,2393,0
638115,-0.699,2.306,9.529,0.115,-0.040,0.030,2394,0
638134,-0.687,2.365,9.495,0.053,-0.043,0.034,2396,0
638154,-0.661,2.157,9.495,0.006,-0.058,0.028,2396,0
638175,-0.680,2.114,9.591,0.045,-0.069,0.017,2395,0
638195,-0.725,2.234,9.479,0.078,-0.081,0.009,2394,0
638214,-0.723,2.433,9.424,0.042,-0.079,0.004,2395,0
638235,-0.713,2.373,9.474,-0.027,-0.078,0.009,2396,0
638254,-0.718,2.186,9.565,-0.002,-0.062,0.019,2396,0
638274,-0.682,2.234,9.546,0.060,-0.060,0.011,2396,0
638294,-0.678,2.428,9.495,0.033,-0.078,0.011,2397,0
638314,-0.579,2.404,9.462,-0.067,-0.101,0.033,2398,0
638334,-0.510,2.160,9.550,-0.091,-0.083,0.062,2398,0
638355,-0.611,2.186,9.730,-0.031,-0.052,0.078,2398,0
638374,-0.613,2.385,9.831,-0.042,-0.100,0.087,2398,0
638394,-0.448,2.349,9.785,-0.133,-0.162,0.115,2399,0
638414,-0.362,2.040,9.898,-0.163,-0.166,0.136,2400,0
638434,-0.326,1.870,9.991,-0.081,-0.139,0.131,2401,0
638455,-0.364,2.002,9.957,-0.035,-0.125,0.117,2401,0
638475,-0.397,2.105,9.905,-0.074,-0.145,0.106,2401,0
638494,-0.400,2.047,9.869,-0.128,-0.190,0.097,2402,0
638515,-0.359,1.920,9.826,-0.135,-0.221,0.098,2402,0
638534,-0.299,1.853,9.713,-0.085,-0.229,0.092,2402,0
638555,-0.283,1.865,9.582,-0.005,-0.214,0.079,2404,0
638574,-0.318,2.023,9.440,0.007,-0.185,0.050,2405,0
638595,-0.333,2.097,9.388,-0.071,-0.189,0.035,2406,0
638614,-0.237,2.002,9.366,-0.090,-0.204,0.048,2406,0
638635,-0.160,1.822,9.366,-0.042,-0.180,0.047,2407,0
638654,-0.175,1.774,9.371,0.044,-0.119,0.037,2406,0
638675,-0.235,1.961,9.333,0.090,-0.099,0.023,2407,0
638694,-0.232,2.116,9.266,0.041,-0.114,0.023,2407,0
638715,-0.177,1.987,9.349,-0.036,-0.120,0.024,2408,0
638734,-0.122,1.765,9.414,-0.006,-0.106,0.017,2407,0
638754,-0.093,1.705,9.436,0.098,-0.075,0.009,2408,0
638774,-0.156,1.942,9.328,0.145,-0.045,0.002,2405,0
638794,-0.225,2.116,9.330,0.081,-0.047,0.004,2408,0
638814,-0.204,2.028,9.421,0.003,-0.071,-0.001,2406,0
638835,-0.105,1.779,9.474,0.019,-0.067,-0.005,2407,0
638854,-0.067,1.784,9.553,0.097,-0.014,-0.003,2409,0
638875,-0.124,1.923,9.538,0.132,0.012,-0.010,2407,0
638895,-0.165,2.131,9.507,0.077,-0.015,-0.013,2407,0
638914,-0.113,2.102,9.550,-0.030,-0.058,-0.001,2408,0
638934,-0.026,1.784,9.670,-0.035,-0.054,0.015,2408,0
638955,-0.031,1.645,9.785,0.084,0.000,0.002,2408,0
638975,-0.103,1.891,9.716,0.151,0.007,-0.017,2409,0
638995,-0.153,2.128,9.625,0.079,-0.028,-0.009,2407,0
639014,-0.134,2.045,9.603,-0.016,-0.064,0.001,2407,0
639034,-0.050,1.875,9.697,-0.025,-0.067,-0.007,2409,0
639054,-0.048,1.822,9.723,0.036,-0.037,-0.001,2408,0
639075,-0.067,1.913,9.663,0.075,-0.033,0.001,2408,0
639094,-0.069,1.999,9.586,0.065,-0.048,-0.002,2409,0
639115,-0.036,2.030,9.459,0.034,-0.060,-0.007,2410,0
639134,-0.050,2.018,9.495,0.022,-0.051,-0.003,2409,0
639154,-0.084,1.937,9.615,0.037,-0.027,0.006,2410,0
639174,-0.096,1.920,9.598,0.059,-0.032,0.002,2409,0
639195,-0.103,1.999,9.541,0.071,-0.037,-0.001,2410,0
639214,-0.067,1.970,9.462,0.082,-0.027,-0.002,2410,0
639234,-0.072,1.980,9.476,0.093,-0.007,-0.004,2410,0
639254,-0.122,2.073,9.546,0.091,0.014,0.003,2411,0
639275,-0.132,2.119,9.517,0.085,0.016,0.018,2409,0
639294,-0.134,2.169,9.515,0.055,-0.005,0.025,2410,0
639314,-0.067,2.014,9.570,0.014,-0.028,0.028,2410,0
639334,-0.045,1.860,9.644,0.034,-0.006,0.026,2410,0
