725255,-2.861,3.124,-9.155,0.041,-0.047,0.009,2593,0
725274,-2.942,2.976,-9.108,0.013,-0.060,-0.006,2593,0
725295,-2.966,2.933,-9.148,0.040,-0.070,-0.010,2595,0
725314,-2.969,3.036,-9.249,0.079,-0.059,-0.015,2594,0
725334,-2.950,3.189,-9.278,0.061,-0.026,-0.019,2594,0
725355,-2.976,3.182,-9.165,0.017,-0.019,-0.014,2596,0
725374,-2.926,3.115,-9.117,-0.007,-0.025,-0.011,2596,0
725395,-2.892,3.077,-9.050,0.008,-0.011,-0.003,2594,0
725415,-2.859,3.108,-8.981,0.041,-0.002,0.005,2595,0
725434,-2.938,3.160,-8.978,0.044,-0.011,-0.009,2594,0
725455,-2.950,3.211,-8.945,0.008,-0.044,-0.017,2596,0
725474,-2.935,3.074,-8.976,-0.000,-0.064,-0.013,2596,0
725495,-2.904,3.129,-8.978,0.034,-0.058,-0.002,2597,0
725514,-2.863,3.187,-9.019,0.052,-0.031,0.005,2597,0
725534,-2.895,3.134,-9.002,0.036,-0.037,-0.001,2596,0
725554,-2.880,3.124,-9.038,0.025,-0.063,-0.014,2597,0
725575,-2.897,3.129,-9.086,0.017,-0.070,-0.018,2597,0
725594,-2.954,3.117,-9.136,0.013,-0.066,-0.013,2598,0
725615,-2.969,3.100,-9.136,0.020,-0.054,0.001,2598,0
725634,-2.952,3.036,-9.072,0.034,-0.028,0.004,2601,0
725655,-3.021,3.077,-9.036,0.051,-0.021,-0.011,2601,0
725674,-3.002,3.144,-8.990,0.035,-0.050,-0.019,2601,0
725694,-2.971,3.160,-9.026,0.011,-0.062,-0.004,2602,0
725715,-2.926,3.151,-9.029,0.009,-0.054,0.005,2602,0
725734,-2.909,3.132,-8.964,0.016,-0.042,-0.006,2603,0
725754,-2.952,3.151,-8.966,0.040,-0.045,-0.019,2603,0
725775,-2.933,3.218,-8.971,0.056,-0.058,-0.005,2603,0
725794,-2.935,3.191,-9.069,0.047,-0.055,0.012,2604,0
725814,-2.983,3.153,-9.069,0.042,-0.041,0.013,2603,0
725834,-3.024,3.103,-9.069,0.049,-0.045,0.013,2604,0
725855,-3.017,3.091,-9.105,0.046,-0.062,0.002,2604,0
725875,-2.957,3.100,-9.096,0.036,-0.053,-0.005,2604,0
725894,-2.971,3.124,-9.060,0.027,-0.023,-0.002,2606,0
725915,-2.993,3.144,-8.988,0.025,-0.037,-0.003,2604,0
725934,-2.926,3.158,-8.990,0.030,-0.064,-0.005,2605,0
725955,-2.940,3.170,-9.029,0.034,-0.068,-0.010,2606,0
725974,-2.957,3.189,-9.074,0.043,-0.054,-0.001,2607,0
725995,-3.024,3.182,-9.060,0.036,-0.039,0.013,2606,0
726015,-3.089,3.105,-9.060,0.042,-0.057,0.006,2606,0
726034,-3.053,3.115,-9.165,0.063,-0.058,0.003,2607,0
726054,-2.995,3.179,-9.158,0.058,-0.031,0.003,2607,0
726074,-2.954,3.211,-9.060,0.010,-0.010,-0.001,2607,0
726094,-2.995,3.218,-8.950,-0.024,-0.044,-0.012,2607,0
726115,-2.978,3.182,-8.981,-0.034,-0.082,-0.003,2607,0
726134,-2.931,3.148,-9.045,-0.007,-0.065,0.005,2607,0
726154,-2.942,3.182,-9.050,0.008,-0.033,-0.009,2607,0
726174,-3.055,3.208,-9.005,-0.003,-0.043,-0.018,2608,0
726195,-3.079,3.256,-8.997,0.018,-0.055,0.001,2608,0
726214,-3.017,3.268,-8.985,0.040,-0.029,0.020,2608,0
726234,-3.014,3.220,-8.897,0.039,-0.019,0.017,2608,0
726254,-3.017,3.225,-8.904,0.027,-0.047,0.014,2607,0
726274,-3.055,3.165,-8.995,0.022,-0.084,0.003,2608,0
726295,-3.002,3.218,-9.012,0.028,-0.065,0.001,2608,0
726314,-2.988,3.249,-8.997,0.025,-0.030,0.003,2603,0
726334,-3.043,3.196,-8.947,0.034,-0.041,0.002,2608,0
726355,-2.971,3.251,-8.926,0.050,-0.049,0.014,2607,0
726375,-2.957,3.208,-8.935,0.053,-0.038,0.019,2607,0
726394,-3.043,3.170,-8.993,0.056,-0.061,0.014,2608,0
726415,-3.014,3.187,-9.074,0.062,-0.081,0.015,2608,0
726435,-2.978,3.132,-9.141,0.056,-0.053,0.017,2608,0
726454,-2.986,3.110,-9.031,0.056,-0.017,0.011,2608,0
726474,-3.033,3.141,-8.966,0.053,-0.031,0.001,2608,0
726494,-3.010,3.232,-8.954,0.052,-0.066,-0.007,2608,0
726515,-2.986,3.225,-9.060,0.056,-0.060,-0.004,2607,0
726534,-2.986,3.242,-9.033,0.071,-0.029,0.003,2609,0
726555,-3.048,3.256,-8.993,0.058,-0.023,0.001,2609,0
726574,-3.048,3.261,-8.928,0.029,-0.043,-0.012,2609,0
726595,-3.048,3.213,-8.993,0.017,-0.069,-0.016,2610,0
726614,-3.021,3.223,-9.002,0.025,-0.055,-0.012,2609,0
726635,-3.069,3.203,-9.031,0.031,-0.041,-0.013,2608,0
726654,-3.069,3.244,-9.017,0.035,-0.043,-0.013,2609,0
726674,-3.012,3.292,-9.050,0.030,-0.041,-0.011,2610,0
726694,-3.007,3.335,-9.012,0.021,-0.057,-0.015,2610,0
726715,-3.036,3.285,-9.014,0.008,-0.067,-0.011,2609,0
726734,-3.098,3.225,-9.012,0.034,-0.067,0.005,2610,0
726754,-3.060,3.146,-9.088,0.048,-0.041,0.013,2612,0
726774,-3.072,3.115,-9.031,0.036,-0.018,0.004,2610,0
726794,-3.108,3.105,-8.938,0.027,-0.025,-0.003,2611,0
726814,-3.141,3.074,-8.916,0.042,-0.049,-0.003,2612,0
726835,-3.091,3.065,-8.950,0.073,-0.038,0.011,2613,0
726854,-3.053,3.050,-8.978,0.080,-0.011,0.006,2612,0
726874,-3.021,3.091,-8.849,0.068,-0.013,-0.011,2613,0
726894,-3.086,3.151,-8.849,0.063,-0.047,-0.014,2614,0
726915,-3.081,3.179,-8.911,0.062,-0.078,-0.015,2612,0
726934,-3.072,3.211,-9.000,0.052,-0.070,-0.012,2612,0
726955,-3.077,3.184,-8.983,0.059,-0.055,-0.007,2612,0
726974,-3.072,3.179,-9.050,0.069,-0.058,-0.011,2612,0
726994,-3.057,3.211,-9.081,0.058,-0.058,-0.014,2612,0
727014,-3.079,3.199,-9.060,0.039,-0.058,-0.016,2613,0
727035,-3.089,3.168,-9.012,0.042,-0.052,-0.010,2613,0
727054,-3.096,3.211,-9.048,0.061,-0.062,-0.011,2613,0
727074,-3.079,3.242,-9.091,0.060,-0.066,-0.014,2614,0
727095,-3.060,3.225,-9.120,0.045,-0.050,-0.013,2612,0
727114,-3.127,3.211,-9.064,0.042,-0.035,-0.013,2613,0
727134,-3.105,3.208,-9.000,0.049,-0.024,-0.001,2614,0
727155,-3.127,3.191,-8.964,0.048,-0.025,-0.001,2613,0
727174,-3.103,3.191,-8.923,0.044,-0.038,-0.004,2614,0
727195,-3.110,3.199,-8.940,0.041,-0.042,-0.001,2613,0
727214,-3.096,3.201,-8.969,0.040,-0.041,0.006,2614,0
727234,-3.079,3.165,-8.964,0.044,-0.047,0.010,2617,0
727255,-3.074,3.160,-9.041,0.052,-0.057,-0.000,2617,0
727275,-3.086,3.199,-9.048,0.052,-0.051,-0.004,2617,0
727295,-3.079,3.218,-9.069,0.042,-0.030,0.007,2618,0
727315,-3.074,3.139,-9.005,0.044,-0.023,0.019,2619,0
727334,-3.074,3.091,-8.993,0.043,-0.029,0.011,2618,0
727355,-3.081,3.091,-8.945,0.044,-0.027,0.001,2619,0
727375,-3.127,3.132,-8.933,0.048,-0.030,0.001,2619,0
727394,-3.156,3.136,-8.945,0.033,-0.054,-0.006,2619,0
727414,-3.129,3.077,-9.024,0.032,-0.055,-0.004,2621,0
727434,-3.096,3.079,-8.981,0.049,-0.025,-0.001,2621,0
727455,-3.144,3.129,-8.961,0.054,-0.037,-0.014,2622,0
727474,-3.112,3.203,-8.981,0.038,-0.062,-0.020,2620,0
727494,-3.089,3.168,-9.096,0.029,-0.055,-0.011,2624,0
727514,-3.098,3.172,-8.990,0.035,-0.034,-0.009,2623,0
727535,-3.124,3.191,-8.969,0.052,-0.036,-0.008,2624,0
727554,-3.132,3.225,-8.969,0.062,-0.052,0.004,2625,0
727574,-3.100,3.191,-8.985,0.065,-0.048,0.013,2624,0
727594,-3.129,3.148,-9.007,0.056,-0.043,0.012,2625,0
727614,-3.134,3.158,-8.981,0.053,-0.041,0.008,2624,0
727634,-3.153,3.199,-9.014,0.042,-0.043,-0.000,2624,0
727655,-3.134,3.247,-8.950,0.037,-0.041,-0.000,2627,0
727674,-3.132,3.165,-8.935,0.032,-0.036,0.012,2626,0
727695,-3.170,3.146,-8.950,0.040,-0.041,0.012,2625,0
727715,-3.184,3.153,-8.971,0.047,-0.049,0.010,2626,0
727734,-3.139,3.201,-8.940,0.039,-0.039,0.015,2625,0
727754,-3.151,3.105,-8.938,0.037,-0.039,0.017,2627,0
727774,-3.100,3.065,-8.961,0.042,-0.048,0.008,2625,0
727794,-3.117,3.108,-9.005,0.035,-0.056,0.008,2627,0
727814,-3.062,3.081,-9.050,0.027,-0.062,-0.000,2629,0
727834,-3.089,3.067,-9.024,0.034,-0.048,-0.002,2631,0
727855,-3.100,3.089,-9.064,0.043,-0.042,-0.006,2630,0
727874,-3.124,3.096,-9.105,0.043,-0.046,-0.005,2632,0
727894,-3.134,3.048,-9.148,0.041,-0.030,-0.005,2632,0
727914,-3.151,3.079,-9.098,0.045,-0.013,-0.005,2631,0
727934,-3.199,3.124,-9.048,0.055,-0.007,-0.004,2631,0
727955,-3.201,3.129,-8.978,0.056,0.001,-0.005,2630,0
727974,-3.194,3.148,-8.916,0.048,-0.011,-0.009,2631,0
727994,-3.177,3.156,-8.880,0.041,-0.022,-0.010,2631,0
728015,-3.158,3.191,-8.818,0.036,-0.025,-0.003,2630,0
728034,-3.165,3.242,-8.832,0.046,-0.038,-0.010,2629,0
728055,-3.139,3.359,-8.887,0.045,-0.050,-0.014,2630,0
728074,-3.146,3.402,-8.885,0.023,-0.061,-0.002,2632,0
728095,-3.182,3.326,-8.897,0.017,-0.077,0.012,2631,0
728114,-3.199,3.287,-8.995,0.052,-0.071,0.027,2632,0
728134,-3.160,3.268,-9.057,0.059,-0.047,0.041,2631,0
728154,-3.122,3.182,-8.995,0.047,-0.042,0.034,2631,0
728174,-3.084,3.129,-8.966,0.029,-0.052,0.026,2631,0
728194,-3.117,3.079,-9.002,0.041,-0.060,0.029,2632,0
728215,-3.117,3.072,-9.093,0.038,-0.072,0.022,2631,0
728234,-3.077,3.050,-9.084,0.011,-0.052,0.006,2633,0
728255,-3.062,3.024,-8.995,0.011,-0.024,0.006,2634,0
728275,-3.129,3.050,-8.928,0.033,-0.034,0.004,2634,0
728294,-3.120,3.093,-8.978,0.049,-0.047,0.000,2635,0
728314,-3.117,3.146,-8.945,0.051,-0.035,0.007,2635,0
728335,-3.177,3.021,-8.923,0.060,-0.030,0.010,2635,0
728354,-3.179,3.012,-8.961,0.059,-0.048,0.002,2636,0
728375,-3.139,3.021,-8.990,0.054,-0.043,-0.005,2635,0
728394,-3.089,3.043,-9.000,0.056,-0.028,-0.017,2635,0
728414,-3.110,3.108,-8.938,0.052,-0.029,-0.025,2635,0
728435,-3.151,3.153,-8.959,0.042,-0.043,-0.028,2635,0
728455,-3.194,3.179,-8.988,0.045,-0.039,-0.015,2637,0
728475,-3.251,3.156,-9.055,0.062,-0.041,-0.017,2637,0
728494,-3.273,3.184,-9.088,0.067,-0.032,-0.007,2636,0
728514,-3.282,3.199,-9.055,0.065,-0.010,0.001,2639,0
728534,-3.304,3.203,-8.988,0.065,-0.001,0.009,2637,0
728554,-3.290,3.124,-8.935,0.054,-0.020,0.007,2636,0
728575,-3.239,3.213,-8.933,0.061,-0.021,0.003,2637,0
728594,-3.189,3.263,-8.918,0.060,-0.002,0.008,2636,0
728615,-3.139,3.225,-8.873,0.034,0.001,0.013,2637,0
728635,-3.067,3.014,-8.866,0.008,-0.025,0.011,2636,0
728655,-2.950,2.919,-8.849,0.013,-0.023,-0.003,2636,0
728674,-3.021,2.904,-8.820,0.033,-0.035,-0.021,2635,0
728694,-3.134,2.966,-8.856,0.062,-0.076,-0.012,2637,0
728714,-3.122,2.971,-8.961,0.075,-0.077,-0.005,2637,0
728734,-3.146,2.940,-8.959,0.074,-0.057,-0.021,2635,0
728754,-3.261,2.974,-8.973,0.064,-0.084,-0.038,2635,0
728774,-3.328,3.096,-9.086,0.044,-0.132,-0.050,2636,0
728795,-3.314,3.263,-9.187,0.040,-0.106,-0.046,2636,0
728814,-3.369,3.345,-9.139,0.050,-0.055,-0.028,2635,0
728834,-3.419,3.409,-9.052,0.043,-0.046,-0.011,2636,0
728854,-3.421,3.450,-8.983,0.041,-0.055,-0.009,2635,0
728875,-3.395,3.522,-8.969,0.046,-0.041,0.010,2634,0
728894,-3.421,3.515,-8.859,0.043,-0.039,0.039,2636,0
728914,-3.402,3.428,-8.782,0.063,-0.043,0.067,2636,0
728934,-3.352,3.361,-8.830,0.094,-0.054,0.073,2635,0
728955,-3.275,3.412,-8.856,0.076,-0.054,0.074,2635,0
728974,-3.187,3.314,-8.839,0.045,-0.047,0.089,2636,0
728995,-3.117,3.239,-8.792,0.060,-0.036,0.105,2635,0
729014,-3.069,3.179,-8.847,0.083,-0.050,0.098,2634,0
729034,-3.005,3.182,-8.875,0.090,-0.054,0.103,2633,0
729054,-3.010,3.098,-8.930,0.076,-0.046,0.105,2635,0
729075,-3.041,3.002,-8.959,0.086,-0.050,0.095,2634,0
729094,-3.038,2.880,-8.969,0.098,-0.041,0.093,2633,0
729114,-3.041,2.715,-8.990,0.104,-0.023,0.085,2634,0
729134,-3.060,2.555,-9.019,0.108,-0.021,0.051,2635,0
729154,-3.096,2.598,-9.014,0.095,-0.026,0.019,2634,0
729174,-3.139,2.658,-8.990,0.089,-0.031,-0.015,2634,0
729195,-3.132,2.725,-8.959,0.102,-0.041,-0.038,2632,0
729214,-3.096,2.732,-8.983,0.118,-0.040,-0.046,2632,0
729235,-3.067,2.720,-9.055,0.116,-0.042,-0.054,2636,0
729254,-2.988,2.741,-9.072,0.092,-0.034,-0.079,2634,0
729274,-2.959,2.813,-9.064,0.074,-0.041,-0.105,2634,0
729294,-2.976,2.914,-9.069,0.105,-0.052,-0.099,2635,0
729315,-2.959,2.897,-9.155,0.112,-0.043,-0.081,2634,0
729334,-2.971,2.734,-9.163,0.108,-0.019,-0.088,2634,0
729354,-3.069,2.729,-9.153,0.111,-0.023,-0.103,2634,0
729374,-3.237,2.823,-9.258,0.114,-0.049,-0.108,2634,0
729395,-3.306,2.854,-9.390,0.108,-0.040,-0.102,2634,0
729414,-3.388,2.863,-9.349,0.112,0.006,-0.100,2635,0
729434,-3.414,2.928,-9.187,0.107,0.033,-0.092,2633,0
729454,-3.469,3.065,-9.072,0.086,0.001,-0.088,2632,0
729475,-3.479,3.182,-9.084,0.074,-0.028,-0.077,2634,0
729495,-3.417,3.230,-9.041,0.069,-0.010,-0.058,2635,0
729514,-3.390,3.239,-8.923,0.072,-0.004,-0.038,2634,0
729534,-3.352,3.357,-8.897,0.102,-0.024,-0.001,2634,0
729555,-3.318,3.424,-8.945,0.093,-0.038,0.022,2635,0
729575,-3.261,3.333,-8.933,0.069,-0.021,0.046,2634,0
729595,-3.199,3.139,-8.861,0.063,-0.011,0.073,2633,0
729615,-3.132,2.974,-8.827,0.063,-0.025,0.087,2632,0
729634,-2.964,2.811,-8.825,0.014,-0.047,0.085,2633,0
729654,-2.837,2.629,-8.854,-0.031,-0.052,0.058,2634,0
729674,-2.789,2.490,-8.830,-0.034,-0.062,0.033,2633,0
729695,-2.856,2.356,-8.906,0.012,-0.115,0.028,2631,0
729714,-2.947,2.310,-9.210,0.062,-0.159,0.018,2634,0
729734,-3.045,2.339,-9.483,0.083,-0.136,0.001,2634,0
729755,-3.179,2.370,-9.598,0.068,-0.083,-0.026,2634,0
729774,-3.318,2.425,-9.548,0.055,-0.057,-0.040,2634,0
729794,-3.369,2.435,-9.455,0.048,-0.037,-0.048,2635,0
729814,-3.385,2.471,-9.455,0.070,-0.025,-0.062,2635,0
729834,-3.393,2.674,-9.467,0.074,-0.015,-0.083,2633,0
729854,-3.431,2.832,-9.400,0.031,-0.003,-0.092,2633,0
729874,-3.402,2.899,-9.273,-0.011,0.023,-0.079,2635,0
729895,-3.443,2.971,-9.122,-0.008,0.020,-0.081,2633,0
729914,-3.443,3.170,-9.115,0.027,0.005,-0.072,2633,0
729934,-3.448,3.304,-9.074,0.029,0.019,-0.030,2632,0
729954,-3.462,3.201,-9.036,0.026,0.025,0.006,2633,0
729974,-3.424,3.098,-8.988,0.029,0.014,0.013,2632,0
729994,-3.414,3.086,-8.964,0.027,0.020,0.017,2633,0
730015,-3.409,3.146,-8.837,0.027,0.047,0.042,2632,0
730034,-3.433,3.206,-8.722,0.025,0.038,0.058,2633,0
730054,-3.366,3.158,-8.657,0.038,0.007,0.067,2631,0
730074,-3.225,3.115,-8.662,0.050,-0.009,0.088,2634,0
730094,-3.072,2.974,-8.667,0.027,-0.019,0.095,2633,0
730114,-2.993,2.761,-8.724,0.026,-0.042,0.091,2631,0
730135,-2.847,2.753,-8.782,0.032,-0.051,0.072,2632,0
730154,-2.837,2.756,-8.856,0.017,-0.063,0.050,2632,0
730174,-2.828,2.674,-8.897,0.009,-0.085,0.047,2633,0
730195,-2.868,2.526,-9.026,0.033,-0.098,0.042,2631,0
730215,-2.868,2.435,-9.215,0.056,-0.086,0.036,2632,0
730234,-2.907,2.380,-9.282,0.067,-0.066,0.014,2633,0
730254,-3.000,2.354,-9.388,0.058,-0.070,-0.023,2631,0
730274,-3.021,2.421,-9.376,0.043,-0.067,-0.054,2632,0
730294,-3.050,2.433,-9.364,0.057,-0.032,-0.060,2634,0
730314,-3.069,2.476,-9.337,0.070,-0.004,-0.069,2633,0
730334,-3.110,2.574,-9.313,0.072,-0.007,-0.094,2632,0
730354,-3.112,2.672,-9.254,0.055,-0.021,-0.102,2630,0
730374,-3.141,2.689,-9.285,0.040,-0.009,-0.099,2629,0
730394,-3.227,2.629,-9.273,0.042,0.002,-0.105,2630,0
730415,-3.304,2.720,-9.220,0.053,0.013,-0.102,2630,0
730434,-3.302,2.847,-9.143,0.049,0.009,-0.100,2631,0
730454,-3.323,2.931,-9.064,0.027,0.006,-0.098,2630,0
730475,-3.393,3.012,-8.997,0.025,-0.010,-0.094,2630,0
730494,-3.467,3.100,-9.043,0.046,-0.015,-0.067,2630,0
730515,-3.452,3.127,-9.012,0.051,0.002,-0.025,2630,0
730534,-3.476,3.050,-8.942,0.031,-0.004,-0.013,2630,0
730554,-3.457,3.072,-8.938,0.021,-0.033,-0.013,2631,0
730574,-3.438,3.089,-8.945,0.008,-0.049,-0.002,2629,0
730594,-3.424,3.136,-8.902,-0.009,-0.053,0.018,2629,0
730615,-3.407,3.098,-8.892,0.004,-0.071,0.038,2630,0
730635,-3.357,3.093,-8.981,0.010,-0.092,0.047,2631,0
730654,-3.242,3.026,-9.050,-0.022,-0.094,0.050,2630,0
730674,-3.127,2.933,-9.048,-0.043,-0.077,0.053,2629,0
730695,-3.079,2.866,-8.983,-0.039,-0.074,0.055,2630,0
730714,-3.084,2.780,-8.988,-0.018,-0.088,0.059,2631,0
730734,-3.089,2.777,-9.079,0.002,-0.111,0.052,2629,0
730754,-3.096,2.796,-9.167,0.014,-0.097,0.046,2630,0
730775,-3.160,2.796,-9.139,0.004,-0.083,0.048,2629,0
730794,-3.237,2.737,-9.127,0.003,-0.076,0.043,2629,0
730814,-3.314,2.761,-9.120,0.030,-0.083,0.037,2631,0
730835,-3.388,2.875,-9.163,0.031,-0.087,0.023,2630,0
730855,-3.421,2.964,-9.179,0.002,-0.084,0.015,2630,0
730874,-3.335,2.969,-9.084,-0.005,-0.048,0.030,2630,0
730895,-3.326,3.053,-8.930,0.011,-0.034,0.030,2630,0
730914,-3.316,3.211,-8.861,0.022,-0.060,0.030,2631,0
730935,-3.304,3.335,-8.875,0.030,-0.085,0.056,2631,0
730954,-3.302,3.326,-9.017,0.045,-0.083,0.082,2628,0
730974,-3.294,3.259,-9.048,0.057,-0.056,0.103,2630,0
730995,-3.259,3.108,-9.033,0.035,-0.030,0.110,2631,0
731014,-3.213,3.045,-8.940,0.017,-0.031,0.099,2628,0
731035,-3.132,3.065,-8.856,0.035,-0.031,0.100,2630,0
731054,-3.057,3.007,-8.916,0.035,-0.033,0.108,2628,0
731075,-2.931,2.780,-8.892,0.014,-0.011,0.099,2628,0
731094,-2.899,2.614,-8.854,0.032,-0.018,0.074,2628,0
731114,-2.851,2.595,-8.885,0.070,-0.023,0.066,2629,0
731135,-2.897,2.574,-8.875,0.099,-0.025,0.071,2628,0
731155,-2.907,2.535,-8.921,0.120,-0.049,0.048,2628,0
731174,-2.962,2.562,-9.029,0.140,-0.063,0.026,2629,0
731195,-3.077,2.569,-9.143,0.147,-0.068,0.020,2627,0
731214,-3.103,2.588,-9.160,0.149,-0.056,0.007,2629,0
731234,-3.134,2.612,-9.249,0.137,-0.047,-0.016,2627,0
731254,-3.199,2.662,-9.278,0.109,-0.051,-0.046,2629,0
731275,-3.297,2.674,-9.342,0.080,-0.046,-0.068,2629,0
731294,-3.357,2.808,-9.373,0.070,-0.030,-0.078,2628,0
731314,-3.426,2.907,-9.328,0.053,-0.007,-0.078,2628,0
731335,-3.452,2.983,-9.232,0.048,0.010,-0.080,2629,0
731354,-3.417,3.041,-9.093,0.031,0.012,-0.070,2629,0
731374,-3.342,3.007,-8.976,0.010,-0.009,-0.064,2628,0
731394,-3.311,2.945,-8.947,0.003,-0.025,-0.063,2628,0
731414,-3.328,2.938,-9.052,0.012,-0.037,-0.054,2628,0
731434,-3.302,3.033,-9.029,0.012,-0.022,-0.060,2628,0
731454,-3.347,3.074,-8.997,0.001,-0.020,-0.064,2630,0
731475,-3.254,3.021,-9.009,-0.026,-0.030,-0.047,2627,0
731494,-3.132,2.878,-8.988,-0.019,-0.018,-0.030,2628,0
731515,-3.117,2.856,-8.954,0.027,-0.013,-0.031,2628,0
731535,-3.199,2.971,-8.997,0.037,-0.027,-0.039,2629,0
731554,-3.266,2.990,-9.045,0.047,-0.047,-0.030,2627,0
731574,-3.208,3.005,-9.129,0.051,-0.025,-0.010,2630,0
731594,-3.175,2.875,-9.064,0.027,0.015,-0.006,2629,0
731615,-3.196,2.739,-8.933,0.032,-0.000,-0.007,2629,0
731635,-3.098,2.758,-8.990,0.065,-0.032,-0.019,2629,0
731654,-3.057,2.818,-9.048,0.060,-0.019,-0.036,2630,0
731674,-3.115,2.861,-9.052,0.014,-0.022,-0.054,2629,0
731694,-3.184,2.804,-9.050,-0.023,-0.039,-0.058,2629,0
731714,-3.196,2.720,-9.120,-0.010,-0.050,-0.066,2628,0
731735,-3.156,2.725,-9.091,0.043,-0.035,-0.076,2629,0
731755,-3.151,2.871,-9.189,0.050,-0.021,-0.078,2628,0
731775,-3.139,2.873,-9.100,-0.002,-0.016,-0.077,2629,0
731794,-3.211,2.751,-9.115,-0.014,-0.026,-0.092,2629,0
731815,-3.213,2.823,-9.146,0.019,-0.038,-0.109,2630,0
731834,-3.230,2.933,-9.210,0.015,-0.028,-0.109,2635,0
731855,-3.208,2.923,-9.146,-0.012,-0.010,-0.106,2634,0
731874,-3.187,2.859,-9.062,-0.002,0.002,-0.099,2634,0
731894,-3.227,2.921,-9.045,0.011,-0.006,-0.086,2635,0
731914,-3.220,2.974,-9.093,-0.008,-0.009,-0.077,2637,0
731934,-3.189,2.885,-9.000,-0.006,-0.001,-0.084,2637,0
731955,-3.189,2.777,-8.971,0.016,0.002,-0.093,2637,0
731975,-3.220,2.914,-8.923,0.044,-0.010,-0.098,2638,0
731994,-3.259,2.971,-8.938,0.053,-0.014,-0.108,2639,0
732015,-3.376,2.919,-9.007,0.067,-0.066,-0.123,2641,0
732034,-3.328,2.880,-8.964,0.124,-0.108,-0.150,2655,0
732055,-3.306,2.923,-9.096,0.114,-0.121,-0.164,2657,0
732074,-3.345,2.895,-9.096,0.124,-0.058,-0.139,2662,0
732095,-3.409,3.086,-8.871,0.155,-0.061,-0.159,2666,0
732114,-3.378,2.717,-8.938,0.136,-0.133,-0.212,2673,0
732135,-3.426,2.564,-8.849,0.238,-0.238,-0.296,2687,0
732155,-3.431,2.521,-9.050,0.366,-0.246,-0.349,2704,0
732174,-3.606,2.844,-9.000,0.337,-0.274,-0.287,2719,0
732194,-3.522,2.940,-8.705,0.250,-0.342,-0.256,2738,0
732214,-3.359,2.626,-8.373,0.165,-0.484,-0.411,2757,0
732234,-3.306,1.966,-7.927,0.074,-0.777,-0.651,2798,0
732254,-3.512,2.069,-7.932,-0.047,-0.874,-0.504,2859,0
732275,-4.611,2.480,-8.871,0.183,-0.890,-0.155,2881,0
732294,-5.016,3.730,-9.143,0.296,-0.813,-0.133,2914,0
732314,-5.059,3.637,-8.794,-0.146,-0.759,-0.178,2973,0
732335,-5.152,2.600,-8.782,-0.738,-0.957,-0.294,3050,0
732355,-5.152,1.020,-8.011,-0.750,-1.139,-0.381,3104,0
732374,-5.239,2.128,-7.779,-0.357,-1.364,-0.310,3138,0
732395,-5.693,2.239,-9.325,-0.748,-1.467,-0.364,3159,3119
732414,-4.266,2.421,-8.878,-1.142,-1.128,-0.739,3166,3761
732434,-4.606,0.989,-8.961,-1.102,-0.506,-0.884,3166,4000
732454,-5.911,2.456,-7.915,-0.474,-0.044,-0.736,3155,4095
732475,-6.812,3.421,-6.941,-0.486,-0.374,-0.382,3146,4095
732494,-5.131,2.909,-7.611,-0.568,-0.557,-0.253,3136,4095
732515,-5.725,2.988,-7.740,-0.471,-0.386,-0.214,3124,4095
732534,-5.461,3.072,-7.834,-0.470,-0.071,-0.241,3120,4095
732555,-6.701,3.440,-7.671,-0.493,-0.025,-0.155,3118,4095
732575,-6.373,3.661,-7.444,-0.630,-0.196,-0.037,3113,4095
732595,-5.930,4.168,-7.930,-0.842,-0.353,0.082,3109,4095
732614,-6.261,4.791,-7.884,-1.213,-0.265,0.179,3102,4095
732635,-5.820,5.887,-8.464,-1.832,-0.173,0.388,3099,4095
732654,-6.483,5.904,-8.449,-2.558,0.022,0.652,3098,4095
732674,-5.957,6.728,-8.701,-3.437,0.183,0.787,3096,4095
732695,-8.399,8.619,-7.269,-4.249,-0.101,1.369,3093,4095
732714,-7.705,9.689,-7.491,-5.385,-0.712,2.147,3093,4095
732734,-7.400,10.657,-8.169,-6.699,-1.009,2.792,3092,4095
732755,-6.924,10.130,-8.210,-8.353,-1.099,3.257,3091,4095
732775,-7.166,8.459,-6.414,-8.731,-1.313,3.397,3090,4095
732795,-6.766,7.410,-3.888,-8.731,-1.989,3.350,3089,4095
732815,-5.236,9.546,-3.457,-8.731,-2.678,3.335,3088,4095
732834,-3.333,8.018,-3.984,-8.731,-2.742,3.523,3088,4095
732854,-1.283,3.627,-2.538,-8.731,-1.976,3.249,3088,4095
732874,-1.528,1.504,1.128,-8.731,-1.381,2.861,3091,4095
732894,-0.347,-3.685,5.337,-8.602,-1.184,2.465,3092,4095
732915,1.271,-5.066,7.918,-4.876,-0.342,1.438,3093,4095
732934,0.512,-0.912,8.648,-2.293,0.639,0.867,3090,4095
732954,-1.211,2.102,9.730,-1.906,0.775,0.700,3088,4095
732974,-1.154,0.711,10.187,-2.020,0.304,0.786,3088,4095
732995,-0.254,-0.828,9.821,-1.189,0.110,0.609,3087,4095
733015,-0.472,0.843,9.462,-0.744,0.270,0.428,3086,4095
733034,-0.874,1.006,9.965,-0.827,0.372,0.352,3083,4095
733054,-0.900,0.632,10.367,-0.724,0.282,0.280,3082,4095
733074,-0.589,0.038,10.221,-0.205,0.201,0.246,3080,4095
733094,-1.044,1.288,10.206,0.037,0.039,0.223,3073,4095
733114,-0.874,1.231,9.977,-0.311,-0.254,0.190,3070,4095
733135,-0.247,0.089,9.519,-0.333,-0.236,0.054,3069,4095
733155,-0.261,0.165,9.431,0.030,-0.010,-0.039,3066,4095
733174,-0.895,1.061,9.876,0.237,0.030,-0.037,3064,4095
733194,-1.183,1.532,10.075,0.050,-0.217,0.044,3064,4095
733215,-0.792,1.006,9.828,-0.045,-0.374,0.052,3061,4095
733235,-0.385,0.934,9.440,-0.050,-0.289,0.062,3059,4095
733254,-0.491,0.781,9.634,-0.094,-0.161,0.079,3056,4095
733274,-0.426,0.484,9.694,-0.096,-0.077,0.062,3056,4095
733294,-0.517,0.429,9.957,0.041,-0.081,0.042,3055,4095
733315,-0.754,0.795,10.101,0.103,-0.251,0.077,3053,4095
733335,-0.625,0.965,9.943,-0.048,-0.493,0.086,3052,4095
733354,-0.292,0.517,9.740,-0.183,-0.571,0.089,3046,4095
733374,0.019,0.103,9.807,-0.062,-0.499,0.073,3041,4095
733394,-0.266,0.141,9.912,0.193,-0.434,-0.023,3032,4095
733414,-0.522,0.905,9.996,0.262,-0.560,-0.001,3023,4095
733434,-0.419,0.974,10.384,0.308,-0.873,0.091,3005,4095
733454,0.124,1.032,9.929,0.147,-1.054,0.073,2976,4095
733475,0.903,0.230,9.510,0.102,-1.015,0.050,2944,4047
733494,1.353,0.278,9.455,-0.023,-0.706,-0.093,2903,3747
733515,0.515,0.122,9.500,0.070,-0.579,-0.146,2869,2649
733534,1.468,0.754,9.309,0.264,-0.500,-0.154,2820,0
733554,1.437,-0.012,8.844,0.225,-0.135,-0.288,2747,0
733574,1.264,0.773,8.284,0.343,0.411,-0.434,2644,0
733595,0.093,1.013,7.266,0.657,0.981,-0.399,2531,0
733615,0.965,2.231,7.520,0.557,1.471,-0.107,2481,0
733634,0.476,2.121,9.491,-0.392,1.871,0.175,2467,0
733654,1.188,0.163,11.794,-1.165,1.369,0.231,2440,0
733674,-0.103,-1.894,10.693,-0.659,0.750,-0.223,2410,0
733695,0.196,0.417,10.113,0.456,0.900,-0.433,2390,0
733715,-1.721,1.712,9.397,0.551,1.137,-0.481,2379,0
733734,-0.970,2.528,9.503,0.189,1.042,-0.351,2366,0
733754,-2.224,1.815,10.240,-0.227,0.694,-0.248,2360,0
733775,-1.164,1.516,9.816,-0.054,0.416,-0.078,2358,0
733795,-1.987,1.535,9.996,0.025,0.263,-0.030,2356,0
733815,-1.183,1.298,9.843,0.129,0.039,0.063,2358,0
733835,-2.059,1.156,10.168,-0.029,-0.109,0.037,2359,0
733854,-1.070,0.836,9.768,0.082,-0.157,0.059,2364,0
733874,-1.123,0.615,9.914,0.070,-0.080,0.013,2365,0
733894,-1.204,0.840,9.646,0.210,0.042,-0.024,2366,0
733914,-1.276,1.176,9.555,0.203,0.081,-0.021,2368,0
733934,-1.326,1.247,9.668,0.072,0.027,0.012,2371,0
733954,-1.247,0.958,9.828,0.026,-0.003,0.031,2373,0
733974,-1.216,0.848,9.766,0.168,0.013,0.025,2375,0
733994,-1.259,0.989,9.653,0.270,0.059,0.015,2376,0
734015,-1.451,1.267,9.728,0.243,0.051,0.008,2379,0
734034,-1.484,1.355,9.809,0.122,-0.023,0.024,2382,0
734055,-1.448,1.199,9.756,0.058,-0.061,0.051,2384,0
734074,-1.437,1.075,9.744,0.127,-0.064,0.068,2384,0
734095,-1.460,1.135,9.740,0.212,-0.071,0.092,2384,0
734115,-1.413,1.154,9.677,0.253,-0.041,0.097,2388,0
734135,-1.422,1.243,9.574,0.221,-0.007,0.065,2389,0
734154,-1.453,1.271,9.618,0.171,-0.020,0.059,2390,0
734174,-1.427,1.240,9.613,0.153,-0.031,0.092,2392,0
734194,-1.437,1.250,9.668,0.139,-0.019,0.140,2396,0
734215,-1.422,1.281,9.646,0.126,-0.010,0.143,2397,0
734235,-1.324,1.257,9.627,0.082,-0.021,0.118,2399,0
734254,-1.267,1.188,9.653,0.076,-0.025,0.087,2399,0
734274,-1.264,1.123,9.783,0.106,-0.030,0.055,2400,0
734295,-1.185,1.144,9.732,0.145,-0.029,0.047,2401,0
734315,-1.264,1.367,9.677,0.149,-0.035,0.047,2403,0
734335,-1.290,1.446,9.589,0.088,-0.051,0.070,2403,0
734354,-1.307,1.379,9.653,0.031,-0.077,0.065,2403,0
734374,-0.917,1.245,9.510,0.076,-0.063,0.063,2403,0
734394,-0.670,1.267,9.378,0.133,-0.053,0.083,2405,0
734414,-1.808,1.379,9.694,0.057,-0.012,0.088,2404,0
734435,-0.883,1.621,9.297,0.086,0.008,0.076,2405,0
734454,-1.520,1.166,9.697,0.090,-0.039,0.065,2407,0
734474,-1.269,1.501,9.469,0.046,-0.030,-0.024,2408,0
734494,-1.219,1.314,9.594,0.069,-0.065,0.028,2410,0
734515,-1.657,1.559,9.713,-0.007,-0.043,-0.011,2411,0
734534,-0.905,1.415,9.476,0.139,-0.080,0.060,2411,0
734554,-1.901,1.487,9.730,0.044,-0.066,0.002,2412,0
734575,-0.749,1.453,9.306,0.115,-0.067,0.044,2413,0
734594,-1.954,1.283,9.816,0.017,-0.050,-0.007,2412,0
734614,-0.737,1.417,9.352,0.134,-0.044,0.008,2414,0
734635,-1.980,1.259,9.809,0.088,-0.058,-0.018,2414,0
734654,-0.836,1.638,9.203,0.126,-0.052,-0.014,2415,0
734674,-1.872,1.362,9.661,0.045,-0.078,-0.002,2415,0
734694,-0.824,1.669,9.167,0.085,-0.045,-0.009,2416,0
734715,-1.697,1.295,9.591,0.101,-0.034,0.025,2416,0
734734,-0.950,1.731,9.268,0.113,0.033,0.001,2417,0
734755,-1.544,1.396,9.618,0.090,0.019,0.028,2416,0
734774,-1.087,1.791,9.426,0.010,0.052,-0.027,2419,0
734795,-1.437,1.324,9.756,0.007,0.007,0.030,2417,0
734815,-1.164,1.626,9.665,0.007,0.007,-0.018,2417,0
734834,-1.283,1.336,9.708,0.087,-0.030,0.042,2418,0
734854,-1.288,1.750,9.656,0.045,0.028,-0.022,2418,0
734875,-1.164,1.559,9.538,0.113,0.015,-0.009,2421,0
734894,-1.381,1.681,9.692,0.034,-0.037,-0.022,2421,0
734914,-1.350,1.650,9.649,0.052,-0.034,0.006,2422,0
734934,-1.310,1.630,9.610,0.094,-0.017,0.022,2423,0
734955,-1.355,1.671,9.572,0.099,-0.023,0.009,2422,0
734974,-1.389,1.700,9.522,0.034,-0.048,-0.003,2423,0
734994,-1.386,1.573,9.543,-0.015,-0.069,0.001,2423,0
735014,-1.348,1.489,9.598,0.018,-0.068,0.010,2424,0
735034,-1.350,1.480,9.505,0.106,-0.037,0.017,2425,0
735054,-1.384,1.642,9.416,0.107,-0.015,0.010,2426,0
735074,-1.362,1.664,9.486,0.023,-0.026,-0.008,2426,0
735094,-1.329,1.539,9.538,-0.007,-0.041,-0.003,2426,0
735115,-1.293,1.468,9.613,0.043,-0.015,0.014,2427,0
735135,-1.286,1.523,9.567,0.081,0.001,0.011,2427,0
735155,-1.358,1.642,9.598,0.061,0.001,0.006,2428,0
735174,-1.444,1.638,9.651,0.025,-0.029,0.004,2427,0
