4452863,5.485,7.386,3.405,0.044,-0.025,-0.002,2405,0
4452883,5.461,7.290,3.551,0.021,-0.017,-0.010,2407,0
4452903,5.428,7.233,3.625,0.034,-0.027,-0.021,2406,0
4452923,5.413,7.333,3.594,0.056,-0.040,-0.023,2407,0
4452943,5.449,7.439,3.443,0.055,-0.048,-0.017,2407,0
4452963,5.478,7.456,3.381,0.028,-0.033,-0.019,2406,0
4452983,5.420,7.434,3.488,0.027,-0.019,-0.019,2408,0
4453003,5.418,7.381,3.529,0.048,-0.028,-0.008,2405,0
4453023,5.442,7.408,3.455,0.065,-0.037,0.005,2407,0
4453043,5.488,7.400,3.409,0.059,-0.038,0.004,2406,0
4453063,5.495,7.379,3.414,0.038,-0.028,-0.001,2407,0
4453083,5.444,7.333,3.450,0.033,-0.017,-0.007,2407,0
4453103,5.437,7.331,3.491,0.052,-0.017,-0.006,2407,0
4453123,5.454,7.367,3.488,0.058,-0.017,-0.005,2406,0
4453143,5.454,7.379,3.527,0.046,-0.013,-0.001,2407,0
4453163,5.413,7.389,3.613,0.041,-0.013,0.001,2406,0
4453183,5.392,7.384,3.610,0.045,-0.022,0.000,2408,0
4453203,5.428,7.389,3.596,0.042,-0.029,-0.003,2409,0
4453223,5.401,7.374,3.534,0.043,-0.027,-0.003,2409,0
4453243,5.413,7.434,3.575,0.046,-0.023,-0.000,2409,0
4453263,5.344,7.391,3.613,0.030,-0.025,-0.005,2410,0
4453283,5.377,7.353,3.601,0.029,-0.043,-0.005,2409,0
4453303,5.425,7.343,3.565,0.044,-0.050,0.003,2409,0
4453323,5.483,7.345,3.467,0.047,-0.047,-0.002,2410,0
4453343,5.440,7.295,3.493,0.033,-0.038,-0.012,2407,0
4453363,5.418,7.302,3.529,0.036,-0.041,-0.013,2409,0
4453383,5.423,7.374,3.496,0.047,-0.041,-0.009,2409,0
4453403,5.435,7.398,3.402,0.050,-0.039,-0.007,2409,0
4453423,5.404,7.463,3.402,0.039,-0.025,-0.003,2409,0
4453443,5.437,7.391,3.433,0.028,-0.021,0.000,2408,0
4453463,5.454,7.309,3.464,0.034,-0.021,-0.005,2410,0
4453483,5.452,7.321,3.467,0.051,-0.020,-0.006,2410,0
4453503,5.442,7.389,3.457,0.050,-0.016,-0.007,2409,0
4453523,5.418,7.331,3.505,0.040,-0.011,-0.009,2410,0
4453543,5.385,7.317,3.567,0.048,-0.017,-0.001,2410,0
4453563,5.394,7.360,3.615,0.055,-0.021,0.003,2410,0
4453583,5.370,7.372,3.644,0.054,-0.029,0.001,2410,0
4453603,5.370,7.389,3.663,0.058,-0.039,0.002,2410,0
4453623,5.416,7.338,3.543,0.059,-0.051,0.001,2408,0
4453643,5.480,7.326,3.486,0.053,-0.047,-0.006,2410,0
4453664,5.428,7.281,3.541,0.122,-0.037,-0.014,2411,0
4453683,5.325,7.537,3.505,0.143,-0.035,-0.002,2410,0
4453703,5.341,7.549,3.397,0.059,-0.056,0.005,2410,0
4453723,5.459,7.384,3.405,-0.001,-0.059,-0.011,2411,0
4453744,5.456,7.345,3.407,0.027,-0.029,-0.013,2410,0
4453763,5.442,7.391,3.421,0.054,-0.022,0.001,2411,0
4453783,5.432,7.353,3.491,0.044,-0.023,0.003,2410,0
4453803,5.404,7.288,3.536,0.034,-0.030,-0.011,2411,0
4453823,5.425,7.321,3.488,0.042,-0.044,-0.007,2411,0
4453844,5.461,7.326,3.409,0.049,-0.036,-0.007,2411,0
4453863,5.425,7.374,3.428,0.066,-0.027,-0.006,2411,0
4453883,5.423,7.503,3.395,0.072,-0.018,0.000,2411,0
4453903,5.413,7.515,3.407,0.040,-0.009,-0.002,2412,0
4453923,5.425,7.403,3.527,0.026,-0.007,0.001,2410,0
4453943,5.444,7.353,3.567,0.042,-0.014,0.001,2411,0
4453964,5.432,7.381,3.548,0.050,-0.030,-0.002,2412,0
4453983,5.420,7.427,3.546,0.049,-0.035,-0.001,2412,0
4454003,5.389,7.453,3.505,0.050,-0.034,0.001,2412,0
4454023,5.368,7.448,3.529,0.043,-0.034,0.010,2412,0
4454043,5.399,7.353,3.529,0.032,-0.039,0.007,2413,0
4454063,5.435,7.271,3.505,0.036,-0.041,-0.003,2411,0
4454083,5.428,7.309,3.484,0.049,-0.044,-0.006,2412,0
4454103,5.399,7.360,3.479,0.047,-0.040,-0.007,2413,0
4454123,5.385,7.369,3.457,0.048,-0.036,-0.003,2413,0
4454144,5.389,7.379,3.464,0.059,-0.040,-0.002,2413,0
4454163,5.437,7.393,3.376,0.051,-0.031,0.000,2414,0
4454183,5.454,7.379,3.397,0.035,-0.018,-0.006,2412,0
4454204,5.428,7.372,3.440,0.022,-0.003,-0.014,2412,0
4454223,5.442,7.374,3.548,0.022,-0.011,-0.014,2413,0
4454243,5.502,7.398,3.608,0.031,-0.021,-0.010,2412,0
4454263,5.480,7.417,3.534,0.041,-0.028,-0.011,2413,0
4454283,5.447,7.537,3.508,0.048,-0.032,0.001,2411,0
4454303,5.447,7.549,3.498,0.033,-0.029,0.011,2412,0
4454323,5.449,7.444,3.563,0.025,-0.029,0.015,2412,0
4454343,5.430,7.408,3.563,0.030,-0.031,0.014,2412,0
4454364,5.449,7.362,3.474,0.034,-0.035,0.021,2412,0
4454383,5.416,7.353,3.433,0.044,-0.031,0.025,2411,0
4454403,5.401,7.415,3.409,0.036,-0.034,0.034,2411,0
4454423,5.428,7.379,3.412,0.026,-0.027,0.030,2413,0
4454443,5.442,7.295,3.412,0.028,-0.022,0.021,2411,0
4454463,5.444,7.307,3.397,0.048,-0.018,0.020,2413,0
4454484,5.478,7.300,3.412,0.042,-0.013,0.008,2413,0
4454503,5.444,7.295,3.510,0.030,-0.005,-0.002,2413,0
4454523,5.425,7.319,3.577,0.040,-0.009,-0.003,2413,0
4454544,5.454,7.341,3.567,0.046,-0.018,0.007,2411,0
4454563,5.473,7.326,3.519,0.047,-0.019,0.010,2414,0
4454583,5.483,7.367,3.524,0.049,-0.016,0.010,2413,0
4454603,5.461,7.324,3.539,0.044,-0.015,0.006,2413,0
4454623,5.452,7.400,3.517,0.044,-0.019,0.002,2413,0
4454643,5.454,7.458,3.474,0.043,-0.014,0.007,2413,0
4454663,5.432,7.472,3.517,0.039,-0.004,0.019,2413,0
4454683,5.444,7.379,3.596,0.031,-0.001,0.024,2415,0
4454703,5.454,7.262,3.666,0.035,-0.009,0.019,2412,0
4454723,5.452,7.257,3.627,0.037,-0.022,0.014,2412,0
4454743,5.447,7.312,3.610,0.041,-0.024,0.013,2412,0
4454764,5.399,7.391,3.577,0.041,-0.025,0.012,2413,0
4454783,5.373,7.372,3.668,0.032,-0.027,0.016,2412,0
4454803,5.406,7.276,3.706,0.035,-0.038,0.018,2411,0
4454823,5.468,7.238,3.570,0.041,-0.044,0.015,2412,0
4454843,5.483,7.226,3.505,0.036,-0.039,0.004,2412,0
4454863,5.461,7.290,3.519,0.033,-0.032,-0.002,2412,0
4454884,5.416,7.333,3.548,0.026,-0.030,-0.001,2413,0
4454903,5.425,7.319,3.603,0.033,-0.037,0.003,2411,0
4454923,5.490,7.307,3.563,0.042,-0.044,0.005,2413,0
4454943,5.521,7.266,3.546,0.043,-0.040,0.005,2411,0
4454963,5.502,7.240,3.610,0.038,-0.037,-0.003,2412,0
4454983,5.425,7.302,3.582,0.040,-0.041,-0.007,2412,0
4455003,5.409,7.353,3.541,0.037,-0.041,0.003,2412,0
4455023,5.461,7.336,3.491,0.027,-0.034,0.010,2412,0
4455043,5.480,7.262,3.548,0.032,-0.025,0.006,2411,0
4455063,5.476,7.283,3.646,0.041,-0.036,-0.002,2412,0
4455083,5.480,7.324,3.637,0.042,-0.053,-0.006,2411,0
4455103,5.488,7.353,3.551,0.043,-0.053,0.002,2411,0
4455123,5.459,7.369,3.479,0.044,-0.040,0.013,2412,0
4455143,5.466,7.348,3.486,0.037,-0.029,0.016,2412,0
4455164,5.435,7.238,3.558,0.025,-0.029,0.009,2412,0
4455184,5.447,7.190,3.618,0.036,-0.043,0.003,2411,0
4455203,5.521,7.202,3.510,0.051,-0.045,-0.004,2412,0
4455223,5.519,7.295,3.488,0.043,-0.034,-0.013,2413,0
4455244,5.444,7.326,3.510,0.031,-0.025,-0.013,2412,0
4455264,5.416,7.326,3.567,0.033,-0.028,-0.002,2412,0
4455284,5.444,7.324,3.579,0.046,-0.035,0.008,2413,0
4455303,5.511,7.238,3.541,0.040,-0.039,0.006,2413,0
4455323,5.509,7.238,3.524,0.044,-0.036,-0.003,2413,0
4455343,5.495,7.274,3.543,0.049,-0.032,-0.007,2413,0
4455363,5.488,7.312,3.527,0.045,-0.026,-0.008,2412,0
4455383,5.480,7.331,3.560,0.044,-0.025,-0.004,2412,0
4455404,5.471,7.295,3.558,0.042,-0.025,0.001,2412,0
4455423,5.492,7.235,3.603,0.038,-0.028,-0.007,2411,0
4455443,5.478,7.238,3.620,0.038,-0.031,-0.016,2414,0
4455464,5.437,7.314,3.634,0.051,-0.038,-0.011,2411,0
4455483,5.466,7.367,3.579,0.055,-0.038,-0.002,2412,0
4455503,5.459,7.348,3.570,0.044,-0.031,0.000,2411,0
4455523,5.466,7.281,3.603,0.028,-0.036,-0.004,2414,0
4455543,5.483,7.230,3.646,0.037,-0.039,-0.008,2413,0
4455563,5.468,7.271,3.615,0.049,-0.046,-0.010,2411,0
4455584,5.488,7.283,3.546,0.056,-0.049,-0.006,2413,0
4455603,5.507,7.278,3.481,0.043,-0.043,-0.007,2413,0
4455623,5.468,7.278,3.524,0.040,-0.035,-0.010,2413,0
4455643,5.471,7.293,3.505,0.049,-0.034,-0.012,2412,0
4455663,5.497,7.305,3.476,0.048,-0.030,-0.009,2413,0
4455683,5.523,7.274,3.476,0.040,-0.020,-0.010,2414,0
4455703,5.507,7.250,3.508,0.034,-0.010,-0.015,2413,0
4455723,5.449,7.219,3.608,0.030,-0.012,-0.022,2413,0
4455743,5.406,7.321,3.685,0.051,-0.029,-0.021,2413,0
4455764,5.466,7.422,3.622,0.063,-0.038,-0.012,2414,0
4455783,5.519,7.448,3.534,0.051,-0.037,-0.005,2413,0
4455803,5.552,7.381,3.534,0.033,-0.029,-0.004,2413,0
4455823,5.444,7.314,3.598,0.031,-0.024,-0.003,2414,0
4455843,5.428,7.286,3.627,0.049,-0.038,0.003,2414,0
4455863,5.399,7.264,3.625,0.060,-0.052,0.005,2413,0
4455883,5.461,7.286,3.517,0.058,-0.055,-0.001,2413,0
4455903,5.531,7.326,3.395,0.037,-0.038,-0.012,2414,0
4455923,5.478,7.329,3.481,0.026,-0.011,-0.013,2414,0
4455943,5.401,7.276,3.601,0.035,-0.011,-0.005,2414,0
4455963,5.401,7.266,3.675,0.045,-0.029,0.002,2414,0
4455983,5.473,7.250,3.615,0.048,-0.049,-0.007,2414,0
4456003,5.538,7.278,3.484,0.052,-0.043,-0.013,2414,0
4456023,5.526,7.372,3.479,0.050,-0.026,-0.013,2414,0
4456043,5.468,7.384,3.534,0.039,-0.013,-0.006,2413,0
4456063,5.471,7.369,3.589,0.029,-0.018,-0.002,2413,0
4456083,5.471,7.338,3.627,0.031,-0.019,0.000,2413,0
4456103,5.447,7.307,3.649,0.044,-0.026,0.003,2413,0
4456123,5.449,7.309,3.639,0.052,-0.034,0.002,2412,0
4456143,5.449,7.314,3.673,0.045,-0.043,-0.002,2412,0
4456163,5.471,7.302,3.594,0.045,-0.050,0.003,2412,0
4456183,5.476,7.309,3.527,0.051,-0.042,0.004,2413,0
4456203,5.432,7.324,3.522,0.035,-0.030,-0.001,2414,0
4456223,5.409,7.250,3.601,0.026,-0.030,-0.004,2413,0
4456243,5.435,7.190,3.642,0.040,-0.042,-0.004,2413,0
4456263,5.497,7.197,3.565,0.056,-0.050,-0.006,2413,0
4456283,5.502,7.259,3.510,0.056,-0.047,-0.017,2413,0
4456304,5.447,7.386,3.462,0.040,-0.036,-0.015,2414,0
4456323,5.435,7.377,3.498,0.035,-0.030,-0.007,2414,0
4456343,5.468,7.324,3.567,0.041,-0.025,-0.002,2414,0
4456363,5.521,7.278,3.558,0.038,-0.028,-0.008,2414,0
4456383,5.519,7.266,3.608,0.040,-0.031,-0.014,2414,0
4456403,5.466,7.343,3.642,0.052,-0.039,-0.011,2414,0
4456423,5.454,7.410,3.632,0.055,-0.044,-0.002,2415,0
4456443,5.464,7.374,3.579,0.048,-0.046,0.002,2414,0
4456463,5.490,7.329,3.527,0.050,-0.043,0.006,2415,0
4456483,5.473,7.266,3.534,0.039,-0.038,0.005,2415,0
4456503,5.466,7.185,3.565,0.034,-0.041,-0.005,2414,0
4456523,5.423,7.207,3.546,0.044,-0.038,-0.013,2414,0
4456543,5.399,7.293,3.543,0.054,-0.042,-0.015,2415,0
4456563,5.435,7.377,3.481,0.042,-0.042,-0.018,2414,0
4456583,5.497,7.379,3.474,0.037,-0.032,-0.014,2415,0
4456603,5.511,7.350,3.531,0.038,-0.028,-0.006,2414,0
4456623,5.497,7.314,3.594,0.048,-0.030,0.000,2414,0
4456643,5.476,7.286,3.618,0.051,-0.040,-0.008,2414,0
4456663,5.495,7.312,3.534,0.051,-0.048,-0.011,2413,0
4456683,5.507,7.338,3.469,0.056,-0.043,-0.006,2412,0
4456703,5.521,7.396,3.436,0.051,-0.028,0.001,2414,0
4456724,5.480,7.365,3.436,0.036,-0.011,-0.003,2413,0
4456744,5.447,7.331,3.567,0.027,-0.011,-0.007,2412,0
4456763,5.406,7.290,3.677,0.041,-0.022,-0.001,2413,0
4456783,5.468,7.245,3.630,0.056,-0.042,-0.002,2414,0
4456803,5.464,7.326,3.565,0.063,-0.043,-0.003,2414,0
4456823,5.411,7.389,3.498,0.045,-0.040,-0.001,2413,0
4456843,5.416,7.350,3.539,0.036,-0.032,0.005,2411,0
4456864,5.406,7.305,3.661,0.047,-0.032,0.002,2414,0
4456883,5.447,7.192,3.685,0.032,-0.042,-0.006,2412,0
4456903,5.523,7.230,3.598,0.051,-0.051,-0.014,2412,0
4456923,5.478,7.329,3.565,0.057,-0.052,-0.013,2413,0
4456943,5.468,7.369,3.496,0.035,-0.053,-0.015,2411,0
4456963,5.468,7.381,3.510,0.033,-0.042,-0.010,2410,0
4456983,5.461,7.355,3.512,0.046,-0.038,-0.003,2410,0
4457003,5.499,7.365,3.488,0.041,-0.036,0.001,2409,0
4457023,5.497,7.305,3.484,0.032,-0.030,-0.003,2411,0
4457043,5.478,7.333,3.522,0.034,-0.027,-0.001,2410,0
4457063,5.459,7.302,3.625,0.036,-0.031,-0.001,2410,0
4457083,5.444,7.317,3.634,0.051,-0.042,0.001,2410,0
4457104,5.471,7.353,3.584,0.060,-0.049,0.010,2409,0
4457123,5.478,7.336,3.505,0.046,-0.048,0.009,2411,0
4457143,5.483,7.300,3.488,0.030,-0.036,0.005,2410,0
4457163,5.442,7.204,3.558,0.034,-0.029,-0.002,2411,0
4457183,5.454,7.204,3.575,0.050,-0.035,-0.011,2411,0
4457203,5.473,7.230,3.541,0.059,-0.039,-0.015,2410,0
4457223,5.480,7.326,3.467,0.046,-0.035,-0.023,2409,0
4457243,5.444,7.389,3.491,0.031,-0.023,-0.026,2411,0
4457263,5.411,7.393,3.548,0.038,-0.024,-0.017,2409,0
4457283,5.468,7.379,3.551,0.047,-0.030,-0.004,2408,0
4457303,5.502,7.321,3.546,0.047,-0.034,-0.006,2411,0
4457324,5.533,7.331,3.534,0.042,-0.036,-0.006,2411,0
4457343,5.509,7.324,3.536,0.044,-0.031,-0.003,2409,0
4457363,5.497,7.317,3.539,0.049,-0.029,-0.005,2409,0
4457383,5.497,7.341,3.522,0.048,-0.025,-0.005,2410,0
4457403,5.485,7.377,3.541,0.043,-0.025,-0.007,2412,0
4457423,5.468,7.341,3.539,0.036,-0.025,-0.006,2409,0
4457443,5.428,7.338,3.584,0.038,-0.027,-0.003,2409,0
4457463,5.411,7.333,3.594,0.042,-0.032,0.002,2410,0
4457483,5.409,7.300,3.591,0.044,-0.039,0.000,2411,0
4457503,5.428,7.324,3.558,0.050,-0.045,0.002,2412,0
4457523,5.456,7.300,3.531,0.059,-0.049,0.002,2412,0
4457543,5.437,7.343,3.522,0.050,-0.041,-0.003,2412,0
4457563,5.461,7.305,3.543,0.033,-0.042,-0.007,2412,0
4457583,5.483,7.235,3.577,0.035,-0.044,-0.010,2411,0
4457603,5.499,7.262,3.539,0.052,-0.044,-0.018,2412,0
4457623,5.471,7.360,3.481,0.045,-0.039,-0.018,2413,0
4457643,5.464,7.408,3.445,0.032,-0.032,-0.017,2412,0
4457663,5.454,7.403,3.472,0.035,-0.027,-0.007,2412,0
4457683,5.473,7.379,3.512,0.042,-0.022,0.002,2413,0
4457703,5.511,7.288,3.558,0.036,-0.023,-0.001,2412,0
4457723,5.504,7.233,3.610,0.042,-0.029,-0.007,2413,0
4457743,5.449,7.302,3.560,0.047,-0.036,-0.008,2413,0
4457763,5.461,7.343,3.543,0.042,-0.038,-0.006,2413,0
4457783,5.437,7.369,3.510,0.039,-0.031,-0.008,2412,0
4457803,5.428,7.319,3.546,0.036,-0.027,-0.005,2411,0
4457823,5.442,7.262,3.577,0.045,-0.029,-0.005,2412,0
4457843,5.437,7.295,3.594,0.054,-0.038,-0.007,2412,0
4457863,5.428,7.343,3.570,0.052,-0.047,-0.010,2414,0
4457883,5.425,7.329,3.582,0.052,-0.065,0.001,2414,0
4457903,5.409,7.331,3.596,0.074,-0.087,0.013,2414,0
4457923,5.449,7.422,3.539,0.063,-0.092,0.017,2415,0
4457943,5.480,7.420,3.594,0.047,-0.119,0.028,2415,0
4457963,5.588,7.317,3.594,0.037,-0.119,0.017,2417,0
4457983,5.511,7.355,3.527,0.066,-0.124,0.018,2427,0
4458003,5.447,7.365,3.618,0.120,-0.172,0.071,2447,0
4458023,5.564,7.269,3.637,0.131,-0.241,0.109,2486,0
4458043,5.770,7.092,3.436,0.199,-0.232,0.072,2528,0
4458063,5.820,7.341,3.278,0.258,-0.199,0.044,2559,0
4458083,6.117,7.204,3.148,0.235,-0.202,-0.029,2639,0
4458103,6.031,7.453,2.485,0.329,-0.215,-0.040,4095,0
4458123,5.734,8.590,2.284,0.407,-0.305,0.116,2815,0
4458144,6.079,8.564,2.109,0.322,-0.230,0.354,2944,0
4458163,6.194,8.636,1.970,0.360,-0.169,0.349,3057,0
4458183,4.798,7.525,2.011,0.145,0.002,0.393,3141,0
4458203,5.289,6.773,3.189,-0.279,0.047,0.280,3210,2462
4458223,6.007,7.391,3.881,-0.510,-0.056,0.401,3262,3094
4458243,5.602,5.657,4.144,-0.416,-0.046,0.397,3304,3568
4458263,6.309,6.359,4.401,0.185,0.041,0.300,3316,3824
4458283,5.957,6.728,3.642,0.567,0.130,0.125,3311,3845
4458303,6.579,7.594,3.383,0.530,0.224,0.107,3309,3997
4458323,5.792,8.145,3.182,0.229,0.245,0.159,3301,4065
4458343,5.497,6.804,3.613,0.003,0.131,0.111,3290,4095
4458363,6.153,7.360,3.421,0.012,-0.035,0.226,3280,4095
4458383,5.775,6.426,2.880,0.127,0.007,0.088,3280,4095
4458403,6.601,7.257,3.033,0.146,0.085,0.075,3277,4095
4458423,4.942,6.584,3.024,0.001,0.018,0.023,3268,4095
4458443,6.371,6.582,3.268,-0.037,-0.119,0.090,3264,4095
4458463,5.947,6.773,2.892,0.043,-0.036,0.086,3263,4095
4458483,6.254,6.227,3.208,0.069,0.064,-0.033,3259,4095
4458503,6.112,7.618,3.227,0.068,0.062,-0.022,3257,4095
4458523,5.789,6.033,3.096,0.001,0.060,-0.108,3254,4095
4458543,6.493,7.630,3.292,0.068,0.045,-0.054,3255,4095
4458563,5.509,6.129,3.067,0.010,0.070,-0.126,3253,4095
4458583,6.476,7.489,3.515,0.072,0.037,-0.068,3257,4095
4458603,5.365,6.869,3.038,0.024,0.019,-0.101,3251,4095
4458623,6.000,6.756,3.187,0.015,-0.022,-0.089,3251,4095
4458643,5.906,7.264,3.081,0.016,-0.033,-0.068,3248,4095
4458663,5.981,7.104,3.160,0.002,-0.044,-0.048,3248,4095
4458683,6.057,7.171,3.179,0.027,-0.030,-0.039,3245,4095
4458703,5.930,7.156,3.304,0.007,-0.039,-0.034,3242,4095
4458723,6.050,7.130,3.237,0.039,-0.053,-0.019,3240,4095
4458743,6.062,7.061,3.170,0.034,-0.023,-0.030,3237,4095
4458763,5.902,7.166,3.170,0.032,-0.021,-0.021,3236,4095
4458783,5.988,7.032,3.146,0.050,-0.033,-0.013,3233,4095
4458803,6.026,7.154,3.170,0.084,-0.024,-0.002,3230,4095
4458823,6.019,7.118,3.098,0.062,0.016,-0.020,3227,4095
4458843,5.851,7.089,3.256,0.031,-0.001,-0.010,3225,4095
4458864,6.000,6.902,3.311,0.073,-0.028,0.009,3220,4095
4458883,6.029,7.207,3.256,0.102,-0.001,-0.007,3219,4095
4458903,5.878,7.087,3.309,0.053,0.001,-0.047,3218,4095
4458923,5.787,7.151,3.306,-0.020,-0.022,-0.051,3216,4095
4458943,5.801,6.948,3.385,0.007,-0.059,-0.050,3215,4095
4458963,5.916,7.264,3.112,0.067,-0.003,-0.052,3215,4095
4458983,5.748,6.998,3.218,-0.004,0.005,-0.047,3215,4095
4459003,5.720,7.003,3.373,-0.005,-0.051,-0.040,3213,4095
4459023,5.710,6.809,3.462,0.001,-0.127,-0.033,3214,4095
4459043,5.892,6.610,3.450,0.011,-0.228,-0.029,3213,4095
4459063,6.117,6.503,3.237,0.058,-0.208,-0.076,3213,4095
4459083,5.804,6.646,3.268,0.092,-0.197,-0.170,3214,4095
4459103,5.059,7.058,3.802,-0.013,-0.292,-0.192,3213,4035
4459123,5.258,6.632,3.800,-0.406,-0.447,-0.298,3214,3372
4459143,6.601,6.594,3.280,-0.521,-0.091,-0.482,3210,1462
4459164,5.662,6.998,3.148,-0.628,0.307,-0.576,3143,0
4459183,5.945,5.306,3.043,-0.757,0.712,-0.740,2982,0
4459203,6.450,6.117,2.624,0.125,1.148,-1.020,4095,0
4459223,6.560,7.681,3.529,0.761,1.155,-1.201,2450,0
4459243,4.743,8.768,5.703,0.585,0.586,-0.686,2351,0
4459263,4.317,8.349,6.373,-0.042,-0.034,-0.540,2321,0
4459283,3.938,7.424,3.886,-0.475,-0.554,-0.621,2315,0
4459303,3.706,9.328,4.341,0.018,-0.582,-0.368,2307,0
4459323,3.910,8.207,3.033,0.355,-0.631,-0.069,2308,0
4459343,4.853,9.747,3.091,0.376,-0.628,0.127,2314,0
4459363,4.657,9.110,2.023,-0.022,-0.520,0.016,2320,0
4459383,5.413,9.203,2.531,-0.686,-0.383,-0.050,2333,0
4459403,5.107,7.882,2.150,-0.598,-0.113,-0.173,2342,0
4459423,5.112,7.829,3.045,-0.526,-0.047,0.034,2344,0
4459443,5.088,7.621,3.256,0.124,0.112,0.050,2351,0
4459463,4.717,7.333,3.517,0.043,0.038,0.159,2356,0
4459483,5.420,7.788,3.704,0.274,0.055,0.065,2364,0
4459503,4.647,7.111,3.508,-0.007,-0.004,0.068,2373,0
4459524,5.416,7.831,3.879,0.020,-0.007,0.035,2379,0
4459543,4.422,6.850,3.223,0.041,-0.013,0.010,2380,0
4459563,5.423,7.922,3.807,0.171,-0.023,0.058,2382,0
4459583,4.559,6.967,3.074,0.170,0.015,0.021,2384,0
4459603,5.284,8.284,3.843,0.086,0.001,0.056,2387,0
4459623,4.726,7.468,3.306,0.073,0.042,-0.018,2390,0
4459643,4.776,7.626,3.440,0.079,-0.008,-0.006,2394,0
4459663,4.721,7.726,3.666,0.064,0.005,0.009,2398,0
4459683,4.729,7.728,3.699,0.076,-0.005,0.023,2403,0
4459703,4.748,7.764,3.689,0.086,-0.004,0.020,2403,0
4459723,4.851,7.817,3.654,0.074,-0.016,0.031,2406,0
4459743,4.982,7.760,3.697,0.035,-0.008,0.033,2409,0
4459763,5.009,7.645,3.809,0.003,0.017,0.008,2411,0
4459783,4.970,7.661,3.903,0.013,0.025,-0.016,2411,0
4459803,4.872,7.724,3.917,0.026,0.009,-0.013,2416,0
4459823,4.853,7.853,3.869,0.041,-0.013,-0.001,2420,0
4459843,4.839,7.817,3.792,0.026,-0.010,0.005,2431,0
4459863,4.846,7.705,3.828,0.001,-0.011,0.003,2438,0
4459884,4.875,7.535,3.828,-0.001,-0.025,-0.011,2440,0
4459903,4.817,7.551,3.754,0.003,-0.043,-0.007,2438,0
4459923,4.803,7.484,3.713,0.019,-0.050,0.005,2438,0
4459943,4.870,7.563,3.699,0.059,-0.060,0.007,2436,0
4459963,4.891,7.535,3.591,0.065,-0.050,-0.007,2436,0
4459983,4.915,7.587,3.517,0.066,-0.038,-0.012,2437,0
4460003,4.908,7.683,3.443,0.064,-0.028,-0.006,2440,0
4460023,4.911,7.762,3.505,0.035,-0.010,-0.002,2443,0
4460043,4.863,7.707,3.639,0.009,-0.001,-0.011,2444,0
4460063,4.867,7.654,3.713,0.014,-0.002,-0.019,2446,0
4460084,4.865,7.645,3.747,0.037,-0.009,-0.014,2447,0
4460103,4.843,7.685,3.713,0.040,-0.019,-0.010,2447,0
4460123,4.836,7.748,3.874,0.024,-0.017,-0.015,2445,0
4460143,4.994,7.918,4.271,-0.018,-0.018,-0.005,2445,0
4460164,4.961,7.970,3.869,-0.049,-0.062,0.026,2447,0
4460184,4.422,7.281,3.424,0.029,-0.046,-0.007,2446,0
4460203,5.267,7.946,3.668,0.192,0.006,-0.041,2450,0
4460223,4.401,7.702,3.677,-0.077,-0.054,0.021,2452,0
4460243,5.217,7.843,3.773,0.161,0.012,-0.052,2456,0
4460264,4.427,7.604,3.687,-0.082,-0.063,0.024,2459,0
4460283,5.349,7.889,3.757,0.167,0.002,-0.026,2451,0
4460303,4.379,7.412,3.572,-0.064,-0.052,0.018,2458,0
4460323,5.365,8.011,3.831,0.122,0.001,-0.018,2459,0
4460343,4.367,7.159,3.426,-0.043,-0.040,-0.005,2459,0
4460363,5.389,8.152,3.831,0.082,-0.002,-0.004,2462,0
4460383,4.367,7.104,3.282,0.006,0.003,-0.022,2461,0
4460403,5.193,8.291,4.096,0.014,-0.019,0.036,2461,0
4460423,4.614,7.044,3.445,0.076,0.001,-0.030,2462,0
4460443,5.030,8.186,4.051,-0.027,-0.057,0.054,2464,0
4460463,4.925,7.271,3.488,0.141,0.017,-0.041,2464,0
4460483,4.611,7.982,3.972,-0.095,-0.050,0.047,2464,0
4460503,5.121,7.518,3.737,0.145,0.029,-0.047,2463,0
4460523,4.324,7.489,3.685,-0.075,-0.052,0.029,2465,0
4460544,5.267,8.102,3.991,0.069,-0.025,0.025,2465,0
4460563,4.298,7.106,3.479,-0.026,-0.035,-0.010,2466,0
4460583,5.289,8.114,4.063,0.047,-0.023,-0.001,2468,0
4460603,4.468,6.891,3.381,0.077,-0.010,-0.054,2470,0
4460623,4.908,8.040,3.879,0.096,-0.031,0.014,2475,0
4460643,4.812,7.843,3.792,0.058,-0.007,0.005,2479,0
4460663,4.889,7.693,3.704,0.052,-0.022,-0.008,2479,0
4460683,4.872,7.705,3.785,0.062,-0.023,-0.010,2478,0
4460704,4.865,7.702,3.689,0.067,-0.021,-0.002,2479,0
4460724,4.853,7.798,3.658,0.062,-0.019,-0.001,2478,0
