1507643,4.238,8.734,-1.705,0.034,-0.024,0.002,2485,0
1507663,4.209,8.722,-1.700,0.034,-0.023,-0.003,2484,0
1507683,4.197,8.753,-1.671,0.042,-0.033,-0.001,2485,0
1507703,4.245,8.736,-1.630,0.048,-0.031,0.001,2485,0
1507723,4.262,8.684,-1.669,0.045,-0.023,-0.003,2485,0
1507743,4.254,8.684,-1.669,0.047,-0.017,-0.009,2484,0
1507763,4.226,8.736,-1.676,0.040,-0.023,-0.014,2484,0
1507783,4.211,8.746,-1.633,0.023,-0.028,-0.016,2484,0
1507803,4.204,8.775,-1.654,0.030,-0.026,-0.010,2486,0
1507823,4.195,8.775,-1.702,0.046,-0.023,-0.006,2486,0
1507843,4.262,8.708,-1.695,0.048,-0.022,0.006,2485,0
1507863,4.281,8.684,-1.693,0.042,-0.021,0.006,2484,0
1507883,4.240,8.708,-1.671,0.038,-0.018,-0.009,2485,0
1507903,4.209,8.842,-1.695,0.041,-0.017,-0.015,2485,0
1507923,4.164,8.899,-1.731,0.042,-0.017,-0.003,2484,0
1507943,4.154,8.854,-1.738,0.036,-0.026,0.013,2486,0
1507963,4.219,8.727,-1.700,0.046,-0.026,0.023,2484,0
1507983,4.228,8.724,-1.750,0.054,-0.018,0.014,2484,0
1508003,4.202,8.751,-1.724,0.050,-0.004,0.004,2486,0
1508023,4.207,8.765,-1.700,0.044,0.004,0.009,2485,0
1508043,4.190,8.712,-1.683,0.040,0.002,0.018,2486,0
1508063,4.243,8.617,-1.659,0.045,-0.002,0.017,2486,0
1508083,4.245,8.571,-1.654,0.046,0.001,0.000,2486,0
1508103,4.226,8.610,-1.659,0.049,0.005,-0.011,2485,0
1508123,4.226,8.655,-1.642,0.045,0.006,-0.022,2486,0
1508143,4.204,8.705,-1.686,0.041,0.001,-0.026,2486,0
1508163,4.199,8.760,-1.671,0.046,0.001,-0.017,2485,0
1508183,4.257,8.734,-1.695,0.054,-0.002,-0.003,2487,0
1508203,4.345,8.712,-1.690,0.046,0.009,-0.006,2486,0
1508223,4.324,8.758,-1.695,0.036,0.024,-0.016,2485,0
1508243,4.305,8.851,-1.676,0.038,0.024,-0.009,2487,0
1508263,4.331,8.887,-1.654,0.041,0.022,0.001,2487,0
1508283,4.300,8.873,-1.604,0.043,0.033,0.009,2488,0
1508303,4.259,8.849,-1.583,0.055,0.029,0.015,2486,0
1508323,4.223,8.792,-1.571,0.053,0.012,0.021,2486,0
1508343,4.190,8.727,-1.575,0.035,-0.001,0.027,2488,0
1508363,4.152,8.633,-1.532,0.040,-0.003,0.030,2486,0
1508383,4.168,8.581,-1.575,0.058,-0.004,0.023,2486,0
1508403,4.185,8.547,-1.573,0.064,0.000,0.005,2486,0
1508423,4.164,8.578,-1.597,0.068,-0.001,-0.006,2486,0
1508443,4.216,8.626,-1.630,0.068,-0.006,-0.013,2488,0
1508463,4.250,8.614,-1.585,0.066,-0.006,-0.016,2488,0
1508483,4.307,8.655,-1.616,0.057,-0.004,-0.029,2487,0
1508503,4.314,8.722,-1.609,0.045,-0.003,-0.037,2485,0
1508523,4.298,8.880,-1.633,0.041,0.000,-0.030,2487,0
1508543,4.286,8.959,-1.621,0.037,-0.001,-0.015,2486,0
1508563,4.240,8.947,-1.628,0.042,0.001,0.002,2488,0
1508583,4.262,8.823,-1.626,0.053,0.007,0.014,2488,0
1508603,4.269,8.696,-1.547,0.061,0.006,0.023,2487,0
1508623,4.302,8.602,-1.530,0.041,-0.001,0.017,2487,0
1508643,4.278,8.629,-1.501,0.025,-0.004,-0.004,2487,0
1508663,4.226,8.708,-1.516,0.041,-0.003,-0.015,2487,0
1508683,4.226,8.815,-1.504,0.064,-0.005,-0.005,2488,0
1508703,4.238,8.722,-1.520,0.049,-0.018,0.013,2488,0
1508723,4.293,8.595,-1.520,0.047,-0.022,0.019,2487,0
1508743,4.293,8.569,-1.499,0.052,-0.014,0.002,2488,0
1508763,4.223,8.612,-1.506,0.059,-0.015,-0.010,2488,0
1508783,4.185,8.712,-1.544,0.061,-0.029,-0.003,2488,0
1508803,4.228,8.729,-1.580,0.045,-0.037,0.002,2489,0
1508823,4.252,8.698,-1.556,0.041,-0.040,0.000,2487,0
1508843,4.314,8.722,-1.587,0.048,-0.041,-0.003,2489,0
1508863,4.357,8.741,-1.623,0.029,-0.037,-0.008,2487,0
1508883,4.350,8.763,-1.568,0.033,-0.033,-0.005,2488,0
1508903,4.293,8.760,-1.556,0.044,-0.035,0.005,2487,0
1508923,4.219,8.748,-1.547,0.052,-0.045,0.021,2489,0
1508943,4.156,8.720,-1.561,0.053,-0.051,0.024,2489,0
1508963,4.118,8.653,-1.566,0.051,-0.058,0.027,2489,0
1508983,4.159,8.657,-1.638,0.048,-0.072,0.017,2488,0
1509003,4.209,8.672,-1.652,0.046,-0.081,0.002,2489,0
1509023,4.254,8.681,-1.690,0.061,-0.075,-0.008,2488,0
1509043,4.341,8.789,-1.741,0.063,-0.067,-0.010,2489,0
1509063,4.441,8.844,-1.721,0.032,-0.049,-0.003,2489,0
1509083,4.492,8.847,-1.623,0.003,-0.029,0.005,2489,0
1509103,4.475,8.823,-1.496,-0.014,-0.016,0.011,2490,0
1509123,4.439,8.760,-1.441,-0.005,-0.021,0.021,2489,0
1509143,4.391,8.724,-1.468,0.003,-0.046,0.030,2490,0
1509163,4.377,8.653,-1.470,0.016,-0.071,0.029,2489,0
1509183,4.338,8.581,-1.492,0.035,-0.081,0.019,2488,0
1509203,4.202,8.564,-1.607,0.055,-0.091,0.008,2489,0
1509223,4.152,8.574,-1.726,0.057,-0.105,0.003,2489,0
1509243,4.154,8.554,-1.867,0.046,-0.095,-0.003,2491,0
1509263,4.147,8.526,-1.839,0.050,-0.067,-0.012,2491,0
1509283,4.207,8.578,-1.841,0.052,-0.051,-0.020,2489,0
1509303,4.290,8.648,-1.815,0.035,-0.037,-0.031,2490,0
1509323,4.345,8.777,-1.690,0.029,-0.013,-0.042,2491,0
1509343,4.389,8.918,-1.626,0.031,-0.009,-0.044,2488,0
1509363,4.405,9.005,-1.602,0.047,-0.011,-0.039,2490,0
1509383,4.389,9.045,-1.595,0.060,-0.017,-0.016,2491,0
1509403,4.343,8.993,-1.568,0.048,-0.017,0.008,2489,0
1509423,4.295,8.868,-1.544,0.051,-0.017,0.026,2490,0
1509443,4.214,8.696,-1.537,0.046,-0.035,0.038,2490,0
1509463,4.211,8.619,-1.561,0.050,-0.058,0.046,2489,0
1509483,4.223,8.497,-1.568,0.046,-0.066,0.044,2490,0
1509503,4.240,8.475,-1.599,0.051,-0.066,0.029,2490,0
1509523,4.262,8.487,-1.654,0.063,-0.066,0.013,2491,0
1509543,4.319,8.559,-1.743,0.048,-0.064,-0.001,2491,0
1509563,4.314,8.622,-1.743,0.039,-0.047,-0.010,2491,0
1509583,4.329,8.638,-1.750,0.034,-0.036,-0.017,2490,0
1509603,4.334,8.689,-1.719,0.034,-0.032,-0.023,2490,0
1509623,4.307,8.760,-1.702,0.040,-0.032,-0.023,2491,0
1509643,4.295,8.765,-1.686,0.055,-0.034,-0.010,2491,0
1509663,4.324,8.701,-1.647,0.063,-0.040,-0.001,2489,0
1509683,4.343,8.631,-1.664,0.052,-0.037,-0.002,2490,0
1509703,4.329,8.588,-1.664,0.034,-0.032,-0.010,2489,0
1509723,4.276,8.689,-1.652,0.051,-0.026,-0.020,2490,0
1509743,4.245,8.633,-1.599,0.027,-0.022,-0.018,2491,0
1509763,4.305,8.607,-1.623,0.047,-0.034,-0.018,2491,0
1509783,4.319,8.691,-1.642,0.058,-0.030,-0.026,2492,0
1509803,4.331,8.734,-1.690,0.029,-0.023,-0.033,2490,0
1509823,4.314,8.851,-1.669,0.015,-0.025,-0.021,2491,0
1509843,4.314,8.894,-1.635,0.019,-0.029,-0.010,2491,0
1509863,4.345,8.849,-1.626,0.036,-0.028,-0.002,2491,0
1509883,4.350,8.794,-1.621,0.046,-0.029,0.007,2491,0
1509903,4.310,8.708,-1.609,0.047,-0.031,0.016,2491,0
1509923,4.231,8.703,-1.630,0.041,-0.034,0.009,2491,0
1509943,4.183,8.669,-1.602,0.038,-0.034,0.001,2491,0
1509963,4.178,8.698,-1.621,0.038,-0.039,-0.001,2490,0
1509983,4.271,8.626,-1.592,0.042,-0.051,0.001,2490,0
1510003,4.326,8.641,-1.630,0.048,-0.052,-0.007,2491,0
1510023,4.336,8.650,-1.695,0.048,-0.044,-0.015,2491,0
1510043,4.345,8.708,-1.700,0.044,-0.033,-0.015,2490,0
1510063,4.336,8.751,-1.705,0.043,-0.021,-0.011,2492,0
1510083,4.310,8.775,-1.666,0.037,-0.026,-0.003,2493,0
1510103,4.240,8.789,-1.671,0.045,-0.045,0.011,2491,0
1510123,4.238,8.792,-1.693,0.050,-0.061,0.014,2490,0
1510143,4.257,8.744,-1.690,0.063,-0.058,0.015,2491,0
1510163,4.276,8.729,-1.736,0.079,-0.049,0.019,2492,0
1510183,4.276,8.701,-1.753,0.068,-0.041,0.013,2491,0
1510203,4.290,8.691,-1.743,0.045,-0.042,0.010,2491,0
1510223,4.286,8.641,-1.669,0.032,-0.037,0.008,2491,0
1510243,4.274,8.681,-1.614,0.025,-0.028,-0.001,2492,0
1510263,4.233,8.686,-1.573,0.040,-0.027,-0.007,2493,0
1510283,4.300,8.677,-1.590,0.044,-0.038,-0.003,2491,0
1510303,4.360,8.657,-1.602,0.041,-0.045,-0.008,2491,0
1510323,4.357,8.696,-1.640,0.038,-0.039,-0.017,2491,0
1510343,4.329,8.818,-1.671,0.035,-0.036,-0.012,2491,0
1510363,4.312,8.863,-1.647,0.024,-0.034,0.001,2492,0
1510383,4.293,8.789,-1.611,0.030,-0.034,0.021,2490,0
1510403,4.341,8.653,-1.583,0.036,-0.046,0.035,2493,0
1510423,4.384,8.495,-1.597,0.039,-0.053,0.025,2492,0
1510443,4.310,8.480,-1.602,0.042,-0.050,0.004,2491,0
1510463,4.252,8.564,-1.650,0.038,-0.056,-0.006,2493,0
1510483,4.254,8.619,-1.695,0.026,-0.065,-0.003,2492,0
1510503,4.281,8.590,-1.695,0.017,-0.058,-0.010,2491,0
1510523,4.331,8.626,-1.776,0.033,-0.049,-0.020,2492,0
1510543,4.367,8.717,-1.796,0.042,-0.038,-0.027,2491,0
1510563,4.350,8.772,-1.808,0.035,-0.028,-0.022,2491,0
1510583,4.305,8.811,-1.714,0.021,-0.021,-0.018,2492,0
1510603,4.281,8.832,-1.659,0.028,-0.016,-0.016,2492,0
1510623,4.231,8.863,-1.635,0.051,-0.025,-0.005,2493,0
1510643,4.269,8.842,-1.669,0.054,-0.042,0.011,2493,0
1510663,4.257,8.772,-1.630,0.050,-0.048,0.025,2491,0
1510683,4.228,8.691,-1.585,0.065,-0.049,0.022,2492,0
1510703,4.197,8.693,-1.595,0.078,-0.052,0.012,2492,0
1510723,4.228,8.696,-1.645,0.075,-0.063,0.022,2492,0
1510743,4.319,8.574,-1.678,0.041,-0.067,0.024,2492,0
1510763,4.365,8.574,-1.674,0.031,-0.059,0.005,2493,0
1510783,4.326,8.655,-1.700,0.042,-0.047,-0.019,2494,0
1510803,4.307,8.823,-1.753,0.042,-0.050,-0.018,2493,0
1510823,4.350,8.801,-1.755,0.035,-0.057,0.007,2492,0
1510843,4.408,8.696,-1.781,0.036,-0.051,0.023,2494,0
1510863,4.389,8.648,-1.748,0.048,-0.039,0.015,2492,0
1510883,4.336,8.727,-1.712,0.058,-0.051,0.014,2493,0
1510903,4.300,8.736,-1.666,0.054,-0.070,0.027,2495,0
1510923,4.343,8.653,-1.738,0.072,-0.077,0.042,2495,0
1510943,4.274,8.499,-1.784,0.076,-0.078,0.037,2495,0
1510963,4.281,8.528,-1.760,0.074,-0.067,0.013,2495,0
1510983,4.254,8.581,-1.793,0.056,-0.053,-0.006,2495,0
1511003,4.228,8.610,-1.736,0.046,-0.045,-0.011,2495,0
1511023,4.286,8.612,-1.772,0.042,-0.048,-0.009,2495,0
1511043,4.324,8.636,-1.781,0.047,-0.039,-0.013,2496,0
1511063,4.391,8.638,-1.748,0.042,-0.020,-0.021,2496,0
1511083,4.389,8.672,-1.721,0.039,-0.012,-0.027,2495,0
1511103,4.360,8.722,-1.697,0.033,-0.018,-0.030,2495,0
1511123,4.336,8.775,-1.717,0.034,-0.031,-0.023,2494,0
1511143,4.319,8.825,-1.769,0.039,-0.036,-0.011,2494,0
1511163,4.298,8.794,-1.745,0.051,-0.046,-0.001,2491,0
1511183,4.307,8.724,-1.786,0.053,-0.048,0.009,2494,0
1511203,4.331,8.705,-1.834,0.039,-0.039,0.019,2494,0
1511223,4.338,8.607,-1.741,0.039,-0.020,0.011,2493,0
1511243,4.274,8.543,-1.690,0.051,-0.007,0.005,2493,0
1511263,4.252,8.583,-1.686,0.062,-0.019,0.002,2493,0
1511283,4.305,8.571,-1.760,0.055,-0.040,0.006,2493,0
1511303,4.365,8.487,-1.757,0.026,-0.054,-0.002,2493,0
1511323,4.389,8.554,-1.786,0.027,-0.042,-0.019,2492,0
1511343,4.343,8.645,-1.846,0.039,-0.027,-0.030,2494,0
1511363,4.326,8.765,-1.824,0.032,-0.017,-0.030,2495,0
1511383,4.329,8.751,-1.815,0.013,-0.020,-0.020,2494,0
1511403,4.334,8.732,-1.767,0.025,-0.016,-0.017,2494,0
1511423,4.326,8.784,-1.741,0.044,-0.003,-0.020,2493,0
1511443,4.259,8.861,-1.650,0.044,0.000,-0.025,2492,0
1511463,4.223,8.923,-1.671,0.044,-0.017,-0.007,2493,0
1511483,4.278,8.827,-1.654,0.049,-0.032,0.016,2491,0
1511503,4.295,8.744,-1.640,0.062,-0.029,0.022,2491,0
1511523,4.295,8.681,-1.645,0.062,-0.023,0.008,2493,0
1511543,4.264,8.684,-1.647,0.044,-0.032,0.010,2493,0
1511563,4.259,8.705,-1.688,0.033,-0.048,0.023,2491,0
1511583,4.310,8.633,-1.738,0.029,-0.057,0.027,2493,0
1511603,4.341,8.576,-1.729,0.036,-0.050,0.015,2493,0
1511623,4.322,8.550,-1.745,0.048,-0.041,0.008,2493,0
1511643,4.343,8.564,-1.815,0.039,-0.046,0.004,2491,0
1511663,4.353,8.595,-1.832,0.030,-0.045,-0.002,2492,0
1511683,4.322,8.619,-1.824,0.042,-0.036,-0.011,2493,0
1511703,4.355,8.653,-1.827,0.053,-0.039,-0.010,2493,0
1511723,4.384,8.672,-1.863,0.048,-0.035,-0.005,2493,0
1511743,4.362,8.641,-1.824,0.036,-0.022,-0.001,2492,0
1511763,4.381,8.638,-1.829,0.064,-0.007,0.004,2492,0
1511783,4.305,8.698,-1.820,0.066,-0.002,0.002,2493,0
1511803,4.259,8.650,-1.745,0.035,-0.009,0.003,2491,0
1511823,4.286,8.631,-1.709,0.035,-0.011,0.005,2493,0
1511843,4.336,8.619,-1.707,0.052,-0.008,-0.003,2493,0
1511863,4.345,8.641,-1.688,0.042,-0.007,-0.017,2491,0
1511883,4.355,8.619,-1.681,0.027,-0.007,-0.020,2494,0
1511903,4.326,8.679,-1.671,0.036,-0.002,-0.023,2492,0
1511923,4.331,8.712,-1.626,0.039,-0.004,-0.025,2492,0
1511943,4.312,8.708,-1.635,0.043,-0.011,-0.016,2491,0
1511963,4.341,8.677,-1.645,0.041,-0.021,-0.004,2489,0
1511983,4.307,8.629,-1.662,0.039,-0.034,-0.007,2491,0
1512003,4.300,8.665,-1.688,0.040,-0.039,-0.015,2491,0
1512023,4.283,8.724,-1.700,0.049,-0.040,-0.013,2492,0
1512043,4.350,8.710,-1.733,0.055,-0.043,-0.007,2492,0
1512063,4.357,8.708,-1.774,0.044,-0.039,-0.010,2491,0
1512083,4.314,8.746,-1.760,0.036,-0.034,-0.009,2491,0
1512103,4.235,8.777,-1.738,0.015,-0.043,-0.001,2491,0
1512123,4.254,8.710,-1.671,0.017,-0.048,0.014,2490,0
1512143,4.288,8.600,-1.669,0.038,-0.047,0.014,2489,0
1512163,4.307,8.583,-1.671,0.053,-0.050,-0.005,2489,0
1512183,4.338,8.629,-1.733,0.060,-0.057,-0.015,2488,0
1512203,4.348,8.780,-1.788,0.045,-0.053,-0.016,2487,0
1512223,4.360,8.856,-1.844,0.030,-0.035,-0.007,2487,0
1512243,4.403,8.856,-1.882,0.030,-0.018,0.004,2486,0
1512263,4.427,8.789,-1.839,0.035,0.002,0.015,2487,0
1512283,4.403,8.681,-1.717,0.032,0.005,0.026,2488,0
1512303,4.350,8.535,-1.647,0.034,-0.002,0.030,2488,0
1512323,4.317,8.444,-1.611,0.043,-0.020,0.023,2487,0
1512343,4.238,8.471,-1.595,0.052,-0.037,0.000,2488,0
1512363,4.192,8.559,-1.662,0.057,-0.058,-0.012,2488,0
1512383,4.202,8.629,-1.714,0.065,-0.071,-0.001,2487,0
1512403,4.307,8.626,-1.784,0.057,-0.075,0.006,2486,0
1512423,4.408,8.636,-1.800,0.038,-0.057,-0.005,2485,0
1512443,4.427,8.727,-1.784,0.014,-0.030,-0.022,2487,0
1512463,4.379,8.792,-1.810,0.014,-0.018,-0.015,2485,0
1512483,4.389,8.823,-1.769,0.026,-0.019,0.002,2485,0
1512503,4.391,8.775,-1.745,0.033,-0.012,0.011,2484,0
1512523,4.377,8.712,-1.709,0.039,-0.005,0.010,2482,0
1512543,4.357,8.701,-1.681,0.038,-0.006,0.003,2483,0
1512563,4.365,8.701,-1.618,0.041,-0.010,0.008,2485,0
1512583,4.336,8.660,-1.587,0.047,-0.011,0.010,2484,0
1512603,4.350,8.657,-1.618,0.055,-0.016,0.006,2483,0
1512623,4.343,8.657,-1.602,0.040,-0.025,-0.001,2483,0
1512643,4.331,8.641,-1.614,0.033,-0.035,0.008,2484,0
1512663,4.353,8.660,-1.642,0.032,-0.046,0.006,2484,0
1512683,4.353,8.607,-1.674,0.034,-0.047,0.006,2483,0
1512703,4.357,8.588,-1.676,0.036,-0.043,0.002,2484,0
1512723,4.322,8.564,-1.748,0.044,-0.033,-0.005,2483,0
1512743,4.286,8.614,-1.765,0.046,-0.034,-0.009,2482,0
1512763,4.312,8.653,-1.776,0.034,-0.025,-0.013,2483,0
1512783,4.341,8.662,-1.784,0.038,-0.018,-0.017,2481,0
1512803,4.389,8.689,-1.762,0.048,-0.020,-0.019,2482,0
1512823,4.424,8.782,-1.808,0.056,-0.020,-0.013,2483,0
1512843,4.468,8.794,-1.798,0.050,-0.014,0.001,2481,0
1512863,4.436,8.729,-1.786,0.044,-0.005,0.010,2481,0
1512883,4.393,8.708,-1.748,0.051,-0.001,0.013,2481,0
1512903,4.298,8.662,-1.774,0.056,-0.002,0.013,2483,0
1512923,4.226,8.648,-1.748,0.066,-0.003,0.017,2480,0
1512943,4.187,8.559,-1.705,0.068,-0.009,0.013,2480,0
1512963,4.180,8.523,-1.628,0.060,-0.020,0.001,2480,0
1512983,4.180,8.523,-1.611,0.045,-0.028,-0.017,2480,0
1513003,4.211,8.595,-1.635,0.033,-0.019,-0.037,2480,0
1513023,4.257,8.667,-1.626,0.034,-0.017,-0.043,2480,0
1513043,4.405,8.708,-1.640,0.033,-0.024,-0.037,2480,0
1513063,4.554,8.741,-1.681,0.034,-0.022,-0.028,2480,0
1513083,4.580,8.753,-1.721,0.034,-0.004,-0.022,2480,0
1513103,4.535,8.811,-1.712,0.021,0.001,-0.014,2479,0
1513123,4.482,8.878,-1.705,0.016,-0.001,0.001,2481,0
1513143,4.432,8.847,-1.736,0.026,-0.005,0.018,2480,0
1513163,4.391,8.782,-1.712,0.042,-0.007,0.026,2480,0
1513183,4.343,8.727,-1.688,0.063,-0.010,0.031,2480,0
1513203,4.300,8.622,-1.669,0.062,-0.018,0.030,2479,0
1513223,4.252,8.490,-1.628,0.058,-0.024,0.026,2480,0
1513243,4.228,8.519,-1.659,0.052,-0.030,0.020,2480,0
1513263,4.235,8.425,-1.623,0.043,-0.020,0.010,2480,0
1513283,4.276,8.394,-1.621,0.040,-0.017,-0.006,2479,0
1513303,4.290,8.394,-1.611,0.054,-0.022,-0.022,2480,0
1513323,4.305,8.504,-1.681,0.057,-0.035,-0.034,2479,0
1513343,4.319,8.645,-1.683,0.045,-0.046,-0.038,2480,0
1513363,4.343,8.748,-1.688,0.037,-0.051,-0.033,2479,0
1513383,4.369,8.842,-1.717,0.032,-0.057,-0.024,2478,0
1513403,4.379,8.837,-1.748,0.033,-0.047,-0.020,2480,0
1513423,4.350,8.861,-1.786,0.037,-0.034,-0.017,2480,0
1513443,4.331,8.815,-1.793,0.049,-0.031,-0.008,2480,0
1513463,4.348,8.782,-1.760,0.054,-0.027,0.005,2479,0
1513483,4.398,8.696,-1.733,0.048,-0.019,0.008,2479,0
1513503,4.420,8.662,-1.664,0.041,-0.014,0.001,2478,0
1513523,4.393,8.638,-1.633,0.025,-0.017,-0.006,2480,0
1513543,4.343,8.617,-1.602,0.028,-0.019,0.001,2479,0
1513563,4.283,8.595,-1.590,0.037,-0.039,0.007,2479,0
1513583,4.314,8.583,-1.607,0.046,-0.064,0.013,2477,0
1513603,4.362,8.578,-1.604,0.049,-0.066,0.012,2479,0
1513623,4.355,8.571,-1.642,0.036,-0.044,-0.008,2480,0
1513643,4.300,8.662,-1.678,0.048,-0.020,-0.021,2479,0
1513663,4.281,8.741,-1.750,0.055,-0.012,-0.025,2479,0
1513683,4.300,8.746,-1.765,0.053,-0.009,-0.019,2478,0
1513703,4.338,8.722,-1.736,0.060,-0.011,-0.015,2480,0
1513723,4.374,8.715,-1.717,0.060,-0.013,-0.013,2479,0
1513743,4.372,8.756,-1.693,0.045,-0.012,-0.017,2480,0
1513763,4.365,8.803,-1.666,0.032,-0.015,-0.008,2478,0
1513783,4.367,8.772,-1.630,0.044,-0.025,0.011,2479,0
1513803,4.372,8.684,-1.642,0.049,-0.026,0.020,2479,0
1513823,4.353,8.557,-1.657,0.048,-0.025,0.019,2479,0
1513843,4.307,8.545,-1.635,0.040,-0.031,0.003,2480,0
1513863,4.319,8.538,-1.659,0.036,-0.043,-0.005,2480,0
1513883,4.355,8.600,-1.695,0.036,-0.045,-0.009,2479,0
1513903,4.386,8.607,-1.729,0.035,-0.041,-0.018,2480,0
1513923,4.372,8.665,-1.702,0.045,-0.033,-0.021,2479,0
1513943,4.360,8.712,-1.738,0.046,-0.036,-0.017,2478,0
1513963,4.365,8.765,-1.757,0.043,-0.034,-0.008,2479,0
1513983,4.362,8.741,-1.726,0.040,-0.029,0.003,2479,0
1514003,4.386,8.705,-1.686,0.030,-0.027,0.010,2479,0
1514023,4.420,8.662,-1.671,0.029,-0.030,0.006,2479,0
1514043,4.367,8.645,-1.662,0.036,-0.035,-0.003,2478,0
1514063,4.305,8.672,-1.681,0.042,-0.037,-0.010,2480,0
1514083,4.290,8.698,-1.695,0.053,-0.039,-0.003,2480,0
1514103,4.298,8.679,-1.745,0.045,-0.038,0.001,2479,0
1514123,4.314,8.598,-1.743,0.034,-0.030,0.002,2479,0
1514143,4.331,8.595,-1.717,0.032,-0.014,-0.010,2479,0
1514163,4.319,8.655,-1.664,0.042,-0.007,-0.022,2479,0
1514183,4.302,8.736,-1.647,0.045,-0.010,-0.020,2479,0
1514203,4.331,8.722,-1.654,0.051,-0.026,-0.003,2479,0
1514223,4.384,8.703,-1.647,0.053,-0.029,0.001,2479,0
1514243,4.379,8.720,-1.630,0.042,-0.032,-0.002,2480,0
1514263,4.393,8.720,-1.618,0.030,-0.027,-0.004,2480,0
1514283,4.343,8.746,-1.666,0.035,-0.021,0.001,2479,0
1514303,4.298,8.705,-1.657,0.040,-0.023,0.003,2480,0
1514323,4.310,8.648,-1.657,0.047,-0.034,0.005,2480,0
1514343,4.317,8.626,-1.657,0.045,-0.040,0.003,2479,0
1514363,4.326,8.657,-1.681,0.040,-0.039,-0.002,2479,0
1514383,4.360,8.693,-1.724,0.034,-0.033,-0.002,2480,0
1514403,4.367,8.708,-1.765,0.039,-0.018,0.000,2479,0
1514423,4.374,8.758,-1.757,0.051,0.001,-0.010,2479,0
1514443,4.357,8.863,-1.776,0.063,0.016,-0.002,2479,0
1514463,4.413,8.909,-1.779,0.071,0.028,-0.005,2480,0
1514483,4.348,9.000,-1.808,0.103,0.054,-0.003,2479,0
1514503,4.334,9.369,-1.774,0.095,0.057,0.015,2480,0
1514523,4.448,9.646,-1.805,0.089,0.069,0.056,2479,0
1514543,4.594,9.658,-1.757,0.096,0.097,0.124,2480,0
1514563,4.650,9.531,-1.688,0.110,0.110,0.180,2479,0
1514583,4.640,9.304,-1.686,0.126,0.078,0.217,2479,0
1514603,4.594,8.928,-1.681,0.125,0.021,0.250,2479,0
1514623,4.590,8.535,-1.640,0.155,-0.006,0.286,2480,0
1514643,4.513,8.305,-1.654,0.190,-0.010,0.283,2479,0
1514663,4.537,8.073,-1.642,0.188,-0.006,0.275,2479,0
1514683,4.592,8.030,-1.468,0.181,-0.010,0.244,2480,0
1514703,4.784,7.927,-1.456,0.056,-0.066,0.185,2483,0
1514723,4.688,7.760,-1.496,0.048,-0.037,0.078,2494,0
1514743,4.650,7.630,-1.817,0.015,-0.019,-0.030,2538,0
1514763,4.551,8.320,-1.733,-0.167,-0.102,-0.098,2656,0
1514783,4.688,7.817,-1.501,-0.520,-0.334,-0.160,2829,0
1514803,4.745,7.496,-1.554,-0.601,-0.427,-0.227,2971,0
1514823,4.762,7.242,-1.662,-0.531,-0.497,-0.297,3064,0
1514843,4.556,7.288,-2.107,-0.710,-0.636,-0.358,3140,0
1514863,4.183,7.870,-1.918,-0.686,-0.623,-0.362,3207,0
1514883,3.946,8.135,-1.805,-0.709,-0.628,-0.253,3262,0
1514903,5.104,8.076,-1.365,-0.658,-0.666,-0.196,3283,0
1514923,4.784,8.538,-0.979,-0.590,-0.450,-0.143,3307,0
1514943,4.992,7.762,-1.961,-0.129,0.030,-0.195,3312,0
1514963,4.161,8.487,-0.505,0.093,0.051,-0.158,3314,0
1514983,3.601,8.636,-0.814,-0.092,-0.381,-0.092,3314,6
1515003,3.898,7.901,-1.183,0.065,-0.699,0.112,3309,0
1515023,3.622,7.429,-0.958,0.404,-0.611,0.183,3310,0
1515043,3.500,7.108,-2.033,0.854,-0.384,0.194,3311,0
1515063,4.300,7.410,-1.415,1.112,-0.302,-0.062,3319,0
1515083,4.468,8.792,-2.320,1.125,-0.134,-0.393,3322,0
1515103,3.910,9.036,-1.923,0.764,0.123,-0.390,3323,0
1515123,3.675,9.421,-1.906,0.660,0.121,-0.284,3319,0
1515143,4.125,9.129,-1.707,0.375,-0.006,-0.195,3317,0
1515163,4.621,9.146,-1.903,0.415,-0.076,-0.298,3312,2673
1515183,3.996,9.273,-1.834,0.529,0.033,-0.153,3308,3595
1515203,4.223,10.139,-2.579,0.635,0.023,-0.130,3303,3925
1515223,4.132,9.744,-2.559,0.485,0.003,-0.078,3295,4094
1515243,4.130,10.218,-2.696,0.394,-0.074,-0.042,3292,4095
1515263,4.027,9.392,-2.416,0.131,-0.005,-0.027,3287,4095
1515283,4.034,9.586,-2.734,0.139,-0.037,-0.003,3280,4095
1515303,4.070,8.873,-2.581,0.138,0.041,-0.079,3278,4095
1515323,3.982,9.383,-2.859,0.293,0.034,-0.034,3274,4095
1515343,4.207,9.313,-2.385,0.265,0.015,0.044,3275,4095
1515363,3.737,9.088,-2.713,0.184,-0.050,0.020,3275,4095
1515383,3.917,8.662,-2.646,0.116,-0.116,-0.018,3269,4095
1515403,3.821,8.622,-2.631,0.125,-0.088,-0.060,3269,4095
1515423,3.802,8.744,-2.722,0.140,-0.028,-0.018,3265,4095
1515443,3.867,8.753,-2.859,0.147,-0.006,0.012,3264,4095
1515463,3.843,8.679,-2.811,0.071,-0.010,0.009,3260,4095
1515483,3.766,8.533,-2.739,0.027,-0.024,0.001,3260,4095
1515503,3.809,8.495,-2.751,0.067,-0.038,-0.013,3256,4095
1515523,3.876,8.756,-2.780,0.108,-0.057,0.013,3254,4095
1515543,3.977,8.662,-2.758,0.105,-0.046,0.046,3253,4095
1515563,4.034,8.590,-2.828,0.093,-0.029,0.032,3251,4095
1515583,4.070,8.717,-2.931,0.055,-0.039,0.001,3249,4095
1515603,4.075,8.466,-2.820,-0.015,-0.018,-0.039,3251,4095
1515623,3.824,8.540,-2.614,0.033,0.004,-0.010,3248,4095
1515643,3.986,8.655,-2.799,0.066,-0.035,0.026,3247,4095
1515663,4.039,8.803,-2.940,0.074,-0.033,0.016,3248,4095
1515683,3.943,8.918,-2.945,0.041,0.008,0.017,3246,4095
1515703,3.912,8.950,-3.007,0.011,0.050,-0.002,3244,4095
1515723,3.697,9.194,-2.911,-0.033,0.054,-0.018,3248,4095
1515743,3.699,9.234,-2.636,-0.148,0.061,-0.002,3261,4095
1515763,3.924,9.572,-2.772,-0.179,0.063,0.044,3278,3837
1515783,4.451,9.723,-2.990,-0.259,0.033,0.140,3288,2587
1515803,4.556,9.783,-2.684,-0.357,0.141,0.148,3292,0
1515823,4.049,9.835,-2.188,-0.470,0.356,0.068,3281,0
1515843,3.845,9.213,-2.662,-0.385,0.741,0.031,3230,0
1515863,3.931,8.926,-2.868,0.011,1.067,-0.012,3155,0
1515883,3.675,9.117,-2.258,-0.132,1.099,0.000,3087,0
1515903,3.859,9.534,-1.506,-0.281,0.833,0.135,3027,0
1515923,3.948,8.631,-2.152,-0.165,0.443,0.304,2965,0
1515943,3.773,8.787,-1.556,-0.005,0.147,0.513,2878,0
1515963,5.090,7.669,-2.155,0.565,0.479,0.430,2770,0
1515983,4.506,7.966,-1.709,0.583,0.587,0.365,2641,0
1516003,4.889,7.542,-1.812,0.476,0.809,0.330,2526,0
1516023,4.954,7.372,-1.678,0.270,0.820,0.261,2470,0
1516043,4.463,8.133,-1.247,-0.037,0.674,0.272,2440,0
1516063,4.743,7.108,-0.960,-0.406,0.214,0.340,2418,0
1516083,5.514,6.519,-0.299,-0.549,-0.095,0.356,2413,0
1516103,4.518,6.416,-0.862,-0.260,-0.213,0.359,2407,0
1516123,5.701,6.007,-0.800,0.007,-0.307,0.172,2406,0
1516143,5.148,6.519,-0.833,0.029,-0.315,0.100,2403,0
1516163,4.642,6.294,-1.549,0.062,-0.382,-0.052,2407,0
1516183,5.641,6.184,-1.264,-0.104,-0.354,-0.263,2410,0
1516203,4.762,7.125,-1.106,-0.145,-0.264,-0.395,2413,0
1516223,3.931,7.645,-1.937,-0.114,-0.290,-0.539,2411,0
1516243,4.786,7.678,-1.836,-0.096,-0.299,-0.641,2415,0
1516263,4.693,9.093,-1.470,-0.112,-0.228,-0.602,2418,0
1516283,3.785,9.766,-1.978,-0.014,-0.185,-0.522,2419,0
1516303,3.974,9.878,-2.653,0.095,-0.227,-0.500,2423,0
1516323,4.997,10.154,-2.282,0.046,-0.212,-0.418,2426,0
1516343,4.791,10.613,-2.095,-0.047,-0.157,-0.286,2429,0
1516363,4.343,10.374,-1.918,-0.029,-0.062,-0.152,2431,0
1516383,4.408,10.125,-1.937,0.004,-0.039,-0.043,2433,0
1516403,4.353,9.862,-1.846,0.018,-0.011,0.035,2436,0
1516423,4.262,9.534,-1.654,0.008,0.013,0.084,2437,0
1516443,4.202,9.117,-1.585,0.014,-0.012,0.119,2438,0
1516463,4.209,8.796,-1.556,0.031,-0.031,0.126,2441,0
1516483,4.192,8.543,-1.535,0.034,-0.022,0.115,2443,0
1516503,4.221,8.420,-1.513,0.041,-0.010,0.095,2444,0
1516523,4.353,8.370,-1.535,0.046,-0.035,0.077,2444,0
1516543,4.424,8.430,-1.571,0.037,-0.043,0.048,2446,0
1516563,4.496,8.574,-1.630,0.011,-0.042,0.033,2447,0
1516583,4.503,8.825,-1.595,0.009,-0.034,0.034,2448,0
1516603,4.446,9.191,-1.580,0.025,-0.006,0.027,2448,0
1516623,4.360,9.304,-1.551,0.016,0.008,0.042,2447,0
1516643,4.271,9.347,-1.595,0.046,-0.011,0.088,2448,0
1516663,4.288,9.225,-1.623,0.061,-0.020,0.128,2450,0
1516683,4.360,8.981,-1.607,0.086,-0.017,0.184,2451,0
1516703,4.427,8.803,-1.664,0.067,-0.011,0.218,2450,0
1516723,4.489,8.507,-1.626,0.037,-0.008,0.230,2452,0
1516743,4.585,8.241,-1.642,0.011,-0.004,0.218,2452,0
1516763,4.623,8.104,-1.571,0.001,-0.007,0.200,2451,0
1516783,4.633,8.009,-1.607,0.025,-0.034,0.185,2452,0
1516803,4.640,8.035,-1.688,0.069,-0.055,0.162,2455,0
1516823,4.626,7.908,-1.765,0.114,-0.051,0.133,2455,0
1516843,4.594,7.860,-1.753,0.133,-0.038,0.099,2455,0
1516863,4.331,8.030,-1.832,0.111,-0.023,0.092,2455,12
1516883,4.159,8.006,-1.729,0.119,0.086,0.072,2457,0
1516903,3.994,8.013,-2.119,0.160,-0.013,-0.019,2456,0
1516923,4.906,7.872,-1.889,0.131,-0.076,-0.100,2459,0
1516943,5.361,8.282,-1.302,0.081,-0.021,-0.080,2459,0
1516963,4.664,8.813,-1.367,0.063,0.074,-0.028,2461,0
1516983,3.991,8.667,-2.037,0.089,0.060,-0.037,2460,14
1517003,4.468,8.272,-2.181,0.093,-0.015,-0.110,2462,0
1517023,5.399,8.418,-1.444,0.016,0.001,-0.110,2462,0
1517043,4.697,8.973,-1.300,-0.013,0.124,-0.005,2462,0
1517063,4.235,8.600,-1.915,0.013,0.063,-0.013,2462,0
1517083,5.054,8.188,-1.800,-0.004,-0.025,-0.072,2462,0
1517103,5.614,8.507,-1.063,-0.086,0.017,-0.054,2464,0
1517123,4.714,8.928,-1.166,-0.086,0.091,0.008,2463,0
1517143,4.077,8.681,-1.800,-0.019,0.029,-0.000,2464,0
1517163,4.781,8.315,-1.784,0.015,-0.078,-0.042,2466,0
1517183,5.397,8.696,-1.111,-0.009,-0.051,0.004,2466,0
1517203,4.518,9.048,-1.305,0.007,0.025,0.074,2466,0
1517223,3.895,8.619,-2.037,0.070,-0.022,0.063,2465,0
1517243,4.614,8.198,-1.853,0.062,-0.080,0.002,2466,0
1517263,5.095,8.535,-1.075,0.011,-0.015,0.012,2467,0
1517283,4.281,8.837,-1.235,0.021,0.060,0.054,2468,0
1517303,3.728,8.401,-1.949,0.076,-0.004,0.020,2466,0
1517323,4.650,7.958,-1.798,0.083,-0.085,-0.049,2467,0
1517343,4.937,8.327,-1.506,0.100,-0.080,-0.056,2468,0
1517363,4.621,8.377,-1.178,0.088,0.014,-0.067,2468,0
1517383,4.664,8.444,-1.367,0.080,0.015,-0.081,2470,0
1517403,4.707,8.554,-1.398,0.061,-0.008,-0.083,2469,0
1517423,4.755,8.600,-1.369,0.047,-0.021,-0.064,2471,0
1517443,4.788,8.679,-1.415,0.035,-0.026,-0.037,2470,0
1517463,4.824,8.751,-1.393,0.033,-0.042,-0.016,2470,0
1517483,4.831,8.780,-1.475,0.039,-0.054,-0.008,2470,0
1517503,4.817,8.830,-1.559,0.050,-0.045,0.014,2470,0
1517523,4.743,8.732,-1.592,0.036,-0.043,0.031,2469,0
1517543,4.743,8.511,-1.580,0.030,-0.050,0.045,2469,0
1517563,4.700,8.368,-1.602,0.047,-0.062,0.043,2469,0
1517583,4.669,8.315,-1.666,0.048,-0.044,0.030,2469,0
1517603,4.602,8.315,-1.674,0.043,-0.028,0.019,2470,0
1517623,4.542,8.317,-1.611,0.041,-0.019,0.004,2471,0
1517643,4.532,8.337,-1.604,0.032,-0.018,-0.010,2471,0
1517663,4.554,8.365,-1.587,0.022,-0.016,-0.021,2472,0
1517683,4.539,8.408,-1.544,0.017,-0.011,-0.027,2473,0
1517703,4.513,8.497,-1.504,0.021,-0.018,-0.030,2472,0
1517723,4.599,8.528,-1.425,0.027,-0.041,-0.024,2472,0
1517743,4.724,8.590,-1.441,0.039,-0.047,-0.031,2472,0
1517763,4.702,8.696,-1.499,0.039,-0.036,-0.046,2473,0
1517783,4.638,8.830,-1.501,0.030,-0.032,-0.042,2471,0
1517803,4.599,8.851,-1.525,0.031,-0.027,-0.018,2472,0
1517823,4.614,8.722,-1.523,0.036,-0.030,0.003,2474,0
1517843,4.638,8.559,-1.477,0.035,-0.038,0.009,2473,0
1517863,4.671,8.487,-1.463,0.039,-0.044,0.003,2469,0
1517883,4.685,8.468,-1.475,0.039,-0.044,-0.001,2473,0
1517903,4.654,8.550,-1.470,0.051,-0.037,-0.001,2474,0
1517923,4.650,8.610,-1.518,0.036,-0.038,0.002,2474,0
1517943,4.676,8.590,-1.484,0.022,-0.040,0.005,2474,0
1517963,4.693,8.574,-1.501,0.023,-0.045,0.010,2474,0
1517983,4.671,8.545,-1.528,0.024,-0.050,0.010,2473,0
1518003,4.650,8.586,-1.547,0.038,-0.052,0.010,2474,0
1518023,4.654,8.521,-1.563,0.048,-0.035,0.008,2474,0
1518043,4.621,8.473,-1.587,0.056,-0.015,0.009,2474,0
1518063,4.568,8.423,-1.561,0.029,-0.013,-0.001,2474,0
1518083,4.554,8.418,-1.504,0.035,-0.022,-0.006,2475,0
1518103,4.592,8.471,-1.496,0.056,-0.022,-0.011,2475,0
1518123,4.568,8.497,-1.496,0.056,-0.014,-0.025,2474,0
1518143,4.590,8.562,-1.482,0.056,-0.022,-0.023,2475,0
1518163,4.628,8.605,-1.484,0.062,-0.026,-0.025,2476,0
