4443284,5.203,7.329,3.850,0.038,-0.039,-0.000,2421,0
4443303,5.183,7.367,3.802,0.056,-0.035,-0.001,2420,0
4443323,5.152,7.403,3.795,0.054,-0.032,0.003,2421,0
4443343,5.143,7.403,3.864,0.033,-0.034,-0.003,2421,0
4443363,5.188,7.312,3.874,0.022,-0.044,-0.012,2422,0
4443383,5.222,7.295,3.809,0.044,-0.048,-0.016,2420,0
4443404,5.236,7.410,3.761,0.062,-0.043,-0.011,2422,0
4443423,5.205,7.496,3.752,0.049,-0.038,-0.008,2421,0
4443443,5.188,7.477,3.771,0.020,-0.039,-0.005,2421,0
4443463,5.198,7.403,3.790,0.026,-0.039,-0.002,2420,0
4443483,5.243,7.420,3.761,0.059,-0.038,0.010,2420,0
4443504,5.239,7.444,3.778,0.053,-0.030,0.013,2423,0
4443523,5.212,7.350,3.869,0.048,-0.033,0.005,2421,0
4443543,5.210,7.424,3.833,0.050,-0.044,0.005,2420,0
4443563,5.250,7.377,3.761,0.046,-0.047,0.011,2422,0
4443583,5.234,7.343,3.718,0.046,-0.036,0.006,2419,0
4443603,5.227,7.362,3.711,0.039,-0.028,0.006,2420,0
4443623,5.176,7.321,3.807,0.036,-0.026,-0.000,2420,0
4443644,5.176,7.307,3.833,0.044,-0.038,-0.005,2421,0
4443663,5.193,7.314,3.800,0.055,-0.039,-0.009,2421,0
4443683,5.210,7.377,3.754,0.053,-0.038,-0.009,2421,0
4443703,5.205,7.417,3.764,0.041,-0.030,-0.009,2422,0
4443723,5.164,7.403,3.833,0.033,-0.029,-0.007,2421,0
4443743,5.179,7.362,3.816,0.036,-0.039,-0.003,2420,0
4443763,5.229,7.357,3.754,0.047,-0.041,-0.009,2421,0
4443783,5.260,7.403,3.733,0.046,-0.031,-0.015,2421,0
4443803,5.207,7.441,3.790,0.039,-0.024,-0.016,2421,0
4443823,5.181,7.422,3.819,0.039,-0.031,-0.008,2421,0
4443843,5.229,7.353,3.761,0.041,-0.038,-0.007,2420,0
4443863,5.258,7.348,3.711,0.053,-0.037,-0.005,2421,0
4443883,5.267,7.396,3.713,0.058,-0.026,-0.005,2420,0
4443903,5.255,7.400,3.721,0.048,-0.021,-0.007,2421,0
4443924,5.212,7.446,3.745,0.042,-0.018,-0.007,2422,0
4443943,5.205,7.451,3.780,0.039,-0.017,-0.003,2420,0
4443963,5.234,7.439,3.802,0.040,-0.015,0.005,2421,0
4443983,5.243,7.405,3.857,0.036,-0.013,0.005,2421,0
4444003,5.231,7.355,3.871,0.029,-0.018,-0.001,2420,0
4444023,5.205,7.410,3.905,0.038,-0.025,-0.003,2421,0
4444043,5.191,7.441,3.804,0.050,-0.030,0.002,2421,0
4444063,5.203,7.475,3.785,0.037,-0.028,0.007,2423,0
4444083,5.231,7.405,3.814,0.017,-0.019,0.005,2421,0
4444103,5.191,7.384,3.780,0.023,-0.023,0.003,2421,0
4444123,5.241,7.391,3.776,0.031,-0.027,0.008,2421,0
4444143,5.248,7.348,3.776,0.026,-0.023,0.007,2424,0
4444163,5.227,7.338,3.821,0.025,-0.024,0.002,2422,0
4444183,5.210,7.377,3.788,0.035,-0.026,0.006,2421,0
4444203,5.219,7.408,3.788,0.034,-0.021,0.011,2421,0
4444223,5.219,7.391,3.852,0.032,-0.018,0.009,2421,0
4444243,5.217,7.345,3.864,0.027,-0.023,0.007,2420,0
4444263,5.241,7.329,3.831,0.037,-0.029,0.010,2421,0
4444283,5.236,7.343,3.816,0.047,-0.028,0.007,2421,0
4444303,5.248,7.353,3.833,0.044,-0.027,0.005,2421,0
4444324,5.191,7.362,3.867,0.032,-0.035,-0.002,2421,0
4444343,5.183,7.384,3.874,0.038,-0.040,0.005,2420,0
4444363,5.188,7.446,3.749,0.049,-0.033,0.013,2420,0
4444383,5.229,7.429,3.757,0.038,-0.022,0.015,2419,0
4444403,5.186,7.353,3.876,0.015,-0.018,0.011,2421,0
4444423,5.171,7.331,3.891,0.018,-0.029,0.006,2420,0
4444443,5.217,7.326,3.852,0.039,-0.035,0.017,2421,0
4444463,5.227,7.309,3.838,0.047,-0.033,0.017,2421,0
4444483,5.191,7.338,3.831,0.041,-0.029,0.003,2421,0
4444503,5.217,7.309,3.838,0.025,-0.031,-0.003,2421,0
4444524,5.246,7.324,3.816,0.028,-0.027,-0.000,2421,0
4444543,5.234,7.389,3.831,0.031,-0.018,0.000,2420,0
4444563,5.169,7.405,3.855,0.019,-0.017,0.007,2421,0
4444583,5.181,7.345,3.883,0.023,-0.026,0.007,2419,0
4444603,5.243,7.314,3.893,0.038,-0.037,0.011,2419,0
4444623,5.301,7.333,3.821,0.045,-0.036,0.015,2419,0
4444643,5.289,7.365,3.816,0.037,-0.028,0.010,2421,0
4444663,5.212,7.439,3.893,0.021,-0.024,0.012,2420,0
4444683,5.227,7.341,3.898,0.023,-0.034,0.020,2421,0
4444703,5.286,7.329,3.855,0.041,-0.030,0.024,2420,0
4444724,5.272,7.286,3.876,0.038,-0.026,0.018,2421,0
4444743,5.224,7.257,3.915,0.031,-0.034,0.008,2420,0
4444764,5.191,7.257,3.912,0.036,-0.044,0.005,2421,0
4444783,5.171,7.281,3.845,0.045,-0.046,0.010,2423,0
4444803,5.198,7.309,3.826,0.046,-0.040,0.012,2423,0
4444823,5.188,7.295,3.840,0.036,-0.034,0.010,2421,0
4444843,5.219,7.226,3.888,0.033,-0.038,0.002,2420,0
4444863,5.239,7.214,3.864,0.040,-0.039,-0.004,2419,0
4444884,5.234,7.247,3.864,0.045,-0.040,-0.005,2421,0
4444903,5.236,7.305,3.874,0.048,-0.038,-0.003,2423,0
4444923,5.239,7.336,3.922,0.039,-0.042,-0.009,2422,0
4444943,5.260,7.331,3.898,0.037,-0.038,-0.007,2422,0
4444963,5.279,7.307,3.843,0.043,-0.037,-0.000,2421,0
4444983,5.262,7.331,3.857,0.042,-0.029,0.001,2420,0
4445004,5.241,7.286,3.926,0.033,-0.029,-0.004,2421,0
4445023,5.239,7.288,3.950,0.035,-0.037,-0.005,2422,0
4445043,5.246,7.290,3.888,0.044,-0.046,-0.006,2425,0
4445063,5.239,7.374,3.836,0.056,-0.044,-0.004,2425,0
4445083,5.274,7.329,3.836,0.039,-0.038,0.004,2426,0
4445103,5.234,7.245,3.836,0.030,-0.034,-0.002,2426,0
4445124,5.229,7.254,3.855,0.039,-0.039,-0.003,2426,0
4445143,5.234,7.259,3.800,0.048,-0.034,-0.002,2424,0
4445163,5.191,7.254,3.802,0.044,-0.032,-0.013,2425,0
4445183,5.224,7.283,3.874,0.045,-0.035,-0.022,2424,0
4445203,5.270,7.307,3.840,0.047,-0.034,-0.022,2426,0
4445223,5.284,7.305,3.792,0.045,-0.029,-0.018,2424,0
4445243,5.274,7.341,3.816,0.048,-0.019,-0.012,2425,0
4445264,5.212,7.319,3.876,0.044,-0.023,-0.012,2425,0
4445283,5.219,7.278,3.905,0.045,-0.034,-0.014,2423,0
4445303,5.289,7.319,3.845,0.066,-0.038,-0.013,2425,0
4445323,5.325,7.396,3.766,0.070,-0.024,-0.006,2425,0
4445343,5.298,7.410,3.826,0.039,-0.010,-0.009,2425,0
4445363,5.222,7.355,3.926,0.019,-0.010,-0.015,2424,0
4445383,5.191,7.307,3.965,0.043,-0.024,-0.005,2425,0
4445403,5.255,7.319,3.898,0.069,-0.031,0.002,2425,0
4445423,5.255,7.362,3.847,0.050,-0.030,-0.006,2424,0
4445444,5.210,7.355,3.867,0.028,-0.029,-0.009,2426,0
4445463,5.198,7.317,3.931,0.036,-0.030,-0.003,2425,0
4445483,5.203,7.309,3.907,0.042,-0.034,-0.004,2426,0
4445503,5.227,7.324,3.879,0.041,-0.037,-0.007,2426,0
4445523,5.241,7.309,3.895,0.029,-0.038,-0.007,2424,0
4445543,5.248,7.259,3.917,0.031,-0.039,-0.013,2424,0
4445563,5.207,7.309,3.919,0.050,-0.043,-0.013,2424,0
4445583,5.231,7.341,3.843,0.049,-0.046,-0.007,2425,0
4445603,5.253,7.362,3.802,0.044,-0.038,-0.006,2425,0
4445624,5.246,7.353,3.795,0.035,-0.031,-0.005,2425,0
4445643,5.246,7.343,3.886,0.035,-0.031,-0.009,2423,0
4445663,5.234,7.321,3.879,0.037,-0.033,-0.011,2426,0
4445683,5.246,7.353,3.864,0.044,-0.030,-0.005,2425,0
4445703,5.231,7.362,3.869,0.038,-0.031,0.003,2425,0
4445723,5.224,7.345,3.948,0.042,-0.033,0.007,2424,0
4445743,5.250,7.355,3.950,0.052,-0.029,0.006,2423,0
4445763,5.265,7.393,3.859,0.058,-0.028,0.006,2425,0
4445783,5.198,7.379,3.821,0.050,-0.028,-0.001,2422,0
4445803,5.195,7.302,3.833,0.031,-0.033,-0.003,2423,0
4445823,5.174,7.230,3.907,0.033,-0.035,0.002,2425,0
4445843,5.191,7.199,3.893,0.057,-0.040,-0.001,2423,0
4445863,5.246,7.252,3.771,0.063,-0.035,-0.007,2423,0
4445883,5.212,7.341,3.749,0.046,-0.015,-0.010,2424,0
4445903,5.193,7.338,3.804,0.030,-0.005,-0.008,2425,0
4445923,5.186,7.271,3.917,0.025,-0.005,-0.010,2422,0
4445943,5.215,7.216,3.962,0.039,-0.021,-0.011,2422,0
4445963,5.260,7.276,3.941,0.054,-0.030,-0.015,2425,0
4445983,5.262,7.374,3.893,0.056,-0.029,-0.018,2423,0
4446003,5.260,7.427,3.867,0.042,-0.023,-0.018,2421,0
4446023,5.236,7.453,3.912,0.030,-0.021,-0.012,2423,0
4446043,5.236,7.365,3.917,0.029,-0.023,-0.009,2423,0
4446064,5.224,7.379,3.960,0.042,-0.025,-0.001,2421,0
4446083,5.205,7.417,3.907,0.032,-0.034,0.005,2422,0
4446103,5.193,7.331,3.941,0.027,-0.038,-0.002,2423,0
4446123,5.171,7.314,3.922,0.030,-0.048,-0.005,2422,0
4446143,5.215,7.281,3.881,0.040,-0.052,-0.003,2422,0
4446164,5.210,7.290,3.792,0.045,-0.042,0.000,2421,0
4446183,5.179,7.345,3.812,0.038,-0.026,-0.000,2422,0
4446203,5.183,7.266,3.886,0.020,-0.023,-0.007,2420,0
4446223,5.207,7.312,3.903,0.018,-0.033,-0.012,2422,0
4446243,5.231,7.333,3.857,0.044,-0.038,-0.012,2422,0
4446263,5.246,7.515,3.812,0.054,-0.038,-0.002,2423,0
4446283,5.267,7.523,3.718,-0.034,-0.015,0.006,2422,0
4446303,5.262,7.348,3.883,-0.094,0.010,-0.010,2423,0
4446323,5.198,6.958,4.001,-0.110,0.026,-0.022,2422,0
4446344,5.198,7.257,3.972,0.031,-0.002,0.018,2423,0
4446363,5.222,7.324,3.991,0.047,-0.010,0.032,2423,0
4446384,5.198,7.367,4.085,0.031,-0.018,0.017,2424,0
4446403,5.191,7.441,4.051,-0.019,-0.039,0.023,2424,0
4446423,5.193,7.302,3.974,-0.029,-0.044,0.031,2426,0
4446443,5.236,7.156,3.910,-0.025,-0.040,0.019,2425,0
4446463,5.234,7.180,3.967,0.010,-0.023,0.017,2427,0
4446483,5.164,7.254,3.972,0.011,-0.018,0.022,2425,0
4446503,5.181,7.106,4.065,-0.024,-0.033,0.003,2425,0
4446523,5.186,7.037,4.044,-0.012,-0.040,-0.015,2425,0
4446543,5.171,7.144,4.017,0.031,-0.038,-0.014,2425,0
4446563,5.212,7.295,4.061,0.080,-0.031,-0.009,2425,0
4446583,5.217,7.372,4.039,0.019,-0.030,-0.006,2424,0
4446603,5.219,7.259,4.085,-0.005,-0.040,-0.014,2425,0
4446623,5.243,7.161,4.027,-0.002,-0.048,-0.017,2424,0
4446644,5.253,7.137,4.025,0.046,-0.043,-0.012,2425,0
4446663,5.229,7.302,3.986,0.093,-0.031,0.001,2426,0
4446683,5.224,7.302,4.015,0.079,-0.024,-0.000,2425,0
4446703,5.272,7.365,4.005,0.077,-0.028,-0.006,2424,0
4446723,5.274,7.283,3.955,0.035,-0.028,-0.006,2425,0
4446743,5.236,7.276,4.001,0.037,-0.022,-0.009,2422,0
4446763,5.191,7.226,4.061,0.034,-0.018,-0.004,2424,0
4446783,5.152,7.149,4.101,0.042,-0.027,0.002,2424,0
4446803,5.207,7.168,4.070,0.060,-0.033,-0.003,2425,0
4446823,5.191,7.242,4.003,0.064,-0.038,-0.003,2425,0
4446843,5.219,7.312,4.032,0.064,-0.039,-0.008,2424,0
4446863,5.215,7.293,4.037,0.030,-0.038,-0.015,2422,0
4446883,5.212,7.252,4.037,0.025,-0.039,-0.016,2424,0
4446903,5.200,7.302,3.977,0.045,-0.039,-0.009,2425,0
4446923,5.219,7.252,3.979,0.042,-0.035,-0.001,2423,0
4446943,5.243,7.195,4.034,0.040,-0.031,-0.007,2423,0
4446963,5.255,7.247,4.022,0.051,-0.036,-0.013,2424,0
4446983,5.258,7.283,3.982,0.051,-0.041,-0.014,2424,0
4447003,5.219,7.314,4.020,0.039,-0.036,-0.013,2422,0
4447023,5.167,7.307,4.056,0.039,-0.033,-0.009,2423,0
4447043,5.186,7.252,4.044,0.053,-0.037,0.003,2423,0
4447063,5.217,7.288,4.037,0.085,-0.037,0.011,2423,0
4447084,5.239,7.264,3.982,0.042,-0.036,0.009,2424,0
4447104,5.217,7.171,4.020,0.023,-0.036,-0.005,2426,0
4447123,5.191,7.214,4.017,0.047,-0.035,-0.012,2423,0
4447143,5.169,7.288,4.010,0.054,-0.033,-0.007,2424,0
4447163,5.164,7.286,3.958,0.046,-0.027,-0.004,2424,0
4447183,5.205,7.259,4.017,0.039,-0.021,-0.001,2424,0
4447203,5.203,7.238,4.075,0.028,-0.021,-0.001,2424,0
4447223,5.198,7.130,4.140,0.023,-0.035,-0.012,2424,0
4447243,5.205,7.192,4.104,0.055,-0.049,-0.017,2425,0
4447263,5.183,7.326,3.986,0.076,-0.049,-0.010,2424,0
4447283,5.203,7.329,3.915,0.052,-0.043,-0.013,2422,0
4447303,5.198,7.288,3.953,0.019,-0.033,-0.019,2425,0
4447323,5.229,7.216,4.061,0.035,-0.035,-0.012,2425,0
4447343,5.231,7.242,4.020,0.060,-0.039,-0.008,2424,0
4447363,5.224,7.264,3.982,0.056,-0.048,-0.010,2425,0
4447384,5.239,7.247,3.900,0.047,-0.042,-0.010,2423,0
4447403,5.198,7.312,3.941,0.052,-0.031,-0.007,2423,0
4447423,5.205,7.333,3.948,0.058,-0.030,-0.001,2425,0
4447443,5.241,7.288,3.984,0.052,-0.021,-0.001,2424,0
4447463,5.207,7.286,4.034,0.046,-0.015,-0.004,2425,0
4447483,5.195,7.305,4.068,0.043,-0.021,-0.003,2422,0
4447503,5.236,7.295,4.111,0.048,-0.026,-0.002,2424,0
4447523,5.205,7.283,4.089,0.051,-0.029,0.000,2422,0
4447543,5.169,7.288,4.073,0.044,-0.033,-0.004,2422,0
4447564,5.145,7.250,4.065,0.025,-0.044,-0.010,2424,0
4447583,5.176,7.230,4.039,0.044,-0.045,-0.006,2424,0
4447603,5.210,7.281,3.926,0.063,-0.034,-0.001,2423,0
4447623,5.198,7.305,3.953,0.047,-0.023,-0.005,2425,0
4447643,5.152,7.204,4.056,0.017,-0.027,-0.017,2423,0
4447663,5.176,7.163,4.092,0.039,-0.041,-0.016,2424,0
4447684,5.207,7.204,4.068,0.061,-0.054,-0.015,2425,0
4447703,5.200,7.319,3.979,0.073,-0.040,-0.015,2425,0
4447723,5.160,7.417,3.948,0.040,-0.034,-0.011,2426,0
4447743,5.215,7.341,4.029,0.021,-0.032,-0.006,2426,0
4447763,5.284,7.295,4.166,0.031,-0.037,-0.011,2425,0
4447784,5.282,7.369,4.207,0.040,-0.052,-0.017,2426,0
4447803,5.174,7.549,4.247,0.056,-0.077,-0.005,2426,0
4447823,5.066,7.551,4.096,0.067,-0.107,0.027,2425,0
4447843,5.100,7.350,3.900,0.083,-0.124,0.056,2427,0
4447864,5.195,7.140,3.725,0.091,-0.120,0.068,2426,0
4447883,5.250,7.013,3.764,0.092,-0.106,0.042,2425,0
4447903,5.210,6.998,3.819,0.093,-0.096,0.019,2425,0
4447923,5.104,7.171,3.979,0.133,-0.093,0.017,2423,0
4447943,5.037,7.369,4.077,0.122,-0.091,0.022,2425,0
4447963,5.102,7.489,4.123,0.108,-0.109,0.037,2426,0
4447983,5.227,7.501,4.202,0.122,-0.111,0.044,2425,0
4448003,5.310,7.537,4.243,0.166,-0.115,0.059,2425,0
4448023,5.301,7.561,4.228,0.201,-0.136,0.087,2424,0
4448044,5.334,7.532,4.214,0.200,-0.165,0.112,2424,0
4448063,5.356,7.446,4.075,0.181,-0.174,0.119,2426,0
4448083,5.423,7.372,3.905,0.161,-0.173,0.121,2425,0
4448103,5.555,7.235,3.725,0.144,-0.161,0.113,2425,0
4448123,5.696,7.245,3.675,0.144,-0.139,0.098,2425,0
4448143,5.698,7.257,3.615,0.140,-0.122,0.082,2426,0
4448163,5.657,7.405,3.534,0.140,-0.120,0.077,2427,0
4448183,5.519,7.506,3.378,0.148,-0.112,0.100,2426,0
4448203,5.497,7.511,3.294,0.143,-0.096,0.128,2429,0
4448223,5.437,7.379,3.357,0.123,-0.083,0.139,2426,0
4448243,5.509,7.154,3.390,0.120,-0.101,0.140,2425,0
4448263,5.799,7.022,3.254,0.136,-0.099,0.133,2425,0
4448283,5.995,7.077,3.141,0.132,-0.055,0.109,2426,0
4448303,6.005,7.147,3.275,0.082,-0.016,0.078,2425,0
4448323,5.873,7.317,3.606,0.067,-0.006,0.060,2425,0
4448343,5.777,7.424,3.749,0.064,-0.040,0.070,2426,0
4448363,5.696,7.444,3.704,0.060,-0.076,0.090,2426,0
4448383,5.564,7.465,3.603,0.072,-0.111,0.113,2426,0
4448403,5.480,7.362,3.503,0.084,-0.140,0.143,2425,0
4448423,5.555,7.099,3.333,0.099,-0.171,0.163,2426,0
4448443,5.710,6.800,3.124,0.095,-0.176,0.150,2426,0
4448463,5.820,6.608,2.940,0.092,-0.154,0.116,2426,0
4448483,5.839,6.632,2.916,0.088,-0.118,0.078,2427,0
4448503,5.799,6.697,3.026,0.056,-0.098,0.038,2426,0
4448523,5.801,6.840,3.079,0.053,-0.094,0.008,2426,0
4448543,5.871,7.032,3.017,0.059,-0.080,-0.000,2423,0
4448563,5.911,7.111,3.067,0.049,-0.052,-0.005,2425,0
4448583,5.945,7.183,3.134,0.029,-0.036,-0.007,2425,0
4448603,5.966,7.242,3.218,0.021,-0.022,0.002,2426,0
4448623,5.966,7.278,3.215,0.027,-0.007,0.015,2427,0
4448643,5.923,7.326,3.323,0.011,0.002,0.024,2426,0
4448663,5.861,7.195,3.474,-0.025,-0.006,0.025,2425,0
4448683,5.878,7.075,3.515,-0.008,-0.026,0.032,2427,0
4448703,5.909,7.037,3.364,0.013,-0.026,0.040,2426,0
4448723,5.895,6.922,3.347,0.005,-0.021,0.036,2427,0
4448743,5.832,6.843,3.388,-0.013,-0.019,0.015,2426,0
4448763,5.792,6.874,3.347,-0.018,-0.026,-0.005,2426,0
4448783,5.818,6.938,3.259,-0.021,-0.021,-0.013,2426,0
4448803,5.844,7.063,3.218,0.003,-0.011,-0.019,2428,0
4448823,5.823,7.259,3.323,0.002,0.002,-0.017,2428,0
4448843,5.873,7.350,3.270,-0.009,0.001,-0.010,2425,0
4448863,5.916,7.331,3.347,-0.021,0.002,0.008,2425,0
4448883,5.904,7.235,3.400,-0.019,0.010,0.019,2425,0
4448903,5.868,7.128,3.529,-0.007,0.006,0.030,2426,0
4448923,5.830,6.955,3.539,0.002,-0.005,0.033,2424,0
4448943,5.861,6.847,3.517,0.010,-0.022,0.033,2425,0
4448963,5.885,6.723,3.395,0.015,-0.024,0.026,2425,0
4448983,5.928,6.642,3.263,0.015,-0.010,0.012,2425,0
4449003,5.892,6.622,3.297,0.004,0.005,-0.004,2426,0
4449023,5.849,6.589,3.333,-0.004,0.015,-0.031,2422,0
4449043,5.799,6.685,3.328,0.013,0.026,-0.054,2424,0
4449063,5.715,6.912,3.311,0.036,0.040,-0.059,2427,0
4449083,5.624,7.046,3.414,0.034,0.054,-0.058,2425,0
4449103,5.610,6.986,3.510,0.008,0.057,-0.070,2423,0
4449123,5.787,6.958,3.584,0.006,0.052,-0.076,2425,0
4449143,5.854,7.068,3.608,-0.008,0.066,-0.084,2427,0
4449163,5.885,7.142,3.680,0.004,0.067,-0.087,2425,0
4449183,5.701,7.252,3.871,-0.025,0.067,-0.090,2426,0
4449203,5.600,7.163,3.996,-0.040,0.024,-0.086,2424,0
4449223,5.665,7.137,3.960,-0.012,-0.018,-0.069,2425,0
4449243,5.763,7.106,3.800,0.016,-0.042,-0.062,2425,0
4449263,5.789,7.099,3.642,0.013,-0.041,-0.061,2426,0
4449283,5.732,7.087,3.582,-0.005,-0.039,-0.063,2427,0
4449303,5.722,7.094,3.591,-0.001,-0.038,-0.059,2424,0
4449323,5.765,7.094,3.508,0.002,-0.030,-0.060,2427,0
4449343,5.780,7.106,3.536,0.009,-0.014,-0.063,2427,0
4449363,5.765,7.233,3.618,0.010,0.003,-0.066,2425,0
4449383,5.698,7.405,3.737,0.014,0.007,-0.056,2425,0
4449403,5.636,7.530,3.824,0.019,0.004,-0.030,2425,0
4449423,5.665,7.484,3.797,0.020,0.012,0.001,2424,0
4449443,5.722,7.283,3.845,0.002,0.012,0.017,2425,0
4449464,5.701,7.080,3.977,-0.022,0.014,0.014,2425,0
4449483,5.622,7.065,4.034,-0.021,-0.004,0.008,2426,0
4449503,5.523,6.905,4.058,-0.004,-0.044,0.017,2424,0
4449523,5.473,6.886,3.924,0.070,-0.076,0.034,2423,0
4449543,5.464,6.831,3.946,0.136,-0.101,0.050,2426,0
4449564,5.485,6.938,4.946,0.100,-0.364,0.069,2446,0
4449583,5.796,6.314,4.997,0.060,-0.744,0.052,2552,0
4449603,6.512,6.019,4.137,0.064,-1.042,-0.103,2749,0
4449623,7.051,6.591,1.681,0.695,-0.929,-0.192,3791,0
4449643,6.055,8.291,1.544,1.109,-0.738,-0.096,2977,0
4449663,5.543,9.637,0.558,0.917,-0.662,0.072,3057,0
4449683,4.367,7.250,0.673,0.448,-0.353,0.330,3121,0
4449703,5.169,6.804,1.369,0.311,-0.006,0.429,3202,3026
4449723,6.270,6.716,3.297,0.063,-0.073,0.249,3263,3981
4449743,6.962,6.304,2.988,0.026,0.059,0.018,3296,4095
4449763,6.285,7.475,2.947,0.038,0.285,0.001,3302,4095
4449783,5.914,6.876,3.426,0.031,0.242,-0.060,3293,4095
4449803,6.646,7.961,3.321,0.137,0.241,0.006,3282,4095
4449823,5.535,7.432,3.273,0.063,0.260,-0.063,3273,4095
4449843,6.495,7.575,3.728,0.086,0.197,-0.002,3265,4095
4449864,5.274,7.597,3.354,0.061,0.108,0.045,3258,4095
4449883,6.060,7.171,3.610,0.056,-0.047,0.106,3253,4095
4449903,5.916,7.499,2.854,0.029,-0.103,0.173,3251,4095
4449923,5.997,6.524,2.727,0.034,-0.050,0.053,3246,4095
4449943,6.266,7.659,2.727,0.038,-0.020,0.100,3240,4095
4449963,5.392,6.215,2.897,-0.054,-0.005,0.015,3234,4095
4449983,6.467,7.329,2.988,0.045,-0.017,0.074,3232,4095
4450003,5.444,6.486,2.892,-0.011,-0.053,0.026,3222,4095
4450023,6.673,7.254,2.964,0.062,-0.027,0.022,3220,4095
4450043,5.799,7.321,3.041,0.007,-0.044,0.012,3215,4095
4450064,6.309,6.586,3.275,0.024,-0.105,-0.026,3213,4095
4450083,6.424,7.626,3.223,0.006,-0.240,0.056,3207,4095
4450103,5.509,6.754,2.926,-0.078,-0.294,0.003,3201,4095
4450123,6.970,7.535,2.825,-0.060,-0.267,0.052,3198,4095
4450143,6.163,7.623,2.720,-0.079,-0.168,0.046,3197,4095
4450163,6.177,7.092,2.832,-0.039,-0.137,0.047,3194,4095
4450183,6.366,7.037,2.698,0.020,-0.099,0.025,3192,4095
4450203,6.191,7.226,2.804,0.039,-0.050,-0.008,3191,4095
4450223,6.199,7.087,2.746,0.068,-0.032,-0.031,3189,4095
4450243,6.179,7.159,2.734,0.045,-0.015,-0.007,3185,4095
4450263,6.306,6.752,2.739,0.043,-0.017,0.005,3187,4095
4450283,6.328,6.869,2.727,0.104,0.037,-0.040,3183,4095
4450303,6.184,6.910,2.808,0.099,0.053,-0.069,3183,4095
4450323,6.093,7.032,2.871,0.100,0.025,-0.072,3182,4095
4450343,5.969,7.096,2.990,0.033,-0.040,-0.039,3180,4095
4450363,6.285,6.871,2.844,0.017,-0.074,-0.002,3178,4095
4450383,6.373,7.120,2.583,0.160,0.079,-0.058,3177,4095
4450403,5.993,7.379,2.686,0.135,0.177,-0.064,3171,4095
4450423,5.665,7.410,3.036,0.074,0.082,-0.038,3170,4095
4450443,5.820,7.132,3.249,0.018,-0.084,0.013,3169,4095
4450463,6.230,6.764,3.115,0.004,-0.169,0.034,3169,4095
4450483,6.033,6.991,3.122,0.024,-0.163,0.037,3171,4095
4450503,5.904,6.989,3.230,-0.036,-0.257,0.067,3170,4095
4450523,5.729,6.838,3.512,-0.094,-0.401,0.038,3178,4095
4450543,5.813,6.290,3.826,-0.124,-0.571,-0.027,3184,4095
4450563,6.148,6.692,3.512,-0.015,-0.659,-0.029,3191,4095
4450583,6.383,7.049,3.060,-0.007,-0.522,0.067,3192,3951
4450603,6.225,7.096,2.131,-0.087,-0.320,0.064,3170,3539
4450623,6.261,7.393,2.160,-0.166,-0.159,0.087,3138,2111
4450643,6.357,6.529,1.887,-0.213,0.127,-0.195,3063,0
4450663,5.883,6.883,1.714,-0.449,0.399,-0.600,2963,0
4450683,6.287,7.108,2.028,-0.493,0.511,-0.759,2793,0
4450703,7.034,7.796,1.602,-0.312,0.866,-0.638,2593,0
4450723,6.505,7.132,2.753,0.053,1.153,-0.335,2474,0
4450743,6.088,8.085,4.099,0.196,0.726,-0.065,2385,0
4450763,5.538,6.871,3.840,-0.071,0.400,-0.244,2310,0
4450783,4.503,6.646,5.222,-0.345,-0.036,-0.297,2280,0
4450803,5.883,7.365,4.997,-0.165,-0.265,-0.235,2270,0
4450823,5.286,7.235,2.550,0.359,-0.174,-0.140,2265,0
4450843,5.509,8.028,3.134,0.182,-0.160,0.025,2256,0
4450863,6.091,7.939,2.763,0.148,-0.154,-0.079,2252,0
4450883,5.023,7.403,2.720,-0.132,-0.050,-0.066,2250,0
4450903,6.433,7.764,3.309,-0.120,0.020,-0.075,2250,0
4450923,4.860,7.034,2.705,0.068,0.099,-0.122,2253,0
4450943,5.578,7.654,3.843,-0.115,-0.055,0.046,2255,0
4450963,5.808,7.125,3.134,0.167,-0.098,-0.022,2257,0
4450983,5.155,7.144,3.285,0.019,-0.052,0.023,2258,0
4451003,6.402,7.776,3.517,0.076,-0.063,0.000,2264,0
