4431503,5.236,7.369,3.874,0.048,-0.019,0.002,2402,0
4431523,5.294,7.386,3.831,0.052,-0.022,0.003,2403,0
4431543,5.296,7.377,3.859,0.043,-0.018,-0.002,2402,0
4431563,5.241,7.365,3.912,0.041,-0.027,0.001,2401,0
4431583,5.229,7.369,3.895,0.049,-0.034,0.006,2401,0
4431603,5.203,7.377,3.864,0.044,-0.029,0.005,2400,0
4431623,5.157,7.348,3.895,0.031,-0.034,-0.005,2402,0
4431643,5.174,7.295,3.881,0.043,-0.043,-0.001,2402,0
4431663,5.207,7.295,3.850,0.061,-0.049,-0.002,2403,0
4431683,5.227,7.360,3.802,0.055,-0.045,-0.004,2401,0
4431704,5.169,7.321,3.802,0.030,-0.035,-0.012,2402,0
4431724,5.191,7.300,3.852,0.036,-0.044,-0.010,2403,0
4431743,5.198,7.286,3.833,0.041,-0.050,-0.012,2403,0
4431763,5.239,7.343,3.821,0.060,-0.055,-0.007,2401,0
4431783,5.284,7.365,3.754,0.044,-0.050,-0.014,2400,0
4431803,5.274,7.331,3.795,0.027,-0.041,-0.023,2401,0
4431823,5.222,7.357,3.809,0.032,-0.039,-0.022,2401,0
4431843,5.255,7.393,3.783,0.050,-0.039,-0.006,2402,0
4431863,5.250,7.441,3.733,0.052,-0.030,-0.008,2402,0
4431883,5.239,7.434,3.771,0.039,-0.027,-0.006,2402,0
4431903,5.234,7.412,3.831,0.037,-0.034,-0.004,2401,0
4431923,5.205,7.379,3.883,0.044,-0.043,0.003,2402,0
4431943,5.248,7.355,3.821,0.052,-0.050,0.006,2403,0
4431963,5.250,7.338,3.764,0.055,-0.042,0.006,2402,0
4431983,5.200,7.321,3.778,0.046,-0.039,-0.001,2402,0
4432003,5.205,7.350,3.788,0.038,-0.039,-0.013,2401,0
4432023,5.236,7.331,3.766,0.038,-0.033,-0.019,2402,0
4432043,5.236,7.357,3.742,0.044,-0.027,-0.015,2402,0
4432063,5.198,7.341,3.790,0.042,-0.028,-0.010,2403,0
4432083,5.174,7.350,3.855,0.038,-0.036,-0.011,2402,0
4432103,5.224,7.305,3.802,0.040,-0.050,-0.010,2401,0
4432123,5.294,7.333,3.740,0.058,-0.044,-0.011,2402,0
4432143,5.248,7.420,3.709,0.062,-0.028,-0.011,2402,0
4432163,5.255,7.412,3.713,0.034,-0.024,-0.014,2402,0
4432183,5.294,7.432,3.783,0.023,-0.024,-0.014,2402,0
4432203,5.262,7.405,3.780,0.034,-0.019,-0.010,2401,0
4432223,5.255,7.398,3.843,0.052,-0.019,-0.001,2402,0
4432244,5.217,7.400,3.864,0.050,-0.031,-0.005,2403,0
4432263,5.181,7.379,3.871,0.052,-0.050,-0.011,2402,0
4432283,5.212,7.432,3.730,0.068,-0.053,-0.003,2403,0
4432303,5.212,7.415,3.709,0.067,-0.032,0.010,2402,0
4432323,5.145,7.424,3.812,0.036,-0.018,0.005,2403,0
4432343,5.131,7.350,3.895,0.011,-0.029,0.001,2402,0
4432363,5.181,7.281,3.847,0.036,-0.038,0.003,2404,0
4432383,5.227,7.286,3.778,0.060,-0.035,0.003,2405,0
4432403,5.205,7.357,3.740,0.051,-0.030,-0.003,2404,0
4432423,5.193,7.377,3.790,0.029,-0.033,-0.010,2403,0
4432444,5.203,7.345,3.792,0.033,-0.035,-0.007,2404,0
4432463,5.255,7.372,3.776,0.046,-0.031,-0.003,2405,0
4432483,5.274,7.365,3.800,0.040,-0.026,-0.007,2403,0
4432503,5.243,7.350,3.836,0.037,-0.028,-0.015,2403,0
4432523,5.243,7.391,3.847,0.039,-0.033,-0.011,2404,0
4432543,5.236,7.436,3.773,0.045,-0.033,-0.006,2402,0
4432563,5.224,7.436,3.797,0.042,-0.029,-0.005,2405,0
4432583,5.183,7.412,3.826,0.040,-0.031,-0.002,2406,0
4432603,5.205,7.386,3.857,0.041,-0.042,-0.001,2404,0
4432623,5.227,7.331,3.776,0.043,-0.045,0.002,2404,0
4432643,5.231,7.360,3.749,0.059,-0.040,0.006,2404,0
4432663,5.155,7.367,3.740,0.057,-0.033,0.003,2405,0
4432683,5.171,7.391,3.768,0.037,-0.037,-0.006,2404,0
4432703,5.212,7.348,3.730,0.023,-0.033,-0.014,2406,0
4432723,5.250,7.307,3.737,0.037,-0.025,-0.012,2406,0
4432743,5.203,7.302,3.771,0.048,-0.018,-0.007,2407,0
4432763,5.155,7.341,3.883,0.046,-0.029,-0.008,2405,0
4432783,5.186,7.338,3.874,0.048,-0.045,-0.009,2406,0
4432803,5.253,7.389,3.778,0.057,-0.046,-0.010,2406,0
4432823,5.286,7.417,3.699,0.057,-0.033,-0.007,2407,0
4432843,5.248,7.458,3.761,0.043,-0.021,-0.009,2404,0
4432863,5.198,7.479,3.840,0.032,-0.021,-0.009,2407,0
4432883,5.200,7.420,3.867,0.032,-0.027,-0.003,2405,0
4432904,5.248,7.353,3.831,0.043,-0.031,0.002,2404,0
4432923,5.227,7.271,3.833,0.039,-0.033,-0.004,2404,0
4432943,5.150,7.288,3.871,0.036,-0.042,-0.014,2404,0
4432963,5.133,7.365,3.845,0.046,-0.050,-0.016,2404,0
4432983,5.164,7.429,3.790,0.047,-0.049,-0.014,2407,0
4433003,5.179,7.424,3.826,0.037,-0.046,-0.013,2405,0
4433023,5.195,7.367,3.838,0.029,-0.050,-0.012,2406,0
4433043,5.222,7.384,3.768,0.042,-0.050,-0.011,2408,0
4433063,5.210,7.477,3.699,0.052,-0.043,-0.005,2407,0
4433083,5.215,7.463,3.740,0.035,-0.040,-0.006,2404,0
4433103,5.215,7.384,3.785,0.032,-0.041,-0.005,2406,0
4433123,5.274,7.374,3.740,0.039,-0.041,-0.005,2405,0
4433143,5.270,7.357,3.730,0.046,-0.031,-0.006,2405,0
4433163,5.229,7.391,3.771,0.042,-0.023,-0.008,2404,0
4433183,5.188,7.384,3.812,0.033,-0.028,-0.008,2405,0
4433203,5.219,7.338,3.795,0.031,-0.036,-0.006,2406,0
4433223,5.231,7.369,3.742,0.051,-0.035,-0.000,2407,0
4433243,5.219,7.417,3.721,0.056,-0.026,0.001,2406,0
4433263,5.174,7.408,3.778,0.043,-0.026,-0.002,2404,0
4433283,5.193,7.377,3.776,0.038,-0.032,-0.002,2406,0
4433303,5.258,7.365,3.768,0.051,-0.031,0.003,2405,0
4433323,5.255,7.391,3.733,0.053,-0.020,-0.001,2405,0
4433343,5.200,7.396,3.826,0.046,-0.016,-0.006,2404,0
4433363,5.152,7.384,3.883,0.045,-0.024,-0.007,2405,0
4433383,5.186,7.384,3.876,0.041,-0.035,-0.001,2405,0
4433403,5.176,7.331,3.847,0.047,-0.040,-0.000,2405,0
4433423,5.179,7.317,3.847,0.055,-0.041,-0.005,2404,0
4433443,5.133,7.331,3.867,0.055,-0.044,-0.013,2405,0
4433463,5.148,7.384,3.828,0.040,-0.053,-0.023,2404,0
4433483,5.195,7.381,3.804,0.025,-0.047,-0.028,2405,0
4433503,5.181,7.355,3.850,0.038,-0.044,-0.030,2405,0
4433523,5.200,7.389,3.857,0.054,-0.053,-0.020,2405,0
4433543,5.210,7.391,3.752,0.045,-0.060,-0.019,2405,0
4433563,5.239,7.448,3.694,0.042,-0.057,-0.015,2404,0
4433583,5.224,7.496,3.663,0.047,-0.043,-0.007,2405,0
4433603,5.234,7.470,3.682,0.038,-0.038,-0.005,2404,0
4433623,5.262,7.439,3.670,0.043,-0.030,-0.007,2405,0
4433643,5.255,7.429,3.697,0.044,-0.021,-0.002,2406,0
4433663,5.212,7.436,3.792,0.042,-0.020,0.001,2404,0
4433683,5.200,7.415,3.819,0.036,-0.026,0.003,2405,0
4433703,5.169,7.410,3.807,0.046,-0.027,0.008,2404,0
4433723,5.152,7.377,3.800,0.050,-0.033,0.010,2405,0
4433743,5.191,7.345,3.754,0.042,-0.037,0.005,2405,0
4433764,5.207,7.309,3.761,0.036,-0.029,-0.008,2404,0
4433783,5.169,7.312,3.816,0.042,-0.025,-0.013,2404,0
4433803,5.148,7.434,3.819,0.055,-0.032,-0.007,2405,0
4433823,5.200,7.460,3.771,0.052,-0.035,-0.001,2404,0
4433843,5.210,7.389,3.745,0.038,-0.030,-0.005,2406,0
4433863,5.203,7.302,3.788,0.035,-0.029,-0.014,2406,0
4433883,5.198,7.259,3.838,0.043,-0.033,-0.019,2407,0
4433903,5.243,7.216,3.795,0.065,-0.033,-0.025,2406,0
4433923,5.205,7.317,3.845,0.121,-0.031,-0.032,2405,0
4433943,5.097,7.647,3.792,0.113,-0.034,-0.021,2405,0
4433963,5.167,7.628,3.721,0.027,-0.041,-0.014,2406,0
4433983,5.195,7.525,3.694,-0.001,-0.038,-0.010,2407,0
4434003,5.193,7.463,3.749,0.035,-0.026,0.005,2405,0
4434023,5.193,7.400,3.804,0.049,-0.030,0.007,2406,0
4434043,5.203,7.415,3.795,0.058,-0.040,0.003,2407,0
4434063,5.205,7.446,3.745,0.052,-0.037,0.002,2406,0
4434083,5.179,7.424,3.749,0.030,-0.030,-0.003,2405,0
4434103,5.162,7.362,3.812,0.020,-0.026,-0.003,2406,0
4434123,5.155,7.350,3.893,0.042,-0.034,-0.003,2406,0
4434143,5.188,7.360,3.814,0.056,-0.039,-0.001,2406,0
4434163,5.183,7.396,3.749,0.046,-0.037,-0.006,2408,0
4434183,5.140,7.432,3.740,0.038,-0.039,-0.011,2407,0
4434204,5.155,7.460,3.752,0.040,-0.038,-0.007,2406,0
4434223,5.143,7.422,3.747,0.046,-0.036,-0.004,2406,0
4434243,5.176,7.405,3.682,0.050,-0.038,0.002,2406,0
4434263,5.157,7.398,3.697,0.049,-0.026,0.000,2408,0
4434284,5.164,7.374,3.745,0.033,-0.028,-0.012,2409,0
4434303,5.179,7.362,3.764,0.021,-0.035,-0.023,2409,0
4434323,5.236,7.384,3.749,0.038,-0.032,-0.020,2409,0
4434343,5.222,7.427,3.704,0.056,-0.021,-0.010,2407,0
4434363,5.176,7.470,3.757,0.048,-0.018,-0.010,2409,0
4434383,5.169,7.429,3.800,0.036,-0.034,-0.010,2407,0
4434403,5.203,7.408,3.718,0.056,-0.038,-0.002,2407,0
4434423,5.219,7.472,3.666,0.072,-0.030,0.003,2408,0
4434443,5.186,7.494,3.704,0.050,-0.015,0.002,2407,0
4434463,5.164,7.465,3.783,0.033,-0.012,-0.005,2407,0
4434483,5.179,7.415,3.879,0.034,-0.019,-0.003,2407,0
4434503,5.181,7.389,3.862,0.048,-0.023,-0.003,2409,0
4434523,5.164,7.432,3.840,0.049,-0.026,0.002,2408,0
4434543,5.114,7.410,3.888,0.042,-0.031,-0.001,2408,0
4434563,5.088,7.396,3.838,0.040,-0.042,-0.003,2408,0
4434583,5.150,7.379,3.759,0.047,-0.043,-0.001,2409,0
4434603,5.162,7.365,3.725,0.054,-0.033,-0.006,2409,0
4434623,5.136,7.369,3.802,0.043,-0.027,-0.017,2410,0
4434644,5.109,7.403,3.831,0.033,-0.041,-0.022,2409,0
4434663,5.169,7.369,3.747,0.035,-0.048,-0.015,2409,0
4434683,5.188,7.389,3.666,0.050,-0.039,-0.011,2410,0
4434703,5.167,7.499,3.658,0.052,-0.028,-0.014,2412,0
4434723,5.148,7.506,3.757,0.033,-0.029,-0.014,2411,0
4434744,5.191,7.446,3.785,0.032,-0.030,-0.015,2410,0
4434763,5.217,7.444,3.761,0.045,-0.032,-0.013,2411,0
4434783,5.207,7.494,3.773,0.054,-0.027,-0.006,2410,0
4434803,5.174,7.520,3.804,0.041,-0.023,-0.003,2411,0
4434823,5.136,7.520,3.847,0.037,-0.030,0.003,2411,0
4434843,5.143,7.482,3.831,0.042,-0.043,0.007,2408,0
4434863,5.183,7.410,3.754,0.049,-0.039,0.007,2409,0
4434883,5.181,7.398,3.725,0.054,-0.032,0.006,2412,0
4434903,5.143,7.400,3.761,0.039,-0.027,0.001,2411,0
4434923,5.128,7.343,3.807,0.030,-0.033,-0.005,2409,0
4434943,5.150,7.369,3.768,0.051,-0.038,-0.001,2411,0
4434963,5.176,7.415,3.668,0.052,-0.029,-0.001,2409,0
4434983,5.136,7.451,3.689,0.038,-0.016,-0.004,2410,0
4435003,5.112,7.456,3.771,0.029,-0.013,-0.005,2413,0
4435023,5.116,7.408,3.843,0.027,-0.019,-0.004,2412,0
4435043,5.140,7.367,3.778,0.049,-0.022,-0.004,2413,0
4435063,5.167,7.424,3.757,0.051,-0.019,-0.002,2412,0
4435083,5.138,7.396,3.869,0.035,-0.019,-0.007,2413,0
4435104,5.119,7.353,3.895,0.032,-0.035,-0.010,2411,0
4435123,5.138,7.369,3.867,0.052,-0.043,-0.008,2412,0
4435143,5.167,7.420,3.783,0.061,-0.041,-0.014,2413,0
4435163,5.140,7.470,3.757,0.044,-0.034,-0.020,2411,0
4435183,5.138,7.429,3.812,0.037,-0.037,-0.018,2411,0
4435203,5.136,7.429,3.795,0.047,-0.041,-0.013,2411,0
4435224,5.167,7.403,3.745,0.048,-0.042,-0.011,2411,0
4435243,5.167,7.434,3.721,0.050,-0.039,-0.004,2410,0
4435263,5.174,7.420,3.745,0.050,-0.032,-0.005,2411,0
4435284,5.145,7.405,3.788,0.041,-0.032,-0.009,2410,0
4435303,5.152,7.472,3.795,0.048,-0.037,-0.009,2411,0
4435323,5.205,7.487,3.740,0.053,-0.034,-0.008,2414,0
4435343,5.181,7.537,3.757,0.049,-0.020,-0.012,2411,0
4435363,5.143,7.494,3.790,0.036,-0.022,-0.009,2410,0
4435383,5.121,7.427,3.783,0.026,-0.034,-0.001,2412,0
4435403,5.119,7.415,3.833,0.041,-0.039,0.005,2412,0
4435423,5.121,7.420,3.802,0.041,-0.042,0.003,2412,0
4435443,5.112,7.439,3.740,0.035,-0.044,-0.003,2411,0
4435463,5.107,7.427,3.742,0.014,-0.039,-0.013,2410,0
4435483,5.107,7.377,3.704,0.005,-0.036,-0.023,2413,0
4435503,5.140,7.441,3.740,0.027,-0.024,-0.027,2412,0
4435523,5.114,7.582,3.816,0.049,-0.011,-0.027,2412,0
4435543,5.037,7.717,3.931,0.044,-0.018,-0.014,2411,0
4435563,5.006,7.669,4.017,0.034,-0.038,0.009,2411,0
4435584,5.090,7.389,3.950,0.024,-0.061,0.034,2410,0
4435603,5.260,7.034,3.773,0.026,-0.069,0.035,2412,0
4435623,5.346,6.804,3.709,0.035,-0.059,0.009,2411,0
4435643,5.246,6.735,3.689,0.048,-0.057,-0.031,2412,0
4435663,5.174,6.893,3.598,0.074,-0.066,-0.054,2412,0
4435683,5.133,7.108,3.479,0.088,-0.055,-0.079,2410,0
4435703,5.073,7.283,3.436,0.077,-0.027,-0.103,2412,0
4435723,5.011,7.408,3.500,0.056,-0.009,-0.115,2411,0
4435744,4.973,7.537,3.582,0.061,0.003,-0.116,2413,0
4435763,4.961,7.709,3.608,0.066,0.021,-0.110,2412,0
4435783,4.954,7.817,3.721,0.048,0.036,-0.103,2411,0
4435803,4.968,7.841,3.879,0.032,0.035,-0.090,2412,0
4435823,4.997,7.858,3.970,0.022,0.023,-0.074,2411,0
4435843,5.066,7.867,3.989,0.024,0.006,-0.055,2412,0
4435863,5.126,7.898,4.049,0.024,-0.006,-0.037,2411,0
4435883,5.136,7.822,4.106,0.029,-0.026,-0.018,2411,0
4435904,5.138,7.786,4.046,0.057,-0.050,0.002,2411,0
4435923,5.138,7.793,3.905,0.072,-0.060,0.027,2413,0
4435944,5.109,7.697,3.742,0.062,-0.059,0.043,2411,0
4435963,5.059,7.578,3.749,0.050,-0.047,0.051,2412,0
4435983,5.011,7.386,3.771,0.038,-0.042,0.046,2412,0
4436003,4.968,7.288,3.740,0.047,-0.042,0.032,2412,0
4436023,4.927,7.369,3.713,0.054,-0.035,0.015,2413,0
4436043,4.906,7.408,3.728,0.038,-0.029,0.005,2413,0
4436063,4.922,7.400,3.768,0.029,-0.019,-0.000,2413,0
4436083,4.958,7.317,3.824,0.028,-0.019,-0.005,2413,0
4436103,5.021,7.312,3.828,0.030,-0.024,-0.015,2411,0
4436123,5.028,7.424,3.800,0.039,-0.023,-0.024,2411,0
4436143,5.040,7.532,3.807,0.042,-0.022,-0.023,2412,0
4436163,5.021,7.558,3.802,0.032,-0.026,-0.019,2411,0
4436183,5.057,7.575,3.836,0.033,-0.031,-0.015,2412,0
4436203,5.109,7.570,3.783,0.045,-0.035,-0.010,2411,0
4436223,5.114,7.599,3.797,0.041,-0.029,-0.008,2413,0
4436243,5.071,7.580,3.831,0.030,-0.026,-0.003,2412,0
4436263,5.018,7.520,3.895,0.034,-0.032,0.004,2411,0
4436283,5.013,7.506,3.864,0.043,-0.042,0.007,2410,0
4436303,5.016,7.535,3.790,0.050,-0.046,0.007,2413,0
4436323,4.968,7.520,3.747,0.045,-0.039,0.010,2411,0
4436343,4.961,7.491,3.740,0.039,-0.043,0.015,2411,0
4436363,4.975,7.436,3.745,0.033,-0.039,0.014,2411,0
4436383,5.009,7.348,3.728,0.042,-0.038,0.012,2411,0
4436403,5.102,7.353,3.697,0.071,-0.035,0.003,2411,0
4436423,5.097,7.405,3.699,0.067,-0.031,-0.016,2411,0
4436444,5.090,7.561,3.730,0.059,-0.029,-0.022,2411,0
4436463,5.049,7.666,3.709,0.045,-0.013,-0.017,2410,0
4436483,4.997,7.690,3.790,0.038,-0.008,-0.009,2410,0
4436503,4.982,7.659,3.903,0.039,-0.011,-0.003,2413,0
4436523,5.023,7.599,3.941,0.042,-0.029,0.005,2411,0
4436543,5.057,7.547,3.905,0.050,-0.040,0.011,2411,0
4436563,5.045,7.496,3.847,0.053,-0.043,0.018,2411,0
4436583,4.992,7.484,3.821,0.043,-0.042,0.014,2412,0
4436603,4.999,7.432,3.828,0.038,-0.042,0.006,2412,0
4436623,5.013,7.312,3.802,0.038,-0.044,-0.001,2412,0
4436643,5.042,7.326,3.749,0.047,-0.043,-0.012,2413,0
4436663,5.030,7.393,3.692,0.042,-0.031,-0.023,2411,0
4436683,4.970,7.491,3.728,0.033,-0.020,-0.024,2412,0
4436703,4.934,7.537,3.804,0.032,-0.024,-0.020,2411,0
4436723,5.025,7.532,3.778,0.044,-0.028,-0.015,2411,0
4436743,5.052,7.570,3.768,0.044,-0.024,-0.015,2411,0
4436763,5.030,7.575,3.850,0.036,-0.021,-0.012,2410,0
4436783,4.982,7.575,3.926,0.041,-0.028,-0.011,2412,0
4436803,4.997,7.602,3.876,0.050,-0.044,-0.002,2412,0
4436823,5.049,7.578,3.792,0.053,-0.044,0.006,2412,0
4436843,5.054,7.549,3.759,0.041,-0.039,0.006,2411,0
4436863,5.001,7.511,3.747,0.032,-0.034,0.006,2411,0
4436883,4.978,7.446,3.840,0.034,-0.040,-0.003,2411,0
4436903,4.968,7.424,3.838,0.049,-0.052,-0.011,2412,0
4436923,5.035,7.487,3.754,0.071,-0.054,-0.008,2412,0
4436943,5.040,7.587,3.668,0.060,-0.038,-0.004,2412,0
4436963,5.013,7.563,3.699,0.029,-0.025,-0.002,2413,0
4436983,4.990,7.539,3.802,0.019,-0.026,-0.002,2412,0
4437003,5.054,7.477,3.802,0.034,-0.032,0.005,2412,0
4437023,5.071,7.451,3.766,0.057,-0.030,0.007,2411,0
4437043,5.100,7.487,3.812,0.052,-0.023,-0.001,2411,0
4437063,5.030,7.477,3.824,0.034,-0.022,-0.015,2412,0
4437083,5.023,7.518,3.869,0.039,-0.024,-0.011,2411,0
4437103,5.018,7.585,3.845,0.052,-0.022,0.002,2412,0
4437123,5.064,7.561,3.874,0.044,-0.020,0.004,2411,0
4437143,5.023,7.520,3.891,0.027,-0.027,0.002,2412,0
4437163,5.021,7.468,3.898,0.028,-0.039,-0.001,2412,0
4437183,5.042,7.468,3.828,0.049,-0.040,-0.004,2412,0
4437203,5.018,7.570,3.788,0.050,-0.038,-0.006,2413,0
4437223,4.980,7.582,3.792,0.029,-0.032,-0.004,2412,0
4437243,4.997,7.561,3.797,0.014,-0.028,-0.003,2413,0
4437263,5.030,7.508,3.838,0.024,-0.028,0.002,2413,0
4437283,5.064,7.515,3.802,0.040,-0.029,0.007,2413,0
4437303,5.085,7.530,3.797,0.036,-0.026,0.011,2412,0
4437323,5.037,7.542,3.833,0.018,-0.032,0.010,2412,0
4437343,5.023,7.563,3.828,0.027,-0.031,0.011,2412,0
4437363,5.064,7.477,3.783,0.023,-0.028,0.008,2411,0
4437383,5.083,7.441,3.795,0.038,-0.025,0.012,2412,0
4437403,5.061,7.489,3.840,0.046,-0.021,0.007,2411,0
4437423,5.052,7.489,3.824,0.027,-0.023,0.003,2412,0
4437443,5.023,7.470,3.831,0.022,-0.025,0.002,2413,0
4437464,5.037,7.506,3.809,0.038,-0.022,0.006,2414,0
4437483,5.028,7.523,3.807,0.040,-0.013,0.010,2414,0
4437503,5.011,7.558,3.852,0.029,-0.014,0.010,2414,0
4437523,5.037,7.494,3.871,0.026,-0.017,0.013,2415,0
4437543,5.023,7.506,3.864,0.033,-0.015,0.016,2415,0
4437563,5.033,7.508,3.915,0.031,-0.013,0.021,2415,0
4437583,5.025,7.491,3.936,0.023,-0.021,0.018,2415,0
4437603,5.035,7.499,3.941,0.022,-0.027,0.012,2415,0
4437623,5.021,7.501,3.934,0.025,-0.031,0.017,2415,0
4437643,5.059,7.432,3.931,0.034,-0.040,0.023,2415,0
4437663,5.047,7.393,3.970,0.035,-0.046,0.022,2415,0
4437683,4.994,7.410,3.938,0.042,-0.055,0.018,2414,0
4437703,5.009,7.456,3.843,0.043,-0.059,0.026,2415,0
4437723,5.023,7.389,3.785,0.032,-0.050,0.023,2415,0
4437743,5.061,7.321,3.807,0.032,-0.044,0.011,2415,0
4437763,5.066,7.331,3.836,0.035,-0.038,-0.002,2415,0
4437783,5.069,7.338,3.843,0.038,-0.036,-0.007,2415,0
4437803,5.040,7.422,3.773,0.044,-0.030,-0.002,2415,0
4437824,5.054,7.448,3.807,0.038,-0.026,0.005,2416,0
4437843,5.054,7.439,3.843,0.033,-0.029,0.003,2416,0
4437863,5.076,7.448,3.855,0.038,-0.030,0.003,2415,0
4437883,5.097,7.499,3.819,0.052,-0.028,0.007,2415,0
4437903,5.109,7.515,3.809,0.048,-0.022,0.014,2415,0
4437923,5.085,7.537,3.900,0.029,-0.017,0.014,2415,0
4437943,5.057,7.479,4.003,0.030,-0.027,0.018,2415,0
4437963,5.090,7.508,3.989,0.051,-0.040,0.027,2415,0
4437983,5.092,7.396,3.903,0.039,-0.047,0.030,2414,0
4438003,5.140,7.312,3.924,0.039,-0.048,0.022,2415,0
4438023,5.102,7.283,3.886,0.047,-0.049,0.011,2416,0
4438043,5.028,7.372,3.891,0.055,-0.049,0.004,2415,0
4438063,5.009,7.422,3.833,0.049,-0.048,0.009,2415,0
4438084,5.037,7.389,3.773,0.039,-0.041,0.007,2415,0
4438103,5.073,7.329,3.838,0.027,-0.036,-0.001,2414,0
4438123,5.102,7.278,3.898,0.029,-0.042,-0.005,2415,0
4438144,5.116,7.355,3.926,0.050,-0.047,-0.008,2415,0
4438163,5.107,7.475,3.845,0.055,-0.046,-0.005,2415,0
4438183,5.102,7.525,3.780,0.039,-0.040,-0.004,2414,0
4438203,5.116,7.487,3.828,0.030,-0.030,-0.004,2415,0
4438223,5.107,7.420,3.895,0.036,-0.030,-0.002,2415,0
4438243,5.119,7.381,3.912,0.039,-0.043,-0.000,2415,0
4438263,5.119,7.389,3.881,0.047,-0.044,-0.005,2416,0
4438283,5.112,7.420,3.845,0.044,-0.041,-0.005,2415,0
4438303,5.071,7.417,3.855,0.043,-0.041,0.003,2415,0
4438323,5.085,7.372,3.874,0.045,-0.046,0.002,2415,0
4438343,5.155,7.362,3.802,0.048,-0.044,-0.002,2416,0
4438363,5.155,7.381,3.764,0.049,-0.033,-0.007,2415,0
4438384,5.131,7.436,3.711,0.034,-0.024,-0.014,2416,0
4438403,5.073,7.503,3.852,0.026,-0.019,-0.015,2416,0
4438423,5.076,7.487,3.905,0.031,-0.030,-0.004,2416,0
4438443,5.126,7.439,3.900,0.045,-0.037,0.005,2415,0
4438463,5.112,7.432,3.864,0.052,-0.034,0.008,2416,0
4438483,5.085,7.377,3.895,0.045,-0.041,0.003,2416,0
4438503,5.085,7.319,3.874,0.046,-0.047,-0.001,2415,0
4438524,5.054,7.314,3.819,0.056,-0.047,-0.001,2416,0
4438543,5.100,7.381,3.728,0.061,-0.042,-0.005,2416,0
4438564,5.102,7.417,3.768,0.039,-0.020,-0.015,2416,0
4438583,5.071,7.386,3.847,0.030,-0.018,-0.021,2416,0
4438603,5.061,7.405,3.879,0.044,-0.027,-0.018,2415,0
4438623,5.083,7.420,3.831,0.052,-0.031,-0.010,2415,0
4438643,5.092,7.386,3.847,0.058,-0.030,-0.010,2415,0
4438663,5.112,7.444,3.850,0.052,-0.023,-0.012,2415,0
4438683,5.148,7.451,3.869,0.043,-0.020,-0.016,2416,0
4438704,5.162,7.446,3.850,0.044,-0.017,-0.019,2415,0
4438723,5.131,7.491,3.893,0.042,-0.013,-0.019,2415,0
4438743,5.078,7.482,3.972,0.031,-0.019,-0.013,2416,0
4438763,5.073,7.470,3.984,0.032,-0.032,-0.006,2415,0
4438784,5.080,7.451,3.888,0.046,-0.042,-0.002,2415,0
4438803,5.095,7.468,3.838,0.052,-0.037,0.007,2416,0
4438823,5.078,7.494,3.809,0.055,-0.031,0.013,2415,0
4438843,5.045,7.456,3.869,0.037,-0.025,0.006,2416,0
4438863,5.057,7.350,3.938,0.022,-0.033,-0.007,2415,0
4438883,5.085,7.298,3.905,0.039,-0.042,-0.011,2415,0
4438903,5.104,7.355,3.862,0.062,-0.045,-0.007,2415,0
4438923,5.078,7.436,3.814,0.053,-0.039,-0.007,2416,0
4438943,5.061,7.432,3.819,0.030,-0.037,-0.012,2416,0
4438963,5.092,7.391,3.831,0.032,-0.033,-0.013,2415,0
4438983,5.116,7.403,3.821,0.049,-0.030,-0.015,2415,0
4439003,5.121,7.463,3.792,0.054,-0.025,-0.013,2415,0
4439023,5.095,7.494,3.862,0.035,-0.023,-0.010,2416,0
4439043,5.078,7.439,3.907,0.028,-0.028,-0.012,2415,0
4439063,5.102,7.420,3.948,0.044,-0.034,-0.009,2416,0
4439083,5.114,7.396,3.862,0.051,-0.035,-0.012,2415,0
4439103,5.080,7.446,3.845,0.048,-0.035,-0.014,2416,0
4439123,5.069,7.446,3.905,0.036,-0.031,-0.011,2415,0
4439143,5.037,7.456,3.903,0.035,-0.034,-0.011,2415,0
4439163,5.061,7.494,3.905,0.049,-0.038,-0.004,2416,0
4439183,5.097,7.496,3.859,0.057,-0.034,-0.000,2414,0
4439203,5.095,7.494,3.905,0.052,-0.033,-0.001,2414,0
4439223,5.021,7.506,3.955,0.039,-0.043,0.000,2416,0
4439243,4.913,7.357,4.197,0.061,-0.108,0.018,2415,0
4439263,4.887,7.458,4.515,0.181,-0.223,0.072,2415,0
4439283,5.090,7.465,5.021,0.223,-0.455,0.166,2446,0
4439303,5.397,7.441,4.887,0.092,-0.657,0.137,2550,0
4439323,5.634,7.125,4.027,0.151,-0.674,-0.040,2672,0
4439343,5.689,7.223,2.952,0.239,-0.666,-0.071,4095,0
4439363,5.483,7.875,2.140,0.543,-0.598,0.150,2840,0
4439384,5.713,8.641,2.452,0.534,-0.578,0.304,2928,0
4439404,5.648,9.266,2.440,0.345,-0.598,0.366,3015,0
4439423,5.298,8.279,2.289,0.256,-0.468,0.470,3085,0
4439443,5.428,7.288,2.155,0.250,-0.225,0.433,3145,0
4439463,5.148,7.499,1.956,0.081,-0.012,0.569,3216,3220
4439483,5.995,6.658,3.543,0.110,-0.019,0.594,3264,3664
4439503,6.524,7.314,3.177,0.379,0.031,0.744,3292,3916
4439524,5.610,7.207,3.136,0.428,0.257,0.786,3294,4048
4439543,7.199,6.653,3.273,0.440,0.304,0.700,3283,4095
4439563,6.053,6.761,2.873,0.390,0.425,0.383,3269,4095
4439583,6.649,7.092,3.278,0.270,0.388,0.232,3263,4095
4439603,5.492,6.634,3.263,0.174,0.278,0.220,3251,4095
4439623,6.088,6.634,3.656,0.116,0.082,0.219,3247,4095
4439643,5.734,6.531,3.196,0.070,-0.079,0.224,3239,4095
4439663,6.450,6.084,3.057,0.195,-0.091,0.096,3234,4095
4439683,6.065,7.623,2.799,0.079,-0.074,0.114,3231,4095
4439703,6.088,6.067,2.983,-0.039,-0.081,0.065,3224,4095
4439723,6.378,7.499,2.916,-0.016,-0.102,0.135,3219,4095
4439743,6.242,5.820,2.897,-0.013,-0.066,0.016,3215,4095
4439763,6.802,7.281,2.940,0.086,-0.011,0.028,3212,4095
4439783,5.827,6.136,2.971,0.017,-0.041,-0.064,3209,4095
4439803,6.742,7.499,3.163,0.039,-0.134,0.031,3207,4095
4439823,5.988,6.531,2.737,0.001,-0.131,-0.014,3202,4095
4439843,6.993,7.302,2.837,0.039,-0.086,0.023,3202,4095
4439863,6.333,7.235,2.784,0.003,-0.100,0.021,3199,4095
4439883,6.390,6.823,2.909,-0.030,-0.146,0.034,3198,4095
4439903,6.658,6.756,2.715,0.034,-0.110,0.007,3194,4095
4439923,6.548,6.833,2.650,0.068,-0.021,-0.044,3192,4095
4439943,6.275,6.955,2.698,0.019,0.019,-0.072,3190,4095
4439963,6.096,6.804,2.964,-0.057,-0.057,-0.005,3187,4095
4439983,6.378,6.709,2.887,0.019,-0.123,0.011,3185,4095
4440003,6.376,6.732,2.959,0.024,-0.116,-0.014,3185,4095
4440023,6.393,6.546,3.026,0.013,-0.138,-0.088,3185,4095
4440043,6.342,6.759,3.043,-0.025,-0.171,-0.142,3182,4095
4440063,6.352,6.898,2.933,-0.185,-0.208,-0.191,3181,4095
4440083,6.112,6.668,3.072,-0.295,-0.245,-0.256,3178,4095
4440103,5.935,6.776,3.268,-0.272,-0.329,-0.247,3178,4095
4440123,5.772,6.816,3.620,-0.267,-0.483,-0.187,3178,4095
4440143,5.854,6.630,3.831,-0.372,-0.673,-0.176,3176,4095
4440163,6.017,7.187,3.543,-0.396,-0.717,-0.183,3178,3903
4440183,6.905,6.926,2.478,-0.407,-0.223,-0.175,3155,3251
4440203,6.627,7.779,0.790,-0.695,0.499,-0.260,3090,1071
4440224,6.608,6.254,1.051,-1.193,0.959,-0.716,2961,0
4440243,6.802,5.179,1.508,-1.072,1.525,-1.195,2703,0
4440263,6.357,6.302,2.234,-0.656,1.799,-1.413,4095,0
4440283,5.796,5.962,2.610,0.569,2.062,-1.159,2960,0
4440303,4.283,10.293,7.932,0.416,1.048,-0.234,2249,0
4440323,3.740,6.270,7.549,-0.241,0.110,0.137,2251,0
4440343,4.305,7.027,5.207,-0.459,-0.472,-0.065,2235,0
4440363,4.544,7.676,4.743,-0.523,-0.446,-0.301,2219,0
4440384,5.016,7.839,4.159,0.250,-0.421,-0.121,2225,0
4440403,5.612,7.683,3.730,0.666,-0.263,0.066,2227,0
4440423,5.361,8.229,4.140,0.572,-0.248,0.173,2236,0
4440443,5.114,7.587,3.029,0.245,-0.279,0.048,2240,0
4440463,5.861,8.305,3.970,-0.068,-0.174,-0.001,2247,0
4440483,4.877,6.859,3.373,-0.205,-0.142,-0.028,2254,0
4440503,5.643,7.875,4.017,0.197,0.020,-0.002,2257,0
4440523,4.537,7.118,3.251,0.210,-0.048,0.052,2264,0
4440543,5.813,7.918,4.073,0.155,-0.010,0.070,2266,0
4440563,4.745,6.869,3.675,-0.157,-0.094,0.055,2268,0
4440583,6.033,7.173,3.797,0.154,0.031,-0.002,2274,0
4440603,4.700,7.216,3.816,-0.014,-0.042,0.058,2275,0
4440623,5.904,7.101,3.699,0.188,0.015,0.004,2278,0
4440643,4.695,7.417,4.156,-0.029,-0.033,0.048,2281,0
4440663,5.612,7.118,3.685,0.220,0.008,-0.023,2284,0
4440683,4.805,7.848,4.300,-0.010,-0.048,0.072,2287,0
4440703,5.504,6.929,3.565,0.156,-0.011,-0.007,2287,0
4440723,4.899,7.757,4.427,-0.013,-0.047,0.070,2290,0
4440743,5.313,6.687,3.421,0.180,-0.025,-0.021,2291,0
4440763,5.023,7.894,4.401,0.005,-0.069,0.076,2292,0
4440783,5.303,6.663,3.433,0.146,-0.057,-0.013,2293,0
4440803,5.234,7.798,4.439,-0.007,-0.077,0.064,2297,0
4440823,5.272,6.553,3.491,0.136,-0.047,-0.036,2299,0
4440843,5.310,7.688,4.360,0.004,-0.079,0.039,2300,0
4440863,5.392,6.914,3.464,0.079,-0.057,-0.016,2302,0
4440883,5.476,7.223,3.666,0.057,-0.072,-0.016,2303,0
4440903,5.329,7.405,3.874,0.024,-0.027,-0.023,2304,0
4440923,5.250,7.456,3.919,0.024,-0.013,-0.018,2305,0
4440944,5.239,7.441,3.915,0.055,-0.018,-0.005,2304,0
4440963,5.200,7.499,3.974,0.060,-0.029,0.006,2304,0
