579014,2.306,4.712,8.229,0.039,-0.029,-0.003,2400,0
579034,2.286,4.721,8.222,0.037,-0.027,-0.004,2401,0
579054,2.272,4.729,8.250,0.031,-0.027,-0.002,2399,0
579074,2.277,4.738,8.277,0.035,-0.034,-0.002,2399,0
579094,2.296,4.741,8.260,0.037,-0.032,-0.001,2399,0
579114,2.274,4.714,8.217,0.036,-0.026,0.001,2398,0
579134,2.291,4.666,8.200,0.032,-0.022,0.000,2401,0
579154,2.267,4.669,8.205,0.037,-0.018,-0.004,2400,0
579174,2.286,4.729,8.265,0.042,-0.025,-0.007,2402,0
579194,2.267,4.743,8.277,0.036,-0.028,-0.005,2399,0
579214,2.260,4.721,8.267,0.036,-0.031,-0.002,2400,0
579234,2.274,4.695,8.262,0.036,-0.034,-0.003,2400,0
579254,2.296,4.685,8.262,0.039,-0.037,-0.009,2400,0
579274,2.274,4.719,8.262,0.052,-0.039,-0.011,2400,0
579294,2.251,4.738,8.207,0.047,-0.038,-0.007,2398,0
579314,2.253,4.726,8.207,0.042,-0.039,-0.006,2401,0
579334,2.270,4.733,8.183,0.038,-0.031,-0.009,2385,0
579354,2.267,4.767,8.179,0.035,-0.026,-0.006,2383,0
579374,2.272,4.784,8.193,0.027,-0.021,0.000,2400,0
579394,2.282,4.724,8.236,0.022,-0.021,0.001,2400,0
579414,2.294,4.695,8.301,0.021,-0.027,-0.004,2400,0
579434,2.298,4.652,8.329,0.027,-0.033,-0.006,2400,0
579454,2.286,4.659,8.265,0.042,-0.033,-0.008,2400,0
579474,2.263,4.712,8.198,0.040,-0.028,-0.006,2400,0
579494,2.263,4.748,8.183,0.031,-0.023,-0.002,2400,0
579514,2.267,4.762,8.236,0.030,-0.020,-0.000,2400,0
579534,2.260,4.755,8.317,0.021,-0.026,-0.001,2401,0
579554,2.263,4.681,8.322,0.023,-0.031,0.003,2400,0
579574,2.265,4.664,8.282,0.038,-0.033,0.002,2400,0
579594,2.255,4.666,8.258,0.043,-0.029,0.001,2401,0
579614,2.270,4.657,8.265,0.046,-0.030,-0.001,2400,0
579634,2.274,4.678,8.317,0.048,-0.036,-0.004,2400,0
579654,2.243,4.729,8.303,0.052,-0.038,-0.005,2402,0
579674,2.243,4.784,8.238,0.047,-0.040,0.001,2399,0
579694,2.277,4.762,8.198,0.041,-0.039,0.003,2399,0
579714,2.296,4.738,8.195,0.035,-0.036,0.004,2400,0
579734,2.301,4.695,8.234,0.032,-0.031,0.005,2399,0
579754,2.270,4.695,8.253,0.034,-0.031,0.002,2399,0
579774,2.289,4.676,8.238,0.039,-0.036,0.009,2400,0
579794,2.301,4.633,8.200,0.031,-0.034,0.002,2399,0
579814,2.298,4.645,8.248,0.039,-0.029,-0.006,2398,0
579834,2.298,4.683,8.272,0.036,-0.028,-0.007,2399,0
579854,2.274,4.707,8.262,0.041,-0.030,-0.007,2399,0
579874,2.272,4.748,8.241,0.045,-0.031,-0.007,2399,0
579894,2.263,4.774,8.238,0.034,-0.033,-0.006,2399,0
579914,2.291,4.733,8.298,0.033,-0.035,0.000,2398,0
579934,2.279,4.683,8.265,0.041,-0.033,0.000,2399,0
579954,2.274,4.676,8.277,0.042,-0.036,-0.002,2398,0
579974,2.286,4.652,8.226,0.040,-0.038,-0.003,2398,0
579994,2.286,4.681,8.224,0.041,-0.034,-0.009,2399,0
580014,2.274,4.702,8.222,0.043,-0.028,-0.007,2396,0
580034,2.277,4.729,8.277,0.039,-0.029,-0.007,2398,0
580054,2.279,4.726,8.267,0.037,-0.033,-0.006,2382,0
580074,2.272,4.724,8.286,0.039,-0.039,-0.003,2398,0
580094,2.277,4.693,8.243,0.042,-0.034,-0.004,2398,0
580114,2.272,4.707,8.248,0.042,-0.033,-0.003,2398,0
580134,2.294,4.690,8.267,0.042,-0.033,-0.005,2399,0
580154,2.286,4.690,8.248,0.047,-0.036,-0.005,2397,0
580174,2.270,4.714,8.222,0.047,-0.033,-0.006,2398,0
580194,2.277,4.736,8.219,0.038,-0.031,-0.005,2398,0
580214,2.308,4.741,8.253,0.035,-0.033,-0.002,2397,0
580234,2.274,4.678,8.296,0.040,-0.036,-0.002,2397,0
580254,2.265,4.654,8.291,0.049,-0.043,-0.004,2397,0
580274,2.279,4.666,8.243,0.050,-0.041,-0.004,2399,0
580294,2.303,4.717,8.164,0.047,-0.034,-0.008,2399,0
580314,2.318,4.733,8.212,0.042,-0.031,-0.005,2398,0
580334,2.279,4.721,8.234,0.038,-0.029,-0.003,2398,0
580354,2.277,4.724,8.272,0.039,-0.032,-0.003,2397,0
580374,2.270,4.724,8.265,0.038,-0.035,-0.005,2398,0
580394,2.284,4.721,8.270,0.037,-0.038,-0.004,2399,0
580414,2.313,4.693,8.217,0.036,-0.034,-0.002,2398,0
580434,2.296,4.688,8.270,0.044,-0.029,-0.001,2398,0
580454,2.294,4.700,8.279,0.042,-0.032,-0.006,2396,0
580474,2.284,4.685,8.282,0.042,-0.036,-0.007,2398,0
580494,2.277,4.724,8.253,0.045,-0.036,-0.007,2397,0
580514,2.272,4.743,8.248,0.044,-0.035,-0.003,2397,0
580534,2.274,4.717,8.231,0.037,-0.033,-0.003,2395,0
580554,2.308,4.702,8.229,0.038,-0.031,-0.006,2397,0
580574,2.286,4.700,8.246,0.035,-0.032,-0.005,2397,0
580594,2.294,4.702,8.294,0.038,-0.033,-0.002,2397,0
580614,2.286,4.702,8.262,0.042,-0.030,-0.003,2397,0
580634,2.294,4.690,8.260,0.041,-0.032,-0.002,2396,0
580654,2.277,4.700,8.258,0.039,-0.031,-0.002,2398,0
580674,2.282,4.709,8.234,0.042,-0.035,-0.003,2397,0
580694,2.279,4.733,8.217,0.035,-0.036,-0.002,2397,0
580714,2.294,4.721,8.265,0.033,-0.037,0.002,2398,0
580734,2.296,4.717,8.262,0.034,-0.029,0.006,2398,0
580754,2.272,4.683,8.270,0.031,-0.029,0.002,2396,0
580774,2.284,4.657,8.291,0.034,-0.034,-0.001,2398,0
580794,2.306,4.654,8.274,0.034,-0.035,0.000,2397,0
580814,2.313,4.652,8.243,0.039,-0.035,-0.002,2391,0
580834,2.306,4.654,8.274,0.045,-0.033,-0.006,2396,0
580854,2.306,4.683,8.229,0.043,-0.036,-0.010,2397,0
580874,2.294,4.709,8.226,0.044,-0.036,-0.009,2397,0
580894,2.294,4.721,8.215,0.049,-0.031,-0.006,2396,0
580914,2.284,4.714,8.262,0.043,-0.029,-0.004,2398,0
580934,2.318,4.685,8.289,0.038,-0.035,-0.005,2398,0
580954,2.310,4.662,8.243,0.043,-0.037,-0.007,2398,0
580974,2.279,4.695,8.205,0.051,-0.031,-0.009,2396,0
580994,2.274,4.767,8.164,0.039,-0.023,-0.003,2397,0
581014,2.308,4.738,8.253,0.038,-0.023,-0.005,2397,0
581034,2.284,4.755,8.286,0.037,-0.025,-0.005,2397,0
581054,2.296,4.712,8.291,0.029,-0.035,-0.002,2397,0
581074,2.289,4.676,8.270,0.039,-0.035,-0.003,2373,0
581094,2.272,4.659,8.224,0.044,-0.033,-0.006,2394,0
581114,2.284,4.678,8.284,0.043,-0.033,-0.005,2397,0
581134,2.289,4.681,8.274,0.044,-0.033,-0.010,2396,0
581154,2.279,4.733,8.277,0.049,-0.033,-0.008,2397,0
581174,2.289,4.743,8.234,0.042,-0.037,-0.007,2396,0
581194,2.296,4.729,8.212,0.044,-0.036,-0.002,2397,0
581214,2.294,4.729,8.193,0.037,-0.032,-0.002,2396,0
581234,2.286,4.714,8.229,0.033,-0.029,-0.003,2398,0
581254,2.291,4.738,8.253,0.022,-0.029,-0.000,2398,0
581274,2.296,4.685,8.267,0.038,-0.029,0.002,2397,0
581294,2.296,4.719,8.238,0.042,-0.025,-0.000,2397,0
581314,2.263,4.719,8.315,0.039,-0.026,0.004,2398,0
581334,2.260,4.707,8.351,0.039,-0.039,0.002,2396,0
581354,2.294,4.784,8.298,0.007,-0.056,0.014,2391,0
581374,2.315,4.685,8.229,0.010,-0.054,0.013,2397,0
581394,2.322,4.702,8.205,0.034,-0.035,0.007,2397,0
581414,2.334,4.700,8.217,0.035,-0.037,0.014,2398,0
581434,2.334,4.568,8.215,0.018,-0.034,0.007,2399,0
581454,2.346,4.539,8.241,0.038,-0.027,-0.002,2397,0
581474,2.301,4.633,8.234,0.042,-0.022,-0.010,2397,0
581494,2.284,4.695,8.301,0.044,-0.023,-0.007,2397,0
581514,2.289,4.733,8.327,0.044,-0.028,-0.005,2395,0
581534,2.286,4.721,8.301,0.044,-0.038,-0.003,2397,0
581554,2.298,4.702,8.270,0.045,-0.045,-0.004,2393,0
581574,2.313,4.669,8.203,0.044,-0.038,-0.006,2398,0
581594,2.315,4.693,8.210,0.041,-0.028,-0.006,2395,0
581614,2.286,4.659,8.236,0.035,-0.025,-0.001,2396,0
581634,2.296,4.671,8.315,0.040,-0.031,-0.003,2396,0
581654,2.310,4.702,8.294,0.041,-0.036,-0.004,2398,0
581674,2.315,4.702,8.279,0.040,-0.037,-0.005,2396,0
581694,2.303,4.657,8.282,0.047,-0.037,-0.005,2396,0
581714,2.318,4.645,8.262,0.046,-0.039,-0.006,2398,0
581734,2.327,4.647,8.255,0.049,-0.042,-0.008,2397,0
581754,2.322,4.695,8.255,0.054,-0.038,-0.013,2390,0
581774,2.308,4.741,8.243,0.051,-0.037,-0.011,2396,0
581794,2.303,4.741,8.241,0.044,-0.039,-0.005,2396,0
581814,2.284,4.721,8.217,0.043,-0.037,-0.006,2396,0
581834,2.308,4.697,8.243,0.042,-0.037,-0.003,2396,0
581854,2.330,4.683,8.212,0.040,-0.034,-0.002,2396,0
581874,2.327,4.673,8.222,0.041,-0.029,-0.005,2395,0
581894,2.289,4.657,8.246,0.035,-0.027,-0.005,2396,0
581914,2.306,4.671,8.301,0.041,-0.032,-0.004,2397,0
581934,2.322,4.690,8.241,0.046,-0.033,-0.008,2396,0
581954,2.301,4.709,8.203,0.047,-0.034,-0.007,2395,0
581974,2.306,4.738,8.210,0.039,-0.034,-0.006,2396,0
581994,2.313,4.714,8.238,0.033,-0.030,-0.003,2397,0
582014,2.320,4.707,8.286,0.037,-0.026,-0.002,2396,0
582034,2.315,4.676,8.279,0.036,-0.032,-0.001,2397,0
582054,2.313,4.666,8.253,0.037,-0.034,-0.003,2394,0
582074,2.315,4.693,8.222,0.041,-0.030,-0.006,2397,0
582094,2.306,4.717,8.286,0.040,-0.026,-0.001,2397,0
582114,2.296,4.697,8.296,0.037,-0.029,-0.001,2396,0
582134,2.284,4.688,8.303,0.042,-0.038,-0.003,2396,0
582154,2.318,4.683,8.236,0.043,-0.042,-0.007,2397,0
582174,2.332,4.712,8.186,0.042,-0.036,-0.008,2382,0
582194,2.339,4.717,8.203,0.036,-0.024,-0.006,2397,0
582214,2.303,4.705,8.294,0.037,-0.022,-0.003,2397,0
582234,2.286,4.717,8.313,0.043,-0.032,-0.002,2396,0
582254,2.298,4.731,8.303,0.038,-0.037,-0.001,2397,0
582274,2.298,4.721,8.219,0.040,-0.037,-0.001,2397,0
582294,2.313,4.690,8.207,0.031,-0.030,0.000,2397,0
582314,2.320,4.654,8.241,0.029,-0.027,-0.001,2397,0
582334,2.318,4.671,8.250,0.035,-0.028,-0.004,2397,0
582354,2.318,4.678,8.308,0.037,-0.029,-0.004,2397,0
582374,2.306,4.693,8.284,0.043,-0.035,-0.005,2388,0
582394,2.274,4.693,8.250,0.044,-0.036,-0.003,2395,0
582414,2.306,4.709,8.238,0.042,-0.036,-0.002,2397,0
582434,2.322,4.662,8.248,0.035,-0.039,-0.002,2396,0
582454,2.322,4.654,8.243,0.042,-0.037,-0.006,2396,0
582474,2.308,4.676,8.217,0.044,-0.036,-0.010,2396,0
582494,2.310,4.693,8.262,0.042,-0.036,-0.008,2396,0
582514,2.284,4.697,8.262,0.046,-0.032,-0.007,2395,0
582534,2.306,4.705,8.265,0.043,-0.036,-0.006,2396,0
582554,2.308,4.712,8.265,0.038,-0.035,-0.003,2396,0
582574,2.313,4.714,8.222,0.044,-0.034,-0.002,2396,0
582594,2.313,4.702,8.207,0.037,-0.033,-0.001,2397,0
582614,2.327,4.669,8.262,0.036,-0.032,-0.002,2376,0
582634,2.313,4.676,8.260,0.040,-0.032,-0.006,2396,0
582654,2.308,4.681,8.238,0.044,-0.033,-0.004,2397,0
582674,2.308,4.705,8.246,0.042,-0.034,-0.006,2395,0
582694,2.322,4.688,8.241,0.040,-0.031,-0.006,2396,0
582714,2.313,4.697,8.260,0.036,-0.029,-0.007,2393,0
582734,2.332,4.683,8.272,0.040,-0.032,-0.008,2395,0
582754,2.303,4.700,8.267,0.043,-0.034,-0.009,2394,0
582774,2.330,4.736,8.226,0.045,-0.032,-0.004,2395,0
582794,2.330,4.719,8.250,0.040,-0.033,-0.002,2391,0
582814,2.315,4.690,8.296,0.037,-0.034,-0.004,2395,0
582834,2.301,4.659,8.286,0.036,-0.038,-0.007,2394,0
582854,2.306,4.657,8.236,0.046,-0.037,-0.005,2395,0
582874,2.308,4.717,8.219,0.048,-0.034,-0.006,2395,0
582894,2.315,4.743,8.248,0.038,-0.035,-0.006,2397,0
582914,2.327,4.702,8.231,0.034,-0.038,-0.005,2396,0
582934,2.334,4.678,8.212,0.036,-0.031,-0.005,2394,0
582954,2.330,4.676,8.219,0.037,-0.030,-0.008,2395,0
582974,2.322,4.702,8.284,0.038,-0.028,-0.007,2395,0
582994,2.315,4.712,8.279,0.046,-0.029,-0.003,2396,0
583014,2.315,4.712,8.277,0.039,-0.035,-0.002,2396,0
583034,2.308,4.652,8.296,0.041,-0.039,-0.005,2394,0
583054,2.330,4.671,8.243,0.048,-0.038,-0.007,2384,0
583074,2.322,4.719,8.234,0.047,-0.033,-0.008,2395,0
583094,2.298,4.736,8.207,0.038,-0.029,-0.005,2396,0
583114,2.313,4.738,8.219,0.038,-0.031,-0.001,2396,0
583134,2.315,4.736,8.284,0.035,-0.035,0.001,2390,0
583154,2.310,4.702,8.274,0.030,-0.043,0.001,2393,0
583174,2.339,4.647,8.258,0.041,-0.038,-0.002,2394,0
583194,2.330,4.681,8.210,0.046,-0.033,-0.004,2393,0
583214,2.344,4.683,8.195,0.035,-0.027,-0.004,2396,0
583234,2.349,4.669,8.265,0.034,-0.026,-0.005,2394,0
583254,2.320,4.714,8.303,0.043,-0.032,-0.009,2395,0
583274,2.310,4.719,8.279,0.043,-0.037,-0.008,2395,0
583294,2.320,4.719,8.253,0.048,-0.038,-0.005,2395,0
583314,2.303,4.700,8.222,0.039,-0.037,-0.005,2395,0
583334,2.306,4.681,8.224,0.040,-0.032,-0.006,2396,0
583354,2.298,4.693,8.253,0.040,-0.030,-0.007,2395,0
583374,2.320,4.750,8.226,0.032,-0.031,-0.004,2395,0
583394,2.334,4.712,8.248,0.026,-0.030,0.000,2395,0
583414,2.322,4.671,8.282,0.034,-0.028,-0.002,2394,0
583434,2.325,4.664,8.289,0.035,-0.031,-0.007,2396,0
583454,2.334,4.671,8.272,0.039,-0.036,-0.007,2394,0
583474,2.308,4.688,8.224,0.040,-0.035,-0.007,2396,0
583494,2.303,4.700,8.212,0.041,-0.030,-0.003,2392,0
583514,2.310,4.688,8.243,0.034,-0.025,-0.003,2395,0
583534,2.330,4.705,8.270,0.035,-0.027,-0.004,2392,0
583554,2.306,4.731,8.260,0.039,-0.030,-0.003,2395,0
583574,2.310,4.721,8.198,0.033,-0.030,0.003,2394,0
583594,2.318,4.662,8.222,0.027,-0.023,0.003,2394,0
583614,2.330,4.650,8.294,0.030,-0.024,-0.002,2393,0
583634,2.320,4.669,8.313,0.035,-0.028,-0.006,2395,0
583654,2.274,4.671,8.327,0.040,-0.034,-0.007,2397,0
583674,2.298,4.673,8.337,0.045,-0.040,-0.007,2396,0
583694,2.315,4.664,8.210,0.039,-0.043,-0.006,2388,0
583714,2.356,4.662,8.195,0.046,-0.035,-0.010,2395,0
583734,2.339,4.709,8.181,0.048,-0.030,-0.013,2395,0
583754,2.310,4.752,8.222,0.043,-0.029,-0.008,2395,0
583774,2.284,4.736,8.272,0.035,-0.030,0.000,2394,0
583794,2.294,4.681,8.270,0.036,-0.029,0.002,2395,0
583814,2.313,4.664,8.248,0.035,-0.033,-0.002,2394,0
583834,2.310,4.664,8.253,0.042,-0.033,-0.002,2394,0
583854,2.303,4.683,8.241,0.042,-0.033,-0.006,2395,0
583874,2.301,4.685,8.241,0.039,-0.031,-0.004,2394,0
583894,2.313,4.695,8.207,0.034,-0.026,-0.002,2392,0
583914,2.322,4.705,8.231,0.035,-0.025,-0.002,2394,0
583934,2.322,4.702,8.289,0.034,-0.028,0.001,2394,0
583954,2.322,4.688,8.317,0.034,-0.030,-0.001,2393,0
583974,2.291,4.626,8.317,0.034,-0.036,-0.004,2395,0
583994,2.313,4.594,8.248,0.038,-0.037,-0.003,2395,0
584014,2.334,4.609,8.262,0.049,-0.036,-0.009,2392,0
584034,2.339,4.683,8.243,0.054,-0.036,-0.013,2395,0
584054,2.337,4.726,8.238,0.044,-0.034,-0.011,2394,0
584074,2.308,4.738,8.241,0.043,-0.033,-0.006,2395,0
584094,2.296,4.724,8.226,0.038,-0.033,-0.002,2395,0
584114,2.308,4.688,8.253,0.033,-0.034,0.001,2394,0
584134,2.320,4.659,8.277,0.035,-0.031,-0.005,2393,0
584154,2.322,4.676,8.274,0.038,-0.031,-0.008,2394,0
584174,2.318,4.676,8.270,0.038,-0.031,-0.008,2394,0
584194,2.310,4.690,8.238,0.042,-0.032,-0.005,2396,0
584214,2.320,4.719,8.286,0.044,-0.035,-0.003,2395,0
584234,2.306,4.714,8.231,0.043,-0.036,-0.004,2395,0
584254,2.313,4.729,8.236,0.036,-0.036,-0.005,2392,0
584274,2.298,4.705,8.246,0.031,-0.032,-0.003,2395,0
584294,2.339,4.638,8.260,0.027,-0.025,-0.002,2393,0
584314,2.342,4.590,8.279,0.041,-0.030,-0.003,2394,0
584334,2.339,4.662,8.310,0.048,-0.035,-0.012,2394,0
584354,2.322,4.697,8.262,0.051,-0.037,-0.011,2389,0
584374,2.301,4.741,8.219,0.048,-0.035,-0.003,2394,0
584394,2.303,4.714,8.207,0.041,-0.033,-0.002,2394,0
584414,2.318,4.678,8.238,0.039,-0.032,0.002,2393,0
584434,2.298,4.681,8.284,0.041,-0.034,-0.005,2396,0
584454,2.298,4.707,8.277,0.044,-0.038,-0.006,2395,0
584474,2.310,4.685,8.231,0.035,-0.038,-0.005,2365,0
584494,2.346,4.678,8.222,0.035,-0.033,-0.008,2390,0
584514,2.346,4.700,8.219,0.042,-0.030,-0.007,2396,0
584534,2.327,4.721,8.253,0.042,-0.027,-0.004,2395,0
584554,2.313,4.719,8.289,0.039,-0.029,0.002,2394,0
584574,2.289,4.666,8.303,0.038,-0.033,0.001,2393,0
584594,2.310,4.642,8.265,0.038,-0.038,-0.001,2393,0
584614,2.337,4.638,8.258,0.041,-0.035,-0.008,2394,0
584634,2.337,4.709,8.282,0.046,-0.033,-0.009,2394,0
584654,2.306,4.729,8.274,0.041,-0.036,-0.006,2393,0
584674,2.310,4.700,8.243,0.047,-0.034,0.000,2393,0
584694,2.327,4.717,8.248,0.052,-0.031,0.000,2393,0
584714,2.320,4.707,8.236,0.044,-0.033,0.000,2393,0
584734,2.322,4.702,8.260,0.042,-0.034,0.001,2394,0
584754,2.306,4.702,8.260,0.045,-0.032,0.001,2395,0
584774,2.318,4.688,8.262,0.037,-0.034,-0.003,2394,0
584794,2.349,4.647,8.262,0.038,-0.038,-0.007,2395,0
584814,2.346,4.697,8.229,0.044,-0.038,-0.011,2393,0
584834,2.315,4.726,8.217,0.046,-0.034,-0.006,2394,0
584854,2.313,4.752,8.219,0.038,-0.033,-0.001,2394,0
584874,2.306,4.714,8.224,0.024,-0.027,0.001,2393,0
584894,2.332,4.664,8.229,0.023,-0.027,-0.001,2393,0
584914,2.346,4.647,8.272,0.033,-0.026,-0.003,2394,0
584934,2.327,4.685,8.308,0.036,-0.024,-0.003,2395,0
584954,2.318,4.683,8.296,0.030,-0.026,-0.003,2394,0
584974,2.310,4.650,8.286,0.038,-0.032,-0.005,2393,0
584994,2.301,4.628,8.291,0.047,-0.035,-0.008,2394,0
585014,2.303,4.676,8.207,0.054,-0.028,-0.007,2394,0
585034,2.301,4.762,8.188,0.058,-0.022,-0.003,2395,0
585054,2.301,4.774,8.215,0.045,-0.018,0.003,2395,0
585074,2.301,4.733,8.279,0.031,-0.023,0.002,2394,0
585094,2.315,4.695,8.286,0.028,-0.032,-0.001,2392,0
585114,2.318,4.671,8.282,0.041,-0.036,0.000,2395,0
585134,2.320,4.659,8.296,0.043,-0.042,-0.003,2395,0
585154,2.320,4.630,8.260,0.048,-0.045,-0.004,2393,0
585174,2.310,4.616,8.260,0.048,-0.042,-0.011,2395,0
585194,2.351,4.673,8.203,0.050,-0.039,-0.012,2395,0
585214,2.330,4.752,8.248,0.054,-0.036,-0.012,2392,0
585234,2.270,4.791,8.241,0.050,-0.033,-0.007,2394,0
585254,2.052,4.556,8.243,0.020,-0.034,0.004,2396,0
585274,2.406,4.635,8.250,0.022,-0.029,-0.002,2394,0
585294,2.291,4.638,8.188,0.048,-0.036,-0.003,2395,0
585314,2.330,4.697,8.176,0.032,-0.030,0.009,2395,0
585334,2.119,4.298,8.162,0.012,-0.026,0.006,2391,0
585354,2.468,4.788,8.382,0.021,-0.006,-0.010,2394,0
585374,2.272,4.616,8.339,0.030,-0.031,-0.010,2395,0
585394,2.210,4.547,8.246,0.035,-0.043,-0.010,2393,0
585414,2.512,4.772,8.236,0.061,-0.017,-0.024,2393,0
585434,2.368,4.978,8.246,0.072,-0.022,-0.019,2394,0
585454,2.164,4.918,8.200,0.051,-0.044,0.009,2392,0
585474,2.301,4.760,8.104,0.024,-0.031,0.017,2391,0
585494,2.382,4.702,8.195,0.020,-0.018,0.005,2394,0
585514,2.327,4.618,8.294,0.014,-0.022,0.006,2394,0
585534,2.361,4.563,8.325,0.027,-0.035,0.004,2394,0
585554,2.377,4.623,8.313,0.048,-0.033,-0.014,2394,0
585574,2.289,4.695,8.308,0.060,-0.038,-0.016,2395,0
585594,2.337,4.784,8.248,0.048,-0.043,-0.014,2395,0
585614,2.313,4.784,8.250,0.057,-0.046,-0.006,2396,0
585634,2.298,4.769,8.219,0.047,-0.043,-0.004,2393,0
585654,2.320,4.726,8.179,0.034,-0.036,-0.001,2395,0
585674,2.349,4.709,8.133,0.032,-0.030,-0.002,2395,0
585694,2.354,4.690,8.191,0.026,-0.021,-0.003,2394,0
585714,2.313,4.671,8.241,0.032,-0.021,-0.005,2394,0
585734,2.308,4.688,8.289,0.034,-0.018,-0.006,2394,0
585754,2.318,4.724,8.250,0.035,-0.018,-0.006,2395,0
585774,2.315,4.717,8.219,0.034,-0.016,-0.003,2397,0
585794,2.306,4.707,8.238,0.038,-0.017,-0.003,2396,0
585814,2.298,4.676,8.272,0.035,-0.026,-0.006,2396,0
585834,2.291,4.700,8.301,0.036,-0.032,-0.005,2396,0
585854,2.294,4.681,8.272,0.031,-0.031,-0.005,2395,0
585874,2.310,4.693,8.210,0.043,-0.034,-0.007,2396,0
585894,2.301,4.709,8.234,0.037,-0.027,-0.005,2388,0
585914,2.301,4.700,8.246,0.034,-0.030,-0.006,2395,0
585934,2.320,4.719,8.291,0.039,-0.033,-0.003,2396,0
585954,2.310,4.724,8.215,0.037,-0.035,-0.002,2395,0
585974,2.298,4.697,8.272,0.032,-0.031,-0.000,2395,0
585994,2.313,4.662,8.262,0.036,-0.033,-0.002,2396,0
586014,2.279,4.654,8.277,0.039,-0.033,-0.006,2396,0
586034,2.298,4.678,8.294,0.047,-0.031,-0.007,2397,0
586054,2.310,4.709,8.279,0.045,-0.034,-0.007,2396,0
586074,2.306,4.733,8.224,0.042,-0.036,-0.006,2397,0
586094,2.342,4.697,8.217,0.035,-0.040,-0.008,2396,0
586114,2.332,4.678,8.229,0.044,-0.036,-0.008,2397,0
586134,2.322,4.736,8.219,0.048,-0.027,-0.004,2397,0
586154,2.294,4.748,8.195,0.044,-0.025,-0.001,2395,0
586174,2.279,4.731,8.238,0.033,-0.027,0.000,2395,0
586194,2.303,4.707,8.298,0.033,-0.027,-0.003,2396,0
586214,2.298,4.688,8.270,0.037,-0.029,-0.003,2397,0
586234,2.308,4.707,8.212,0.036,-0.031,-0.002,2396,0
586254,2.318,4.695,8.224,0.034,-0.026,0.000,2395,0
586274,2.306,4.697,8.258,0.029,-0.019,-0.001,2395,0
586294,2.303,4.697,8.296,0.023,-0.023,-0.003,2379,0
586314,2.289,4.688,8.310,0.028,-0.030,-0.001,2397,0
586334,2.320,4.695,8.286,0.033,-0.034,-0.002,2395,0
586354,2.294,4.666,8.272,0.035,-0.035,-0.003,2395,0
586374,2.310,4.659,8.272,0.037,-0.038,-0.005,2394,0
586394,2.322,4.673,8.262,0.041,-0.034,-0.008,2393,0
586414,2.327,4.676,8.258,0.037,-0.034,-0.010,2394,0
586434,2.306,4.707,8.260,0.037,-0.031,-0.009,2394,0
586454,2.289,4.707,8.294,0.036,-0.030,-0.005,2395,0
586474,2.286,4.685,8.315,0.042,-0.035,-0.003,2395,0
586494,2.298,4.690,8.282,0.048,-0.038,0.001,2396,0
586514,2.310,4.705,8.265,0.046,-0.036,0.000,2395,0
586534,2.325,4.690,8.198,0.035,-0.035,0.001,2394,0
586554,2.308,4.673,8.200,0.031,-0.029,-0.003,2395,0
586574,2.303,4.700,8.207,0.034,-0.023,-0.005,2394,0
586594,2.294,4.738,8.241,0.028,-0.021,-0.001,2394,0
586614,2.294,4.726,8.286,0.021,-0.024,0.000,2394,0
586634,2.306,4.688,8.291,0.023,-0.025,-0.000,2395,0
586654,2.296,4.664,8.298,0.027,-0.027,-0.001,2393,0
586674,2.308,4.678,8.241,0.029,-0.028,-0.001,2395,0
586694,2.330,4.659,8.229,0.021,-0.019,0.005,2394,0
586714,2.258,4.580,8.301,0.022,-0.015,-0.003,2393,0
586734,2.320,4.602,8.389,0.031,-0.023,-0.010,2395,0
586754,2.308,4.618,8.329,0.038,-0.032,-0.011,2394,0
586774,2.306,4.606,8.289,0.048,-0.039,-0.015,2394,0
586794,2.294,4.726,8.224,0.058,-0.037,-0.009,2393,0
586814,2.279,4.702,8.229,0.037,-0.034,-0.009,2389,0
586834,2.263,4.726,8.246,0.048,-0.032,-0.004,2394,0
586854,2.279,4.741,8.219,0.050,-0.031,0.008,2394,0
586874,2.306,4.767,8.210,0.054,-0.026,0.017,2393,0
586894,2.334,4.714,8.222,0.029,-0.019,0.013,2395,0
586914,2.363,4.592,8.279,0.013,-0.015,0.007,2371,0
586934,2.320,4.515,8.327,0.020,-0.019,-0.005,2393,0
586954,2.284,4.554,8.358,0.040,-0.025,-0.008,2393,0
586974,2.265,4.664,8.310,0.052,-0.029,-0.013,2392,0
586994,2.267,4.745,8.282,0.038,-0.028,-0.014,2391,0
587014,2.258,4.760,8.289,0.032,-0.033,-0.008,2390,0
587034,2.265,4.707,8.234,0.033,-0.038,-0.002,2393,0
587054,2.308,4.688,8.248,0.033,-0.038,-0.004,2393,0
587074,2.313,4.642,8.238,0.026,-0.029,-0.003,2393,0
587094,2.291,4.623,8.284,0.033,-0.027,-0.002,2392,0
587114,2.284,4.645,8.305,0.037,-0.027,-0.004,2394,0
587134,2.306,4.638,8.356,0.035,-0.029,-0.007,2393,0
587154,2.270,4.638,8.339,0.048,-0.036,-0.008,2391,0
587174,2.267,4.645,8.329,0.043,-0.043,-0.008,2392,0
587194,2.308,4.640,8.305,0.052,-0.045,-0.009,2391,0
587214,2.308,4.638,8.255,0.056,-0.039,-0.010,2391,0
587234,2.289,4.630,8.298,0.059,-0.038,-0.013,2390,0
587254,2.272,4.640,8.291,0.054,-0.041,-0.018,2392,0
587274,2.274,4.685,8.265,0.058,-0.047,-0.018,2390,0
587294,2.291,4.738,8.217,0.054,-0.046,-0.013,2393,0
587314,2.303,4.755,8.241,0.053,-0.043,-0.008,2391,0
587334,2.313,4.726,8.229,0.047,-0.040,-0.005,2393,0
587354,2.296,4.724,8.176,0.041,-0.035,-0.003,2390,0
587374,2.303,4.729,8.203,0.033,-0.030,0.003,2393,0
587394,2.310,4.690,8.224,0.031,-0.022,0.006,2390,0
587414,2.294,4.645,8.298,0.031,-0.023,0.002,2392,0
587434,2.291,4.618,8.339,0.038,-0.028,-0.003,2391,0
587454,2.298,4.628,8.334,0.043,-0.032,-0.008,2394,0
587474,2.298,4.638,8.282,0.042,-0.036,-0.007,2394,0
587494,2.308,4.645,8.294,0.047,-0.040,-0.008,2392,0
587514,2.308,4.681,8.270,0.052,-0.040,-0.012,2391,0
587534,2.294,4.731,8.236,0.050,-0.034,-0.013,2392,0
587554,2.267,4.757,8.248,0.044,-0.031,-0.007,2392,0
587574,2.265,4.700,8.320,0.038,-0.032,-0.001,2392,0
587594,2.294,4.611,8.337,0.042,-0.042,-0.007,2393,0
587614,2.310,4.621,8.258,0.051,-0.048,-0.015,2393,0
587634,2.313,4.717,8.169,0.051,-0.043,-0.017,2367,0
587654,2.306,4.791,8.152,0.048,-0.035,-0.007,2392,0
587674,2.303,4.781,8.210,0.039,-0.027,0.001,2392,0
587694,2.274,4.741,8.241,0.035,-0.023,0.007,2392,0
587714,2.303,4.693,8.277,0.027,-0.028,0.001,2391,0
587734,2.310,4.662,8.265,0.031,-0.031,0.001,2391,0
587754,2.284,4.642,8.270,0.038,-0.030,-0.001,2391,0
587774,2.306,4.650,8.258,0.038,-0.027,-0.002,2391,0
587794,2.308,4.642,8.274,0.043,-0.029,-0.008,2389,0
587814,2.325,4.693,8.274,0.045,-0.035,-0.011,2393,0
587834,2.282,4.733,8.267,0.048,-0.035,-0.007,2392,0
587854,2.284,4.750,8.267,0.044,-0.035,-0.001,2392,0
587874,2.282,4.700,8.258,0.032,-0.037,0.000,2390,0
587894,2.325,4.678,8.234,0.035,-0.033,0.000,2391,0
587914,2.346,4.666,8.234,0.035,-0.029,-0.002,2391,0
587934,2.327,4.650,8.296,0.037,-0.025,-0.003,2392,0
587954,2.291,4.614,8.339,0.044,-0.028,-0.009,2391,0
587974,2.298,4.638,8.334,0.054,-0.040,-0.014,2391,0
587994,2.308,4.719,8.294,0.058,-0.043,-0.014,2390,0
588014,2.294,4.767,8.210,0.059,-0.041,-0.011,2392,0
588034,2.294,4.796,8.145,0.042,-0.034,-0.005,2390,0
588054,2.296,4.776,8.159,0.030,-0.029,0.003,2392,0
588074,2.306,4.733,8.217,0.023,-0.027,0.003,2391,0
588094,2.282,4.676,8.265,0.021,-0.024,0.003,2391,0
588114,2.291,4.647,8.289,0.026,-0.023,0.001,2391,0
588134,2.318,4.626,8.339,0.034,-0.027,-0.001,2392,0
588154,2.313,4.635,8.317,0.041,-0.036,-0.007,2392,0
588174,2.313,4.676,8.277,0.047,-0.040,-0.010,2392,0
588194,2.298,4.717,8.217,0.048,-0.036,-0.009,2392,0
588214,2.301,4.741,8.229,0.043,-0.029,-0.005,2389,0
588234,2.308,4.741,8.241,0.036,-0.028,-0.000,2391,0
588254,2.313,4.685,8.262,0.036,-0.031,-0.001,2390,0
588274,2.306,4.685,8.238,0.037,-0.030,-0.001,2392,0
588294,2.291,4.700,8.262,0.036,-0.029,-0.003,2390,0
588314,2.284,4.676,8.322,0.038,-0.031,-0.001,2381,0
588334,2.284,4.647,8.310,0.042,-0.038,-0.005,2390,0
588354,2.308,4.666,8.265,0.047,-0.047,-0.010,2393,0
588374,2.334,4.685,8.171,0.044,-0.040,-0.010,2392,0
588394,2.351,4.729,8.147,0.047,-0.029,-0.006,2391,0
588414,2.306,4.729,8.236,0.037,-0.022,-0.003,2393,0
588434,2.282,4.693,8.322,0.036,-0.024,-0.001,2392,0
588454,2.282,4.681,8.320,0.037,-0.032,-0.003,2392,0
588474,2.296,4.678,8.262,0.038,-0.035,-0.003,2391,0
588494,2.322,4.673,8.236,0.037,-0.037,-0.002,2391,0
588514,2.310,4.676,8.248,0.041,-0.030,-0.001,2391,0
588534,2.301,4.685,8.224,0.041,-0.030,-0.004,2391,0
588554,2.313,4.717,8.236,0.039,-0.029,-0.004,2367,0
588574,2.308,4.712,8.286,0.033,-0.029,-0.003,2391,0
588594,2.255,4.709,8.320,0.040,-0.029,-0.000,2392,0
588614,2.291,4.683,8.305,0.035,-0.035,-0.003,2391,0
588634,2.313,4.666,8.294,0.041,-0.041,-0.005,2391,0
588654,2.313,4.664,8.260,0.041,-0.039,-0.006,2394,0
588674,2.318,4.664,8.215,0.042,-0.033,-0.005,2394,0
588694,2.308,4.678,8.222,0.044,-0.030,-0.004,2392,0
588714,2.272,4.681,8.284,0.047,-0.031,-0.005,2393,0
588734,2.313,4.705,8.298,0.055,-0.042,-0.007,2393,0
588754,2.296,4.700,8.270,0.059,-0.039,-0.006,2393,0
588774,2.294,4.717,8.217,0.056,-0.043,-0.003,2393,0
588794,2.296,4.709,8.215,0.055,-0.032,-0.003,2394,0
588814,2.308,4.695,8.267,0.050,-0.034,-0.006,2395,0
588834,2.334,4.693,8.248,0.041,-0.034,-0.008,2394,0
588854,2.313,4.700,8.210,0.047,-0.030,-0.005,2395,0
588874,2.308,4.700,8.219,0.038,-0.031,-0.005,2399,0
588894,2.289,4.736,8.250,0.043,-0.029,-0.003,2398,0
588914,2.298,4.697,8.279,0.033,-0.033,-0.005,2399,0
588934,2.308,4.693,8.262,0.039,-0.037,-0.008,2398,0
588954,2.296,4.695,8.234,0.040,-0.036,-0.007,2400,0
588974,2.315,4.707,8.203,0.046,-0.029,-0.002,2398,0
588994,2.313,4.726,8.205,0.045,-0.026,-0.003,2397,0
589014,2.308,4.697,8.277,0.033,-0.036,-0.005,2398,0
589034,2.301,4.676,8.255,0.039,-0.037,-0.007,2398,0
589054,2.286,4.755,8.255,0.050,-0.034,-0.005,2397,0
589074,2.298,4.764,8.258,0.030,-0.035,-0.000,2398,0
589094,2.310,4.690,8.224,0.033,-0.035,0.000,2397,0
589114,2.315,4.676,8.215,0.034,-0.032,-0.001,2396,0
589134,2.346,4.671,8.207,0.031,-0.030,-0.008,2396,0
589154,2.320,4.683,8.226,0.039,-0.029,-0.009,2396,0
589174,2.318,4.741,8.229,0.041,-0.023,-0.007,2394,0
589194,2.308,4.745,8.262,0.032,-0.023,-0.003,2396,0
589214,2.301,4.721,8.274,0.039,-0.033,-0.002,2394,0
589234,2.298,4.719,8.262,0.036,-0.039,-0.001,2395,0
589254,2.296,4.697,8.234,0.041,-0.039,-0.002,2395,0
589274,2.325,4.695,8.203,0.043,-0.031,-0.002,2395,0
589294,2.296,4.683,8.215,0.034,-0.022,-0.002,2395,0
589314,2.327,4.695,8.284,0.030,-0.027,-0.009,2395,0
589334,2.313,4.724,8.310,0.035,-0.029,-0.007,2394,0
589354,2.291,4.760,8.298,0.040,-0.034,-0.000,2393,0
589374,2.315,4.736,8.253,0.034,-0.037,0.000,2394,0
589394,2.318,4.666,8.231,0.034,-0.034,0.001,2395,0
589414,2.310,4.616,8.260,0.042,-0.032,-0.004,2394,0
589434,2.332,4.652,8.279,0.042,-0.034,-0.013,2395,0
589454,2.325,4.662,8.217,0.044,-0.035,-0.014,2394,0
589474,2.308,4.726,8.250,0.050,-0.033,-0.010,2394,0
589494,2.313,4.762,8.262,0.049,-0.034,-0.006,2392,0
589514,2.306,4.738,8.291,0.047,-0.039,-0.006,2395,0
589534,2.277,4.709,8.224,0.052,-0.043,-0.004,2395,0
589554,2.286,4.685,8.176,0.050,-0.034,-0.005,2394,0
589574,2.344,4.712,8.179,0.039,-0.024,-0.008,2395,0
589594,2.346,4.726,8.236,0.034,-0.023,-0.006,2395,0
589614,2.291,4.690,8.303,0.037,-0.027,-0.004,2396,0
589634,2.313,4.690,8.282,0.038,-0.033,-0.005,2395,0
589654,2.310,4.685,8.274,0.048,-0.034,-0.008,2395,0
589674,2.301,4.724,8.222,0.051,-0.032,-0.011,2395,0
589694,2.298,4.719,8.224,0.044,-0.039,-0.005,2396,0
589714,2.332,4.700,8.248,0.041,-0.038,-0.003,2396,0
589734,2.334,4.738,8.167,0.052,-0.035,-0.005,2397,0
589754,2.315,4.762,8.147,0.037,-0.029,-0.003,2395,0
589774,2.298,4.731,8.215,0.028,-0.027,-0.001,2397,0
589794,2.286,4.700,8.229,0.035,-0.025,0.000,2397,0
589814,2.284,4.690,8.282,0.031,-0.025,-0.002,2396,0
589834,2.320,4.700,8.301,0.034,-0.034,-0.003,2397,0
589854,2.303,4.736,8.270,0.031,-0.041,-0.002,2395,0
589874,2.318,4.693,8.210,0.028,-0.035,0.002,2396,0
589894,2.327,4.671,8.212,0.033,-0.027,0.001,2395,0
589914,2.337,4.657,8.272,0.038,-0.027,-0.005,2395,0
589934,2.318,4.717,8.250,0.039,-0.032,-0.005,2395,0
589954,2.315,4.729,8.265,0.035,-0.033,-0.005,2395,0
589974,2.294,4.714,8.246,0.041,-0.029,-0.003,2395,0
589994,2.310,4.697,8.222,0.034,-0.032,-0.003,2396,0
590014,2.310,4.688,8.262,0.036,-0.033,-0.005,2396,0
590034,2.306,4.690,8.274,0.038,-0.033,-0.005,2395,0
590054,2.296,4.726,8.238,0.039,-0.031,-0.007,2396,0
590074,2.306,4.709,8.272,0.035,-0.030,-0.004,2395,0
590094,2.318,4.697,8.308,0.041,-0.031,-0.003,2395,0
590114,2.289,4.693,8.279,0.044,-0.038,-0.002,2395,0
590134,2.298,4.702,8.246,0.043,-0.039,-0.001,2394,0
590154,2.301,4.705,8.203,0.042,-0.035,-0.005,2394,0
590174,2.289,4.693,8.222,0.037,-0.031,-0.006,2394,0
590194,2.315,4.678,8.267,0.035,-0.031,-0.007,2395,0
590214,2.322,4.676,8.270,0.039,-0.032,-0.008,2394,0
590234,2.308,4.712,8.277,0.046,-0.034,-0.006,2394,0
590254,2.313,4.707,8.262,0.043,-0.035,-0.004,2391,0
590274,2.310,4.673,8.250,0.043,-0.035,-0.005,2394,0
590294,2.303,4.669,8.215,0.044,-0.034,-0.008,2395,0
590314,2.313,4.705,8.226,0.040,-0.031,-0.010,2394,0
590334,2.303,4.741,8.250,0.045,-0.031,-0.006,2396,0
590354,2.303,4.745,8.262,0.040,-0.029,-0.002,2393,0
590374,2.310,4.719,8.255,0.037,-0.031,0.002,2395,0
590394,2.313,4.666,8.270,0.038,-0.030,-0.000,2394,0
590414,2.315,4.669,8.246,0.040,-0.032,-0.006,2394,0
590434,2.301,4.712,8.231,0.041,-0.032,-0.007,2394,0
590454,2.301,4.741,8.231,0.042,-0.029,-0.005,2395,0
590474,2.318,4.745,8.248,0.039,-0.030,-0.003,2395,0
590494,2.325,4.709,8.262,0.035,-0.035,-0.002,2395,0
590514,2.315,4.683,8.253,0.042,-0.034,-0.001,2394,0
590534,2.320,4.693,8.224,0.039,-0.031,-0.004,2396,0
590554,2.296,4.688,8.224,0.039,-0.028,-0.003,2395,0
590574,2.279,4.678,8.274,0.041,-0.030,-0.007,2394,0
590594,2.298,4.709,8.313,0.039,-0.034,-0.006,2395,0
590614,2.301,4.709,8.260,0.042,-0.038,-0.006,2394,0
590634,2.303,4.709,8.198,0.042,-0.036,-0.009,2394,0
590654,2.332,4.731,8.133,0.042,-0.027,-0.006,2394,0
590674,2.318,4.719,8.186,0.031,-0.022,-0.003,2395,0
590694,2.306,4.712,8.260,0.033,-0.025,-0.001,2395,0
590714,2.310,4.719,8.296,0.029,-0.028,0.002,2395,0
590734,2.325,4.676,8.265,0.036,-0.033,0.002,2395,0
590754,2.306,4.681,8.246,0.041,-0.035,0.000,2395,0
590774,2.301,4.700,8.198,0.037,-0.029,0.001,2394,0
590794,2.315,4.669,8.217,0.029,-0.021,-0.003,2394,0
590814,2.303,4.645,8.238,0.029,-0.022,-0.007,2394,0
590834,2.294,4.690,8.286,0.030,-0.023,-0.010,2394,0
590854,2.318,4.681,8.279,0.033,-0.026,-0.007,2394,0
590874,2.298,4.697,8.284,0.042,-0.028,-0.003,2393,0
590894,2.294,4.695,8.294,0.040,-0.033,-0.002,2394,0
590914,2.298,4.659,8.301,0.042,-0.037,-0.004,2395,0
590934,2.303,4.676,8.262,0.049,-0.039,-0.009,2395,0
590954,2.313,4.717,8.217,0.045,-0.037,-0.006,2376,0
590974,2.301,4.717,8.198,0.039,-0.029,-0.004,2394,0
590994,2.306,4.717,8.234,0.034,-0.025,-0.004,2394,0
591014,2.303,4.697,8.279,0.034,-0.029,-0.006,2395,0
591034,2.301,4.678,8.313,0.038,-0.037,-0.005,2394,0
591054,2.291,4.695,8.255,0.040,-0.039,-0.005,2394,0
591074,2.303,4.678,8.207,0.039,-0.037,-0.002,2394,0
591094,2.308,4.676,8.200,0.039,-0.031,-0.005,2396,0
591114,2.322,4.695,8.238,0.035,-0.031,-0.005,2393,0
591134,2.306,4.690,8.243,0.040,-0.028,-0.003,2393,0
591154,2.294,4.702,8.253,0.040,-0.028,-0.002,2394,0
591174,2.294,4.671,8.267,0.034,-0.030,-0.001,2394,0
591194,2.294,4.664,8.294,0.039,-0.032,-0.004,2394,0
591214,2.291,4.666,8.291,0.046,-0.035,-0.006,2392,0
591234,2.308,4.673,8.274,0.041,-0.040,-0.006,2394,0
591254,2.313,4.681,8.219,0.042,-0.038,-0.009,2394,0
591274,2.303,4.726,8.181,0.047,-0.035,-0.007,2393,0
591294,2.306,4.733,8.231,0.035,-0.028,-0.004,2393,0
591314,2.313,4.719,8.234,0.033,-0.027,-0.001,2392,0
591334,2.301,4.688,8.282,0.031,-0.030,-0.001,2393,0
591354,2.310,4.650,8.272,0.035,-0.032,-0.003,2393,0
591374,2.318,4.657,8.265,0.042,-0.028,-0.004,2393,0
591394,2.291,4.697,8.291,0.044,-0.031,-0.002,2394,0
591414,2.298,4.685,8.301,0.044,-0.035,-0.002,2394,0
591434,2.298,4.700,8.250,0.043,-0.040,-0.006,2393,0
591454,2.320,4.709,8.205,0.040,-0.037,-0.006,2394,0
591474,2.327,4.717,8.169,0.038,-0.030,-0.006,2394,0
591494,2.315,4.712,8.231,0.037,-0.023,-0.001,2393,0
591514,2.289,4.702,8.286,0.034,-0.023,-0.000,2395,0
591534,2.291,4.676,8.317,0.036,-0.029,-0.003,2394,0
591554,2.284,4.673,8.294,0.041,-0.036,-0.004,2393,0
591574,2.303,4.688,8.250,0.045,-0.039,-0.006,2395,0
591594,2.298,4.683,8.193,0.043,-0.035,-0.002,2394,0
591614,2.286,4.693,8.203,0.042,-0.029,-0.003,2392,0
591634,2.315,4.736,8.198,0.035,-0.029,-0.005,2393,0
591654,2.322,4.733,8.248,0.028,-0.026,-0.002,2394,0
591674,2.308,4.702,8.289,0.030,-0.029,0.001,2393,0
591694,2.318,4.650,8.305,0.033,-0.032,0.001,2393,0
591714,2.310,4.618,8.289,0.038,-0.035,-0.002,2394,0
591734,2.294,4.621,8.279,0.047,-0.037,-0.006,2393,0
591754,2.298,4.664,8.236,0.043,-0.037,-0.010,2392,0
591774,2.334,4.669,8.236,0.039,-0.032,-0.010,2394,0
591794,2.320,4.707,8.250,0.046,-0.031,-0.009,2393,0
591814,2.310,4.736,8.248,0.042,-0.033,-0.005,2393,0
591834,2.315,4.741,8.241,0.035,-0.033,-0.002,2393,0
591854,2.289,4.681,8.236,0.035,-0.032,-0.002,2392,0
591874,2.298,4.662,8.282,0.034,-0.031,-0.003,2394,0
591894,2.313,4.647,8.277,0.036,-0.035,-0.008,2392,0
591914,2.318,4.669,8.241,0.041,-0.034,-0.008,2394,0
591934,2.301,4.709,8.222,0.041,-0.030,-0.005,2394,0
591954,2.301,4.717,8.195,0.041,-0.027,-0.002,2392,0
591974,2.296,4.700,8.298,0.038,-0.025,-0.002,2393,0
591994,2.303,4.695,8.313,0.034,-0.038,-0.003,2394,0
592014,2.308,4.669,8.296,0.036,-0.039,-0.001,2389,0
592034,2.322,4.657,8.222,0.046,-0.034,-0.001,2393,0
592054,2.301,4.671,8.236,0.041,-0.029,-0.004,2394,0
592074,2.296,4.688,8.255,0.039,-0.025,-0.008,2395,0
592094,2.308,4.693,8.279,0.037,-0.030,-0.007,2394,0
592114,2.301,4.702,8.279,0.040,-0.033,-0.003,2395,0
592134,2.301,4.678,8.262,0.040,-0.035,-0.001,2394,0
592154,2.286,4.652,8.246,0.046,-0.033,0.000,2394,0
592174,2.301,4.659,8.260,0.045,-0.033,-0.006,2393,0
592194,2.308,4.664,8.267,0.036,-0.031,-0.006,2393,0
592214,2.339,4.705,8.282,0.039,-0.034,-0.007,2393,0
592234,2.284,4.709,8.286,0.047,-0.037,-0.005,2394,0
592254,2.267,4.705,8.267,0.041,-0.039,-0.001,2393,0
592274,2.313,4.673,8.236,0.041,-0.036,-0.004,2393,0
592294,2.330,4.671,8.198,0.043,-0.034,-0.009,2393,0
592314,2.325,4.695,8.234,0.037,-0.029,-0.005,2393,0
592334,2.310,4.702,8.267,0.037,-0.030,-0.003,2376,0
592354,2.294,4.671,8.289,0.038,-0.027,-0.001,2392,0
592374,2.294,4.685,8.284,0.044,-0.035,-0.001,2394,0
592394,2.301,4.664,8.262,0.042,-0.038,-0.004,2392,0
592414,2.308,4.695,8.224,0.046,-0.036,-0.002,2393,0
592434,2.301,4.683,8.203,0.038,-0.030,-0.005,2394,0
592454,2.315,4.671,8.238,0.040,-0.027,-0.006,2393,0
592474,2.325,4.690,8.255,0.042,-0.026,-0.009,2394,0
592494,2.296,4.745,8.253,0.039,-0.029,-0.003,2393,0
592514,2.277,4.712,8.253,0.033,-0.032,0.001,2394,0
592534,2.322,4.676,8.248,0.024,-0.027,-0.001,2394,0
592554,2.351,4.650,8.270,0.027,-0.029,-0.001,2389,0
592574,2.294,4.654,8.279,0.044,-0.035,-0.003,2394,0
592594,2.284,4.676,8.286,0.046,-0.032,-0.005,2392,0
592614,2.325,4.693,8.255,0.034,-0.031,-0.005,2393,0
592634,2.339,4.669,8.267,0.038,-0.032,-0.005,2394,0
592654,2.291,4.681,8.253,0.044,-0.035,-0.005,2393,0
592674,2.306,4.678,8.260,0.039,-0.037,-0.005,2394,0
592694,2.303,4.693,8.219,0.037,-0.032,-0.006,2394,0
592714,2.332,4.717,8.226,0.033,-0.029,-0.004,2393,0
592734,2.310,4.690,8.286,0.026,-0.027,-0.002,2393,0
592754,2.298,4.671,8.277,0.032,-0.025,-0.002,2393,0
592774,2.286,4.671,8.274,0.033,-0.026,-0.004,2393,0
592794,2.298,4.681,8.255,0.034,-0.030,-0.002,2394,0
592814,2.306,4.645,8.296,0.035,-0.029,-0.003,2394,0
592834,2.306,4.669,8.296,0.049,-0.031,-0.005,2393,0
592854,2.310,4.678,8.284,0.051,-0.034,-0.004,2388,0
592874,2.291,4.671,8.270,0.041,-0.038,-0.006,2394,0
592894,2.301,4.678,8.224,0.039,-0.034,-0.005,2394,0
592914,2.315,4.705,8.212,0.032,-0.028,-0.004,2394,0
592934,2.318,4.697,8.258,0.029,-0.025,-0.002,2393,0
592954,2.313,4.673,8.298,0.029,-0.029,-0.001,2375,0
592974,2.291,4.662,8.277,0.034,-0.032,-0.003,2392,0
592994,2.296,4.628,8.282,0.038,-0.035,-0.004,2393,0
593014,2.296,4.630,8.246,0.042,-0.036,-0.009,2394,0
593034,2.318,4.659,8.279,0.044,-0.034,-0.011,2395,0
593054,2.301,4.690,8.301,0.046,-0.031,-0.011,2389,0
593074,2.279,4.736,8.303,0.051,-0.036,-0.008,2393,0
593094,2.296,4.774,8.224,0.045,-0.042,-0.002,2394,0
593114,2.373,4.800,8.119,0.032,-0.040,0.001,2392,0
593134,2.277,4.726,8.159,0.026,-0.023,0.017,2394,0
593154,2.296,4.635,8.215,0.012,-0.018,0.004,2393,0
593174,2.313,4.618,8.320,0.026,-0.015,0.006,2393,0
593194,2.332,4.611,8.353,0.026,-0.021,-0.003,2390,0
593214,2.308,4.638,8.339,0.035,-0.021,-0.003,2393,0
593234,2.284,4.650,8.322,0.034,-0.029,-0.003,2394,0
593254,2.286,4.623,8.320,0.040,-0.034,-0.005,2392,0
593274,2.301,4.626,8.272,0.043,-0.034,-0.009,2394,0
593294,2.308,4.676,8.157,0.041,-0.030,-0.011,2394,0
593314,2.303,4.745,8.109,0.033,-0.015,-0.004,2393,0
593334,2.310,4.750,8.205,0.014,-0.010,0.003,2395,0
593354,2.291,4.709,8.289,0.010,-0.009,0.009,2393,0
593374,2.301,4.664,8.320,0.014,-0.011,0.012,2394,0
593394,2.265,4.633,8.337,0.014,-0.014,0.010,2393,0
593414,2.284,4.535,8.394,0.023,-0.017,0.005,2393,0
593434,2.296,4.499,8.413,0.040,-0.027,-0.001,2395,0
593454,2.303,4.501,8.420,0.047,-0.038,-0.013,2393,0
593474,2.308,4.575,8.356,0.067,-0.047,-0.020,2395,0
593494,2.265,4.695,8.308,0.072,-0.046,-0.022,2393,0
593514,2.270,4.762,8.234,0.062,-0.044,-0.013,2393,0
593534,2.279,4.750,8.200,0.047,-0.043,-0.008,2395,0
593554,2.286,4.726,8.159,0.035,-0.035,-0.001,2394,0
593574,2.308,4.688,8.193,0.031,-0.025,0.002,2394,0
593594,2.296,4.673,8.229,0.022,-0.019,0.003,2394,0
593614,2.294,4.640,8.332,0.019,-0.019,0.005,2393,0
593634,2.303,4.566,8.389,0.030,-0.027,0.002,2394,0
593654,2.298,4.542,8.361,0.041,-0.038,-0.006,2393,0
593674,2.303,4.563,8.346,0.057,-0.047,-0.012,2392,0
593694,2.303,4.623,8.260,0.064,-0.048,-0.014,2392,0
593714,2.286,4.690,8.212,0.061,-0.045,-0.014,2394,0
593734,2.279,4.721,8.231,0.052,-0.039,-0.011,2393,0
593754,2.289,4.712,8.250,0.047,-0.036,-0.009,2393,0
593774,2.282,4.712,8.248,0.047,-0.032,-0.006,2393,0
593794,2.286,4.690,8.272,0.040,-0.032,-0.000,2393,0
593814,2.315,4.642,8.291,0.038,-0.031,0.001,2394,0
593834,2.301,4.604,8.308,0.043,-0.033,-0.005,2394,0
593854,2.289,4.616,8.272,0.050,-0.038,-0.007,2394,0
593874,2.296,4.659,8.298,0.050,-0.038,-0.008,2393,0
593894,2.291,4.673,8.294,0.045,-0.037,-0.006,2392,0
593914,2.286,4.693,8.250,0.045,-0.037,-0.006,2393,0
593934,2.303,4.678,8.205,0.037,-0.033,-0.009,2393,0
593954,2.325,4.717,8.181,0.037,-0.023,-0.005,2392,0
593974,2.325,4.738,8.222,0.030,-0.015,0.001,2393,0
593994,2.286,4.719,8.317,0.025,-0.016,0.004,2393,0
594014,2.265,4.614,8.361,0.027,-0.023,0.004,2392,0
594034,2.296,4.566,8.418,0.041,-0.033,-0.001,2393,0
594054,2.298,4.592,8.377,0.052,-0.043,-0.011,2392,0
594074,2.298,4.611,8.284,0.058,-0.049,-0.011,2392,0
594094,2.296,4.669,8.243,0.062,-0.046,-0.011,2388,0
594114,2.296,4.721,8.200,0.055,-0.036,-0.009,2393,0
594134,2.289,4.743,8.205,0.043,-0.034,-0.003,2393,0
594154,2.282,4.721,8.270,0.042,-0.035,-0.001,2394,0
594174,2.298,4.700,8.260,0.038,-0.036,0.001,2394,0
594194,2.318,4.638,8.246,0.032,-0.035,0.003,2393,0
594214,2.332,4.590,8.219,0.040,-0.031,-0.001,2392,0
594234,2.322,4.571,8.294,0.046,-0.031,-0.007,2391,0
594254,2.320,4.630,8.325,0.052,-0.038,-0.013,2392,0
594274,2.294,4.688,8.301,0.059,-0.041,-0.015,2392,0
594294,2.294,4.757,8.224,0.055,-0.041,-0.010,2390,0
594314,2.291,4.738,8.215,0.036,-0.037,-0.004,2393,0
594334,2.298,4.697,8.236,0.039,-0.033,-0.001,2393,0
594354,2.310,4.669,8.215,0.041,-0.028,-0.004,2393,0
594374,2.306,4.662,8.234,0.033,-0.027,-0.005,2394,0
594394,2.310,4.678,8.291,0.033,-0.026,-0.006,2394,0
594414,2.301,4.681,8.327,0.039,-0.029,-0.006,2393,0
594434,2.303,4.688,8.315,0.042,-0.038,-0.005,2392,0
594454,2.284,4.673,8.279,0.045,-0.045,-0.007,2393,0
594474,2.303,4.693,8.207,0.044,-0.042,-0.005,2391,0
594494,2.325,4.714,8.205,0.039,-0.033,-0.003,2394,0
594514,2.322,4.709,8.212,0.037,-0.028,-0.001,2393,0
594534,2.313,4.673,8.260,0.037,-0.027,0.001,2393,0
594554,2.313,4.645,8.303,0.038,-0.027,-0.003,2393,0
594574,2.332,4.645,8.265,0.035,-0.030,-0.003,2393,0
594594,2.322,4.647,8.258,0.046,-0.031,-0.005,2392,0
594614,2.298,4.688,8.265,0.049,-0.031,-0.008,2393,0
594634,2.294,4.721,8.277,0.046,-0.028,-0.006,2391,0
594654,2.291,4.736,8.329,0.043,-0.033,-0.005,2393,0
594674,2.267,4.700,8.317,0.042,-0.042,-0.003,2392,0
594694,2.298,4.659,8.212,0.043,-0.043,-0.005,2393,0
594714,2.308,4.673,8.188,0.042,-0.033,-0.008,2377,0
594734,2.306,4.700,8.207,0.041,-0.028,-0.004,2393,0
594754,2.306,4.724,8.270,0.038,-0.023,-0.003,2393,0
594774,2.294,4.712,8.310,0.040,-0.030,-0.001,2394,0
594794,2.303,4.676,8.298,0.040,-0.039,-0.002,2388,0
594814,2.320,4.690,8.258,0.046,-0.037,-0.005,2393,0
594834,2.310,4.697,8.186,0.043,-0.034,-0.004,2392,0
594854,2.298,4.664,8.215,0.031,-0.029,0.002,2393,0
594874,2.315,4.640,8.229,0.035,-0.026,-0.003,2391,0
594894,2.337,4.662,8.289,0.030,-0.022,-0.006,2391,0
594914,2.310,4.685,8.301,0.034,-0.029,-0.008,2392,0
594934,2.263,4.714,8.308,0.043,-0.034,-0.004,2393,0
594954,2.289,4.736,8.260,0.035,-0.036,-0.002,2394,0
594974,2.301,4.671,8.234,0.033,-0.034,-0.002,2392,0
594994,2.322,4.618,8.236,0.031,-0.028,-0.006,2391,0
595014,2.306,4.630,8.243,0.043,-0.030,-0.007,2393,0
595034,2.303,4.676,8.267,0.043,-0.036,-0.010,2394,0
595054,2.284,4.690,8.291,0.043,-0.034,-0.010,2392,0
595074,2.289,4.726,8.270,0.046,-0.033,-0.008,2393,0
595094,2.308,4.721,8.243,0.042,-0.034,-0.004,2392,0
595114,2.327,4.700,8.234,0.038,-0.034,-0.001,2392,0
595134,2.318,4.688,8.234,0.039,-0.031,0.000,2392,0
595154,2.296,4.659,8.250,0.031,-0.030,-0.001,2393,0
595174,2.282,4.614,8.291,0.034,-0.031,-0.005,2392,0
595194,2.301,4.671,8.298,0.041,-0.028,-0.009,2392,0
595214,2.289,4.695,8.258,0.042,-0.031,-0.005,2391,0
595234,2.279,4.726,8.255,0.043,-0.031,-0.003,2393,0
595254,2.294,4.719,8.282,0.035,-0.031,-0.002,2393,0
595274,2.308,4.688,8.310,0.038,-0.037,-0.001,2394,0
595294,2.308,4.664,8.305,0.044,-0.045,-0.000,2393,0
595314,2.310,4.583,8.499,0.117,-0.056,0.002,2373,0
595334,2.440,4.448,8.377,0.262,-0.094,-0.021,2402,0
595354,2.126,4.575,8.825,0.303,-0.280,-0.068,2437,0
595374,2.401,4.855,9.064,0.305,-0.451,-0.030,2527,0
595394,2.468,5.219,8.327,0.376,-0.594,0.044,2643,0
595414,2.610,4.918,8.660,0.349,-0.649,0.116,2767,0
595434,2.926,4.709,8.004,0.407,-0.662,0.076,2910,0
595454,2.705,5.066,7.305,0.493,-0.540,-0.014,3184,0
595474,2.634,6.124,7.336,0.418,-0.514,0.039,3098,0
595494,3.433,5.748,7.934,0.166,-0.707,0.254,3154,0
595514,3.352,5.581,7.630,0.289,-0.640,0.273,3186,0
595534,2.993,5.456,7.250,0.316,-0.469,0.326,3215,0
595554,3.045,5.150,7.295,0.294,-0.332,0.249,3239,0
595574,3.218,5.646,7.513,0.321,-0.342,0.305,3257,0
595594,3.196,4.743,7.381,0.141,-0.342,0.388,3274,0
595614,3.926,4.312,7.786,0.346,-0.235,0.164,3297,0
595634,4.044,5.069,7.326,0.573,-0.072,0.243,3311,0
595654,3.141,5.267,6.591,0.464,0.115,0.245,3313,0
595674,3.989,5.337,6.778,0.492,0.256,0.104,3313,0
595694,3.874,5.581,6.620,0.382,0.385,0.067,3310,2826
595714,3.232,5.880,6.517,0.302,0.641,-0.023,3293,3514
595734,3.304,6.086,6.974,0.216,0.721,0.097,3297,3894
595754,3.132,5.538,7.616,0.272,0.558,0.262,3291,4057
595774,3.033,6.206,7.736,0.345,0.516,0.246,3284,4095
595794,3.199,5.947,7.927,0.181,0.447,0.276,3269,4095
595814,3.165,5.356,8.147,0.169,0.202,0.310,3276,4095
595834,2.650,5.404,8.066,0.146,0.087,0.180,3269,4095
595854,3.002,5.313,7.568,0.188,0.057,0.139,3266,4095
595874,3.261,5.511,7.278,0.089,-0.025,0.200,3260,4095
595894,2.866,4.812,7.072,0.035,0.005,0.148,3259,4095
595914,2.679,4.810,7.044,0.052,0.066,0.068,3258,4095
595934,3.622,5.284,7.118,0.040,0.046,-0.000,3252,4095
595954,3.421,5.128,7.338,-0.033,0.021,-0.018,3249,4095
595974,3.050,4.954,7.489,-0.020,0.024,-0.040,3260,4095
595994,3.048,5.392,7.568,-0.005,-0.015,-0.035,3257,4095
596014,3.038,5.538,7.611,-0.053,-0.075,-0.055,3254,4095
596034,3.098,5.689,7.633,-0.074,-0.124,-0.046,3249,4095
596054,3.256,5.499,7.496,-0.073,-0.094,-0.056,3247,4095
596074,3.084,5.533,7.389,-0.050,-0.075,-0.101,3246,4095
596094,3.081,5.495,7.230,-0.133,-0.106,-0.101,3243,4095
596114,2.761,5.337,7.295,-0.223,-0.173,-0.063,3239,4095
596134,2.555,5.401,7.336,-0.366,-0.402,0.024,3235,4095
596154,2.945,5.128,7.374,-0.691,-0.637,0.102,3233,4095
596174,3.270,5.025,7.903,-0.873,-0.735,0.133,3237,4095
596194,3.938,3.986,8.133,-0.812,-0.717,0.158,3236,3947
596214,4.144,3.713,7.870,-0.307,-0.422,-0.082,3216,3297
596234,3.675,5.013,7.470,-0.076,-0.203,-0.380,3174,1418
596254,3.110,5.626,6.776,-0.512,-0.173,-0.317,3106,0
596274,3.752,4.111,7.156,-0.760,0.236,-0.390,3008,0
596294,3.790,4.360,7.132,-0.526,0.526,-0.634,2862,0
596314,3.680,4.829,7.099,-0.140,0.822,-0.784,2689,0
596334,3.237,5.351,7.065,-0.012,1.116,-0.730,2586,0
596354,2.579,6.136,6.752,-0.219,1.340,-0.436,2491,0
596374,2.375,4.642,8.492,-0.653,1.305,-0.218,2440,0
596394,2.191,3.474,8.861,-0.540,1.077,-0.343,2410,0
596414,1.980,3.891,9.230,-0.221,0.761,-0.443,2382,0
596434,1.946,4.899,9.402,0.029,0.463,-0.360,2368,0
596454,1.659,5.322,9.541,-0.004,0.231,-0.259,2357,0
596474,1.669,5.262,9.740,-0.083,0.052,-0.156,2342,0
596494,1.489,4.755,9.079,-0.043,-0.070,-0.129,2338,0
596514,1.695,4.187,8.811,0.003,-0.172,-0.136,2333,0
596534,2.571,4.769,8.801,0.136,-0.177,-0.046,2320,0
596554,1.063,4.563,8.222,0.013,-0.164,0.036,2327,0
596574,2.636,4.475,8.088,0.069,-0.206,-0.003,2325,0
596594,1.336,4.408,8.229,-0.091,-0.077,0.035,2324,0
596614,2.538,4.298,7.973,0.059,-0.058,-0.063,2322,0
596634,1.480,4.791,8.425,0.025,0.103,0.002,2324,0
596654,2.049,4.559,8.171,0.077,-0.008,-0.082,2323,0
596674,1.702,4.889,9.170,-0.068,0.034,0.031,2322,0
596694,1.786,4.226,8.308,0.066,-0.087,-0.023,2324,0
596714,2.097,5.016,9.062,0.041,-0.007,0.047,2331,0
596734,1.482,4.068,7.918,0.049,-0.102,-0.015,2330,0
596754,2.401,4.755,8.863,0.042,-0.026,0.046,2330,0
596774,1.305,3.895,7.913,0.016,-0.086,-0.023,2332,0
596794,2.653,4.803,8.921,0.102,-0.012,0.029,2332,0
596814,1.049,4.135,7.879,0.052,-0.027,-0.035,2326,0
596834,2.705,4.987,8.880,0.083,-0.002,-0.002,2335,0
596854,0.974,4.190,8.049,-0.031,-0.032,-0.035,2334,0
596874,2.796,4.824,8.942,0.086,-0.027,0.007,2335,0
596894,0.855,4.254,8.140,0.021,-0.045,-0.009,2335,0
596914,2.849,4.836,8.892,0.094,-0.054,0.009,2335,0
596934,0.852,4.209,8.131,-0.020,-0.044,0.002,2337,0
596954,2.957,4.657,8.751,0.113,-0.051,0.001,2337,0
596974,1.429,4.556,8.258,0.037,0.000,-0.007,2344,0
596994,1.824,4.575,8.279,0.029,-0.024,-0.008,2351,0
597014,1.889,4.626,8.478,0.015,-0.022,-0.001,2351,0
597034,1.911,4.513,8.504,0.025,-0.028,-0.007,2351,0
597054,1.870,4.520,8.504,0.043,-0.035,-0.007,2350,0
597074,1.875,4.537,8.497,0.033,-0.048,-0.002,2351,0
597094,1.844,4.484,8.492,0.035,-0.058,-0.001,2352,0
597114,1.896,4.544,8.521,0.046,-0.067,0.004,2351,0
597134,1.889,4.470,8.499,0.045,-0.072,0.004,2352,0
597154,1.896,4.456,8.516,0.062,-0.071,-0.010,2351,0
597174,1.923,4.568,8.430,0.064,-0.064,-0.015,2351,0
597194,1.896,4.544,8.320,0.059,-0.053,-0.007,2352,0
597214,1.935,4.537,8.363,0.043,-0.040,-0.010,2351,0
597234,1.913,4.554,8.399,0.030,-0.042,-0.008,2352,0
597254,1.889,4.537,8.480,0.026,-0.056,-0.006,2351,0
597274,1.925,4.599,8.440,0.030,-0.061,-0.003,2337,0
597294,1.899,4.551,8.416,0.027,-0.041,0.002,2352,0
597314,1.908,4.523,8.416,0.022,-0.035,0.001,2353,0
597334,1.927,4.513,8.454,0.008,-0.033,0.004,2351,0
597354,1.973,4.439,8.483,0.017,-0.033,0.003,2352,0
597374,1.944,4.456,8.495,0.049,-0.036,-0.002,2352,0
597394,1.925,4.465,8.487,0.052,-0.045,-0.004,2353,0
597414,1.920,4.499,8.487,0.056,-0.052,-0.007,2354,0
597434,1.920,4.532,8.459,0.056,-0.050,-0.010,2356,0
597454,1.927,4.544,8.404,0.058,-0.055,-0.008,2353,0
597474,1.930,4.563,8.349,0.057,-0.051,-0.001,2345,0
597494,2.006,4.547,8.416,0.063,-0.031,0.003,2344,0
597514,2.217,4.367,8.416,0.072,-0.035,0.001,2348,0
597534,2.468,4.695,8.808,0.090,-0.007,0.029,2341,0
597554,1.279,4.628,8.344,0.010,-0.039,0.014,2350,0
