2840365,2.957,9.421,-1.511,0.073,-0.065,-0.081,2559,0
2840385,2.942,9.450,-1.544,0.067,-0.051,-0.085,2561,0
2840405,2.921,9.594,-1.635,0.072,-0.019,-0.079,2564,0
2840425,2.866,9.601,-1.688,0.046,0.025,-0.056,2559,0
2840445,2.856,9.452,-1.568,0.010,0.068,-0.030,2559,0
2840465,2.806,9.306,-1.528,-0.039,0.082,-0.008,2559,0
2840485,2.777,9.110,-1.494,-0.049,0.083,-0.008,2559,0
2840505,2.708,9.105,-1.604,0.007,0.078,-0.017,2561,0
2840525,2.660,9.210,-1.626,0.112,0.082,-0.029,2559,0
2840545,2.739,9.278,-1.360,0.149,0.074,-0.024,2559,0
2840565,2.787,9.234,-1.257,0.120,0.028,0.011,2559,0
2840585,2.919,9.127,-1.204,0.045,-0.016,0.018,2559,0
2840605,3.007,9.069,-1.202,-0.042,-0.056,0.030,2559,0
2840625,3.115,8.890,-1.168,-0.071,-0.049,0.018,2559,0
2840645,3.208,8.820,-1.147,0.003,-0.008,-0.043,2559,0
2840665,3.108,9.064,-1.267,0.145,0.056,-0.105,2559,0
2840685,2.902,9.448,-1.314,0.193,0.062,-0.103,2559,0
2840705,2.804,9.486,-1.472,0.099,0.032,-0.078,2559,0
2840725,2.772,9.433,-1.396,0.039,0.027,-0.080,2559,0
2840745,2.703,9.560,-1.511,0.065,0.034,-0.072,2559,0
2840765,2.576,9.680,-1.513,0.136,0.022,-0.042,2559,0
2840785,2.535,9.704,-1.520,0.158,-0.000,-0.012,2559,0
2840805,2.646,9.416,-1.396,0.121,-0.018,0.014,2559,0
2840825,2.772,9.098,-1.331,0.079,-0.029,0.014,2559,0
2840845,2.880,8.947,-1.286,0.085,-0.023,-0.020,2559,0
2840865,3.005,8.861,-1.305,0.087,-0.034,-0.042,2559,0
2840885,3.069,8.842,-1.350,0.078,-0.013,-0.077,2559,0
2840905,3.017,8.940,-1.393,0.073,0.014,-0.107,2559,0
2840925,2.902,9.041,-1.587,0.063,0.024,-0.109,2559,0
2840945,2.830,9.182,-1.678,0.080,0.026,-0.119,2559,0
2840965,2.789,9.328,-1.753,0.099,0.039,-0.135,2559,0
2840985,2.701,9.433,-1.877,0.118,0.054,-0.139,2559,0
2841005,2.672,9.517,-1.863,0.151,0.068,-0.113,2559,0
2841025,2.528,9.594,-1.812,0.193,0.109,-0.089,2561,0
2841045,2.495,9.804,-1.757,0.216,0.130,-0.066,2561,0
2841065,2.480,9.764,-1.482,0.172,0.126,-0.044,2568,0
2841085,2.507,9.560,-1.307,0.105,0.132,-0.044,2566,0
2841105,2.547,9.493,-1.154,0.078,0.100,-0.036,2575,0
2841125,2.617,9.359,-1.130,0.055,0.058,-0.020,2566,0
2841145,2.579,9.321,-1.267,0.055,0.018,-0.010,2561,0
2841165,2.564,9.337,-1.403,-0.006,-0.023,0.009,2561,0
2841185,2.531,9.524,-1.571,-0.060,-0.047,0.018,2561,0
2841205,2.504,9.522,-1.501,-0.118,-0.066,0.033,2561,0
2841225,2.531,9.412,-1.549,-0.118,-0.082,0.030,2564,0
2841245,2.624,9.222,-1.511,-0.048,-0.086,0.018,2569,0
2841265,2.634,9.203,-1.604,0.113,-0.071,0.002,2564,0
2841285,2.626,9.448,-1.688,0.246,-0.078,-0.007,2562,0
2841305,2.672,9.431,-1.743,0.199,-0.089,0.002,2566,0
2841325,2.672,9.246,-1.786,0.095,-0.078,-0.018,2561,0
2841345,2.746,9.316,-1.774,0.041,-0.052,-0.027,2561,0
2841365,2.761,9.352,-1.575,0.033,-0.026,-0.014,2559,0
2841385,2.758,9.270,-1.642,0.061,-0.025,-0.008,2564,0
2841405,2.782,9.268,-1.597,0.073,-0.017,-0.015,2562,0
2841425,2.710,9.359,-1.700,0.075,-0.015,-0.018,2561,0
2841445,2.646,9.534,-1.788,0.100,-0.018,-0.024,2559,0
2841465,2.605,9.658,-1.760,0.111,-0.027,-0.023,2561,0
2841485,2.612,9.558,-1.755,0.120,-0.021,-0.036,2561,0
2841505,2.519,9.558,-1.695,0.141,-0.026,-0.011,2564,0
2841525,2.531,9.608,-1.611,0.135,-0.043,0.041,2574,0
2841545,2.550,9.488,-1.611,0.093,-0.056,0.062,2569,0
2841565,2.643,9.369,-1.616,0.072,-0.062,0.069,2569,0
2841585,2.741,9.278,-1.652,0.058,-0.044,0.065,2568,0
2841605,2.772,9.261,-1.628,0.045,-0.021,0.050,2568,0
2841625,2.796,9.163,-1.539,-0.027,-0.006,0.009,2561,0
2841645,2.746,9.041,-1.580,-0.095,-0.007,-0.019,2561,0
2841665,2.677,9.026,-1.592,-0.073,-0.011,-0.038,2571,0
2841685,2.547,9.191,-1.788,-0.004,-0.027,-0.037,2561,0
2841705,2.509,9.280,-1.824,0.074,-0.038,-0.038,2563,0
2841725,2.473,9.479,-1.867,0.110,-0.047,-0.034,2575,0
2841745,2.464,9.505,-1.822,0.078,-0.069,-0.010,2569,0
2841765,2.485,9.524,-1.841,0.077,-0.077,0.003,2571,0
2841785,2.519,9.524,-1.800,0.082,-0.079,0.014,2569,0
2841805,2.619,9.364,-1.664,0.073,-0.088,0.034,2569,0
2841825,2.770,9.208,-1.604,0.071,-0.084,0.031,2559,0
2841845,2.859,9.103,-1.554,0.043,-0.062,0.011,2568,0
2841865,2.859,9.141,-1.599,0.024,-0.048,-0.018,2564,0
2841885,2.816,9.098,-1.654,-0.037,-0.031,-0.023,2563,0
2841905,2.744,9.232,-1.829,-0.015,-0.031,-0.028,2562,0
2841925,2.655,9.412,-1.765,0.009,-0.011,-0.035,2567,0
2841945,2.564,9.519,-1.882,0.021,-0.029,-0.003,2561,0
2841965,2.636,9.507,-1.800,0.048,-0.021,0.001,2564,0
2841985,2.614,9.572,-1.810,0.059,-0.022,0.009,2561,0
2842005,2.612,9.519,-1.683,0.055,-0.026,0.019,2564,0
2842025,2.646,9.452,-1.618,0.056,-0.046,0.034,2569,0
2842045,2.727,9.376,-1.559,0.045,-0.026,0.027,2561,0
2842065,2.789,9.369,-1.539,0.004,-0.029,0.045,2567,0
2842085,2.806,9.273,-1.501,-0.053,-0.010,0.037,2566,0
2842105,2.806,9.103,-1.544,-0.082,0.001,0.022,2567,0
2842125,2.799,9.036,-1.614,-0.073,0.020,0.005,2566,0
2842145,2.705,9.194,-1.705,-0.023,0.054,-0.021,2568,0
2842165,2.605,9.431,-1.688,0.024,0.055,-0.020,2571,0
2842185,2.557,9.428,-1.654,0.011,0.048,-0.006,2561,0
2842205,2.574,9.371,-1.575,0.005,0.026,0.004,2563,0
2842225,2.557,9.388,-1.506,0.010,0.009,0.009,2562,0
2842245,2.600,9.330,-1.444,0.056,-0.015,0.018,2566,0
2842265,2.674,9.187,-1.456,0.081,-0.026,0.016,2561,0
2842285,2.732,9.129,-1.535,0.064,-0.015,-0.012,2562,0
2842305,2.751,9.170,-1.513,0.019,0.006,-0.042,2561,0
2842325,2.777,9.155,-1.480,-0.009,0.018,-0.042,2559,0
2842345,2.830,9.146,-1.398,-0.014,0.037,-0.074,2559,0
2842365,2.816,9.112,-1.437,-0.040,0.033,-0.084,2566,0
2842385,2.739,9.187,-1.444,-0.027,0.042,-0.083,2563,0
2842405,2.610,9.395,-1.630,0.010,0.033,-0.063,2562,0
2842425,2.535,9.620,-1.607,0.070,0.018,-0.039,2559,0
2842445,2.492,9.699,-1.580,0.076,0.003,-0.014,2563,0
2842465,2.454,9.677,-1.489,0.074,-0.010,0.007,2564,0
2842485,2.490,9.555,-1.348,0.060,-0.025,0.038,2565,0
2842505,2.574,9.414,-1.348,0.085,-0.046,0.063,2563,0
2842525,2.670,9.323,-1.326,0.101,-0.050,0.055,2564,0
2842545,2.713,9.280,-1.302,0.082,-0.048,0.038,2559,0
2842565,2.749,9.210,-1.310,0.021,-0.036,0.023,2561,0
2842585,2.713,9.134,-1.415,-0.012,-0.024,0.012,2564,0
2842605,2.643,9.165,-1.439,0.001,-0.023,0.016,2564,0
2842625,2.610,9.191,-1.487,0.048,-0.029,0.002,2564,0
2842645,2.579,9.325,-1.484,0.072,-0.044,-0.015,2566,0
2842665,2.519,9.416,-1.542,0.067,-0.056,-0.010,2559,0
2842685,2.478,9.445,-1.518,0.072,-0.067,0.020,2561,0
2842705,2.504,9.452,-1.578,0.087,-0.073,0.031,2562,0
2842725,2.591,9.357,-1.592,0.094,-0.081,0.022,2561,0
2842745,2.660,9.237,-1.599,0.078,-0.068,0.001,2559,0
2842765,2.705,9.239,-1.501,0.065,-0.056,-0.021,2564,0
2842785,2.751,9.227,-1.463,0.051,-0.046,-0.017,2561,0
2842805,2.753,9.258,-1.511,0.067,-0.028,-0.024,2559,0
2842825,2.703,9.354,-1.563,0.051,-0.013,-0.039,2561,0
2842845,2.686,9.311,-1.654,0.010,-0.023,-0.041,2561,0
2842865,2.691,9.199,-1.585,-0.006,-0.019,-0.039,2564,0
2842885,2.631,9.270,-1.654,0.043,-0.023,-0.041,2561,0
2842905,2.547,9.512,-1.678,0.090,-0.031,-0.040,2559,0
2842925,2.545,9.632,-1.686,0.105,-0.056,-0.028,2561,0
2842945,2.631,9.536,-1.621,0.082,-0.059,-0.005,2564,0
2842965,2.665,9.424,-1.535,0.072,-0.046,0.006,2565,0
2842985,2.710,9.388,-1.427,0.071,-0.054,0.017,2562,0
2843005,2.784,9.280,-1.396,0.080,-0.066,0.017,2561,0
2843025,2.804,9.285,-1.516,0.042,-0.067,0.013,2561,0
2843045,2.828,9.275,-1.520,-0.007,-0.058,0.011,2559,0
2843065,2.729,9.280,-1.647,-0.033,-0.043,0.026,2561,0
2843085,2.648,9.419,-1.671,0.009,-0.040,0.030,2559,0
2843105,2.607,9.512,-1.650,0.023,-0.047,0.032,2559,0
2843125,2.605,9.457,-1.707,0.027,-0.052,0.038,2562,0
2843145,2.619,9.479,-1.717,0.025,-0.046,0.047,2564,0
2843165,2.638,9.448,-1.674,0.039,-0.051,0.056,2559,0
2843185,2.667,9.424,-1.602,0.076,-0.050,0.055,2563,0
2843205,2.641,9.376,-1.539,0.079,-0.048,0.046,2563,0
2843225,2.641,9.383,-1.607,0.041,-0.044,0.050,2559,0
2843245,2.701,9.383,-1.518,0.026,-0.038,0.065,2562,0
2843265,2.734,9.354,-1.575,-0.010,-0.019,0.079,2561,0
2843285,2.799,9.084,-1.501,-0.012,-0.007,0.080,2561,0
2843305,2.854,9.043,-1.511,0.005,0.006,0.049,2559,0
2843325,2.784,9.072,-1.568,0.014,0.005,0.015,2562,0
2843345,2.746,9.177,-1.492,0.033,-0.013,0.004,2561,0
2843365,2.703,9.256,-1.537,0.044,-0.022,0.013,2559,0
2843385,2.677,9.428,-1.547,0.079,-0.035,0.015,2566,0
2843405,2.667,9.481,-1.508,0.069,-0.057,0.018,2564,0
2843425,2.720,9.330,-1.525,0.062,-0.077,0.028,2559,0
2843445,2.813,9.210,-1.549,0.058,-0.065,0.026,2559,0
2843465,2.840,9.275,-1.537,0.071,-0.052,0.004,2561,0
2843485,2.871,9.287,-1.547,0.048,-0.039,-0.013,2559,0
2843505,2.875,9.208,-1.542,0.015,-0.029,-0.019,2561,0
2843525,2.945,9.215,-1.508,-0.004,-0.012,-0.028,2561,0
2843545,2.899,9.170,-1.446,-0.022,-0.004,-0.025,2559,0
2843565,2.772,9.165,-1.597,-0.004,-0.011,-0.028,2561,0
2843585,2.679,9.335,-1.597,0.024,-0.022,-0.029,2559,0
2843605,2.598,9.414,-1.638,0.036,-0.042,-0.001,2559,0
2843625,2.571,9.421,-1.618,0.065,-0.055,0.020,2561,0
2843645,2.521,9.471,-1.683,0.088,-0.059,0.033,2564,0
2843665,2.564,9.438,-1.674,0.107,-0.086,0.052,2559,0
2843685,2.689,9.287,-1.647,0.101,-0.089,0.047,2564,0
2843705,2.801,9.131,-1.681,0.069,-0.094,0.054,2561,0
2843725,3.002,9.057,-1.599,0.087,-0.068,0.038,2559,0
2843745,3.089,9.134,-1.511,0.090,-0.037,0.011,2562,0
2843765,3.072,9.134,-1.578,0.060,0.007,-0.036,2563,0
2843785,3.045,9.237,-1.501,0.034,0.015,-0.046,2561,0
2843805,2.909,9.380,-1.518,0.014,0.022,-0.045,2562,0
2843825,2.811,9.524,-1.525,0.047,-0.004,-0.024,2561,0
2843845,2.761,9.629,-1.532,0.073,-0.033,0.013,2559,0
2843865,2.763,9.586,-1.595,0.077,-0.042,0.030,2559,0
2843885,2.796,9.400,-1.563,0.029,-0.051,0.045,2562,0
2843905,2.808,9.321,-1.611,0.030,-0.050,0.036,2561,0
2843925,2.806,9.380,-1.611,0.059,-0.047,0.035,2559,0
2843945,2.792,9.428,-1.597,0.066,-0.034,0.041,2559,0
2843965,2.787,9.433,-1.781,0.033,0.003,0.046,2559,0
2843985,2.787,9.431,-1.745,0.002,0.030,0.068,2559,0
2844005,2.825,9.258,-1.638,-0.057,0.034,0.107,2559,0
2844025,2.952,9.103,-1.434,-0.028,0.031,0.107,2561,0
2844045,2.957,9.000,-1.391,0.004,0.045,0.063,2559,0
2844065,2.878,9.050,-1.377,0.043,0.007,0.041,2559,0
2844085,2.890,9.103,-1.329,0.059,-0.032,0.034,2564,0
2844105,2.832,9.189,-1.518,0.069,-0.050,0.035,2561,0
2844125,2.835,9.345,-1.559,0.094,-0.067,0.030,2559,0
2844145,2.902,9.345,-1.544,0.070,-0.071,0.023,2559,0
2844165,3.000,9.213,-1.571,0.054,-0.059,0.016,2559,0
2844185,3.029,9.160,-1.549,0.032,-0.038,0.014,2561,0
2844205,3.089,9.163,-1.592,0.018,-0.025,-0.002,2561,0
2844225,3.127,9.076,-1.465,-0.007,-0.020,-0.020,2559,0
2844245,3.084,8.985,-1.391,-0.038,-0.018,-0.054,2564,0
2844265,2.942,9.045,-1.355,-0.043,-0.026,-0.075,2561,0
2844285,2.806,9.230,-1.458,0.003,-0.062,-0.036,2559,0
2844305,2.763,9.500,-1.669,0.095,-0.071,-0.020,2559,0
2844325,2.698,9.567,-1.762,0.099,-0.080,0.002,2559,0
2844345,2.794,9.519,-1.745,0.084,-0.087,0.021,2564,0
2844365,2.935,9.347,-1.566,0.056,-0.079,0.045,2567,0
2844385,3.010,9.222,-1.556,0.064,-0.062,0.043,2563,0
2844405,3.017,9.179,-1.535,0.076,-0.048,0.021,2566,0
2844425,3.053,9.206,-1.523,0.056,-0.033,-0.007,2564,0
2844445,3.012,9.153,-1.566,0.025,-0.010,-0.018,2564,0
2844465,2.988,9.179,-1.513,0.002,0.004,-0.008,2561,0
2844485,2.902,9.227,-1.539,-0.013,0.000,-0.001,2559,0
2844505,2.851,9.220,-1.607,0.026,-0.018,-0.007,2559,0
2844525,2.835,9.215,-1.578,0.067,-0.039,-0.001,2563,0
2844545,2.837,9.244,-1.580,0.097,-0.042,-0.005,2567,0
2844565,2.823,9.285,-1.575,0.086,-0.048,0.003,2566,0
2844585,2.851,9.273,-1.602,0.076,-0.057,0.009,2564,0
2844605,2.950,9.184,-1.499,0.065,-0.056,-0.001,2561,0
2844625,3.000,9.210,-1.506,0.068,-0.045,-0.020,2561,0
2844645,3.029,9.160,-1.465,0.038,-0.041,-0.025,2559,0
2844665,3.031,9.206,-1.492,0.024,-0.036,-0.027,2561,0
2844685,3.010,9.292,-1.494,0.037,-0.034,-0.034,2561,0
2844705,2.945,9.357,-1.642,0.029,-0.031,-0.037,2563,0
2844725,2.911,9.395,-1.659,0.025,-0.041,-0.031,2559,0
2844745,2.938,9.392,-1.630,0.014,-0.033,-0.030,2559,0
2844765,2.907,9.433,-1.628,0.019,-0.033,-0.015,2561,0
2844785,2.849,9.455,-1.566,0.035,-0.030,-0.003,2561,0
2844805,2.832,9.452,-1.563,0.037,-0.048,0.014,2561,0
2844825,2.880,9.258,-1.482,0.034,-0.046,0.017,2562,0
2844845,2.895,9.227,-1.504,0.038,-0.061,0.021,2567,0
2844865,2.950,9.108,-1.475,0.017,-0.071,0.022,2561,0
2844885,2.986,8.954,-1.456,0.018,-0.060,0.003,2561,0
2844905,2.945,8.981,-1.547,0.016,-0.054,-0.018,2561,0
2844925,2.935,9.043,-1.539,0.022,-0.052,-0.039,2559,0
2844945,2.923,9.052,-1.635,0.043,-0.037,-0.052,2559,0
2844965,2.825,9.268,-1.645,0.091,-0.029,-0.072,2562,0
2844985,2.746,9.452,-1.690,0.085,-0.038,-0.060,2559,0
2845005,2.734,9.476,-1.729,0.084,-0.048,-0.040,2561,0
2845025,2.820,9.385,-1.604,0.100,-0.033,-0.033,2559,0
2845045,2.847,9.357,-1.611,0.141,-0.024,-0.030,2559,0
2845065,2.933,9.335,-1.504,0.137,-0.029,-0.028,2561,0
2845085,2.904,9.311,-1.578,0.073,-0.033,-0.028,2563,0
2845105,2.940,9.270,-1.528,0.019,-0.039,-0.022,2561,0
2845125,2.902,9.242,-1.568,0.011,-0.023,-0.014,2562,0
2845145,2.830,9.376,-1.559,0.025,-0.023,-0.007,2561,0
2845165,2.823,9.380,-1.516,-0.027,-0.031,-0.001,2561,0
2845185,2.801,9.237,-1.441,-0.038,-0.047,0.007,2561,0
2845205,2.746,9.225,-1.417,-0.006,-0.068,0.020,2562,0
2845225,2.693,9.392,-1.475,0.068,-0.094,0.034,2559,0
2845245,2.727,9.498,-1.556,0.111,-0.125,0.068,2566,0
2845265,2.777,9.416,-1.693,0.108,-0.121,0.084,2564,0
2845285,2.825,9.249,-1.717,0.082,-0.107,0.074,2561,0
2845305,2.928,9.105,-1.757,0.060,-0.087,0.055,2564,0
2845325,3.012,9.012,-1.724,0.056,-0.065,0.027,2559,0
2845345,2.981,8.993,-1.736,0.055,-0.037,-0.006,2559,0
2845365,2.921,9.127,-1.702,0.043,-0.021,-0.025,2561,0
2845385,2.883,9.246,-1.664,0.022,-0.014,-0.036,2563,0
2845405,2.830,9.301,-1.662,0.000,-0.019,-0.037,2561,0
2845425,2.823,9.304,-1.614,-0.001,-0.042,-0.032,2561,0
2845445,2.780,9.373,-1.678,0.029,-0.066,-0.008,2559,0
2845465,2.782,9.347,-1.688,0.083,-0.078,0.005,2559,0
2845485,2.744,9.505,-1.824,0.122,-0.081,0.008,2561,0
2845505,2.816,9.455,-1.702,0.077,-0.090,0.027,2561,0
2845525,2.895,9.263,-1.702,0.006,-0.091,0.039,2559,0
2845545,2.935,9.191,-1.597,0.008,-0.070,0.026,2559,0
2845565,2.966,9.153,-1.645,0.019,-0.062,0.020,2559,0
2845585,2.954,9.131,-1.647,0.058,-0.050,0.011,2562,0
2845605,2.923,9.184,-1.709,0.066,-0.032,-0.003,2559,0
2845625,2.885,9.208,-1.647,0.034,-0.026,0.001,2562,0
2845645,2.895,9.213,-1.688,0.030,-0.039,0.002,2561,0
2845665,2.897,9.246,-1.693,0.054,-0.041,-0.007,2559,0
2845685,2.911,9.292,-1.731,0.084,-0.051,-0.011,2563,0
2845705,2.947,9.261,-1.741,0.069,-0.044,-0.017,2559,0
2845725,2.962,9.237,-1.815,0.041,-0.031,-0.020,2559,0
2845745,2.959,9.328,-1.726,0.041,-0.015,-0.022,2559,0
2845765,2.916,9.359,-1.705,0.009,-0.010,-0.011,2559,0
2845785,2.914,9.333,-1.733,0.013,-0.018,-0.009,2559,0
2845805,2.907,9.249,-1.741,0.010,-0.015,-0.001,2561,0
2845825,2.851,9.246,-1.724,0.037,-0.016,0.025,2559,0
2845845,2.880,9.349,-1.647,0.055,-0.026,0.047,2561,0
2845865,2.887,9.364,-1.642,0.050,-0.026,0.038,2559,0
2845885,2.840,9.349,-1.616,0.034,-0.078,0.076,2559,0
2845905,2.897,9.395,-1.736,0.077,-0.181,0.173,2559,0
2845925,2.911,9.550,-1.520,0.110,-0.229,0.246,2559,0
2845945,3.103,9.606,-1.331,0.226,-0.223,0.208,2558,0
2845965,3.187,9.835,-1.058,0.344,-0.288,0.170,2550,0
2845985,3.019,9.390,-1.018,0.023,-0.452,0.190,2544,0
2846005,2.959,8.940,-1.925,-0.188,-0.563,0.176,2531,0
2846025,3.038,8.552,-1.882,-0.244,-0.588,0.196,2531,0
2846045,3.361,8.456,-1.135,-0.156,-0.575,0.305,2554,0
2846065,3.694,8.490,-1.231,0.053,-0.679,0.370,2671,0
2846085,3.278,8.890,-2.478,0.136,-0.583,0.227,2751,0
2846105,2.868,9.493,-3.081,0.172,-0.367,-0.067,2823,0
2846125,3.043,9.814,-2.571,0.039,-0.319,-0.017,3517,0
2846145,3.338,9.759,-2.047,-0.106,-0.475,0.260,3020,0
2846165,2.957,9.155,-2.184,-0.374,-0.471,0.398,3092,0
2846185,2.540,9.474,-2.203,-0.393,-0.408,0.174,3145,0
2846205,3.314,9.594,-1.063,-0.431,-0.569,0.089,3202,0
2846225,2.547,8.815,-1.300,-0.269,-0.602,0.330,3246,0
2846245,3.405,8.827,-1.946,-0.115,-0.464,0.322,3269,12
2846265,3.905,8.607,-1.889,-0.169,-0.038,0.144,3286,34
2846285,2.629,8.708,-1.456,-0.130,-0.115,0.270,3303,0
2846305,4.494,8.418,-2.184,0.078,-0.045,0.176,3311,0
2846325,3.330,8.827,-1.645,0.200,0.056,0.113,3312,0
2846345,3.184,8.150,-1.961,0.155,0.124,0.042,3311,0
2846365,4.063,8.480,-1.966,0.407,0.147,-0.144,3311,2273
2846385,3.428,9.218,-1.884,0.468,0.220,-0.195,3312,2967
2846405,2.784,8.763,-1.767,0.308,0.185,-0.096,3308,3048
2846425,3.673,8.792,-1.784,0.321,0.188,-0.190,3305,3117
2846445,3.472,9.907,-1.724,0.345,0.149,-0.232,3297,3217
2846465,2.698,9.364,-1.882,0.209,0.090,-0.064,3292,3278
2846485,3.757,8.763,-2.059,0.174,0.074,-0.032,3288,3296
2846505,3.728,9.603,-1.827,0.262,0.088,-0.030,3282,3282
2846525,3.019,9.436,-1.762,0.182,0.052,0.020,3279,3263
2846545,3.639,8.543,-2.037,0.057,0.007,-0.003,3273,3247
2846565,3.862,9.505,-2.052,0.193,0.030,-0.100,3272,3227
2846585,2.531,8.911,-2.227,0.066,0.024,0.022,3264,3180
2846605,3.132,8.401,-2.318,-0.001,-0.011,0.066,3262,3143
2846625,4.041,9.268,-2.126,0.157,0.005,-0.027,3259,3032
2846645,3.270,8.511,-2.155,0.039,-0.015,0.026,3260,3002
2846665,3.419,9.055,-2.298,0.095,0.068,-0.004,3255,3013
2846685,3.203,9.067,-2.205,0.092,0.039,-0.009,3255,2991
2846705,3.405,8.918,-2.193,0.113,0.020,-0.013,3252,2879
2846725,3.366,9.110,-2.114,0.111,0.005,0.001,3248,2800
2846745,3.405,8.930,-1.990,0.051,-0.039,0.026,3248,2551
2846765,3.457,8.734,-1.894,0.109,-0.023,0.014,3246,1986
2846785,3.488,8.961,-2.023,0.215,0.014,0.021,3244,1124
2846805,3.359,9.220,-2.040,0.144,-0.016,0.029,3240,56
2846825,3.340,9.146,-2.071,-0.022,-0.087,0.017,3236,48
2846845,3.139,9.009,-1.853,-0.137,-0.116,0.029,3236,0
2846865,3.491,8.880,-1.846,-0.149,-0.110,0.089,3232,0
2846885,3.745,8.902,-1.930,-0.065,-0.142,0.080,3223,0
2846905,3.663,9.124,-1.978,-0.062,-0.135,0.069,3212,0
2846925,2.993,8.624,-2.303,-0.132,-0.054,0.043,3186,0
2846945,3.201,8.871,-2.710,-0.189,0.050,0.004,3159,0
2846965,3.452,9.115,-2.222,-0.116,0.062,0.020,3130,0
2846985,3.464,9.021,-2.102,0.106,0.072,0.032,3087,0
2847005,3.467,8.961,-2.112,0.144,0.070,0.022,3033,0
2847025,3.570,8.842,-2.203,0.113,0.121,-0.027,2975,0
2847045,3.546,8.808,-2.289,0.127,0.191,-0.106,2920,0
2847065,3.498,8.823,-2.437,0.156,0.296,-0.121,2833,0
2847085,3.701,8.914,-2.083,0.228,0.297,-0.157,2738,0
2847105,3.591,8.988,-1.990,0.216,0.318,-0.197,2676,0
2847125,3.371,8.854,-2.143,0.130,0.253,-0.186,2653,0
2847145,3.385,8.942,-2.260,0.073,0.185,-0.190,2642,0
2847165,3.687,8.832,-2.411,0.206,0.268,-0.260,2634,0
2847185,3.385,8.811,-2.071,0.171,0.224,-0.208,2636,0
2847205,3.144,9.258,-1.935,0.094,0.151,-0.176,2641,0
2847225,3.141,8.660,-2.066,-0.017,0.196,-0.172,2642,0
2847245,3.649,9.352,-2.018,0.063,0.187,-0.228,2627,0
2847265,2.533,9.210,-1.968,-0.144,0.146,-0.128,2612,0
2847285,3.369,9.218,-1.987,-0.086,0.135,-0.116,2600,0
2847305,3.639,9.584,-1.779,0.051,0.043,-0.101,2594,0
2847325,2.713,9.014,-1.662,-0.105,0.004,0.024,2594,0
2847345,3.419,8.976,-1.767,-0.037,0.053,-0.013,2595,0
2847365,3.706,9.498,-1.705,0.109,0.003,-0.102,2597,0
2847385,2.964,9.376,-1.786,-0.038,-0.024,-0.051,2601,0
2847405,3.345,8.763,-1.927,-0.022,0.014,0.001,2606,0
2847425,3.814,9.189,-1.860,0.134,-0.012,-0.015,2608,0
2847445,2.677,9.155,-1.738,-0.011,-0.071,0.067,2609,0
2847465,3.282,8.914,-1.853,0.017,-0.024,0.043,2609,0
2847485,3.759,9.373,-1.844,0.147,-0.049,-0.043,2609,0
2847505,3.168,9.254,-1.776,0.094,-0.050,-0.023,2609,0
