3099173,-0.232,9.591,2.334,0.036,-0.044,-0.010,2352,0
3099193,-0.189,9.486,2.267,0.035,-0.058,-0.011,2353,0
3099213,-0.196,9.436,2.181,0.060,-0.059,-0.009,2353,0
3099233,-0.208,9.495,2.186,0.088,-0.052,-0.011,2353,0
3099253,-0.194,9.591,2.174,0.089,-0.045,0.001,2352,0
3099273,-0.158,9.560,2.148,0.058,-0.043,0.006,2352,0
3099293,-0.151,9.486,2.181,0.030,-0.039,-0.003,2353,0
3099313,-0.141,9.400,2.219,0.038,-0.037,-0.018,2352,0
3099333,-0.146,9.455,2.286,0.060,-0.036,-0.031,2352,0
3099353,-0.132,9.541,2.308,0.075,-0.043,-0.027,2353,0
3099373,-0.108,9.606,2.248,0.071,-0.055,-0.017,2353,0
3099393,-0.113,9.579,2.207,0.047,-0.061,-0.018,2353,0
3099413,-0.180,9.584,2.184,0.051,-0.050,-0.022,2354,0
3099433,-0.184,9.613,2.164,0.084,-0.044,-0.009,2354,0
3099453,-0.110,9.627,2.157,0.105,-0.041,-0.001,2354,0
3099473,-0.101,9.598,2.145,0.090,-0.038,-0.013,2353,0
3099493,-0.122,9.572,2.119,0.080,-0.030,-0.015,2354,0
3099513,-0.160,9.536,2.105,0.062,-0.026,-0.017,2354,0
3099533,-0.192,9.505,2.167,0.034,-0.025,-0.026,2354,0
3099553,-0.184,9.498,2.272,0.050,-0.027,-0.021,2356,0
3099573,-0.105,9.431,2.255,0.086,-0.029,-0.018,2354,0
3099593,-0.160,9.397,2.167,0.102,-0.028,-0.026,2353,0
3099613,-0.184,9.421,2.083,0.119,-0.035,-0.032,2353,0
3099633,-0.259,9.701,2.143,0.136,-0.040,-0.034,2356,0
3099653,-0.302,9.926,2.133,0.079,-0.051,-0.022,2354,0
3099673,-0.247,9.756,2.097,-0.009,-0.066,-0.012,2354,0
3099693,-0.225,9.644,2.126,0.021,-0.060,0.007,2354,0
3099713,-0.239,9.665,2.069,0.070,-0.052,0.024,2355,0
3099733,-0.244,9.641,2.016,0.050,-0.049,0.033,2356,0
3099753,-0.170,9.507,2.090,0.015,-0.045,0.027,2356,0
3099773,-0.172,9.397,2.145,0.008,-0.037,0.009,2354,0
3099793,-0.196,9.436,2.193,0.029,-0.038,-0.006,2355,0
3099813,-0.213,9.577,2.176,0.057,-0.040,0.005,2354,0
3099833,-0.220,9.632,2.107,0.055,-0.037,0.018,2357,0
3099853,-0.192,9.634,2.124,0.024,-0.033,0.013,2357,0
3099873,-0.201,9.579,2.155,0.010,-0.035,0.009,2357,0
3099893,-0.160,9.491,2.186,0.024,-0.045,0.013,2357,0
3099913,-0.144,9.443,2.150,0.047,-0.052,0.015,2358,0
3099933,-0.127,9.505,2.114,0.053,-0.050,0.008,2360,0
3099953,-0.182,9.572,2.136,0.042,-0.046,0.000,2358,0
3099973,-0.189,9.574,2.160,0.039,-0.049,0.001,2358,0
3099993,-0.144,9.594,2.164,0.042,-0.050,0.003,2357,0
3100013,-0.144,9.555,2.143,0.024,-0.048,0.007,2357,0
3100033,-0.163,9.519,2.102,0.018,-0.045,0.008,2356,0
3100053,-0.146,9.553,2.095,0.034,-0.042,0.006,2359,0
3100073,-0.093,9.543,2.138,0.052,-0.038,0.011,2358,0
3100093,-0.101,9.543,2.155,0.046,-0.040,0.005,2359,0
3100113,-0.067,9.505,2.088,0.035,-0.049,0.005,2359,0
3100133,-0.098,9.486,2.016,0.035,-0.047,0.006,2360,0
3100153,-0.124,9.538,1.992,0.041,-0.041,0.002,2360,0
3100173,-0.146,9.582,2.037,0.032,-0.026,0.005,2358,0
3100193,-0.141,9.531,2.121,0.041,-0.027,0.009,2359,0
3100213,-0.129,9.507,2.143,0.042,-0.037,0.003,2359,0
3100233,-0.110,9.486,2.054,0.032,-0.036,-0.005,2359,0
3100253,-0.101,9.541,2.076,0.036,-0.024,-0.007,2358,0
3100273,-0.129,9.625,2.167,0.052,-0.017,0.006,2359,0
3100293,-0.103,9.608,2.191,0.046,-0.028,0.013,2361,0
3100313,-0.050,9.512,2.162,0.031,-0.033,0.011,2359,0
3100333,-0.031,9.479,2.119,0.035,-0.027,0.001,2362,0
3100353,-0.055,9.524,2.116,0.039,-0.014,-0.013,2359,0
3100373,-0.134,9.625,2.105,0.031,-0.005,-0.016,2361,0
3100393,-0.204,9.692,2.119,0.019,-0.005,0.007,2359,0
3100413,-0.196,9.574,2.126,-0.003,-0.013,0.016,2360,0
3100433,-0.148,9.493,2.140,0.014,-0.011,0.018,2358,0
3100453,-0.096,9.462,2.167,0.041,-0.010,0.018,2362,0
3100473,-0.079,9.438,2.167,0.045,-0.013,0.013,2361,0
3100493,-0.129,9.426,2.200,0.039,-0.022,-0.003,2359,0
3100513,-0.156,9.436,2.150,0.042,-0.029,-0.015,2361,0
3100533,-0.170,9.488,2.102,0.059,-0.026,-0.014,2360,0
3100553,-0.182,9.572,2.076,0.065,-0.021,-0.007,2361,0
3100573,-0.168,9.582,2.138,0.055,-0.020,-0.003,2361,0
3100593,-0.136,9.546,2.162,0.037,-0.022,-0.005,2361,0
3100613,-0.134,9.483,2.184,0.038,-0.022,-0.006,2361,0
3100633,-0.144,9.500,2.184,0.056,-0.023,-0.005,2362,0
3100653,-0.136,9.531,2.167,0.067,-0.023,-0.007,2362,0
3100673,-0.120,9.598,2.148,0.061,-0.029,-0.010,2361,0
3100693,-0.120,9.615,2.176,0.047,-0.028,-0.010,2363,0
3100713,-0.165,9.598,2.181,0.047,-0.033,-0.008,2361,0
3100733,-0.151,9.577,2.200,0.060,-0.034,0.005,2362,0
3100753,-0.122,9.500,2.157,0.063,-0.035,0.005,2363,0
3100773,-0.115,9.462,2.136,0.046,-0.037,-0.005,2362,0
3100793,-0.132,9.493,2.116,0.041,-0.031,-0.010,2362,0
3100813,-0.180,9.567,2.143,0.046,-0.030,-0.010,2362,0
3100833,-0.204,9.608,2.176,0.043,-0.026,-0.012,2361,0
3100853,-0.182,9.541,2.145,0.039,-0.027,-0.011,2362,0
3100873,-0.163,9.428,2.212,0.035,-0.028,-0.017,2363,0
3100893,-0.146,9.383,2.241,0.047,-0.035,-0.017,2364,0
3100913,-0.170,9.469,2.253,0.064,-0.045,-0.020,2363,0
3100933,-0.172,9.498,2.152,0.048,-0.055,-0.025,2365,0
3100953,-0.108,9.479,2.090,0.033,-0.054,-0.033,2365,0
3100973,-0.120,9.515,2.057,0.050,-0.041,-0.042,2365,0
3100993,-0.151,9.668,2.073,0.070,-0.038,-0.031,2365,0
3101013,-0.180,9.673,1.994,0.059,-0.042,-0.018,2363,0
3101033,-0.136,9.608,1.927,0.031,-0.037,-0.017,2364,0
3101053,-0.079,9.517,1.956,0.025,-0.025,-0.021,2364,0
3101073,-0.060,9.527,2.059,0.044,-0.018,-0.022,2364,0
3101093,-0.093,9.538,2.097,0.065,-0.018,-0.021,2365,0
3101113,-0.187,9.598,2.078,0.060,-0.023,-0.021,2364,0
3101133,-0.215,9.591,2.047,0.042,-0.025,-0.020,2364,0
3101153,-0.204,9.550,2.136,0.046,-0.020,-0.014,2363,0
3101173,-0.199,9.512,2.234,0.057,-0.021,-0.011,2364,0
3101193,-0.218,9.538,2.260,0.071,-0.035,-0.006,2364,0
3101213,-0.215,9.606,2.172,0.058,-0.043,-0.015,2365,0
3101233,-0.165,9.594,2.119,0.038,-0.037,-0.014,2368,0
3101253,-0.182,9.582,2.124,0.039,-0.026,-0.017,2365,0
3101273,-0.215,9.615,2.116,0.037,-0.022,-0.016,2365,0
3101293,-0.230,9.622,2.172,0.029,-0.029,-0.009,2367,0
3101313,-0.206,9.591,2.157,0.031,-0.037,-0.005,2366,0
3101333,-0.213,9.531,2.126,0.035,-0.036,-0.006,2365,0
3101353,-0.177,9.495,2.095,0.051,-0.040,-0.006,2366,0
3101373,-0.141,9.565,2.066,0.052,-0.035,-0.011,2366,0
3101393,-0.160,9.550,2.018,0.048,-0.022,-0.014,2370,0
3101413,-0.196,9.632,2.033,0.032,-0.022,-0.013,2371,0
3101433,-0.239,9.522,2.102,0.019,-0.024,-0.007,2370,0
3101453,-0.280,9.481,2.124,0.040,-0.032,-0.017,2370,0
3101473,-0.244,9.574,2.076,0.064,-0.035,-0.016,2369,0
3101493,-0.196,9.622,2.061,0.047,-0.032,-0.010,2370,0
3101513,-0.144,9.483,2.037,0.031,-0.030,-0.014,2372,0
3101533,-0.141,9.445,2.066,0.032,-0.023,-0.021,2370,0
3101553,-0.146,9.510,2.088,0.039,-0.024,-0.025,2371,0
3101573,-0.218,9.658,2.112,0.053,-0.023,-0.017,2370,0
3101593,-0.266,9.747,2.083,0.046,-0.026,-0.005,2370,0
3101613,-0.261,9.673,2.028,0.028,-0.029,0.000,2371,0
3101633,-0.184,9.562,2.028,0.042,-0.021,0.004,2369,0
3101653,-0.184,9.546,2.100,0.056,-0.007,0.001,2370,0
3101673,-0.223,9.603,2.186,0.050,-0.007,0.004,2370,0
3101693,-0.220,9.596,2.224,0.029,-0.022,0.005,2370,0
3101713,-0.242,9.586,2.215,0.020,-0.030,0.001,2370,0
3101733,-0.278,9.452,2.210,0.027,-0.035,0.010,2371,0
3101753,-0.247,9.505,2.205,0.071,-0.043,0.018,2370,0
3101773,-0.208,9.524,2.212,0.071,-0.049,0.017,2370,0
3101793,-0.175,9.491,2.150,0.049,-0.056,0.007,2371,0
3101813,-0.172,9.519,2.140,0.048,-0.052,0.003,2372,0
3101833,-0.204,9.531,2.100,0.051,-0.047,0.007,2371,0
3101853,-0.223,9.519,2.090,0.057,-0.046,0.009,2372,0
3101873,-0.211,9.562,2.076,0.060,-0.052,0.013,2371,0
3101893,-0.153,9.548,2.006,0.049,-0.045,0.005,2370,0
3101913,-0.172,9.574,2.057,0.043,-0.035,0.003,2369,0
3101933,-0.199,9.608,2.071,0.056,-0.034,0.006,2370,0
3101953,-0.232,9.656,2.071,0.066,-0.038,0.019,2371,0
3101973,-0.204,9.584,2.057,0.060,-0.044,0.021,2371,0
3101993,-0.170,9.498,2.088,0.051,-0.038,0.014,2370,0
3102013,-0.175,9.471,2.093,0.058,-0.032,0.004,2372,0
3102033,-0.170,9.503,2.176,0.068,-0.027,0.002,2370,0
3102053,-0.225,9.495,2.164,0.052,-0.034,0.001,2371,0
3102073,-0.220,9.462,2.148,0.047,-0.043,-0.003,2371,0
3102093,-0.196,9.476,2.059,0.052,-0.042,-0.011,2371,0
3102113,-0.218,9.541,2.028,0.047,-0.039,-0.019,2371,0
3102133,-0.230,9.610,2.047,0.033,-0.038,-0.026,2372,0
3102153,-0.218,9.618,2.045,0.030,-0.035,-0.025,2372,0
3102173,-0.204,9.598,2.097,0.037,-0.036,-0.019,2373,0
3102193,-0.134,9.548,2.112,0.034,-0.042,-0.019,2371,0
3102213,-0.093,9.505,2.088,0.039,-0.041,-0.018,2371,0
3102233,-0.074,9.598,2.078,0.048,-0.047,-0.009,2372,0
3102253,-0.110,9.701,2.023,0.040,-0.050,-0.009,2373,0
3102273,-0.156,9.706,1.973,0.027,-0.047,-0.006,2373,0
3102293,-0.206,9.689,1.951,0.038,-0.038,0.001,2372,0
3102313,-0.204,9.644,1.982,0.059,-0.033,0.014,2373,0
3102333,-0.194,9.565,2.014,0.055,-0.031,0.017,2373,0
3102353,-0.201,9.464,2.037,0.036,-0.026,0.007,2373,0
3102373,-0.208,9.395,2.018,0.025,-0.019,-0.002,2374,0
3102393,-0.194,9.371,2.061,0.027,-0.013,-0.014,2374,0
3102413,-0.225,9.412,2.136,0.029,-0.011,-0.027,2373,0
3102433,-0.266,9.512,2.203,0.029,-0.022,-0.032,2375,0
3102453,-0.261,9.562,2.131,0.029,-0.030,-0.030,2375,0
3102473,-0.261,9.565,2.083,0.046,-0.037,-0.021,2373,0
3102493,-0.194,9.574,2.028,0.050,-0.035,-0.017,2374,0
3102513,-0.153,9.507,2.081,0.041,-0.034,-0.018,2374,0
3102533,-0.148,9.486,2.090,0.050,-0.036,-0.025,2374,0
3102553,-0.187,9.524,2.006,0.052,-0.038,-0.027,2373,0
3102573,-0.177,9.603,1.963,0.059,-0.037,-0.026,2374,0
3102593,-0.148,9.641,1.978,0.051,-0.023,-0.023,2373,0
3102613,-0.158,9.618,2.069,0.051,-0.018,-0.016,2373,0
3102633,-0.168,9.656,2.081,0.058,-0.021,-0.007,2373,0
3102653,-0.180,9.620,2.119,0.050,-0.022,-0.002,2373,0
3102673,-0.175,9.615,2.131,0.053,-0.022,0.001,2373,0
3102693,-0.225,9.634,2.179,0.058,-0.021,0.004,2372,0
3102713,-0.254,9.627,2.205,0.055,-0.034,0.010,2373,0
3102733,-0.199,9.579,2.145,0.048,-0.044,0.010,2375,0
3102753,-0.175,9.543,2.078,0.045,-0.035,0.006,2373,0
3102773,-0.211,9.615,2.100,0.048,-0.031,0.006,2373,0
3102793,-0.275,9.610,2.140,0.030,-0.029,0.008,2373,0
3102813,-0.321,9.536,2.090,0.039,-0.038,0.014,2373,0
3102833,-0.285,9.464,2.030,0.043,-0.048,0.007,2373,0
3102853,-0.196,9.469,1.994,0.049,-0.042,-0.009,2372,0
3102873,-0.232,9.560,2.018,0.058,-0.036,-0.009,2373,0
3102893,-0.268,9.629,2.045,0.052,-0.035,-0.001,2373,0
3102913,-0.259,9.598,2.049,0.032,-0.038,0.001,2373,0
3102933,-0.220,9.507,1.997,0.027,-0.034,-0.001,2373,0
3102953,-0.215,9.519,2.042,0.047,-0.029,-0.008,2373,0
3102973,-0.239,9.610,2.090,0.058,-0.031,-0.002,2372,0
3102993,-0.215,9.613,2.093,0.058,-0.041,0.005,2374,0
3103013,-0.158,9.596,2.030,0.042,-0.041,-0.001,2373,0
3103033,-0.184,9.586,2.006,0.028,-0.033,-0.003,2374,0
3103053,-0.199,9.610,2.071,0.034,-0.026,0.000,2374,0
3103073,-0.213,9.567,2.119,0.047,-0.029,0.009,2372,0
3103093,-0.168,9.529,2.105,0.048,-0.042,0.010,2374,0
3103113,-0.129,9.481,2.081,0.047,-0.047,0.005,2373,0
3103133,-0.170,9.546,2.059,0.058,-0.044,-0.003,2374,0
3103153,-0.189,9.644,2.016,0.055,-0.042,0.003,2373,0
3103173,-0.199,9.625,2.021,0.051,-0.040,0.012,2374,0
3103193,-0.168,9.562,1.987,0.042,-0.038,0.015,2373,0
3103213,-0.153,9.517,1.956,0.035,-0.031,0.004,2375,0
3103233,-0.172,9.503,1.975,0.038,-0.025,-0.002,2375,0
3103253,-0.218,9.503,2.014,0.054,-0.023,-0.001,2378,0
3103273,-0.211,9.546,2.040,0.051,-0.027,-0.002,2374,0
3103293,-0.242,9.548,2.076,0.041,-0.033,-0.008,2374,0
3103313,-0.215,9.560,2.071,0.052,-0.039,-0.002,2376,0
3103333,-0.184,9.515,2.081,0.070,-0.036,0.004,2375,0
3103353,-0.172,9.524,2.052,0.070,-0.035,0.004,2376,0
3103373,-0.170,9.519,2.047,0.046,-0.034,-0.009,2377,0
3103393,-0.180,9.562,2.049,0.031,-0.027,-0.022,2375,0
3103413,-0.206,9.620,2.090,0.033,-0.027,-0.017,2376,0
3103433,-0.235,9.637,2.071,0.047,-0.033,-0.009,2376,0
3103453,-0.194,9.627,2.073,0.053,-0.040,-0.001,2377,0
3103473,-0.199,9.610,2.057,0.045,-0.044,0.001,2376,0
3103493,-0.139,9.562,2.064,0.036,-0.043,-0.002,2377,0
3103513,-0.182,9.538,2.109,0.046,-0.037,0.000,2376,0
3103533,-0.156,9.550,2.073,0.056,-0.043,0.002,2376,0
3103553,-0.192,9.570,1.985,0.042,-0.043,-0.002,2377,0
3103573,-0.220,9.517,1.942,0.035,-0.042,-0.009,2377,0
3103593,-0.230,9.577,1.937,0.043,-0.035,-0.012,2377,0
3103613,-0.189,9.584,1.992,0.047,-0.033,-0.011,2376,0
3103633,-0.156,9.567,1.999,0.042,-0.034,-0.011,2376,0
3103653,-0.168,9.531,1.946,0.041,-0.035,-0.007,2376,0
3103673,-0.177,9.543,1.954,0.051,-0.026,-0.003,2375,0
3103693,-0.211,9.529,2.023,0.059,-0.019,-0.004,2376,0
3103713,-0.215,9.553,2.030,0.060,-0.018,-0.010,2378,0
3103733,-0.182,9.572,1.966,0.043,-0.020,-0.016,2376,0
3103753,-0.196,9.574,1.987,0.024,-0.014,-0.024,2376,0
3103773,-0.249,9.632,2.061,0.039,-0.013,-0.021,2375,0
3103793,-0.227,9.713,2.069,0.060,-0.017,-0.005,2375,0
3103813,-0.158,9.718,2.066,0.059,-0.017,0.005,2377,0
3103833,-0.117,9.634,2.100,0.031,-0.018,0.001,2377,0
3103853,-0.165,9.562,2.143,0.014,-0.022,-0.007,2377,0
3103873,-0.220,9.562,2.181,0.027,-0.032,-0.005,2376,0
3103893,-0.211,9.582,2.169,0.057,-0.037,0.006,2377,0
3103913,-0.170,9.656,2.107,0.068,-0.040,0.011,2376,0
3103933,-0.144,9.625,2.076,0.038,-0.046,0.009,2376,0
3103953,-0.113,9.574,2.045,0.017,-0.046,0.005,2377,0
3103973,-0.146,9.512,2.011,0.023,-0.040,0.005,2377,0
3103993,-0.199,9.541,1.999,0.040,-0.035,0.006,2377,0
3104013,-0.225,9.541,2.037,0.038,-0.037,0.002,2376,0
3104033,-0.220,9.529,1.980,0.039,-0.042,0.000,2377,0
3104053,-0.184,9.493,1.908,0.036,-0.040,0.001,2376,0
3104073,-0.168,9.421,1.932,0.037,-0.025,-0.006,2377,0
3104093,-0.247,9.419,1.966,0.052,-0.016,-0.010,2376,0
3104113,-0.242,9.517,2.023,0.079,-0.027,-0.003,2376,0
3104133,-0.206,9.646,1.935,0.067,-0.029,-0.004,2376,0
3104153,-0.172,9.536,1.925,0.027,-0.026,-0.016,2376,0
3104173,-0.156,9.455,1.973,0.041,-0.017,-0.025,2376,0
3104193,-0.199,9.512,2.049,0.080,-0.012,-0.021,2376,0
3104213,-0.215,9.606,2.033,0.108,-0.020,-0.012,2376,0
3104233,-0.194,9.716,1.992,0.090,-0.025,-0.012,2376,0
3104253,-0.218,9.720,1.982,0.021,-0.022,-0.020,2377,0
3104273,-0.208,9.591,1.975,-0.000,-0.017,-0.018,2376,0
3104293,-0.220,9.603,2.133,0.052,-0.008,-0.001,2376,0
3104313,-0.263,9.656,2.162,0.073,-0.019,0.008,2377,0
3104333,-0.254,9.615,2.160,0.034,-0.041,0.006,2376,0
3104353,-0.268,9.517,2.076,0.023,-0.056,0.002,2376,0
3104373,-0.213,9.515,2.002,0.042,-0.057,-0.005,2373,0
3104393,-0.194,9.620,1.968,0.072,-0.043,-0.001,2375,0
3104413,-0.204,9.680,1.978,0.066,-0.035,0.005,2377,0
3104433,-0.239,9.615,1.994,0.034,-0.033,0.001,2377,0
3104453,-0.266,9.591,2.030,0.023,-0.035,-0.001,2376,0
3104473,-0.297,9.596,2.069,0.032,-0.036,0.010,2375,0
3104493,-0.321,9.555,2.095,0.051,-0.042,0.015,2376,0
3104513,-0.275,9.471,2.025,0.047,-0.051,0.016,2377,0
3104533,-0.227,9.395,2.004,0.033,-0.058,0.001,2377,0
3104553,-0.215,9.419,1.973,0.037,-0.052,-0.017,2377,0
3104573,-0.208,9.541,1.985,0.056,-0.047,-0.017,2377,0
3104593,-0.244,9.543,2.002,0.055,-0.052,-0.007,2377,0
3104613,-0.220,9.426,2.006,0.059,-0.055,-0.011,2376,0
3104633,-0.168,9.469,1.920,0.056,-0.054,-0.023,2377,0
3104653,-0.156,9.529,1.920,0.059,-0.044,-0.032,2378,0
3104673,-0.192,9.663,1.951,0.075,-0.039,-0.026,2376,0
3104693,-0.182,9.716,1.963,0.057,-0.044,-0.018,2376,0
3104713,-0.148,9.649,1.990,0.041,-0.042,-0.017,2377,0
3104733,-0.146,9.632,1.992,0.058,-0.041,-0.011,2377,0
3104753,-0.113,9.577,1.987,0.071,-0.040,-0.010,2376,0
3104773,-0.122,9.618,1.963,0.072,-0.043,-0.010,2375,0
3104793,-0.122,9.656,1.884,0.057,-0.043,-0.004,2375,0
3104813,-0.148,9.641,1.865,0.048,-0.038,-0.002,2378,0
3104833,-0.184,9.661,1.863,0.066,-0.031,0.006,2376,0
3104853,-0.170,9.651,1.923,0.072,-0.025,0.013,2376,0
3104873,-0.136,9.634,1.923,0.062,-0.028,0.015,2377,0
3104893,-0.172,9.574,1.946,0.057,-0.026,0.014,2377,0
3104913,-0.199,9.536,1.918,0.061,-0.022,0.011,2377,0
3104933,-0.220,9.577,1.982,0.074,-0.025,0.015,2377,0
3104953,-0.220,9.596,2.018,0.079,-0.029,0.017,2376,0
3104973,-0.215,9.629,1.944,0.065,-0.031,0.016,2378,0
3104993,-0.182,9.565,1.942,0.057,-0.027,0.013,2378,0
3105013,-0.192,9.582,1.946,0.066,-0.022,0.010,2376,0
3105033,-0.230,9.634,2.025,0.067,-0.023,0.010,2377,0
3105053,-0.201,9.601,2.033,0.049,-0.033,0.010,2377,0
3105073,-0.201,9.579,2.004,0.052,-0.039,0.006,2378,0
3105093,-0.201,9.620,1.930,0.070,-0.043,0.013,2378,0
3105113,-0.182,9.663,1.915,0.073,-0.044,0.026,2377,0
3105133,-0.196,9.567,1.937,0.070,-0.046,0.031,2379,0
3105153,-0.192,9.558,1.865,0.066,-0.051,0.025,2379,0
3105173,-0.194,9.531,1.836,0.058,-0.048,0.013,2378,0
3105193,-0.153,9.479,1.815,0.068,-0.039,0.007,2379,0
3105213,-0.120,9.519,1.779,0.095,-0.039,0.010,2379,0
3105233,-0.069,9.610,1.690,0.095,-0.037,0.007,2379,0
3105253,-0.086,9.716,1.662,0.093,-0.029,0.005,2377,0
3105273,-0.127,9.787,1.745,0.094,-0.019,0.022,2379,0
3105293,-0.165,9.680,1.812,0.101,-0.020,0.042,2379,0
3105313,-0.127,9.543,1.798,0.103,-0.027,0.050,2378,0
3105333,-0.124,9.412,1.774,0.103,-0.022,0.048,2379,0
3105353,-0.136,9.436,1.784,0.110,-0.011,0.035,2379,0
3105373,-0.170,9.555,1.836,0.103,-0.001,0.022,2377,0
3105393,-0.160,9.558,1.889,0.087,-0.005,0.011,2378,0
3105413,-0.153,9.548,1.891,0.084,-0.015,0.001,2380,0
3105433,-0.113,9.615,1.846,0.101,-0.021,-0.004,2380,0
3105453,-0.127,9.680,1.853,0.103,-0.030,-0.001,2380,0
3105473,-0.153,9.704,1.882,0.104,-0.045,0.008,2378,0
3105493,-0.151,9.675,1.858,0.104,-0.055,0.015,2379,0
3105513,-0.105,9.651,1.748,0.099,-0.057,0.018,2379,0
3105533,-0.067,9.598,1.731,0.088,-0.053,0.012,2380,0
3105553,-0.038,9.565,1.709,0.075,-0.047,-0.004,2379,0
3105573,-0.050,9.598,1.748,0.066,-0.044,-0.018,2380,0
3105593,-0.101,9.673,1.781,0.065,-0.049,-0.017,2379,0
3105613,-0.122,9.656,1.678,0.070,-0.051,-0.014,2381,0
3105633,-0.089,9.692,1.626,0.083,-0.053,-0.003,2380,0
3105653,-0.041,9.680,1.630,0.077,-0.047,-0.007,2380,0
3105673,-0.055,9.677,1.666,0.070,-0.048,-0.005,2381,0
3105693,-0.067,9.675,1.664,0.068,-0.055,-0.006,2380,0
3105713,-0.091,9.670,1.621,0.075,-0.060,-0.000,2379,0
3105733,-0.074,9.651,1.516,0.087,-0.060,0.005,2381,0
3105753,-0.053,9.637,1.460,0.082,-0.051,-0.006,2381,0
3105773,-0.012,9.665,1.470,0.063,-0.035,-0.014,2381,0
3105793,-0.048,9.665,1.571,0.048,-0.029,-0.014,2379,0
3105813,-0.113,9.646,1.563,0.051,-0.030,-0.018,2382,0
3105833,-0.141,9.682,1.599,0.061,-0.029,-0.015,2381,0
3105853,-0.148,9.699,1.635,0.071,-0.031,-0.009,2380,0
3105873,-0.129,9.692,1.645,0.070,-0.039,-0.011,2381,0
3105893,-0.115,9.685,1.659,0.056,-0.042,-0.016,2380,0
3105913,-0.134,9.685,1.640,0.054,-0.048,-0.021,2381,0
3105933,-0.177,9.732,1.671,0.045,-0.045,-0.026,2380,0
3105953,-0.180,9.821,1.690,0.038,-0.047,-0.027,2381,0
3105973,-0.139,9.821,1.616,0.036,-0.048,-0.018,2382,0
3105993,-0.093,9.893,1.654,0.034,-0.039,-0.019,2382,0
3106013,-0.381,10.848,1.805,0.072,-0.020,-0.032,2382,0
3106033,-0.919,13.589,2.145,0.293,-0.011,0.019,2388,0
3106053,-1.070,17.657,3.148,0.355,-0.113,0.315,2392,0
3106073,-0.816,20.324,3.907,-0.098,-0.468,0.990,4095,0
3106093,0.057,20.645,4.415,-0.613,-0.520,1.581,4095,0
3106113,-0.373,20.394,7.051,-0.747,-0.863,2.299,4095,0
3106133,0.050,19.431,6.208,-0.676,-1.554,3.383,3779,0
3106153,0.721,18.296,3.989,-0.496,-2.043,4.142,2925,0
3106173,1.415,15.897,1.607,-0.321,-2.149,4.346,3066,6
3106193,0.129,12.763,0.254,-0.720,-2.038,4.676,3151,0
3106213,0.309,8.815,-2.265,-0.857,-1.722,4.866,3207,0
3106233,1.420,4.843,-2.251,-1.004,-1.174,4.469,3261,2462
3106253,0.065,2.523,-2.373,-1.214,-0.794,3.714,3297,3500
3106273,1.063,1.267,-1.762,-1.069,-0.587,3.354,3316,3766
3106293,0.165,-0.651,-2.377,-0.895,-0.312,3.040,3321,3909
3106313,1.408,-1.913,-1.745,-0.627,-0.200,2.762,3318,3957
3106333,1.018,-5.092,-1.937,-0.300,-0.077,2.440,3307,4034
3106353,2.421,-7.554,-2.162,0.475,-0.046,1.710,3290,4076
3106373,2.768,-9.618,-1.602,0.814,0.018,0.800,3272,4092
3106393,3.476,-9.742,-1.719,1.017,0.015,-0.338,3262,4095
3106413,3.400,-10.295,-0.728,0.738,0.140,-1.369,3257,4095
3106433,2.246,-9.833,-0.048,0.696,0.050,-2.490,3251,4095
3106453,3.297,-10.080,0.158,0.456,0.018,-3.603,3248,4095
3106473,2.119,-9.285,-0.857,0.502,0.301,-5.233,3245,4095
3106493,1.927,-6.613,0.101,0.332,0.727,-6.733,3244,4095
3106513,-0.460,-6.622,-0.211,0.209,1.569,-8.731,3238,4095
3106533,-7.779,-0.994,3.072,1.568,2.272,-8.731,3242,4095
3106553,-17.988,18.711,4.499,2.625,1.663,-8.731,3239,4095
3106573,-17.459,35.683,3.385,0.576,0.612,-6.174,3233,4095
3106593,-18.325,37.613,2.322,-1.091,0.980,-4.902,3232,4095
3106613,-18.792,38.530,4.159,-0.358,1.192,-3.861,3228,4095
3106633,-16.422,40.967,5.629,0.869,0.240,-0.176,3223,4095
3106653,-10.039,32.032,3.960,0.497,-0.402,2.361,3218,4095
3106673,-7.688,28.941,2.885,0.603,-0.225,3.423,3216,4095
3106693,-8.229,25.884,3.670,0.560,-0.369,4.648,3215,4095
3106713,-7.563,21.979,3.639,0.775,-0.617,5.832,3215,4095
3106733,-5.914,17.830,2.358,0.470,-0.702,6.633,3215,4095
3106753,-5.413,11.691,1.664,-0.316,-0.629,6.961,3213,4095
3106773,-5.710,5.476,1.846,-0.914,-0.864,7.171,3214,4095
3106793,-4.044,1.269,0.620,-1.438,-1.128,6.637,3215,4095
3106813,-2.325,-3.512,-0.907,-1.662,-1.127,5.831,3215,4095
3106833,-0.737,-8.315,-1.671,-1.141,-1.083,5.011,3215,4095
3106853,2.014,-11.653,-3.460,-0.352,-0.830,4.103,3212,4095
3106873,3.311,-14.533,-3.385,0.105,-0.575,2.985,3211,4095
3106893,4.697,-16.841,-3.527,-0.350,-0.522,1.415,3211,4095
3106913,5.784,-18.452,-4.092,-0.639,-0.303,-0.241,3207,4095
3106933,5.284,-17.418,-4.228,-0.425,0.199,-2.086,3204,4095
3106953,2.799,-14.334,-3.433,-0.090,0.802,-3.840,3203,4095
3106973,-1.144,-10.714,-1.441,0.144,0.946,-4.983,3201,4095
3106993,-2.686,-6.359,-0.441,0.237,0.705,-5.691,3200,4095
3107013,-2.780,-3.517,-0.974,-0.151,0.782,-6.599,3198,4095
3107033,-4.343,-1.944,-0.426,-0.280,1.353,-8.020,3197,4095
3107053,-11.636,6.495,3.472,0.467,1.136,-8.012,3193,4095
3107073,-12.445,23.255,4.262,0.991,0.372,-6.482,3185,4095
3107093,-10.961,36.208,2.246,-0.474,0.592,-5.010,3180,4095
3107113,-14.487,32.243,5.353,-1.108,1.690,-5.335,3176,4095
3107133,-14.344,37.091,7.005,0.855,0.745,-2.893,3171,4095
3107153,-9.914,42.598,4.863,0.905,-0.245,0.472,3169,4095
3107173,-5.634,33.598,4.221,-0.098,-0.215,1.960,3168,4095
3107193,-6.883,29.808,4.702,-0.024,-0.062,2.863,3167,4095
3107213,-7.180,26.595,5.112,0.731,-0.372,4.340,3165,4095
3107233,-5.947,24.430,4.013,1.228,-0.454,5.753,3164,4095
3107253,-6.486,18.656,2.449,0.706,-0.316,6.399,3165,4095
3107273,-4.420,11.423,1.674,-0.253,-0.338,6.590,3169,4095
3107293,-4.515,4.276,1.159,-0.913,-0.358,6.547,3172,4095
3107313,-4.085,0.053,0.079,-1.052,-0.513,6.137,3176,4095
3107333,-1.968,-4.633,-0.359,-0.996,-0.476,5.674,3179,4095
3107353,-1.202,-10.681,-1.815,-0.179,-0.300,4.728,3178,4095
3107373,2.277,-12.459,-1.810,0.557,-0.148,3.599,3181,4095
3107393,2.796,-15.182,-2.188,0.610,-0.048,2.593,3183,4095
3107413,5.349,-18.756,-2.804,0.262,-0.022,1.227,3186,4095
3107433,5.562,-21.940,-1.810,-0.233,0.227,-0.629,3187,4095
3107453,2.054,-19.312,-1.741,-0.224,0.438,-3.144,3182,4095
3107473,0.338,-12.984,-0.024,0.067,0.600,-4.910,3175,4095
3107493,-4.135,-7.403,0.725,0.336,0.573,-5.729,3173,4095
3107513,-5.329,-0.716,1.654,-0.112,0.133,-5.980,3171,4095
3107533,-3.474,-0.306,1.185,-1.248,0.197,-6.462,3172,4095
3107553,-5.629,1.077,-0.266,0.182,1.440,-8.468,3179,4095
3107573,-14.540,19.285,4.508,1.829,1.522,-8.210,3182,4095
3107593,-15.253,34.180,5.648,2.215,-0.144,-4.692,3182,4095
3107613,-8.308,40.737,1.329,-0.362,-0.597,-2.570,3180,4095
3107633,-7.156,33.143,2.464,-1.374,0.706,-3.171,3179,4095
3107653,-8.207,38.001,4.578,0.585,0.495,-1.548,3178,4095
3107673,-5.061,37.218,3.491,0.889,-0.164,1.355,3176,4095
3107693,-3.330,31.414,2.911,0.359,-0.010,2.745,3173,4095
3107713,-5.432,29.209,3.737,0.217,0.064,3.813,3169,4095
3107733,-7.197,26.626,4.173,0.835,-0.064,5.270,3165,4095
3107753,-7.460,25.072,3.132,0.731,-0.360,6.813,3161,4095
3107773,-6.656,16.065,2.066,-0.323,-0.402,7.579,3158,4095
3107793,-6.225,7.877,1.793,-0.476,-0.290,7.478,3155,4095
3107813,-6.088,3.637,1.386,-0.617,-0.438,7.237,3153,4095
3107833,-5.346,-1.386,0.311,-0.787,-0.580,7.024,3155,4095
3107853,-4.635,-5.303,-0.381,-0.780,-0.702,6.665,3154,4095
3107873,-2.241,-10.092,-2.009,-0.529,-0.566,5.825,3155,4095
3107893,-0.539,-13.621,-1.772,0.040,-0.392,4.496,3156,4095
3107913,1.338,-16.352,-1.683,0.085,-0.400,2.798,3157,4095
3107933,2.401,-17.758,-1.736,-0.091,-0.423,1.471,3161,4095
3107953,2.763,-18.586,-1.434,-0.231,-0.397,0.063,3163,4095
3107973,3.304,-16.316,-1.697,-0.092,-0.071,-1.718,3168,3866
3107993,1.566,-11.973,-1.173,-0.249,0.483,-3.675,3166,2606
3108013,0.146,-8.243,-0.553,-0.846,0.885,-5.244,3138,0
3108033,-1.290,-5.921,-0.828,-1.116,1.397,-6.208,3056,0
3108053,-2.114,-3.689,0.249,-0.592,1.861,-6.973,2961,0
3108073,-3.682,1.848,1.719,0.539,2.026,-7.654,2857,0
3108093,-3.883,10.075,2.933,1.553,1.693,-7.281,2726,0
3108113,-2.172,15.984,1.377,1.338,1.504,-6.244,2606,0
3108133,-2.456,19.089,1.329,0.261,1.974,-5.781,2483,0
3108153,-5.001,20.315,5.171,0.115,1.837,-5.327,2373,0
3108173,-5.181,21.691,5.844,0.941,1.058,-4.105,2248,0
3108193,-4.662,22.908,1.992,1.240,0.625,-3.134,2212,0
3108213,-4.444,23.063,2.286,0.366,0.496,-2.463,2191,0
3108233,-5.744,22.553,1.717,0.684,0.207,-1.307,2186,0
3108253,-3.443,21.845,0.694,0.719,-0.014,-0.184,2182,0
3108273,-2.787,17.988,0.855,0.018,0.092,0.350,2183,0
3108293,-0.426,13.925,1.705,-0.294,0.154,0.429,2183,0
3108313,-1.073,11.550,1.903,-0.237,0.134,0.531,2183,0
3108333,0.634,10.496,2.260,-0.147,0.050,0.651,2188,0
3108353,-0.512,8.935,2.157,-0.213,0.026,0.711,2191,0
3108373,0.955,8.523,2.279,-0.040,-0.048,0.547,2192,0
3108393,-0.271,7.855,2.138,-0.218,-0.071,0.469,2197,0
3108413,0.342,8.291,1.630,0.123,-0.076,0.249,2204,0
3108433,-0.539,8.547,1.796,-0.100,-0.095,0.311,2207,0
3108453,-0.479,8.655,0.912,0.126,-0.006,0.172,2210,0
3108473,-0.867,8.839,1.784,-0.150,-0.008,0.246,2215,0
3108493,-1.168,9.196,1.097,0.100,-0.007,0.102,2216,11
3108513,-0.718,9.383,1.968,-0.242,-0.081,0.191,2221,0
3108533,-1.202,9.012,1.166,-0.084,-0.071,0.044,2223,0
3108553,-0.139,8.808,1.985,-0.263,-0.101,0.126,2225,0
3108573,-0.936,8.461,1.460,0.115,-0.055,-0.011,2228,0
