206579,1.164,8.770,-4.875,0.046,0.015,0.003,2515,0
206599,1.097,8.768,-4.865,0.009,0.017,0.007,2517,0
206619,1.070,8.787,-4.841,-0.001,-0.006,0.014,2517,0
206639,1.065,8.753,-4.805,0.019,-0.017,0.021,2517,0
206659,1.020,8.710,-4.793,0.034,-0.018,0.022,2517,0
206679,1.037,8.674,-4.772,0.024,-0.029,0.022,2517,0
206699,1.053,8.641,-4.743,-0.008,-0.025,0.016,2516,0
206719,1.022,8.535,-4.659,-0.027,-0.014,0.014,2516,0
206739,1.030,8.387,-4.535,-0.013,-0.022,0.024,2516,0
206759,1.030,8.253,-4.506,0.009,-0.029,0.029,2517,0
206779,1.056,8.152,-4.482,0.030,-0.041,0.018,2518,0
206799,1.058,8.128,-4.470,0.043,-0.060,-0.007,2517,0
206819,1.094,8.229,-4.532,0.046,-0.074,-0.037,2519,0
206839,1.156,8.370,-4.604,0.046,-0.084,-0.060,2518,0
206859,1.211,8.471,-4.693,0.060,-0.092,-0.067,2520,0
206879,1.305,8.528,-4.762,0.088,-0.097,-0.073,2518,0
206899,1.353,8.638,-4.877,0.121,-0.105,-0.085,2518,0
206919,1.326,8.849,-5.035,0.137,-0.093,-0.096,2519,0
206939,1.334,8.930,-5.035,0.137,-0.075,-0.085,2519,0
206959,1.353,8.995,-5.049,0.124,-0.045,-0.071,2518,0
206979,1.427,8.918,-4.918,0.084,-0.004,-0.055,2519,0
206999,1.389,8.847,-4.810,0.054,0.013,-0.033,2518,0
207019,1.377,8.799,-4.714,0.019,0.017,-0.006,2517,0
207039,1.362,8.739,-4.721,-0.000,-0.003,0.037,2517,0
207059,1.326,8.674,-4.803,-0.016,-0.020,0.067,2519,0
207079,1.290,8.581,-4.882,-0.022,-0.036,0.086,2521,0
207099,1.204,8.583,-4.999,-0.004,-0.048,0.106,2519,0
207119,1.142,8.638,-5.143,0.008,-0.039,0.114,2520,0
207139,1.051,8.669,-5.262,0.009,-0.030,0.124,2522,0
207159,0.984,8.633,-5.250,0.016,-0.003,0.140,2523,0
207179,0.972,8.574,-5.188,0.030,0.019,0.130,2524,0
207199,1.041,8.473,-4.982,0.045,0.039,0.104,2525,0
207219,1.094,8.411,-4.788,0.046,0.057,0.073,2522,0
207239,1.125,8.298,-4.568,0.034,0.058,0.043,2522,0
207259,1.142,8.212,-4.422,0.041,0.038,0.013,2522,0
207279,1.214,8.157,-4.345,0.043,0.005,-0.013,2520,0
207299,1.298,8.131,-4.302,0.056,-0.023,-0.035,2520,0
207319,1.381,8.159,-4.348,0.066,-0.039,-0.060,2519,0
207339,1.348,8.380,-4.460,0.052,-0.042,-0.075,2522,0
207359,1.300,8.571,-4.585,0.021,-0.046,-0.072,2520,0
207379,1.243,8.645,-4.630,0.009,-0.051,-0.042,2522,0
207399,1.255,8.595,-4.650,0.039,-0.045,-0.014,2522,0
207419,1.276,8.554,-4.638,0.070,-0.047,-0.001,2524,0
207439,1.334,8.504,-4.659,0.088,-0.062,0.002,2522,0
207459,1.396,8.449,-4.690,0.088,-0.089,-0.009,2521,0
207479,1.420,8.435,-4.820,0.102,-0.122,-0.028,2521,0
207499,1.453,8.473,-4.944,0.140,-0.135,-0.055,2523,0
207519,1.465,8.514,-5.028,0.164,-0.126,-0.083,2523,0
207539,1.441,8.653,-5.121,0.165,-0.097,-0.115,2526,0
207559,1.470,8.794,-5.126,0.121,-0.057,-0.132,2524,0
207579,1.484,8.940,-5.102,0.071,-0.003,-0.124,2527,0
207599,1.420,8.952,-4.956,0.015,0.055,-0.100,2526,0
207619,1.350,8.849,-4.831,-0.028,0.080,-0.065,2524,0
207639,1.276,8.739,-4.798,-0.052,0.062,-0.020,2524,0
207659,1.259,8.595,-4.774,-0.060,0.025,0.026,2524,0
207679,1.176,8.516,-4.786,-0.034,-0.006,0.052,2524,0
207699,1.101,8.499,-4.860,-0.004,-0.031,0.061,2526,0
207719,1.039,8.540,-4.961,0.035,-0.045,0.070,2526,0
207739,1.018,8.564,-5.025,0.057,-0.053,0.070,2525,0
207759,0.955,8.511,-5.016,0.079,-0.049,0.068,2524,0
207779,0.967,8.478,-5.023,0.083,-0.035,0.045,2527,0
207799,1.022,8.464,-4.932,0.074,-0.011,0.022,2527,0
207819,1.101,8.466,-4.867,0.058,0.021,-0.001,2527,0
207839,1.085,8.444,-4.743,0.028,0.058,-0.027,2526,0
207859,1.097,8.428,-4.678,0.007,0.069,-0.050,2526,0
207879,1.061,8.447,-4.628,-0.010,0.070,-0.071,2526,0
207899,1.027,8.432,-4.623,-0.009,0.054,-0.076,2526,0
207919,0.998,8.449,-4.590,0.006,-0.002,-0.074,2526,0
207939,1.030,8.401,-4.549,0.038,-0.051,-0.071,2525,0
207959,1.094,8.440,-4.590,0.103,-0.078,-0.058,2526,0
207979,1.195,8.509,-4.645,0.119,-0.095,-0.058,2526,0
207999,1.223,8.617,-4.772,0.090,-0.084,-0.064,2527,0
208019,1.207,8.662,-4.786,0.037,-0.061,-0.060,2526,0
208039,1.173,8.641,-4.843,0.019,-0.038,-0.046,2527,0
208059,1.204,8.648,-4.843,0.039,-0.024,-0.033,2529,0
208079,1.243,8.657,-4.829,0.087,-0.017,-0.002,2528,0
208099,1.293,8.610,-4.834,0.115,-0.029,0.036,2529,0
208119,1.322,8.550,-4.834,0.107,-0.041,0.050,2528,0
208139,1.355,8.514,-4.865,0.095,-0.066,0.043,2529,0
208159,1.338,8.519,-4.906,0.100,-0.088,0.038,2529,0
208179,1.326,8.550,-4.985,0.132,-0.100,0.038,2528,0
208199,1.293,8.545,-5.073,0.151,-0.090,0.029,2529,0
208219,1.250,8.610,-5.121,0.139,-0.061,0.008,2529,0
208239,1.298,8.648,-5.064,0.083,-0.012,-0.019,2528,0
208259,1.305,8.715,-4.963,0.031,0.032,-0.030,2528,0
208279,1.219,8.665,-4.815,-0.015,0.058,-0.022,2527,0
208299,1.149,8.576,-4.774,-0.018,0.035,0.004,2528,0
208319,1.195,8.384,-4.793,0.007,-0.011,0.035,2527,0
208339,1.228,8.260,-4.858,0.057,-0.042,0.050,2528,0
208359,1.238,8.205,-4.951,0.098,-0.054,0.037,2528,0
208379,1.173,8.226,-5.047,0.104,-0.050,0.011,2528,0
208399,1.173,8.303,-5.169,0.068,-0.041,-0.020,2528,0
208419,1.185,8.346,-5.258,0.059,-0.017,-0.038,2529,0
208439,1.130,8.416,-5.250,0.076,0.017,-0.046,2529,0
208459,1.144,8.533,-5.200,0.085,0.038,-0.054,2529,0
208479,1.164,8.595,-5.080,0.085,0.058,-0.056,2528,0
208499,1.161,8.653,-4.997,0.076,0.071,-0.063,2528,0
208519,1.097,8.638,-4.913,0.069,0.063,-0.058,2529,0
208539,1.051,8.693,-4.846,0.063,0.036,-0.040,2528,0
208559,1.068,8.669,-4.779,0.056,0.017,-0.019,2529,0
208579,1.125,8.581,-4.683,0.064,0.012,-0.005,2528,0
208599,1.089,8.538,-4.621,0.058,0.006,-0.006,2529,0
208619,1.037,8.480,-4.621,0.030,-0.008,-0.004,2528,0
208639,1.034,8.401,-4.640,0.002,-0.038,0.006,2529,0
208659,1.041,8.363,-4.700,0.024,-0.049,0.013,2528,0
208679,1.065,8.411,-4.741,0.061,-0.050,0.013,2529,0
208699,1.109,8.466,-4.733,0.058,-0.071,0.002,2528,0
208719,1.144,8.471,-4.755,0.026,-0.106,-0.006,2529,0
208739,1.188,8.464,-4.798,0.012,-0.143,-0.011,2529,0
208759,1.219,8.514,-4.870,0.047,-0.164,-0.022,2529,0
208779,1.207,8.586,-4.992,0.078,-0.161,-0.028,2529,0
208799,1.211,8.650,-5.064,0.083,-0.154,-0.026,2528,0
208819,1.274,8.696,-5.119,0.052,-0.130,-0.027,2527,0
208839,1.305,8.698,-5.109,0.022,-0.096,-0.024,2529,0
208859,1.283,8.645,-5.104,0.009,-0.079,-0.008,2529,0
208879,1.302,8.600,-5.064,-0.003,-0.080,0.011,2528,0
208899,1.286,8.519,-5.073,0.001,-0.087,0.031,2528,0
208919,1.290,8.449,-5.097,0.017,-0.090,0.055,2529,0
208939,1.231,8.406,-5.195,0.029,-0.087,0.067,2529,0
208959,1.137,8.349,-5.236,0.015,-0.072,0.063,2529,0
208979,1.130,8.298,-5.270,0.009,-0.069,0.055,2530,0
208999,1.082,8.262,-5.198,0.027,-0.047,0.044,2529,0
209019,1.030,8.279,-5.148,0.051,-0.023,0.027,2529,0
209039,0.994,8.289,-5.054,0.057,-0.018,0.006,2528,0
209059,1.025,8.277,-5.006,0.042,-0.013,-0.014,2529,0
209079,1.044,8.253,-4.992,0.051,-0.019,-0.033,2531,0
209099,1.073,8.303,-4.985,0.066,-0.025,-0.054,2528,0
209119,1.097,8.411,-5.025,0.065,-0.029,-0.063,2527,0
209139,1.099,8.480,-5.021,0.061,-0.026,-0.062,2527,0
209159,1.101,8.401,-4.982,0.045,-0.004,-0.061,2526,0
209179,1.113,8.349,-4.975,0.065,0.015,-0.063,2525,0
209199,1.132,8.413,-5.040,0.067,0.023,-0.083,2525,0
209219,1.101,8.614,-5.045,0.080,0.032,-0.098,2522,0
209239,0.977,8.890,-5.040,0.072,0.025,-0.084,2524,0
209259,0.924,8.916,-4.944,0.054,0.026,-0.037,2523,0
209279,0.991,8.739,-4.791,0.060,0.013,0.015,2521,0
209299,1.056,8.602,-4.671,0.074,0.006,0.032,2522,0
209319,1.022,8.490,-4.604,0.070,-0.012,0.031,2521,0
209339,0.989,8.447,-4.673,0.052,-0.051,0.027,2525,0
209359,1.049,8.382,-4.724,0.047,-0.076,0.019,2524,0
209379,1.085,8.368,-4.817,0.066,-0.087,0.008,2522,0
209399,1.094,8.425,-4.858,0.080,-0.087,-0.007,2521,0
209419,1.082,8.444,-4.925,0.067,-0.098,-0.023,2522,0
209439,1.106,8.487,-5.006,0.054,-0.105,-0.030,2523,0
209459,1.168,8.547,-5.040,0.046,-0.108,-0.026,2523,0
209479,1.207,8.586,-5.088,0.056,-0.106,-0.013,2523,0
209499,1.233,8.554,-5.073,0.050,-0.100,-0.005,2521,0
209519,1.233,8.545,-5.100,0.040,-0.105,-0.002,2520,0
209539,1.267,8.528,-5.119,0.033,-0.114,0.008,2521,0
209559,1.176,8.478,-5.136,0.031,-0.110,0.017,2522,0
209579,1.106,8.442,-5.246,0.014,-0.101,0.008,2521,0
209599,1.085,8.490,-5.255,-0.004,-0.092,-0.016,2522,0
209619,1.030,8.516,-5.248,-0.011,-0.060,-0.034,2522,0
209639,0.994,8.550,-5.169,-0.010,-0.042,-0.025,2520,0
209659,1.001,8.471,-5.112,-0.011,-0.047,-0.013,2520,0
209679,1.063,8.380,-5.035,-0.017,-0.039,-0.018,2521,0
209699,1.044,8.370,-5.033,-0.003,-0.029,-0.029,2521,0
209719,0.982,8.473,-5.009,0.011,-0.019,-0.019,2521,0
209739,0.948,8.490,-4.944,0.005,-0.018,0.004,2519,0
209759,0.929,8.435,-4.867,0.001,-0.025,0.023,2521,0
209779,0.943,8.387,-4.822,0.017,-0.026,0.033,2520,0
209799,0.900,8.365,-4.855,0.046,-0.040,0.031,2519,0
209819,0.893,8.365,-4.908,0.056,-0.058,0.022,2520,0
209839,0.948,8.332,-4.925,0.070,-0.072,0.013,2521,0
209859,0.972,8.313,-4.958,0.085,-0.070,-0.007,2521,0
209879,1.020,8.334,-5.052,0.078,-0.061,-0.041,2520,0
209899,1.034,8.408,-5.138,0.051,-0.039,-0.077,2520,0
209919,0.996,8.490,-5.090,0.037,-0.009,-0.096,2520,0
209939,0.986,8.633,-4.999,0.040,0.011,-0.092,2520,0
209959,0.960,8.703,-4.963,0.039,0.022,-0.072,2518,0
209979,0.912,8.698,-4.951,0.024,0.017,-0.042,2520,0
209999,0.915,8.619,-4.891,0.032,-0.004,-0.008,2521,0
210019,0.994,8.550,-4.865,0.068,-0.022,0.019,2519,0
210039,0.991,8.533,-4.853,0.076,-0.040,0.038,2519,0
210059,0.970,8.495,-4.894,0.076,-0.065,0.054,2520,0
210079,1.027,8.418,-4.968,0.069,-0.074,0.050,2521,0
210099,1.051,8.404,-5.023,0.079,-0.074,0.041,2519,0
210119,1.030,8.377,-5.107,0.088,-0.065,0.025,2521,0
210139,1.032,8.361,-5.109,0.082,-0.054,0.005,2520,0
210159,1.046,8.425,-5.128,0.068,-0.042,-0.025,2520,0
210179,1.056,8.499,-5.124,0.039,-0.026,-0.050,2520,0
210199,1.089,8.578,-5.128,0.027,-0.020,-0.060,2521,0
210219,1.053,8.581,-5.071,0.026,-0.010,-0.064,2521,0
210239,1.046,8.607,-5.078,0.035,-0.013,-0.047,2519,0
210259,1.073,8.602,-5.076,0.037,-0.019,-0.025,2521,0
210279,1.075,8.531,-5.059,0.017,-0.003,-0.018,2521,0
210299,1.039,8.502,-5.018,0.000,-0.000,-0.011,2522,0
210319,1.018,8.452,-5.030,-0.005,0.007,-0.000,2521,0
210339,0.970,8.420,-5.013,-0.001,0.017,0.013,2522,0
210359,0.965,8.365,-4.942,-0.002,0.014,0.016,2522,0
210379,0.936,8.349,-4.922,-0.015,0.012,0.011,2522,0
210399,0.888,8.413,-4.978,-0.013,-0.003,0.006,2522,0
210419,0.843,8.428,-5.035,0.009,-0.021,0.011,2521,0
210439,0.860,8.396,-5.066,0.054,-0.033,0.020,2521,0
210459,0.828,8.389,-5.088,0.083,-0.030,0.004,2522,0
210479,0.826,8.456,-5.088,0.081,-0.012,-0.014,2524,0
210499,0.864,8.459,-5.066,0.067,0.001,-0.022,2522,0
210519,0.958,8.435,-4.946,0.048,0.022,-0.042,2522,0
210539,0.979,8.468,-4.934,0.046,0.032,-0.062,2522,0
210559,0.905,8.655,-4.966,0.059,0.041,-0.054,2523,0
210579,0.898,8.689,-4.942,0.045,0.045,-0.025,2524,0
210599,0.922,8.679,-4.930,0.050,0.044,0.014,2524,0
210619,0.931,8.595,-4.762,0.048,0.051,0.035,2523,0
210639,0.893,8.442,-4.659,0.042,0.024,0.048,2523,0
210659,0.927,8.346,-4.654,0.071,-0.032,0.055,2523,0
210679,1.025,8.284,-4.685,0.110,-0.086,0.048,2522,0
210699,1.106,8.258,-4.824,0.144,-0.126,0.026,2522,0
210719,1.152,8.322,-4.970,0.140,-0.143,-0.018,2524,0
210739,1.192,8.432,-5.126,0.104,-0.128,-0.058,2524,0
210759,1.231,8.602,-5.231,0.056,-0.081,-0.088,2524,0
210779,1.188,8.739,-5.253,0.021,-0.027,-0.102,2523,0
210799,1.140,8.820,-5.195,-0.010,0.012,-0.090,2524,0
210819,1.132,8.854,-5.143,-0.024,0.027,-0.054,2523,0
210839,1.128,8.815,-5.083,-0.026,0.022,-0.008,2523,0
210859,1.132,8.736,-5.021,-0.022,0.002,0.046,2523,0
210879,1.097,8.581,-4.973,-0.018,-0.020,0.094,2524,0
210899,1.025,8.420,-5.004,-0.010,-0.050,0.122,2524,0
210919,0.967,8.358,-5.157,0.005,-0.081,0.129,2524,0
210939,0.953,8.250,-5.291,0.046,-0.097,0.123,2524,0
210959,0.939,8.162,-5.255,0.095,-0.087,0.099,2526,0
210979,0.934,8.124,-5.260,0.100,-0.053,0.050,2523,0
210999,0.970,8.121,-5.207,0.059,-0.018,-0.011,2526,0
211019,1.056,8.104,-5.078,0.018,0.024,-0.067,2525,0
211039,1.058,8.174,-5.004,0.011,0.068,-0.114,2524,0
211059,1.051,8.337,-4.913,0.010,0.085,-0.141,2525,0
211079,1.053,8.531,-4.872,-0.002,0.073,-0.137,2525,0
211099,1.034,8.645,-4.831,0.000,0.053,-0.112,2526,0
211119,0.965,8.760,-4.903,0.007,0.038,-0.075,2525,0
211139,0.883,8.806,-4.968,0.018,0.013,-0.025,2525,0
211159,0.852,8.696,-5.013,0.037,-0.019,0.023,2524,0
211179,0.857,8.528,-5.023,0.065,-0.026,0.052,2526,0
211199,0.883,8.384,-5.004,0.085,-0.026,0.056,2525,0
211219,0.903,8.250,-4.946,0.086,-0.020,0.038,2524,0
211239,0.922,8.198,-4.889,0.082,-0.010,0.007,2526,0
211259,0.943,8.224,-4.867,0.072,-0.016,-0.027,2525,0
211279,0.989,8.284,-4.831,0.063,-0.022,-0.058,2526,0
211299,0.958,8.399,-4.843,0.070,-0.029,-0.082,2525,0
211319,0.962,8.545,-4.855,0.074,-0.045,-0.088,2525,0
211339,1.006,8.662,-4.867,0.078,-0.058,-0.078,2526,0
211359,1.041,8.760,-4.877,0.073,-0.059,-0.058,2525,0
211379,1.018,8.801,-4.899,0.059,-0.063,-0.027,2526,0
211399,1.025,8.748,-4.911,0.056,-0.078,0.011,2525,0
211419,1.109,8.648,-4.887,0.060,-0.095,0.040,2526,0
211439,1.077,8.516,-4.927,0.078,-0.106,0.064,2525,0
211459,1.085,8.497,-5.030,0.075,-0.122,0.071,2526,0
211479,1.137,8.461,-5.095,0.054,-0.128,0.062,2525,0
211499,1.113,8.452,-5.085,0.037,-0.109,0.034,2526,0
211519,1.027,8.495,-5.047,0.032,-0.096,0.003,2526,0
211539,0.986,8.581,-5.035,0.012,-0.099,-0.018,2526,0
211559,1.001,8.586,-5.052,-0.006,-0.096,-0.019,2526,0
211579,1.015,8.523,-5.059,-0.012,-0.080,-0.024,2526,0
211599,1.039,8.447,-5.033,-0.006,-0.053,-0.027,2526,0
211619,1.049,8.389,-4.992,-0.025,-0.033,-0.026,2526,0
211639,1.025,8.255,-4.958,-0.055,-0.021,-0.023,2527,0
211659,1.003,8.133,-4.839,-0.088,-0.036,-0.022,2527,0
211679,1.252,8.262,-4.202,-0.157,-0.140,-0.020,2537,0
211699,1.077,8.112,-4.434,-0.337,-0.361,-0.044,2649,0
211719,1.489,8.643,-5.131,-0.875,-0.597,-0.005,2941,0
211739,1.228,7.762,-3.876,-1.437,-0.727,-0.080,3089,0
211759,0.766,7.719,-3.778,-1.600,-0.653,-0.446,3185,0
211779,-0.529,9.864,-4.503,-1.540,-0.611,-0.705,3257,0
211799,-1.822,11.677,-4.266,-1.718,-0.816,-0.685,3303,0
211819,-1.666,13.039,-3.668,-1.689,-1.288,-0.308,3335,0
211839,-1.152,12.962,-3.424,-1.372,-1.178,0.376,3353,0
211859,-0.982,11.870,-3.876,-0.927,-1.144,0.545,3358,0
211879,-1.238,11.066,-3.393,-0.974,-0.812,0.414,3368,0
211899,-0.903,11.298,-3.634,-0.870,-0.198,-0.053,3363,0
211919,-0.891,10.570,-3.610,-0.887,0.266,-0.165,3354,0
211939,0.745,9.400,-3.208,-0.808,0.617,-0.413,3347,0
211959,0.646,7.982,-2.217,-0.747,0.835,-0.417,3342,0
211979,1.559,6.349,-1.578,-0.384,0.797,-0.599,3335,0
211999,1.762,5.830,-1.255,0.017,0.660,-0.435,3329,1494
212019,2.911,5.859,-1.544,0.515,0.497,-0.524,3325,2071
212039,3.160,5.847,-1.674,0.570,0.387,-0.471,3321,2346
212059,3.776,4.834,-1.384,0.428,0.219,-0.608,3316,2597
212079,3.970,3.819,-0.773,0.187,0.004,-0.629,3313,2703
212099,3.891,2.978,-0.673,0.033,-0.215,-0.828,3311,2771
212119,4.199,1.726,-0.725,0.030,-0.378,-1.064,3308,2786
212139,2.954,1.128,-0.838,0.123,-0.289,-1.481,3305,2877
212159,1.738,1.279,-0.268,0.661,-0.177,-2.043,3303,3019
212179,-2.277,4.597,0.462,1.138,-0.201,-2.275,3301,3060
212199,-4.527,9.117,-0.912,1.197,-0.744,-2.281,3299,3102
212219,-6.910,13.661,-2.966,0.382,-1.349,-1.783,3295,3108
212239,-7.317,14.502,-4.539,-0.646,-1.331,-1.606,3297,3115
212259,-9.045,14.554,-4.293,-0.960,-0.767,-1.336,3296,3137
212279,-10.036,15.797,-4.140,-0.478,-0.331,-1.155,3295,3200
212299,-10.460,17.236,-5.078,0.092,-0.228,-0.781,3293,3178
212319,-10.427,17.758,-5.837,0.319,-0.100,-0.273,3290,3155
212339,-9.737,16.841,-5.705,0.759,-0.015,0.313,3288,3088
212359,-8.856,15.270,-5.080,1.073,0.169,0.711,3289,2917
212379,-8.181,14.578,-4.664,1.023,0.554,0.909,3285,2862
212399,-7.649,14.066,-4.578,0.723,0.840,1.042,3282,2764
212419,-6.381,12.866,-4.322,0.432,0.943,1.230,3280,2717
212439,-5.543,11.315,-3.587,0.289,1.050,1.396,3279,2634
212459,-4.499,9.993,-3.139,0.276,1.092,1.502,3278,2441
212479,-3.464,9.000,-2.830,0.331,1.023,1.503,3276,2253
212499,-1.824,7.611,-2.516,0.286,0.999,1.498,3273,1877
212519,-0.644,6.179,-1.803,0.251,0.957,1.444,3267,353
212539,0.510,5.021,-1.422,0.135,0.917,1.271,3266,0
212559,1.391,4.161,-1.082,0.146,0.834,1.116,3265,0
212579,2.365,3.460,-0.752,0.182,0.697,0.940,3264,0
212599,2.897,2.765,-0.019,0.214,0.510,0.693,3263,0
212619,3.431,2.310,0.244,0.212,0.259,0.405,3261,0
212639,4.075,1.829,0.294,0.228,-0.013,0.113,3258,0
212659,4.355,1.326,0.417,0.264,-0.261,-0.255,3259,0
212679,3.876,1.032,0.453,0.294,-0.488,-0.667,3254,0
212699,3.244,1.154,0.146,0.394,-0.756,-1.065,3254,0
212719,2.241,2.059,-0.259,0.491,-1.025,-1.401,3253,0
212739,0.972,3.903,-1.149,0.382,-1.282,-1.653,3250,0
212759,-0.373,5.502,-2.480,-0.049,-1.371,-1.908,3249,0
212779,-2.081,6.110,-2.811,-0.261,-1.241,-2.107,3249,0
212799,-4.120,8.825,-3.397,-0.077,-1.111,-2.153,3251,0
212819,-6.455,12.268,-4.566,-0.774,-1.248,-1.858,3250,0
212839,-7.678,13.831,-4.767,-1.574,-1.387,-1.516,3251,0
212859,-9.388,12.991,-3.644,-1.827,-1.165,-1.143,3250,0
212879,-10.649,14.056,-4.647,-0.661,-0.819,-1.284,3251,0
212899,-12.088,18.670,-5.851,0.161,-0.464,-0.987,3250,0
212919,-12.507,21.182,-7.590,0.491,-0.358,-0.368,3251,0
212939,-11.638,19.252,-7.274,0.333,-0.094,0.608,3249,0
212959,-10.175,16.300,-6.426,0.874,0.286,1.024,3249,0
212979,-9.172,14.583,-4.594,0.715,0.640,1.266,3249,0
212999,-7.381,13.156,-4.647,0.622,0.811,1.353,3251,0
213019,-5.739,11.164,-3.687,0.391,0.919,1.616,3248,0
213039,-4.492,9.771,-3.263,0.400,1.024,1.666,3247,0
213059,-3.412,8.361,-2.255,0.142,1.029,1.745,3248,0
213079,-2.478,7.286,-1.815,0.050,0.913,1.631,3247,0
213099,-0.749,6.081,-1.518,-0.166,0.816,1.554,3248,0
213119,0.620,4.719,-1.585,-0.075,0.713,1.489,3248,0
213139,2.095,3.033,-0.548,-0.110,0.649,1.304,3247,0
213159,2.847,1.899,-0.675,0.171,0.536,1.002,3248,0
213179,4.403,1.393,-0.575,0.349,0.290,0.714,3247,0
213199,4.556,1.381,-1.077,0.512,0.101,0.437,3247,0
213219,6.132,1.207,-1.159,0.466,-0.221,0.182,3248,0
213239,5.528,0.460,-1.305,0.326,-0.347,-0.137,3247,0
213259,5.392,0.144,-1.674,0.441,-0.454,-0.619,3248,0
213279,4.154,0.321,-1.046,0.429,-0.582,-0.994,3247,0
213299,2.167,1.918,-0.984,0.456,-0.735,-1.410,3248,0
213319,0.019,3.508,-1.156,0.152,-0.956,-1.749,3249,0
213339,-2.717,5.176,-1.867,-0.053,-0.970,-2.163,3250,0
213359,-5.272,8.265,-3.318,-0.019,-0.967,-2.397,3250,0
213379,-7.858,12.335,-4.568,-0.050,-0.921,-2.255,3252,0
213399,-8.935,14.605,-5.107,-0.365,-0.963,-1.675,3250,0
213419,-10.242,15.998,-5.478,-0.772,-0.968,-1.254,3251,0
213439,-10.757,16.192,-6.211,-0.901,-0.774,-1.046,3252,0
213459,-11.128,16.309,-6.728,-0.250,-0.390,-0.754,3254,0
213479,-11.768,18.507,-7.652,0.228,-0.047,-0.165,3253,0
213499,-11.217,17.710,-7.791,0.265,0.096,0.514,3252,0
213519,-10.384,16.170,-7.479,0.480,0.517,0.960,3255,0
213539,-9.160,15.143,-6.452,0.685,0.924,1.317,3257,0
213559,-8.332,14.054,-4.980,0.708,1.160,1.771,3260,0
213579,-7.118,12.328,-3.826,0.494,1.303,2.118,3261,0
213599,-5.657,10.039,-2.648,0.307,1.277,2.308,3267,0
213619,-4.422,8.186,-1.575,0.143,1.177,2.374,3271,0
213639,-3.026,6.079,-0.589,-0.023,1.006,2.322,3276,0
213659,-1.298,4.788,-0.843,-0.043,0.823,2.231,3256,0
213679,-0.481,4.149,-0.089,-0.115,0.501,2.142,3208,0
213699,0.261,3.807,-0.340,-0.269,0.343,1.952,3139,0
213719,2.260,3.402,-2.270,-0.290,0.315,1.679,3056,0
213739,3.067,2.969,-2.452,-0.045,0.353,1.222,2973,0
213759,2.713,3.529,-2.356,-0.131,0.627,0.637,2854,0
213779,2.940,4.125,-4.494,0.339,1.086,0.362,2729,0
213799,3.024,4.812,-3.534,1.378,1.098,0.217,2586,0
213819,3.012,6.510,-2.088,1.334,0.847,0.052,2483,0
213839,2.837,7.961,-3.395,0.816,0.169,0.136,2435,0
213859,2.246,8.021,-4.918,0.532,-0.229,0.215,2406,0
213879,2.610,8.480,-5.090,0.288,-0.224,0.203,2393,0
213899,2.014,8.502,-4.927,-0.125,-0.114,0.152,2387,0
213919,2.543,7.901,-5.164,-0.119,-0.042,0.053,2384,0
213939,1.544,8.765,-4.575,-0.036,-0.149,0.103,2386,0
213959,2.354,8.001,-5.246,0.233,-0.132,-0.037,2384,0
213979,1.578,8.988,-4.635,0.387,-0.044,0.021,2385,0
213999,1.283,8.760,-4.937,0.411,-0.018,-0.100,2390,0
