1664103,2.617,9.110,-1.492,-0.076,-0.026,-0.033,2504,0
1664123,2.526,9.143,-1.369,-0.030,-0.035,-0.059,2504,0
1664143,2.382,9.244,-1.386,-0.012,-0.058,-0.076,2504,0
1664163,2.337,9.459,-1.590,0.030,-0.087,-0.057,2504,0
1664183,2.404,9.491,-1.674,0.056,-0.086,-0.047,2505,0
1664203,2.413,9.414,-1.760,0.063,-0.069,-0.059,2505,0
1664223,2.442,9.436,-1.733,0.070,-0.065,-0.064,2503,0
1664243,2.404,9.512,-1.709,0.078,-0.059,-0.051,2505,0
1664263,2.404,9.613,-1.760,0.077,-0.071,-0.019,2504,0
1664283,2.401,9.610,-1.705,0.058,-0.067,0.014,2503,0
1664303,2.382,9.505,-1.729,0.052,-0.055,0.021,2503,0
1664323,2.358,9.498,-1.741,0.035,-0.060,0.012,2505,0
1664343,2.392,9.419,-1.743,0.028,-0.075,0.019,2504,0
1664363,2.454,9.361,-1.750,0.033,-0.074,0.043,2503,0
1664383,2.430,9.347,-1.779,0.047,-0.058,0.039,2503,0
1664403,2.377,9.400,-1.781,0.032,-0.058,0.026,2503,0
1664423,2.349,9.352,-1.827,0.006,-0.068,0.022,2503,0
1664443,2.361,9.323,-1.844,0.015,-0.070,0.033,2503,0
1664463,2.423,9.239,-1.805,0.057,-0.051,0.028,2503,0
1664483,2.392,9.273,-1.824,0.088,-0.037,0.024,2505,0
1664503,2.377,9.383,-1.846,0.085,-0.039,0.002,2505,0
1664523,2.411,9.359,-1.741,0.043,-0.038,0.000,2503,0
1664543,2.456,9.359,-1.745,0.055,-0.021,0.001,2504,0
1664563,2.442,9.383,-1.678,0.071,0.001,0.000,2504,0
1664583,2.411,9.450,-1.683,0.077,-0.003,0.003,2503,0
1664603,2.401,9.440,-1.709,0.046,-0.027,0.006,2504,0
1664623,2.437,9.299,-1.676,0.018,-0.040,0.009,2502,0
1664643,2.459,9.304,-1.695,0.033,-0.041,0.008,2503,0
1664663,2.435,9.292,-1.676,0.054,-0.018,-0.010,2503,0
1664683,2.313,9.436,-1.714,0.068,-0.033,-0.013,2503,0
1664703,2.339,9.431,-1.690,0.039,-0.056,0.004,2503,0
1664723,2.418,9.309,-1.762,0.033,-0.070,0.013,2503,0
1664743,2.490,9.201,-1.642,0.040,-0.035,-0.000,2502,0
1664763,2.428,9.318,-1.714,0.073,-0.023,-0.013,2505,0
1664783,2.368,9.373,-1.738,0.038,-0.040,-0.016,2503,0
1664803,2.452,9.400,-1.805,0.028,-0.091,0.005,2504,0
1664823,2.598,9.263,-1.832,0.034,-0.081,0.000,2505,0
1664843,2.516,9.232,-1.889,0.067,-0.028,-0.005,2504,0
1664863,2.421,9.498,-1.901,0.101,-0.006,-0.027,2504,0
1664883,2.389,9.476,-1.865,0.084,-0.008,-0.019,2504,0
1664903,2.401,9.524,-1.800,0.097,-0.032,0.001,2503,0
1664923,2.456,9.459,-1.788,0.051,-0.033,0.015,2505,0
1664943,2.401,9.357,-1.753,0.026,-0.017,0.011,2504,0
1664963,2.382,9.448,-1.829,0.026,-0.011,0.004,2505,0
1664983,2.339,9.507,-1.851,0.034,-0.028,0.009,2505,0
1665003,2.377,9.459,-1.791,0.015,-0.051,0.012,2506,0
1665023,2.562,9.143,-1.721,-0.032,-0.053,0.025,2507,0
1665043,2.579,9.069,-1.721,-0.002,-0.043,0.051,2507,0
1665063,2.531,9.175,-1.745,0.086,0.014,-0.002,2506,0
1665083,2.411,9.371,-1.815,0.107,0.002,-0.034,2506,0
1665103,2.394,9.443,-1.762,0.056,-0.028,-0.031,2506,0
1665123,2.471,9.321,-1.741,0.026,-0.028,-0.012,2507,0
1665143,2.416,9.390,-1.784,0.044,0.011,-0.005,2505,0
1665163,2.351,9.510,-1.812,0.070,0.011,-0.002,2507,0
1665183,2.358,9.471,-1.772,0.055,-0.018,0.004,2506,0
1665203,2.421,9.313,-1.719,0.029,-0.046,-0.017,2506,0
1665223,2.538,9.160,-1.697,0.018,-0.047,-0.007,2505,0
1665243,2.488,9.285,-1.702,0.072,-0.024,-0.003,2506,0
1665263,2.401,9.369,-1.762,0.075,-0.011,-0.012,2504,0
1665283,2.363,9.416,-1.798,0.060,-0.035,-0.017,2506,0
1665303,2.423,9.364,-1.738,0.035,-0.047,-0.027,2506,0
1665323,2.440,9.297,-1.755,0.039,-0.051,-0.022,2505,0
1665343,2.404,9.301,-1.812,0.062,-0.032,-0.014,2505,0
1665363,2.365,9.426,-1.879,0.096,-0.036,-0.008,2506,0
1665383,2.339,9.481,-1.877,0.072,-0.034,-0.023,2506,0
1665403,2.404,9.459,-1.865,0.037,-0.048,-0.019,2505,0
1665423,2.459,9.380,-1.788,0.016,-0.037,0.002,2506,0
1665443,2.413,9.347,-1.767,0.059,-0.016,0.015,2506,0
1665463,2.346,9.426,-1.765,0.070,-0.021,0.001,2506,0
1665483,2.351,9.428,-1.765,0.047,-0.052,-0.005,2506,0
1665503,2.456,9.373,-1.683,0.005,-0.064,0.002,2507,0
1665523,2.509,9.244,-1.750,0.009,-0.044,0.008,2506,0
1665543,2.433,9.385,-1.786,0.053,-0.028,-0.001,2506,0
1665563,2.361,9.498,-1.863,0.058,-0.037,-0.005,2506,0
1665583,2.411,9.464,-1.820,0.043,-0.059,0.007,2506,0
1665603,2.509,9.321,-1.805,0.011,-0.060,0.001,2504,0
1665623,2.483,9.299,-1.779,0.012,-0.038,0.003,2504,0
1665643,2.406,9.445,-1.836,0.036,-0.043,-0.002,2505,0
1665663,2.409,9.431,-1.853,0.029,-0.057,0.001,2504,0
1665683,2.476,9.330,-1.798,0.024,-0.068,0.012,2505,0
1665703,2.512,9.184,-1.796,0.019,-0.044,0.015,2505,0
1665723,2.399,9.232,-1.812,0.038,-0.023,0.014,2505,0
1665743,2.322,9.390,-1.817,0.054,-0.044,0.014,2506,0
1665763,2.365,9.318,-1.810,0.059,-0.065,0.018,2507,0
1665783,2.478,9.177,-1.815,0.092,-0.057,0.016,2506,0
1665803,2.495,9.232,-1.788,0.118,-0.022,0.003,2505,0
1665823,2.433,9.354,-1.848,0.104,-0.017,-0.013,2507,0
1665843,2.433,9.440,-1.817,0.064,-0.033,-0.010,2506,0
1665863,2.478,9.471,-1.851,0.058,-0.035,-0.014,2505,0
1665883,2.497,9.488,-1.800,0.048,-0.034,-0.009,2504,0
1665903,2.471,9.464,-1.800,0.046,-0.045,0.004,2505,0
1665923,2.447,9.383,-1.788,0.029,-0.053,0.019,2503,0
1665943,2.435,9.503,-1.879,0.041,-0.077,0.022,2503,0
1665963,2.452,9.469,-1.915,0.006,-0.070,0.013,2506,0
1665983,2.430,9.318,-1.935,0.002,-0.062,0.034,2504,0
1666003,2.433,9.323,-1.827,0.007,-0.051,0.040,2503,0
1666023,2.416,9.266,-1.817,0.011,-0.056,0.034,2503,0
1666043,2.430,9.256,-1.798,0.027,-0.086,0.037,2503,0
1666063,2.495,9.206,-1.779,0.019,-0.102,0.021,2505,0
1666083,2.526,9.172,-1.846,0.032,-0.099,0.006,2502,0
1666103,2.497,9.268,-1.899,0.060,-0.078,-0.008,2505,0
1666123,2.466,9.383,-1.946,0.065,-0.078,-0.021,2506,0
1666143,2.468,9.448,-1.884,0.031,-0.081,-0.027,2503,0
1666163,2.488,9.318,-1.841,-0.015,-0.076,-0.031,2504,0
1666183,2.502,9.213,-1.903,-0.018,-0.055,-0.027,2504,0
1666203,2.464,9.270,-1.942,0.025,-0.033,-0.035,2505,0
1666223,2.459,9.364,-1.889,0.057,-0.027,-0.046,2506,0
1666243,2.476,9.378,-1.834,0.058,-0.023,-0.046,2503,0
1666263,2.504,9.376,-1.774,0.046,-0.018,-0.039,2504,0
1666283,2.466,9.337,-1.767,0.043,-0.003,-0.019,2505,0
1666303,2.416,9.440,-1.841,0.061,-0.005,-0.018,2505,0
1666323,2.413,9.550,-1.776,0.054,-0.018,-0.020,2504,0
1666343,2.452,9.467,-1.776,0.027,-0.028,-0.013,2503,0
1666363,2.452,9.421,-1.808,0.031,-0.027,0.006,2504,0
1666383,2.428,9.438,-1.822,0.056,-0.007,0.016,2505,0
1666403,2.411,9.440,-1.846,0.058,-0.011,0.024,2504,0
1666423,2.440,9.388,-1.851,0.031,-0.015,0.016,2504,0
1666443,2.435,9.325,-1.827,0.015,-0.007,0.005,2505,0
1666463,2.411,9.270,-1.798,0.036,0.005,0.016,2504,0
1666483,2.377,9.395,-1.769,0.101,0.002,0.019,2504,0
1666503,2.346,9.443,-1.796,0.097,-0.017,0.015,2505,0
1666523,2.354,9.416,-1.846,0.047,-0.042,0.018,2505,0
1666543,2.394,9.254,-1.863,-0.002,-0.031,0.013,2503,0
1666563,2.421,9.191,-1.829,0.010,-0.001,0.005,2505,0
1666583,2.368,9.337,-1.841,0.062,0.008,0.010,2505,0
1666603,2.380,9.440,-1.817,0.094,-0.014,0.013,2504,0
1666623,2.459,9.402,-1.803,0.066,-0.033,0.010,2505,0
1666643,2.540,9.251,-1.762,0.018,-0.026,0.005,2503,0
1666663,2.514,9.208,-1.774,0.008,-0.011,0.009,2503,0
1666683,2.468,9.285,-1.844,0.036,-0.017,-0.005,2504,0
1666703,2.444,9.306,-1.870,0.049,-0.041,-0.009,2503,0
1666723,2.495,9.230,-1.810,0.051,-0.034,-0.020,2505,0
1666743,2.483,9.215,-1.820,0.049,-0.012,-0.021,2505,0
1666763,2.394,9.333,-1.741,0.057,-0.004,-0.022,2503,0
1666783,2.375,9.445,-1.779,0.058,-0.039,-0.018,2503,0
1666803,2.452,9.378,-1.772,0.056,-0.066,-0.016,2504,0
1666823,2.545,9.342,-1.808,0.053,-0.055,-0.030,2504,0
1666843,2.485,9.445,-1.858,0.028,-0.040,-0.037,2505,0
1666863,2.423,9.507,-1.908,0.010,-0.037,-0.028,2505,0
1666883,2.377,9.488,-1.851,0.014,-0.032,-0.005,2504,0
1666903,2.418,9.428,-1.757,0.045,-0.032,0.014,2503,0
1666923,2.435,9.385,-1.762,0.046,-0.041,0.019,2504,0
1666943,2.452,9.340,-1.796,0.027,-0.058,0.014,2504,0
1666963,2.461,9.244,-1.776,0.009,-0.073,0.000,2504,0
1666983,2.468,9.239,-1.839,0.019,-0.057,-0.018,2505,0
1667003,2.435,9.280,-1.867,0.046,-0.040,-0.018,2504,0
1667023,2.418,9.309,-1.896,0.062,-0.018,-0.008,2503,0
1667043,2.421,9.376,-1.822,0.059,-0.018,-0.009,2505,0
1667063,2.430,9.354,-1.741,0.021,-0.019,-0.025,2504,0
1667083,2.421,9.378,-1.741,0.014,-0.033,-0.023,2507,0
1667103,2.382,9.445,-1.781,0.043,-0.040,-0.002,2505,0
1667123,2.354,9.459,-1.844,0.063,-0.050,0.017,2506,0
1667143,2.423,9.428,-1.846,0.048,-0.059,0.016,2505,0
1667163,2.502,9.345,-1.832,0.042,-0.059,0.011,2504,0
1667183,2.485,9.273,-1.832,0.047,-0.041,0.003,2505,0
1667203,2.377,9.352,-1.858,0.055,-0.038,0.007,2505,0
1667223,2.306,9.450,-1.899,0.054,-0.048,0.019,2505,0
1667243,2.332,9.424,-1.939,0.051,-0.061,0.025,2506,0
1667263,2.468,9.304,-1.908,0.050,-0.050,0.022,2505,0
1667283,2.528,9.210,-1.867,0.057,-0.018,-0.005,2506,0
1667303,2.500,9.266,-1.796,0.054,-0.003,-0.014,2504,0
1667323,2.399,9.414,-1.791,0.057,-0.006,-0.009,2505,0
1667343,2.442,9.471,-1.709,0.053,-0.027,0.009,2505,0
1667363,2.550,9.433,-1.748,0.059,-0.042,0.018,2505,0
1667383,2.607,9.340,-1.827,0.048,-0.042,0.017,2505,0
1667403,2.574,9.299,-1.839,0.035,-0.033,0.008,2504,0
1667423,2.523,9.345,-1.856,0.023,-0.026,-0.007,2506,0
1667443,2.500,9.371,-1.774,0.019,-0.034,0.002,2505,0
1667463,2.492,9.337,-1.822,0.032,-0.031,0.016,2505,0
1667483,2.437,9.249,-1.800,0.038,-0.030,0.021,2507,0
1667503,2.418,9.246,-1.784,0.036,-0.039,0.010,2506,0
1667523,2.428,9.263,-1.784,0.013,-0.060,-0.008,2505,0
1667543,2.380,9.306,-1.858,0.025,-0.066,-0.020,2506,0
1667563,2.365,9.323,-1.987,0.042,-0.042,-0.014,2505,0
1667583,2.421,9.383,-1.975,0.062,-0.017,0.000,2506,0
1667603,2.509,9.335,-1.844,0.034,-0.004,-0.014,2504,0
1667623,2.516,9.266,-1.800,0.021,-0.009,-0.026,2505,0
1667643,2.514,9.282,-1.798,0.043,-0.017,-0.029,2504,0
1667663,2.449,9.340,-1.820,0.071,-0.018,-0.023,2505,0
1667683,2.442,9.426,-1.803,0.074,-0.018,-0.015,2505,0
1667703,2.444,9.486,-1.815,0.055,-0.023,-0.001,2506,0
1667723,2.449,9.469,-1.829,0.040,-0.017,-0.005,2505,0
1667743,2.430,9.419,-1.824,0.030,-0.020,-0.007,2505,0
1667763,2.416,9.364,-1.788,0.036,-0.022,0.003,2506,0
1667783,2.418,9.357,-1.748,0.050,-0.025,0.011,2504,0
1667803,2.399,9.414,-1.786,0.044,-0.043,0.010,2505,0
1667823,2.440,9.361,-1.810,0.027,-0.056,0.011,2504,0
1667843,2.500,9.222,-1.808,0.025,-0.050,0.006,2505,0
1667863,2.471,9.199,-1.839,0.029,-0.035,-0.015,2505,0
1667883,2.425,9.311,-1.877,0.034,-0.042,-0.018,2505,0
1667903,2.461,9.316,-1.913,0.032,-0.048,-0.003,2506,0
1667923,2.514,9.306,-1.856,0.061,-0.029,-0.011,2505,0
1667943,2.473,9.352,-1.779,0.081,0.007,-0.027,2507,0
1667963,2.454,9.459,-1.743,0.054,-0.015,-0.023,2505,0
1667983,2.466,9.392,-1.781,-0.002,-0.054,-0.017,2506,0
1668003,2.543,9.282,-1.841,-0.006,-0.056,-0.006,2504,0
1668023,2.540,9.380,-1.858,0.061,-0.022,-0.018,2504,0
1668043,2.464,9.486,-1.779,0.077,0.006,-0.026,2504,0
1668063,2.411,9.529,-1.772,0.036,-0.025,-0.005,2505,0
1668083,2.428,9.345,-1.800,-0.021,-0.055,0.008,2505,0
1668103,2.452,9.153,-1.875,-0.016,-0.041,0.003,2505,0
1668123,2.394,9.194,-1.944,0.032,-0.017,-0.008,2506,0
1668143,2.301,9.330,-1.980,0.053,0.000,-0.031,2506,0
1668163,2.334,9.414,-1.911,0.046,-0.001,-0.047,2506,0
1668183,2.428,9.345,-1.750,0.026,0.006,-0.052,2504,0
1668203,2.456,9.318,-1.599,0.010,0.009,-0.047,2506,0
1668223,2.399,9.426,-1.635,0.020,0.002,-0.046,2504,0
1668243,2.354,9.467,-1.695,0.028,-0.034,-0.022,2504,0
1668263,2.365,9.419,-1.791,0.043,-0.060,0.012,2504,0
1668283,2.452,9.373,-1.820,0.063,-0.057,0.025,2505,0
1668303,2.485,9.270,-1.867,0.062,-0.037,0.016,2504,0
1668323,2.452,9.323,-1.824,0.065,-0.023,0.008,2504,0
1668343,2.404,9.321,-1.832,0.062,-0.029,-0.001,2505,0
1668363,2.380,9.330,-1.810,0.057,-0.042,-0.011,2505,0
1668383,2.351,9.335,-1.853,0.041,-0.043,-0.014,2506,0
1668403,2.354,9.316,-1.853,0.046,-0.022,-0.007,2506,0
1668423,2.354,9.388,-1.846,0.084,-0.009,-0.010,2506,0
1668443,2.380,9.452,-1.796,0.087,-0.009,-0.017,2506,0
1668463,2.464,9.431,-1.803,0.071,-0.027,-0.015,2506,0
1668483,2.533,9.304,-1.781,0.014,-0.021,-0.013,2506,0
1668503,2.504,9.275,-1.805,0.015,-0.011,-0.015,2506,0
1668523,2.437,9.390,-1.793,0.045,0.001,-0.012,2508,0
1668543,2.404,9.448,-1.827,0.079,-0.008,-0.009,2506,0
1668563,2.433,9.385,-1.786,0.064,-0.015,-0.014,2507,0
1668583,2.430,9.294,-1.810,0.032,-0.018,-0.023,2507,0
1668603,2.399,9.371,-1.858,0.030,-0.009,-0.026,2507,0
1668623,2.380,9.448,-1.848,0.062,-0.004,-0.025,2507,0
1668643,2.404,9.503,-1.805,0.080,0.003,-0.026,2507,0
1668663,2.416,9.457,-1.738,0.048,-0.011,-0.017,2506,0
1668683,2.444,9.349,-1.748,0.032,0.001,-0.010,2506,0
1668703,2.389,9.383,-1.755,0.001,-0.017,0.023,2505,0
1668723,2.397,9.268,-1.791,0.012,-0.021,0.005,2507,0
1668743,2.365,9.306,-1.839,0.044,-0.012,-0.024,2505,0
1668763,2.339,9.462,-1.805,0.060,-0.012,-0.026,2507,0
1668783,2.337,9.457,-1.815,0.029,-0.007,-0.006,2509,0
1668803,2.296,9.428,-1.808,0.007,0.001,0.001,2505,0
1668823,2.318,9.414,-1.745,0.005,-0.003,0.000,2505,0
1668843,2.337,9.333,-1.724,0.008,-0.017,0.001,2506,0
1668863,2.401,9.263,-1.714,0.027,-0.027,0.001,2507,0
1668883,2.392,9.287,-1.745,0.048,-0.032,0.002,2507,0
1668903,2.368,9.359,-1.815,0.055,-0.036,0.008,2507,0
1668923,2.373,9.414,-1.815,0.054,-0.045,0.022,2506,0
1668943,2.416,9.359,-1.863,0.062,-0.039,0.019,2506,0
1668963,2.421,9.311,-1.834,0.062,-0.026,0.008,2506,0
1668983,2.409,9.369,-1.848,0.064,-0.021,0.015,2508,0
1669003,2.406,9.407,-1.765,0.050,-0.020,0.014,2506,0
1669023,2.418,9.421,-1.767,0.058,-0.021,0.013,2508,0
1669043,2.413,9.440,-1.765,0.055,-0.025,0.008,2505,0
1669063,2.421,9.357,-1.793,0.032,-0.025,0.009,2507,0
1669083,2.464,9.304,-1.784,0.023,-0.024,0.006,2506,0
1669103,2.425,9.292,-1.803,0.032,-0.015,-0.011,2506,0
1669123,2.389,9.376,-1.805,0.044,-0.020,0.002,2504,0
1669143,2.392,9.459,-1.796,0.049,-0.026,0.009,2506,0
1669163,2.444,9.313,-1.796,0.035,-0.033,0.005,2506,0
1669183,2.468,9.251,-1.846,0.022,-0.035,-0.015,2506,0
1669203,2.509,9.237,-1.769,0.023,-0.031,-0.019,2505,0
1669223,2.447,9.359,-1.779,0.059,-0.025,-0.010,2505,0
1669243,2.406,9.471,-1.800,0.061,-0.031,-0.003,2505,0
1669263,2.385,9.452,-1.810,0.043,-0.042,0.014,2506,0
1669283,2.435,9.333,-1.784,0.033,-0.034,0.006,2505,0
1669303,2.406,9.366,-1.822,0.042,-0.024,0.000,2506,0
1669323,2.387,9.436,-1.844,0.057,-0.030,0.007,2505,0
1669343,2.354,9.366,-1.879,0.055,-0.029,0.014,2504,0
1669363,2.444,9.316,-1.753,0.062,-0.019,0.000,2507,0
1669383,2.485,9.261,-1.697,0.036,-0.008,-0.015,2505,0
1669403,2.461,9.270,-1.676,0.029,-0.012,-0.009,2506,0
1669423,2.380,9.400,-1.690,0.054,-0.019,-0.002,2506,0
1669443,2.342,9.455,-1.729,0.056,-0.031,-0.002,2506,0
1669463,2.409,9.443,-1.697,0.039,-0.054,0.002,2503,0
1669483,2.442,9.330,-1.755,0.010,-0.049,-0.006,2505,0
1669503,2.401,9.345,-1.841,0.031,-0.042,0.000,2506,0
1669523,2.346,9.412,-1.901,0.050,-0.041,0.011,2506,0
1669543,2.380,9.383,-1.844,0.052,-0.046,0.014,2506,0
1669563,2.433,9.359,-1.786,0.044,-0.039,0.003,2505,0
1669583,2.430,9.354,-1.788,0.035,-0.037,0.005,2506,0
1669603,2.356,9.361,-1.815,0.026,-0.042,0.013,2506,0
1669623,2.423,9.354,-1.781,0.051,-0.054,0.013,2504,0
1669643,2.471,9.323,-1.721,0.059,-0.048,0.003,2505,0
1669663,2.512,9.294,-1.724,0.038,-0.047,-0.009,2505,0
1669683,2.480,9.287,-1.769,0.016,-0.045,-0.011,2505,0
1669703,2.387,9.376,-1.808,0.033,-0.044,-0.006,2505,0
1669723,2.351,9.469,-1.815,0.056,-0.042,-0.001,2504,0
1669743,2.423,9.397,-1.769,0.046,-0.055,0.008,2504,0
1669763,2.471,9.278,-1.803,0.029,-0.060,0.004,2504,0
1669783,2.502,9.227,-1.865,0.033,-0.055,-0.009,2504,0
1669803,2.444,9.299,-1.894,0.048,-0.040,-0.018,2505,0
1669823,2.418,9.345,-1.772,0.051,-0.025,-0.023,2504,0
1669843,2.413,9.359,-1.762,0.055,-0.024,-0.024,2506,0
1669863,2.433,9.342,-1.793,0.039,-0.033,-0.018,2506,0
1669883,2.425,9.354,-1.865,0.039,-0.038,-0.011,2506,0
1669903,2.413,9.337,-1.839,0.045,-0.029,-0.023,2507,0
1669923,2.380,9.337,-1.894,0.049,-0.020,-0.042,2506,0
1669943,2.399,9.292,-1.836,0.040,-0.017,-0.058,2506,0
1669963,2.435,9.124,-1.817,0.026,-0.006,-0.072,2506,0
1669983,2.449,9.088,-1.705,0.038,0.011,-0.096,2505,0
1670003,2.449,9.038,-1.544,0.028,0.003,-0.135,2506,0
1670023,2.286,9.225,-1.537,0.074,0.030,-0.200,2509,0
1670043,2.064,9.570,-1.616,0.046,0.020,-0.223,2511,0
1670063,1.846,9.957,-1.499,0.003,-0.006,-0.233,2511,0
1670083,1.760,10.053,-1.355,-0.100,-0.041,-0.233,2511,0
1670103,1.779,10.281,-1.317,-0.017,-0.091,-0.231,2507,0
1670123,1.901,10.645,-1.132,-0.060,-0.031,-0.227,2539,0
1670143,1.705,11.078,-1.290,-0.187,0.092,-0.296,2561,0
1670163,1.453,11.595,-1.279,-0.441,0.157,-0.386,2624,0
1670183,0.998,12.028,-0.879,-0.712,0.131,-0.406,2705,0
1670203,0.948,11.890,-0.967,-0.957,0.047,-0.287,2814,0
1670223,0.915,11.559,-1.506,-0.798,0.210,-0.259,2855,0
1670243,0.625,11.609,-1.113,-0.694,0.453,-0.395,2879,0
1670263,0.546,10.965,-0.943,-0.973,0.450,-0.430,2899,0
1670283,1.159,10.472,-0.421,-1.110,0.156,-0.435,2937,0
1670303,1.460,9.562,-1.159,-1.278,0.225,-0.488,2970,0
1670323,1.697,8.633,-1.085,-1.301,0.292,-0.637,2982,0
1670343,2.212,8.004,-0.529,-1.319,0.448,-0.858,2986,0
1670363,2.851,7.230,-0.204,-1.348,0.356,-0.890,3007,0
1670383,3.172,6.199,-0.505,-1.210,0.360,-0.901,3023,0
1670403,3.725,5.234,-0.211,-1.128,0.462,-1.096,3044,0
1670423,3.836,4.448,-0.381,-0.841,0.624,-1.385,3068,0
1670443,4.008,4.942,0.029,-0.591,0.475,-1.445,3103,0
1670463,4.334,3.989,-0.117,-0.560,0.488,-1.580,3126,0
1670483,3.419,3.266,0.496,-0.599,0.529,-1.753,3139,0
1670503,2.720,3.235,1.429,-0.486,0.698,-2.265,3145,0
1670523,1.295,5.856,2.069,-0.123,0.681,-2.595,3154,0
1670543,-1.053,6.682,1.796,-0.289,0.407,-2.445,3175,0
1670563,-3.201,9.290,1.125,-0.251,0.304,-2.417,3186,0
1670583,-5.452,10.613,-0.108,-0.206,0.531,-2.337,3185,0
1670603,-5.945,13.221,0.443,0.161,0.741,-2.103,3185,0
1670623,-7.774,14.360,2.375,-0.095,0.455,-1.335,3188,0
1670643,-7.384,12.048,3.919,-0.763,0.084,-0.809,3190,0
1670663,-7.341,11.035,4.908,-0.856,-0.012,-0.745,3187,0
1670683,-8.389,9.694,3.824,-0.477,0.375,-0.932,3182,0
1670703,-8.988,12.711,3.510,0.282,0.468,-0.810,3174,0
1670723,-10.625,12.945,3.579,0.332,0.236,-0.047,3173,0
1670743,-8.885,12.553,3.881,0.173,-0.001,0.355,3170,0
1670763,-8.957,12.038,3.881,-0.015,0.003,0.543,3168,0
1670783,-8.128,10.432,3.144,-0.180,0.102,0.584,3168,0
1670803,-7.544,11.439,2.799,-0.042,0.035,0.699,3168,0
1670823,-7.274,9.574,1.932,-0.164,-0.039,0.941,3168,0
1670843,-5.519,10.274,1.856,0.029,-0.050,0.909,3168,0
1670863,-5.720,9.098,1.707,-0.124,-0.072,1.044,3168,0
1670883,-3.948,9.536,1.279,-0.104,-0.101,0.939,3168,0
1670903,-2.840,8.243,1.463,-0.438,-0.147,0.958,3169,0
1670923,-1.635,7.508,1.147,-0.523,-0.188,0.927,3169,0
1670943,-0.572,6.790,1.480,-0.572,-0.238,0.852,3170,0
1670963,0.464,6.196,1.520,-0.511,-0.253,0.699,3169,0
1670983,1.604,5.830,1.422,-0.423,-0.226,0.518,3170,0
1671003,2.186,5.128,1.513,-0.315,-0.167,0.330,3170,0
1671023,2.646,4.580,1.422,-0.115,-0.142,0.158,3170,0
1671043,3.256,4.317,1.293,0.102,-0.126,-0.012,3168,0
1671063,3.500,3.663,1.109,0.243,-0.025,-0.231,3168,0
1671083,2.998,3.194,1.077,0.516,0.214,-0.592,3167,0
1671103,1.683,3.979,1.520,0.814,0.292,-0.927,3167,0
1671123,0.646,5.341,1.872,0.821,0.114,-1.130,3163,0
1671143,-0.359,6.235,2.081,0.563,-0.036,-1.317,3160,0
1671163,-1.889,6.393,1.741,0.516,0.095,-1.634,3162,0
1671183,-4.592,7.951,1.458,0.950,0.395,-1.918,3159,0
1671203,-7.547,10.953,1.125,1.092,0.315,-1.835,3155,0
1671223,-9.017,12.955,1.415,0.580,-0.220,-1.362,3154,0
1671243,-9.718,12.747,1.956,-0.108,-0.256,-1.028,3153,0
1671263,-10.690,12.064,2.928,-0.273,0.058,-0.870,3152,0
1671283,-11.921,12.862,3.316,0.017,0.315,-0.683,3151,0
1671303,-12.160,13.736,3.177,0.266,0.209,-0.198,3152,0
1671323,-11.042,12.979,3.297,0.294,-0.023,0.378,3151,0
1671343,-9.840,11.598,3.388,0.200,-0.027,0.646,3150,0
1671363,-9.194,11.114,2.696,0.125,0.107,0.731,3149,0
1671383,-8.250,10.999,2.047,0.101,0.101,0.893,3145,0
1671403,-7.379,10.345,1.705,-0.052,-0.038,1.193,3147,0
1671423,-5.734,8.990,1.470,-0.354,-0.258,1.334,3146,0
1671443,-4.920,8.456,1.073,-0.387,-0.258,1.333,3147,0
1671463,-2.847,7.812,1.049,-0.297,-0.241,1.150,3148,0
1671483,-2.023,6.565,0.883,-0.410,-0.325,1.206,3147,0
1671503,-0.725,7.396,1.063,-0.259,-0.418,1.032,3146,0
1671523,0.804,5.657,0.989,-0.483,-0.465,0.925,3149,0
1671543,1.094,5.617,1.195,-0.529,-0.446,0.788,3148,0
1671563,2.677,5.035,1.305,-0.262,-0.240,0.333,3148,0
1671583,2.009,5.021,0.850,0.064,-0.161,0.281,3145,0
1671603,2.538,6.043,1.264,0.441,-0.024,0.005,3146,0
1671623,2.059,4.549,1.068,0.258,-0.033,-0.074,3145,0
1671643,1.520,5.437,1.142,0.332,0.046,-0.441,3143,0
1671663,1.743,4.527,0.917,0.350,0.169,-0.764,3141,0
1671683,-0.091,6.117,1.288,0.497,0.210,-0.942,3142,0
1671703,-1.018,6.752,1.494,0.542,0.222,-1.212,3137,0
1671723,-3.546,7.824,0.551,0.536,0.230,-1.216,3138,0
1671743,-3.388,8.540,0.065,0.730,0.354,-1.364,3135,0
1671763,-5.404,9.012,0.955,0.633,0.359,-1.276,3135,0
1671783,-6.055,9.711,2.512,0.373,0.197,-1.331,3135,0
1671803,-9.388,10.772,1.946,0.081,0.101,-1.200,3133,0
1671823,-9.385,12.210,0.785,0.191,0.157,-1.087,3133,0
1671843,-10.417,13.635,1.132,0.468,0.241,-0.482,3130,0
1671863,-10.963,14.712,2.425,0.263,0.217,-0.005,3132,0
1671883,-10.233,13.743,3.340,-0.040,-0.334,0.781,3134,0
1671903,-7.798,12.258,2.354,0.177,-0.750,1.434,3129,0
1671923,-7.276,11.621,2.612,0.149,-0.564,1.500,3133,0
1671943,-6.831,10.839,2.330,0.112,-0.552,1.396,3131,0
1671963,-5.600,10.396,1.688,0.274,-0.695,1.583,3127,0
1671983,-4.836,10.568,1.211,0.410,-0.717,1.979,3129,0
1672003,-4.784,10.171,1.381,0.289,-0.782,2.188,3121,0
1672023,-3.958,9.335,1.233,0.242,-0.852,2.186,3094,0
1672043,-2.710,8.744,0.821,0.328,-0.895,2.265,3033,0
1672063,-1.705,8.408,0.591,0.485,-0.949,2.539,2950,0
1672083,-1.147,8.188,0.673,0.722,-0.948,2.677,2830,0
1672103,-0.232,7.865,0.314,0.707,-0.993,2.476,2717,0
1672123,0.237,7.417,0.022,0.780,-0.897,2.187,2646,0
1672143,0.769,7.039,-0.261,0.881,-0.849,2.137,2594,0
1672163,1.707,7.369,-0.553,0.992,-0.802,2.132,2561,0
1672183,2.095,7.281,-0.093,1.006,-0.721,1.936,2551,0
1672203,2.260,7.053,-0.196,0.865,-0.650,1.636,2544,0
1672223,2.241,6.606,-0.503,0.657,-0.709,1.455,2544,0
1672243,2.526,6.912,-0.781,0.718,-0.709,1.373,2545,0
1672263,3.019,7.630,-0.613,1.041,-0.548,1.121,2532,0
1672283,3.469,7.705,-0.601,1.123,-0.373,0.817,2528,0
1672303,3.438,7.257,-0.634,0.948,-0.320,0.520,2516,0
1672323,3.170,7.345,-0.900,0.725,-0.317,0.316,2501,0
1672343,3.163,8.497,-1.223,0.802,-0.268,0.134,2489,0
1672363,3.306,9.242,-1.018,0.650,-0.264,-0.005,2482,0
1672383,3.201,8.976,-1.422,0.498,-0.236,-0.173,2479,0
1672403,3.361,8.868,-1.539,0.465,-0.019,-0.338,2479,0
1672423,2.974,9.361,-1.796,0.505,0.128,-0.488,2473,0
1672443,1.489,10.558,-2.205,0.443,0.112,-0.477,2468,0
1672463,3.024,11.315,-1.336,0.276,0.099,-0.461,2466,0
