2632353,8.969,2.828,2.77,0.067,-0.021,-0.005,2738,0
2632373,8.942,2.796,2.722,0.036,-0.041,0.01,2738,0
2632393,8.985,2.703,2.737,0.023,-0.046,0.02,2737,0
2632413,9.06,2.801,2.799,0.043,-0.034,0.015,2738,0
2632433,9.024,2.88,2.866,0.06,-0.024,0.005,2737,0
2632453,8.928,2.902,2.828,0.075,-0.041,0.008,2736,0
2632473,8.94,2.861,2.758,0.066,-0.077,0.018,2738,0
2632493,9.029,2.741,2.679,0.036,-0.071,0.034,2738,0
2632513,9.05,2.634,2.854,0.041,-0.034,0.025,2738,0
2632533,9.014,2.641,2.777,0.056,-0.033,0.007,2738,0
2632553,8.99,2.725,2.796,0.053,-0.053,0.008,2738,0
2632573,9.0,2.71,2.777,0.023,-0.066,0.019,2738,0
2632593,9.036,2.665,2.758,0.016,-0.056,0.017,2739,0
2632613,9.002,2.658,2.71,0.022,-0.05,0.008,2737,0
2632633,9.0,2.658,2.66,0.034,-0.039,-0.002,2740,0
2632653,8.921,2.753,2.65,0.041,-0.04,-0.004,2739,0
2632673,8.942,2.775,2.583,0.029,-0.048,0.004,2738,0
2632693,9.029,2.739,2.543,0.017,-0.043,0.007,2739,0
2632713,9.043,2.667,2.583,0.03,-0.005,-0.008,2737,0
2632733,8.978,2.744,2.67,0.054,0.009,-0.021,2739,0
2632753,9.002,2.799,2.684,0.045,-0.017,-0.01,2739,0
2632773,9.014,2.744,2.67,0.029,-0.031,0.001,2738,0
2632793,9.079,2.667,2.66,0.035,-0.025,-0.009,2737,0
2632813,9.041,2.677,2.727,0.06,-0.024,-0.032,2739,0
2632833,9.045,2.751,2.667,0.076,-0.029,-0.04,2737,0
2632853,9.041,2.828,2.617,0.07,-0.023,-0.027,2737,0
2632873,9.017,2.816,2.602,0.033,-0.034,-0.006,2738,0
2632893,9.098,2.737,2.653,0.022,-0.02,-0.003,2738,0
2632913,9.081,2.751,2.84,0.055,-0.009,-0.022,2737,0
2632933,9.067,2.816,2.83,0.095,-0.031,-0.033,2737,0
2632953,9.009,2.904,2.67,0.077,-0.042,-0.007,2738,0
2632973,9.0,2.816,2.674,0.033,-0.036,0.022,2739,0
2632993,8.983,2.689,2.691,0.037,-0.038,0.019,2738,0
2633013,8.993,2.567,2.626,0.059,-0.039,-0.008,2738,0
2633033,8.981,2.593,2.605,0.079,-0.012,-0.038,2738,0
2633053,8.981,2.801,2.655,0.084,0.02,-0.054,2738,0
2633073,8.942,3.0,2.82,0.082,0.027,-0.049,2737,0
2633093,8.938,3.077,2.919,0.048,0.003,-0.007,2738,0
2633113,9.019,2.897,2.856,0.037,-0.023,0.021,2739,0
2633133,9.081,2.772,2.772,0.059,-0.021,0.008,2738,0
2633153,9.021,2.777,2.744,0.078,-0.015,-0.01,2738,0
2633173,9.017,2.835,2.693,0.062,-0.02,0.005,2738,0
2633193,9.002,2.842,2.768,0.021,-0.033,0.023,2738,0
2633213,9.031,2.725,2.863,0.019,-0.042,0.017,2739,0
2633233,9.033,2.732,2.811,0.047,-0.041,0.001,2737,0
2633253,9.0,2.763,2.737,0.075,-0.035,-0.022,2739,0
2633273,8.952,2.849,2.679,0.082,-0.031,-0.031,2738,0
2633293,8.945,3.019,2.749,0.064,-0.023,-0.013,2737,0
2633313,8.923,3.05,2.854,0.05,-0.029,0.014,2737,0
2633333,8.993,2.976,2.89,0.071,-0.055,0.031,2737,0
2633353,9.012,2.844,2.801,0.094,-0.063,0.04,2737,0
2633373,9.017,2.701,2.708,0.081,-0.054,0.045,2738,0
2633393,9.05,2.624,2.727,0.056,-0.051,0.035,2737,0
2633413,9.057,2.61,2.818,0.052,-0.046,0.011,2740,0
2633433,9.012,2.729,2.847,0.053,-0.048,-0.002,2738,0
2633453,9.014,2.725,2.837,0.055,-0.058,-0.004,2737,0
2633473,9.012,2.753,2.741,0.06,-0.055,0.0,2739,0
2633493,9.014,2.758,2.674,0.045,-0.039,0.009,2739,0
2633513,9.005,2.775,2.746,0.03,-0.017,0.014,2738,0
2633533,8.961,2.758,2.799,0.022,-0.024,0.022,2738,0
2633553,8.969,2.717,2.705,0.036,-0.044,0.03,2739,0
2633573,9.026,2.693,2.614,0.036,-0.038,0.03,2737,0
2633593,8.995,2.686,2.624,0.031,-0.026,0.022,2738,0
2633613,9.026,2.71,2.658,0.034,-0.023,0.007,2739,0
2633633,9.007,2.744,2.689,0.055,-0.011,-0.01,2738,0
2633653,9.019,2.873,2.715,0.066,-0.014,-0.014,2737,0
2633673,9.014,2.895,2.749,0.055,-0.026,0.005,2737,0
2633693,9.045,2.794,2.737,0.048,-0.041,0.034,2739,0
2633713,9.079,2.612,2.672,0.042,-0.047,0.04,2738,0
2633733,9.079,2.512,2.643,0.059,-0.03,0.013,2738,0
2633753,9.005,2.576,2.65,0.074,-0.034,-0.017,2739,0
2633773,8.961,2.717,2.722,0.045,-0.049,-0.01,2739,0
2633793,8.94,2.761,2.77,0.026,-0.044,0.016,2738,0
2633813,8.976,2.715,2.813,0.039,-0.038,0.001,2738,0
2633833,8.906,2.71,2.665,0.076,-0.052,-0.024,2740,0
2633853,8.926,2.78,2.567,0.075,-0.044,-0.03,2738,0
2633873,8.911,2.808,2.576,0.056,-0.025,-0.023,2737,0
2633893,8.909,2.804,2.67,0.038,-0.002,-0.015,2736,0
2633913,8.976,2.772,2.734,0.037,0.001,-0.008,2738,0
2633933,9.05,2.72,2.763,0.061,0.008,-0.018,2737,0
2633953,9.017,2.777,2.854,0.066,0.015,-0.035,2737,0
2633973,9.052,2.746,2.878,0.078,-0.014,-0.043,2738,0
2633993,9.098,2.811,2.808,0.098,-0.029,-0.054,2737,0
2634013,9.079,2.954,2.746,0.045,-0.04,-0.028,2738,0
2634033,9.108,2.792,2.763,0.012,-0.033,-0.008,2737,0
2634053,9.108,2.715,2.722,0.043,-0.027,-0.021,2738,0
2634073,9.091,2.744,2.756,0.067,-0.014,-0.043,2737,0
2634093,9.012,2.782,2.808,0.069,-0.023,-0.044,2738,0
2634113,8.978,2.878,2.816,0.04,-0.047,-0.018,2738,0
2634133,8.99,2.84,2.741,0.019,-0.064,0.004,2737,0
2634153,9.041,2.818,2.66,0.024,-0.045,0.008,2736,0
2634173,8.983,2.794,2.655,0.038,-0.023,-0.0,2736,0
2634193,8.933,2.847,2.672,0.046,-0.037,-0.01,2736,0
2634213,8.976,2.911,2.648,0.038,-0.042,-0.006,2737,0
2634233,8.957,2.928,2.674,0.034,-0.022,0.01,2738,0
2634253,9.009,2.84,2.71,0.05,-0.014,0.001,2737,0
2634273,9.017,2.82,2.763,0.097,-0.005,-0.023,2738,0
2634293,8.993,2.904,2.732,0.118,-0.019,-0.03,2738,0
2634313,9.024,2.928,2.672,0.062,-0.034,0.005,2737,0
2634333,9.031,2.765,2.737,0.02,-0.024,0.034,2736,0
2634353,9.024,2.705,2.794,0.022,-0.034,0.024,2737,0
2634373,9.017,2.684,2.823,0.05,-0.04,0.002,2737,0
2634393,8.969,2.737,2.82,0.068,-0.036,-0.016,2737,0
2634413,8.957,2.83,2.806,0.067,-0.037,-0.022,2736,0
2634433,8.935,2.988,2.808,0.036,-0.043,0.0,2737,0
2634453,8.964,2.928,2.77,-0.004,-0.052,0.039,2737,0
2634473,9.005,2.701,2.725,0.014,-0.043,0.034,2736,0
2634493,8.983,2.667,2.684,0.046,-0.021,0.001,2737,0
2634513,8.969,2.696,2.806,0.041,-0.013,-0.016,2736,0
2634533,8.983,2.758,2.868,0.019,-0.017,-0.009,2738,0
2634553,8.993,2.82,2.883,0.004,-0.025,0.003,2737,0
2634573,9.029,2.782,2.851,0.002,-0.031,0.001,2737,0
2634593,9.019,2.765,2.861,0.01,-0.039,-0.013,2737,0
2634613,8.978,2.768,2.758,0.021,-0.054,-0.015,2737,0
2634633,8.99,2.725,2.65,0.008,-0.048,-0.011,2738,0
2634653,9.019,2.765,2.636,0.009,-0.03,-0.014,2738,0
2634673,9.007,2.82,2.717,0.006,-0.017,-0.013,2737,0
2634693,8.935,2.854,2.753,0.005,-0.029,0.003,2738,0
2634713,8.938,2.763,2.729,0.008,-0.057,0.015,2736,0
2634733,9.031,2.638,2.65,0.029,-0.056,0.003,2738,0
2634753,9.014,2.638,2.559,0.037,-0.027,-0.011,2737,0
2634773,9.048,2.71,2.634,0.027,-0.003,-0.022,2738,0
2634793,9.036,2.885,2.82,0.025,-0.01,-0.025,2736,0
2634813,9.041,2.969,2.94,0.044,-0.034,-0.016,2735,0
2634833,9.064,3.002,2.866,0.066,-0.054,0.003,2737,0
2634853,9.096,2.916,2.749,0.055,-0.052,0.02,2736,0
2634873,9.074,2.729,2.727,0.043,-0.048,0.027,2736,0
2634893,9.079,2.698,2.818,0.052,-0.056,0.021,2737,0
2634913,9.036,2.701,2.847,0.072,-0.067,0.017,2737,0
2634933,9.007,2.772,2.777,0.075,-0.077,0.023,2737,0
2634953,8.961,2.737,2.732,0.047,-0.082,0.032,2736,0
2634973,8.921,2.67,2.763,0.034,-0.094,0.024,2737,0
2634993,8.95,2.65,2.66,0.057,-0.089,-0.001,2737,0
2635013,8.882,2.739,2.576,0.052,-0.064,-0.011,2739,0
2635033,8.827,2.749,2.586,0.035,-0.045,-0.001,2735,0
2635053,8.868,2.686,2.579,0.016,-0.031,-0.003,2737,0
2635073,8.923,2.686,2.626,0.026,-0.005,-0.019,2736,0
2635093,8.95,2.763,2.689,0.026,0.011,-0.022,2736,0
2635113,9.012,2.768,2.799,0.013,0.011,-0.019,2737,0
2635133,9.033,2.682,2.808,0.024,-0.008,-0.021,2736,0
2635153,9.06,2.662,2.737,0.034,-0.016,-0.032,2737,0
2635173,9.103,2.713,2.691,0.026,-0.029,-0.04,2736,0
2635193,9.146,2.761,2.66,0.017,-0.024,-0.04,2736,0
2635213,9.088,2.782,2.653,0.022,-0.02,-0.041,2736,0
2635233,9.052,2.816,2.629,0.034,-0.023,-0.046,2738,0
2635253,9.06,2.885,2.641,0.035,-0.035,-0.035,2737,0
2635273,9.088,2.902,2.667,0.028,-0.037,-0.013,2737,0
2635293,9.069,2.811,2.713,0.039,-0.039,-0.004,2737,0
2635313,9.041,2.801,2.729,0.061,-0.042,-0.003,2736,0
2635333,9.038,2.804,2.634,0.076,-0.048,-0.0,2736,0
2635353,9.021,2.796,2.636,0.06,-0.035,0.007,2737,0
2635373,8.995,2.739,2.67,0.031,-0.034,0.011,2736,0
2635393,9.007,2.684,2.703,0.047,-0.038,-0.003,2737,0
2635413,9.072,2.83,2.758,0.075,-0.028,-0.012,2737,0
2635433,9.033,2.895,2.799,0.08,-0.018,-0.017,2736,0
2635453,8.952,2.993,2.768,0.064,-0.028,-0.002,2736,0
2635473,8.947,2.808,2.734,0.041,-0.046,0.019,2736,0
2635493,9.021,2.65,2.662,0.044,-0.051,0.022,2737,0
2635513,9.069,2.626,2.727,0.053,-0.03,-0.006,2736,0
2635533,9.036,2.768,2.794,0.074,-0.017,-0.031,2737,0
2635553,8.954,2.938,2.77,0.067,-0.032,-0.021,2736,0
2635573,8.966,2.988,2.792,0.026,-0.037,0.018,2736,0
2635593,8.966,2.916,2.909,0.018,-0.05,0.031,2736,0
2635613,9.045,2.801,2.897,0.06,-0.074,0.011,2736,0
2635633,9.014,2.883,2.806,0.098,-0.076,-0.004,2736,0
2635653,8.976,2.907,2.787,0.064,-0.09,0.015,2737,0
2635673,9.0,2.789,2.82,0.037,-0.102,0.026,2737,0
2635693,9.043,2.66,2.792,0.026,-0.111,0.014,2737,0
2635713,9.052,2.605,2.753,0.036,-0.104,-0.014,2736,0
2635733,9.05,2.641,2.741,0.035,-0.088,-0.029,2737,0
2635753,8.997,2.751,2.782,-0.003,-0.075,-0.018,2736,0
2635773,8.997,2.679,2.82,-0.038,-0.098,-0.01,2737,0
2635793,9.045,2.66,2.727,-0.026,-0.106,-0.029,2738,0
2635813,9.019,2.732,2.583,-0.004,-0.087,-0.048,2736,0
2635833,8.942,2.832,2.423,-0.011,-0.066,-0.042,2736,0
2635853,8.885,2.861,2.354,-0.037,-0.049,-0.013,2737,0
2635873,9.021,2.823,2.339,-0.047,-0.023,0.007,2737,0
2635893,9.072,2.753,2.433,-0.03,0.012,0.005,2737,0
2635913,9.088,2.784,2.519,0.007,0.022,-0.019,2738,0
2635933,9.048,2.95,2.504,0.027,0.023,-0.027,2737,0
2635953,9.0,3.026,2.545,-0.008,0.025,0.008,2736,0
2635973,9.074,2.916,2.701,-0.043,0.012,0.036,2736,0
2635993,9.143,2.78,2.863,-0.001,0.027,0.02,2738,0
2636013,9.105,2.875,2.931,0.041,0.025,0.012,2737,0
2636033,9.024,2.756,2.902,0.01,-0.005,0.03,2738,0
2636053,9.086,2.533,2.899,-0.048,-0.031,0.049,2735,0
2636073,9.122,2.339,2.954,-0.071,-0.019,0.033,2736,0
2636093,9.1,2.428,3.079,-0.044,-0.015,-0.003,2737,0
2636113,9.029,2.562,3.091,-0.069,-0.02,-0.015,2735,0
2636133,8.954,2.629,3.105,-0.101,-0.057,0.002,2735,0
2636153,8.964,2.54,3.036,-0.125,-0.079,0.0,2735,0
2636173,8.921,2.533,2.923,-0.118,-0.073,-0.016,2736,0
2636193,8.861,2.581,2.84,-0.133,-0.071,-0.015,2736,0
2636213,8.882,2.545,2.751,-0.139,-0.056,-0.014,2736,0
2636233,8.892,2.509,2.737,-0.127,-0.038,-0.038,2736,0
2636253,8.849,2.559,2.72,-0.11,-0.031,-0.06,2736,0
2636273,8.928,2.799,2.679,-0.128,-0.029,-0.049,2735,0
2636293,8.961,2.83,2.749,-0.163,-0.012,-0.024,2736,0
2636313,8.954,2.703,2.792,-0.132,-0.021,-0.027,2736,0
2636333,9.019,2.667,2.696,-0.091,-0.048,-0.042,2736,0
2636353,9.103,2.66,2.667,-0.065,-0.039,-0.054,2736,0
2636373,9.084,2.689,2.655,-0.043,-0.033,-0.065,2736,0
2636393,9.048,2.799,2.569,-0.05,-0.048,-0.052,2736,0
2636413,9.124,2.792,2.483,-0.072,-0.045,-0.03,2736,0
2636433,9.134,2.744,2.581,-0.041,-0.023,-0.036,2736,0
2636453,9.045,2.801,2.6,0.027,-0.038,-0.058,2737,0
2636473,9.019,2.986,2.449,0.062,-0.053,-0.044,2735,0
2636493,9.055,3.002,2.356,0.032,-0.039,0.006,2736,0
2636513,9.069,2.842,2.418,0.033,-0.01,0.025,2738,0
2636533,9.076,2.789,2.605,0.065,0.017,0.013,2737,0
2636553,9.014,2.818,2.787,0.092,0.01,0.008,2736,0
2636573,9.11,2.835,2.895,0.11,-0.019,0.003,2737,0
2636593,9.134,2.878,3.01,0.103,-0.006,0.007,2736,0
2636613,9.069,2.804,3.151,0.085,-0.014,0.019,2736,0
2636633,9.074,2.725,3.084,0.08,-0.03,0.029,2736,0
2636653,9.084,2.612,2.971,0.044,-0.038,0.039,2737,0
2636673,9.124,2.466,2.959,0.021,-0.017,0.04,2736,0
2636693,9.05,2.444,3.06,0.02,0.015,0.025,2737,0
2636713,8.973,2.488,3.041,0.04,0.0,0.01,2736,0
2636733,8.99,2.66,2.95,0.021,-0.01,0.024,2736,0
2636753,8.94,2.698,2.981,-0.043,-0.023,0.069,2737,0
2636773,9.005,2.488,3.029,-0.048,-0.033,0.078,2737,0
2636793,8.993,2.416,2.952,0.026,-0.036,0.023,2735,0
2636813,8.95,2.588,2.813,0.054,-0.043,-0.006,2737,0
2636833,8.849,2.677,2.782,0.017,-0.057,0.021,2736,0
2636853,8.894,2.567,2.751,-0.008,-0.083,0.041,2736,0
2636873,8.983,2.413,2.629,0.026,-0.071,0.014,2738,0
2636893,8.911,2.466,2.631,0.066,-0.05,-0.025,2736,0
2636913,8.851,2.564,2.682,0.081,-0.046,-0.032,2736,0
2636933,8.827,2.602,2.646,0.082,-0.054,-0.026,2735,0
2636953,8.873,2.593,2.605,0.088,-0.063,-0.022,2736,0
2636973,8.928,2.562,2.588,0.112,-0.029,-0.032,2736,0
2636993,8.897,2.658,2.65,0.128,-0.013,-0.037,2737,0
2637013,8.906,2.689,2.672,0.148,-0.019,-0.043,2736,0
2637033,8.985,2.763,2.653,0.159,-0.023,-0.043,2735,0
2637053,9.06,2.796,2.674,0.161,-0.002,-0.035,2736,0
2637073,9.088,2.854,2.763,0.169,0.005,-0.026,2736,0
2637093,9.084,2.756,2.885,0.179,-0.015,-0.028,2736,0
2637113,9.1,2.751,2.847,0.206,-0.037,-0.032,2736,0
2637139,9.16,2.823,2.741,0.198,-0.018,-0.023,2735,0
2637153,9.141,2.83,2.801,0.18,-0.003,-0.011,2735,0
2637173,9.184,2.789,2.928,0.155,-0.008,0.006,2738,0
2637193,9.187,2.739,3.012,0.163,-0.005,0.004,2737,0
2637213,9.148,2.806,3.156,0.177,-0.024,-0.004,2737,0
2637233,9.124,2.887,3.091,0.161,-0.043,0.014,2736,0
2637253,9.148,2.729,2.988,0.094,-0.044,0.054,2736,0
2637273,9.148,2.473,2.988,0.066,-0.019,0.051,2737,0
2637293,9.088,2.512,3.105,0.087,-0.006,0.011,2736,0
2637313,8.993,2.77,3.179,0.09,-0.022,0.004,2737,0
2637333,8.954,2.959,3.189,0.022,-0.041,0.05,2736,0
2637353,8.945,2.83,3.139,-0.027,-0.061,0.094,2735,0
2637373,8.935,2.579,2.995,-0.014,-0.06,0.079,2736,0
2637393,8.918,2.473,2.871,0.016,-0.054,0.036,2736,0
2637413,8.921,2.593,2.813,-0.007,-0.046,0.029,2737,0
2637433,8.923,2.559,2.863,-0.042,-0.018,0.026,2736,0
2637453,8.926,2.555,2.959,-0.03,-0.012,0.013,2737,0
2637473,8.961,2.682,2.966,-0.018,-0.032,0.013,2736,0
2637493,8.969,2.605,2.796,-0.031,-0.048,0.025,2737,0
2637513,8.99,2.521,2.739,-0.042,-0.052,0.025,2736,0
2637533,9.043,2.464,2.653,-0.023,-0.046,0.013,2736,0
2637553,9.019,2.516,2.559,-0.002,-0.02,0.006,2737,0
2637573,9.002,2.559,2.526,-0.004,-0.012,0.003,2737,0
2637593,9.052,2.631,2.588,-0.003,-0.019,0.006,2737,0
2637613,9.108,2.634,2.682,-0.001,-0.021,0.005,2737,0
2637633,9.139,2.636,2.708,0.032,-0.037,0.0,2737,0
2637653,9.17,2.672,2.725,0.051,-0.031,0.002,2736,0
2637673,9.196,2.72,2.808,0.057,-0.024,0.022,2736,0
2637693,9.129,2.717,2.952,0.034,-0.046,0.051,2736,0
2637713,9.165,2.526,2.931,0.023,-0.073,0.064,2736,0
2637733,9.167,2.394,2.911,0.043,-0.063,0.053,2736,0
2637753,9.129,2.435,2.89,0.066,-0.05,0.035,2736,0
2637773,9.033,2.574,2.895,0.047,-0.047,0.04,2736,0
2637793,9.036,2.591,2.974,-0.009,-0.055,0.069,2736,0
2637813,9.057,2.461,3.012,-0.017,-0.048,0.069,2736,0
2637833,9.017,2.442,3.05,0.006,-0.049,0.05,2735,0
2637853,8.95,2.385,2.942,0.007,-0.055,0.049,2735,0
2637873,8.964,2.308,2.756,-0.023,-0.051,0.062,2736,0
2637893,8.964,2.188,2.705,-0.054,-0.033,0.044,2736,0
2637913,8.952,2.243,2.729,-0.042,-0.016,0.015,2736,0
2637933,8.94,2.368,2.739,-0.023,-0.019,-0.005,2737,0
2637953,8.923,2.502,2.765,-0.027,-0.018,-0.001,2737,0
2637973,8.978,2.519,2.816,-0.044,-0.001,0.007,2737,0
2637993,8.981,2.473,2.868,-0.019,-0.013,-0.004,2736,0
2638013,9.002,2.497,2.77,0.012,-0.047,-0.013,2736,0
2638033,9.019,2.43,2.614,0.018,-0.034,-0.012,2736,0
2638053,8.995,2.406,2.643,0.026,-0.006,-0.017,2736,0
2638073,9.026,2.476,2.701,0.035,0.001,-0.022,2736,0
2638093,9.021,2.514,2.784,0.042,-0.013,-0.015,2736,0
2638113,9.072,2.418,2.753,0.046,-0.034,-0.011,2736,0
2638133,9.146,2.38,2.701,0.07,-0.025,-0.027,2735,0
2638153,9.055,2.5,2.72,0.087,-0.016,-0.034,2736,0
2638173,9.074,2.617,2.722,0.069,-0.03,-0.014,2736,0
2638193,9.117,2.521,2.787,0.065,-0.038,-0.0,2736,0
2638213,9.136,2.533,2.835,0.093,-0.034,-0.013,2735,0
2638233,9.12,2.61,2.94,0.118,-0.038,-0.024,2736,0
2638253,9.122,2.655,2.969,0.117,-0.056,-0.007,2737,0
2638273,9.124,2.531,2.933,0.092,-0.056,0.013,2736,0
2638293,9.072,2.382,2.938,0.084,-0.055,0.013,2736,0
2638313,9.05,2.322,2.962,0.093,-0.06,-0.002,2736,0
2638333,9.009,2.363,2.938,0.084,-0.063,-0.007,2736,0
2638353,9.002,2.368,2.878,0.058,-0.05,-0.005,2735,0
2638373,8.983,2.428,2.796,0.035,-0.023,-0.01,2736,0
2638393,9.009,2.502,2.856,0.022,-0.007,-0.017,2737,0
2638413,9.017,2.574,2.897,0.047,0.002,-0.03,2736,0
2638433,9.007,2.66,2.847,0.067,0.011,-0.022,2736,0
2638453,9.057,2.665,2.83,0.031,0.015,0.011,2736,0
2638473,9.115,2.531,2.976,0.006,0.016,0.032,2737,0
2638493,9.131,2.437,3.132,0.02,-0.005,0.02,2735,0
2638513,9.093,2.433,3.17,0.049,-0.04,-0.005,2736,0
2638533,9.127,2.514,3.184,0.053,-0.062,-0.009,2736,0
2638553,9.038,2.478,3.16,0.027,-0.072,0.002,2736,0
2638573,8.981,2.349,3.017,-0.007,-0.102,0.016,2736,0
2638640,8.957,2.349,2.806,0.0,-0.019,-0.034,2736,0
2638650,8.933,2.425,2.816,-0.009,-0.021,-0.024,2735,0
2638660,8.947,2.449,2.77,-0.028,-0.027,-0.01,2735,0
2638669,8.983,2.43,2.761,-0.046,-0.029,0.001,2736,0
2638679,9.026,2.37,2.732,-0.054,-0.026,0.006,2737,0
2638693,9.081,2.327,2.763,-0.051,-0.012,-0.001,2736,0
2638713,9.088,2.313,2.749,-0.02,0.0,-0.03,2735,0
2638733,9.067,2.401,2.698,0.01,-0.008,-0.05,2736,0
2638753,9.038,2.586,2.583,0.02,-0.016,-0.044,2736,0
2638773,9.127,2.698,2.528,0.005,-0.02,-0.027,2736,0
2638793,9.184,2.751,2.576,0.025,0.001,-0.015,2736,0
2638813,9.129,2.775,2.648,0.066,-0.01,-0.005,2736,0
2638833,9.131,2.713,2.591,0.1,-0.023,0.005,2736,0
2638853,9.064,2.617,2.512,0.115,-0.026,0.014,2736,0
2638873,9.105,2.571,2.447,0.135,-0.018,0.012,2736,0
2638893,9.086,2.61,2.464,0.149,0.02,0.017,2736,0
2638913,9.112,2.701,2.626,0.126,0.047,0.039,2736,0
2638933,9.112,2.626,2.856,0.131,0.039,0.035,2736,0
2638953,9.143,2.665,2.914,0.17,0.007,0.013,2736,0
2638973,9.179,2.689,2.866,0.179,0.001,-0.001,2736,0
2638993,9.146,2.77,2.866,0.172,0.019,-0.006,2736,0
2639013,8.993,2.693,2.89,0.18,0.029,-0.005,2736,0
2639033,8.914,2.677,2.851,0.204,0.009,0.014,2736,0
2639053,8.957,2.576,2.875,0.202,-0.021,0.021,2736,0
2639073,9.041,2.602,2.957,0.211,-0.01,0.009,2736,0
2639093,9.052,2.622,3.077,0.205,0.02,0.012,2734,0
2639113,9.009,2.574,3.285,0.18,0.046,0.033,2736,0
2639133,8.93,2.478,3.481,0.143,0.001,0.067,2735,0
2639153,9.057,2.322,3.481,0.111,-0.041,0.071,2736,0
2639173,9.079,2.231,3.378,0.091,-0.03,0.035,2736,0
2639193,8.969,2.184,3.287,0.063,-0.009,-0.006,2736,0
2639213,8.914,2.136,3.129,0.066,0.014,-0.026,2736,0
2639233,8.815,2.207,3.038,0.042,0.059,-0.026,2736,0
2639253,8.751,2.205,2.921,-0.003,0.074,-0.033,2736,0
2639273,8.756,2.148,2.751,-0.009,0.093,-0.069,2736,0
2639293,8.626,2.303,2.737,0.044,0.136,-0.106,2736,0
2639313,8.576,2.5,2.49,0.11,0.138,-0.115,2736,0
2639333,8.643,2.612,2.212,0.078,0.176,-0.112,2736,0
2639353,8.665,2.478,2.289,0.001,0.21,-0.166,2736,0
2639373,8.655,1.93,2.172,0.038,0.236,-0.306,2737,0
2639393,8.545,1.834,1.863,0.179,0.329,-0.474,2736,0
2639413,8.121,1.834,1.338,0.274,0.476,-0.601,2736,0
2639433,7.262,1.039,0.582,0.347,0.546,-0.735,2737,0
2639453,6.706,0.402,-0.654,0.405,0.595,-0.912,2739,0
2639473,6.876,0.599,-0.946,0.231,1.029,-1.062,2738,0
2639493,7.027,0.673,-0.156,-0.104,1.822,-1.26,2738,0
2639513,6.5,0.778,1.638,-0.318,2.548,-1.624,2736,0
2639533,5.641,0.797,3.46,-0.163,2.863,-2.144,2734,0
2639553,5.001,1.836,5.339,0.363,2.945,-2.653,2732,0
2639573,4.231,2.811,6.9,0.809,2.724,-3.082,2727,0
2639593,3.809,4.424,7.776,0.994,2.396,-3.459,2722,0
2639613,3.519,7.743,8.77,0.858,2.657,-3.454,2721,0
2639633,2.418,10.582,11.164,0.596,3.113,-3.344,2718,0
2639653,0.297,12.706,13.463,0.532,3.114,-3.339,2713,0
2639673,-1.341,14.018,14.155,0.539,2.449,-3.064,2707,0
2639693,-2.294,13.518,11.894,0.856,1.805,-2.407,2705,0
2639713,-1.69,12.984,10.549,1.456,1.448,-1.827,2704,0
2639733,-1.583,13.125,8.186,1.381,1.007,-1.344,2708,0
2639753,-0.795,11.818,6.239,0.583,0.534,-0.948,2713,0
2639773,1.166,8.061,4.903,-0.067,0.162,-0.666,2718,0
2639793,3.304,4.81,3.464,-0.191,0.032,-0.568,2737,0
2639813,4.666,2.358,1.894,0.159,0.087,-0.728,2774,0
2639833,5.918,1.506,0.998,0.297,0.332,-1.055,2804,0
2639853,6.584,1.245,0.496,-0.07,0.533,-1.392,2836,0
2639873,7.223,0.694,0.034,-0.767,0.58,-1.599,2867,0
2639893,7.319,-0.333,-0.45,-1.147,0.851,-1.931,2900,0
2639913,5.672,-0.687,-0.448,-1.147,1.484,-2.381,2940,0
2639933,2.636,1.889,1.343,-0.868,2.061,-2.694,2979,0
2639953,1.164,2.816,2.591,-1.069,1.923,-2.664,3027,0
2639973,-1.415,3.144,3.146,-1.026,1.762,-2.906,3058,0
2639993,-8.643,8.373,7.013,-1.05,2.392,-2.959,3100,0
2640013,-14.581,12.412,12.933,-1.096,2.596,-2.481,3120,0
2640033,-18.026,15.146,15.89,-1.139,1.546,-1.648,3131,0
2640053,-18.629,15.275,16.36,-0.895,0.537,-0.781,3140,0
2640073,-17.454,14.061,15.603,-0.472,0.221,0.009,3153,0
2640093,-14.935,11.949,14.164,0.237,0.046,0.842,3156,0
2640113,-13.46,11.581,12.151,0.621,-0.132,1.388,3152,0
2640133,-11.93,10.846,11.358,0.211,-0.307,1.738,3147,0
2640153,-11.528,9.519,11.631,0.177,-0.571,2.153,3142,0
2640173,-9.1,8.126,10.113,0.459,-0.878,2.561,3136,0
2640193,-6.038,6.203,8.217,0.495,-1.235,2.801,3133,0
2640213,-2.737,3.412,5.602,0.266,-1.564,2.81,3133,373
2640233,1.178,0.436,3.527,0.216,-1.679,2.611,3133,0
2640253,4.104,-1.049,0.776,0.304,-1.567,2.214,3125,1295
2640273,7.044,-2.78,-0.869,0.237,-1.103,1.716,3123,1770
2640293,7.709,-3.376,-2.138,0.108,-0.469,1.025,3121,1779
2640313,7.812,-3.907,-1.705,-0.136,-0.009,0.28,3121,1857
2640333,6.642,-3.373,-1.597,-0.375,0.183,-0.487,3118,2113
2640353,5.696,-3.182,-1.03,-0.609,0.417,-1.198,3114,2094
2640373,3.632,-2.114,-0.656,-0.626,0.851,-1.859,3108,2121
2640393,1.575,-0.737,1.082,-0.669,1.253,-2.358,3103,1900
2640413,-1.717,1.432,2.528,-0.76,1.17,-2.694,3102,1949
2640433,-5.373,4.221,5.308,-0.751,1.373,-2.819,3094,2006
2640453,-10.065,7.628,9.27,-0.205,1.724,-2.624,3096,2141
2640473,-13.324,11.059,12.009,-0.152,1.34,-2.203,3094,2225
2640493,-16.017,12.933,14.444,-0.194,0.992,-1.669,3091,2583
2640513,-18.555,15.249,16.355,0.016,0.713,-0.957,3091,2536
2640533,-18.292,15.529,16.242,0.481,0.28,-0.082,3088,2532
2640553,-15.593,14.375,13.958,1.023,-0.016,0.813,3087,2142
2640573,-13.273,13.652,11.866,0.979,-0.302,1.391,3087,1593
2640593,-11.873,11.916,10.925,0.719,-0.492,1.846,3087,1467
2640613,-10.336,10.238,10.695,0.894,-0.616,2.365,3088,1270
2640633,-6.821,7.547,9.05,1.218,-1.022,2.778,3088,49
2640653,-2.926,5.14,6.196,1.244,-1.403,2.858,3088,0
2640673,0.891,2.028,3.376,0.617,-1.777,2.73,3087,758
2640693,4.618,-1.518,0.666,0.369,-1.766,2.343,3089,1447
2640713,6.936,-3.089,-1.36,0.308,-1.271,1.755,3087,1588
2640733,8.112,-3.95,-2.011,0.143,-0.63,0.983,3087,1620
2640753,8.174,-3.977,-1.946,-0.138,-0.092,0.181,3087,1563
2640773,7.312,-3.768,-1.441,-0.377,0.333,-0.598,3086,1535
2640793,5.816,-3.146,-0.704,-0.536,0.633,-1.301,3085,1550
2640813,3.915,-2.042,0.381,-0.585,0.779,-1.94,3088,1665
2640833,1.757,-0.16,1.199,-0.839,0.824,-2.427,3088,1861
2640853,-0.314,0.819,2.478,-0.949,1.127,-2.806,3091,1892
2640873,-4.836,3.903,5.777,-0.802,1.705,-3.075,3096,1791
2640893,-11.353,7.863,11.447,-0.223,1.949,-3.0,3093,1968
2640913,-16.0,13.81,14.396,-0.056,1.105,-2.554,3090,1995
2640933,-18.189,16.245,15.517,-0.412,0.272,-1.756,3087,2339
2640953,-19.4,16.498,16.173,0.022,0.079,-0.864,3086,2621
2640973,-18.189,16.542,14.636,0.653,-0.055,0.154,3081,2561
2640993,-15.033,15.045,11.873,0.99,-0.269,1.015,3075,1925
2641013,-13.247,13.197,10.736,0.644,-0.515,1.619,3075,1512
2641033,-11.363,10.865,9.84,0.667,-0.739,2.103,3072,1405
2641053,-8.092,8.875,7.592,0.891,-0.887,2.483,3074,597
2641073,-5.083,6.783,5.787,0.658,-1.001,2.709,3072,676
2641093,-2.99,4.465,4.221,0.312,-1.014,2.653,3070,686
2641113,0.409,1.822,2.942,0.199,-0.988,2.488,3071,768
2641133,2.947,-0.115,1.233,0.294,-0.871,2.175,3070,621
2641153,5.662,-1.712,0.079,0.336,-0.518,1.678,3069,676
2641173,6.132,-2.203,-0.426,0.146,-0.205,1.026,3070,688
2641193,7.348,-2.947,-0.271,-0.25,-0.038,0.332,3067,1186
2641213,7.183,-3.577,-0.45,-0.565,0.154,-0.426,3067,1471
2641233,6.754,-3.675,0.184,-0.464,0.585,-1.155,3066,2071
2641253,4.432,-2.059,0.69,-0.169,0.961,-1.829,3064,2136
2641273,2.739,0.309,1.659,-0.397,1.049,-2.367,3062,2103
2641293,-0.682,2.093,2.99,-0.949,0.882,-2.817,3063,1974
2641313,-3.541,3.584,5.562,-0.918,1.263,-3.022,3061,2128
2641333,-9.244,7.211,9.038,-0.026,1.579,-2.838,3063,2458
2641353,-13.781,12.859,11.528,0.276,1.203,-2.37,3061,2596
2641373,-16.484,15.33,13.475,-0.085,0.641,-1.683,3061,2555
2641393,-18.27,16.355,14.818,-0.21,0.392,-0.926,3060,2594
2641424,-17.957,16.125,15.177,0.597,-0.097,0.578,3061,2423
2641434,-16.513,15.692,14.068,0.691,-0.349,0.927,3060,2559
2641453,-14.03,13.994,12.11,0.416,-0.895,1.584,3060,2557
2641473,-11.72,10.922,10.295,0.596,-1.136,2.062,3062,2591
2641493,-9.838,9.397,8.894,0.914,-1.212,2.425,3060,2032
2641513,-7.001,7.479,6.934,0.838,-1.431,2.672,3060,2081
2641533,-3.467,4.537,4.599,0.724,-1.575,2.698,3059,1754
2641553,-0.359,2.243,2.552,0.716,-1.513,2.542,3058,1572
2641573,2.725,0.045,0.536,0.659,-1.321,2.207,3059,1670
2641593,4.982,-1.413,-0.9,0.511,-0.965,1.702,3058,1497
2641711,3.304,-0.613,-0.048,-0.272,1.165,-2.188,3055,1409
2641721,2.291,0.268,0.414,-0.352,1.277,-2.419,3056,1747
2641730,1.137,1.03,0.917,-0.446,1.344,-2.614,3056,1836
2641739,-0.354,2.155,1.731,-0.552,1.406,-2.803,3057,1897
2641750,-2.002,3.457,2.792,-0.621,1.501,-2.936,3058,2199
2641760,-3.78,4.767,4.046,-0.531,1.728,-2.986,3061,2200
2641770,-5.641,6.019,5.476,-0.203,2.082,-2.942,3063,2583
2641779,-7.81,7.755,7.204,0.322,2.41,-2.821,3063,2609
2641788,-10.008,9.931,8.969,0.734,2.515,-2.66,3062,2587
2641798,-12.213,12.282,10.659,0.879,2.346,-2.435,3063,2559
2641813,-14.684,14.842,12.603,0.377,1.446,-2.045,3062,2553
2641833,-16.91,16.398,13.637,-0.561,0.236,-1.486,3061,2674
2641853,-18.464,16.719,14.325,-0.141,0.046,-0.659,3060,2857
2641873,-17.952,17.001,13.554,0.689,-0.02,0.345,3060,2848
2641893,-15.299,15.555,11.332,0.84,-0.364,1.171,3057,2630
2641913,-13.568,13.683,9.871,0.397,-0.755,1.662,3056,2256
2641933,-12.012,11.298,9.191,0.221,-1.019,2.075,3056,2195
2641953,-9.471,9.529,7.702,0.438,-1.191,2.477,3056,2000
2641973,-6.421,7.094,5.935,0.52,-1.227,2.685,3054,1324
2641993,-3.644,5.145,4.503,0.337,-1.347,2.714,3054,1070
2642013,-0.45,2.533,2.942,0.066,-1.555,2.524,3053,168
2642033,2.231,0.251,1.128,-0.008,-1.528,2.206,3053,0
2642053,4.808,-1.149,-0.453,0.137,-1.088,1.695,3053,1367
2642073,5.916,-1.331,-0.874,0.223,-0.565,1.144,3053,1245
2642093,6.112,-0.907,-1.319,0.034,-0.25,0.503,3051,774
2642113,6.598,-1.176,-1.331,-0.319,-0.132,-0.068,3051,960
2642133,5.878,-1.712,-1.549,-0.566,0.055,-0.681,3051,1125
2642153,5.653,-2.251,-1.221,-0.416,0.603,-1.318,3050,1154
2642346,-10.463,11.315,9.701,0.51,0.1,0.082,3047,2246
2642366,-7.762,9.031,7.815,0.228,-0.189,0.284,3048,2093
2642386,-4.796,6.586,6.393,0.025,-0.334,0.299,3049,2307
2642407,-4.044,5.49,5.835,0.156,-0.262,0.284,3049,2315
2642426,-3.4,5.442,5.025,0.23,-0.104,0.184,3048,2273
2642446,-3.05,5.329,5.167,0.06,-0.073,0.131,3048,2236
2642466,-3.78,5.092,5.504,-0.178,-0.162,0.003,3048,2223
2642486,-3.687,4.966,5.784,-0.195,-0.193,-0.066,3048,2259
2642507,-4.085,5.37,6.093,0.04,-0.146,-0.079,3049,2360
2642526,-4.882,6.531,5.957,0.24,-0.075,-0.095,3049,2392
2642546,-6.213,8.351,6.175,0.181,-0.098,-0.019,3047,2414
2642566,-7.061,9.055,6.601,-0.014,-0.272,0.164,3046,2445
2642586,-7.807,9.565,7.365,0.1,-0.292,0.407,3046,2447
2642606,-8.334,10.068,8.097,0.343,-0.344,0.747,3045,2461
2643195,10.29,1.676,3.596,0.103,0.107,-0.017,2518,0
2643214,10.422,0.931,3.493,0.136,0.007,-0.073,2519,0
2643235,10.338,0.934,3.213,0.269,0.024,-0.129,2520,0
2643254,10.005,1.295,2.875,0.277,-0.008,-0.114,2519,0
2643274,9.725,1.575,2.502,0.099,-0.074,-0.035,2518,0
2643294,9.661,1.389,2.497,-0.101,-0.124,0.031,2517,0
2643314,9.737,0.833,2.624,-0.048,-0.065,0.007,2519,0
2643335,9.665,1.245,2.547,0.162,0.088,-0.059,2519,0
2643354,9.165,1.8,2.176,0.152,0.161,-0.066,2523,0
2643375,8.765,2.102,2.392,-0.015,0.096,0.004,2521,0
2643394,8.921,1.879,2.581,-0.087,-0.019,0.069,2523,0
2643414,9.239,1.671,2.557,-0.005,0.013,0.066,2524,0
2643435,9.208,1.712,2.495,0.09,0.164,0.015,2526,0
2643454,8.839,1.815,2.449,0.079,0.184,-0.022,2524,0
2643474,8.914,1.721,2.607,0.022,0.063,-0.052,2525,0
2643494,9.041,1.563,2.535,0.04,0.066,-0.075,2526,0
2643514,9.017,1.528,2.562,0.09,0.083,-0.078,2529,0
2643534,9.124,1.63,2.55,0.12,0.086,-0.068,2532,0
2643555,9.218,1.7,2.686,0.11,0.152,-0.072,2530,0
2643574,9.167,1.788,2.878,0.095,0.132,-0.057,2533,0
2643594,9.261,1.731,2.947,0.104,0.108,-0.052,2533,0
2643614,9.515,1.805,3.098,0.11,0.114,-0.064,2533,0
2643635,9.438,1.702,3.194,0.144,0.144,-0.078,2533,0
2643654,9.515,1.879,3.364,0.168,0.108,-0.08,2535,0
2643674,9.311,1.86,3.311,0.115,0.083,-0.068,2538,0
2643694,9.357,1.839,3.428,0.063,-0.049,-0.062,2542,0
2643715,9.414,1.614,3.275,0.094,-0.09,-0.08,2544,0
2643734,9.359,1.683,3.127,0.164,-0.086,-0.104,2544,0
2643754,9.143,1.786,2.89,0.176,-0.06,-0.106,2546,0
2643775,9.096,2.069,2.892,0.125,-0.041,-0.099,2546,0
2643794,8.938,2.009,2.849,0.072,-0.051,-0.077,2549,0
2643814,8.926,1.954,2.705,0.081,-0.056,-0.07,2552,0
2643834,8.993,1.851,2.698,0.127,-0.039,-0.087,2555,0
2643854,8.902,1.98,2.806,0.156,0.01,-0.096,2558,0
2643874,8.964,2.081,2.835,0.158,-0.001,-0.098,2559,0
2643894,9.067,2.167,2.83,0.136,0.033,-0.078,2559,0
2643914,9.031,2.246,2.993,0.086,0.079,-0.054,2559,0
2643935,9.086,2.128,3.242,0.089,0.02,-0.056,2558,0
2643954,9.22,2.069,3.103,0.176,-0.012,-0.082,2559,0
2643974,9.268,2.195,2.995,0.215,0.016,-0.096,2559,0
2643994,9.122,2.277,3.065,0.18,0.022,-0.077,2559,0
2644014,9.131,2.26,3.122,0.122,-0.026,-0.037,2559,0
2644034,9.225,2.021,3.043,0.083,-0.033,-0.008,2559,0
2644054,9.189,2.011,3.041,0.074,-0.029,-0.01,2559,0
2644074,9.201,1.901,3.084,0.087,-0.033,-0.042,2563,0
2644094,9.187,1.99,3.065,0.143,-0.017,-0.069,2567,0
2644114,9.129,2.145,2.974,0.146,0.0,-0.068,2566,0
2644134,9.127,2.243,2.969,0.091,0.002,-0.066,2577,0
2644154,9.05,2.286,3.091,0.043,0.001,-0.059,2583,0
2644174,9.012,2.294,3.124,0.062,-0.025,-0.048,2586,0
2644194,9.024,2.37,3.067,0.095,-0.048,-0.031,2587,0
2644214,9.096,2.442,2.935,0.099,-0.036,-0.002,2586,0
2644234,9.06,2.38,2.89,0.055,0.003,0.026,2589,0
2644254,9.043,2.203,2.966,0.01,0.003,0.019,2591,0
2644274,8.995,1.887,3.012,0.062,-0.019,-0.026,2595,0
2644295,9.086,2.083,2.945,0.145,-0.007,-0.065,2598,0
2644314,9.072,2.351,2.945,0.132,0.01,-0.072,2600,0
2644334,8.961,2.444,3.041,0.066,0.004,-0.032,2603,0
2644355,8.976,2.358,3.043,0.035,-0.04,0.005,2606,0
2644375,9.084,2.193,2.926,0.049,-0.065,-0.008,2608,0
2644394,9.16,2.093,2.969,0.102,-0.027,-0.047,2608,0
2644414,9.134,2.258,2.998,0.152,0.019,-0.08,2608,0
2644434,9.036,2.435,2.962,0.138,0.022,-0.074,2607,0
2644455,9.009,2.404,2.983,0.082,0.002,-0.049,2609,0
2644474,8.988,2.385,3.01,0.042,-0.016,-0.031,2610,0
2644494,9.098,2.289,3.01,0.047,-0.042,-0.026,2611,0
2644514,9.175,2.217,2.995,0.096,-0.024,-0.041,2612,0
2644535,9.16,2.334,2.952,0.14,-0.001,-0.066,2611,0
2644555,9.036,2.547,2.971,0.098,0.001,-0.072,2610,0
2644574,9.012,2.523,3.014,0.049,-0.03,-0.033,2610,0
2644595,9.115,2.423,3.01,0.067,-0.042,-0.006,2611,0
2644614,9.12,2.409,2.926,0.098,-0.013,-0.023,2614,0
2644634,9.096,2.435,2.983,0.091,0.001,-0.042,2613,0
2644654,8.942,2.358,2.993,0.08,-0.017,-0.04,2614,0
2644674,8.926,2.346,2.952,0.089,-0.038,-0.03,2618,0
2644694,8.988,2.337,2.883,0.121,-0.029,-0.046,2622,0
2644714,9.029,2.459,2.935,0.157,0.024,-0.071,2623,0
2644735,8.918,2.665,2.995,0.154,0.026,-0.071,2624,0
2644754,8.959,2.765,3.045,0.088,-0.032,-0.029,2624,0
2644774,9.021,2.579,2.983,0.051,-0.042,0.003,2624,0
2644794,9.091,2.423,3.026,0.093,-0.01,-0.014,2624,0
2644815,9.069,2.509,3.017,0.133,0.029,-0.031,2623,0
2644834,8.926,2.591,3.043,0.108,0.014,-0.021,2623,0
2644854,8.954,2.535,3.026,0.064,-0.037,-0.003,2623,0
2644874,9.069,2.389,3.086,0.053,-0.037,0.014,2622,0
2644894,9.086,2.404,3.084,0.066,-0.014,0.021,2622,0
2644914,9.084,2.421,3.129,0.066,-0.001,0.005,2622,0
2644934,8.981,2.512,3.124,0.067,-0.01,-0.007,2621,0
2644954,8.899,2.468,3.043,0.047,-0.055,0.001,2623,0
2644974,9.0,2.377,2.933,0.042,-0.068,0.005,2625,0
2644994,9.043,2.358,2.954,0.041,-0.03,-0.014,2624,0
2645014,9.005,2.471,3.045,0.048,0.005,-0.032,2624,0
2645034,8.885,2.626,3.122,0.04,-0.002,-0.021,2624,0
2645054,8.904,2.588,3.091,0.034,-0.047,-0.002,2625,0
2645074,9.031,2.605,3.017,0.015,-0.05,0.017,2624,0
2645094,9.019,2.418,3.067,0.012,-0.022,0.015,2624,0
2645114,8.978,2.409,3.014,0.038,-0.037,0.001,2626,0
2645134,9.005,2.423,2.964,0.041,-0.052,-0.015,2624,0
2645154,9.036,2.538,2.933,0.021,-0.025,-0.012,2625,0
2645175,8.964,2.535,3.05,-0.009,0.0,-0.001,2626,0
