601974,-3.572,7.544,-5.375,0.033,-0.054,-0.009,2543,0
601994,-3.529,7.503,-5.485,0.033,-0.029,-0.006,2544,0
602014,-3.505,7.52,-5.488,0.035,-0.011,-0.013,2544,0
602034,-3.534,7.556,-5.44,0.03,-0.008,-0.012,2544,0
602054,-3.577,7.587,-5.368,0.032,-0.004,-0.011,2544,0
602074,-3.572,7.652,-5.265,0.078,-0.006,-0.027,2544,0
602094,-3.666,7.824,-5.262,0.17,-0.034,-0.049,2544,0
602114,-3.699,8.028,-5.325,0.241,-0.055,-0.033,2544,0
602134,-3.565,7.92,-5.504,0.304,-0.052,-0.01,2545,0
602154,-3.56,7.853,-5.602,0.248,-0.023,0.027,2544,0
602174,-3.433,7.463,-5.562,0.096,0.016,0.071,2544,0
602194,-3.206,7.094,-5.44,0.011,0.044,0.063,2544,0
602214,-3.01,7.051,-5.234,-0.011,0.084,0.052,2543,0
602234,-3.263,6.902,-4.733,0.039,0.081,0.041,2544,0
602254,-3.685,6.953,-4.415,0.172,-0.027,-0.025,2546,0
602274,-3.716,7.132,-4.867,0.282,-0.195,-0.092,2544,0
602294,-3.728,7.456,-5.624,0.361,-0.254,-0.14,2544,0
602314,-3.699,7.616,-6.175,0.405,-0.15,-0.157,2545,0
602334,-3.469,8.059,-6.606,0.299,-0.019,-0.082,2544,0
602354,-3.414,7.903,-6.357,-0.011,0.064,0.08,2544,0
602374,-3.316,7.087,-5.756,-0.174,0.09,0.133,2544,0
602394,-3.268,6.914,-5.435,-0.112,0.084,0.071,2545,0
602414,-3.651,6.998,-5.047,-0.037,0.052,0.04,2544,0
602434,-4.135,6.864,-4.594,0.078,-0.04,-0.04,2545,0
602454,-4.195,6.948,-4.901,0.268,-0.224,-0.212,2543,0
602474,-3.534,7.702,-6.112,0.523,-0.351,-0.381,2545,0
602494,-3.136,8.65,-7.207,0.696,-0.147,-0.35,2544,0
602514,-3.27,9.225,-7.604,0.513,0.125,-0.071,2545,0
602534,-3.666,8.416,-6.694,-0.01,0.284,0.303,2544,0
602554,-3.931,6.95,-5.543,-0.355,0.22,0.422,2544,0
602574,-3.589,6.541,-5.308,-0.393,0.072,0.356,2546,0
602594,-3.17,6.481,-5.339,-0.245,0.069,0.269,2545,0
602614,-3.282,6.517,-5.246,-0.006,0.135,0.201,2544,0
602634,-3.606,6.579,-5.052,0.12,0.133,0.164,2544,0
602654,-3.778,6.563,-4.982,0.019,0.028,0.153,2544,0
602674,-3.706,6.23,-4.82,-0.052,-0.087,0.049,2545,0
602694,-3.548,6.433,-5.131,0.045,-0.185,-0.136,2545,0
602714,-3.026,7.29,-6.076,0.164,-0.286,-0.297,2544,0
602734,-2.574,8.164,-6.859,0.246,-0.186,-0.333,2544,0
602754,-2.784,8.854,-7.149,0.175,0.048,-0.18,2545,0
602774,-3.345,8.734,-6.45,-0.114,0.184,0.063,2545,0
602794,-3.615,7.796,-5.646,-0.297,0.127,0.195,2545,0
602814,-3.261,7.544,-5.569,-0.273,0.075,0.197,2547,0
602834,-3.1,7.53,-5.511,-0.189,0.13,0.2,2545,0
602854,-3.294,7.46,-5.236,-0.113,0.188,0.221,2545,0
602874,-3.584,7.274,-5.006,-0.123,0.125,0.244,2544,0
602894,-3.445,7.082,-5.121,-0.197,-0.026,0.227,2544,0
602914,-3.211,6.871,-5.329,-0.191,-0.106,0.171,2545,0
602934,-3.156,6.857,-5.452,-0.033,-0.062,0.068,2545,0
602954,-3.275,7.274,-5.756,0.07,-0.026,0.004,2544,0
602974,-3.156,7.511,-5.88,0.009,-0.025,0.029,2545,0
602994,-2.919,7.338,-5.863,-0.039,-0.005,0.061,2545,0
603014,-2.931,7.149,-5.751,-0.03,0.036,0.057,2548,0
603034,-3.146,7.125,-5.567,-0.003,0.027,0.032,2545,0
603054,-3.23,7.128,-5.59,0.01,-0.01,0.018,2546,0
603074,-3.311,7.173,-5.672,0.043,0.002,0.015,2545,0
603094,-3.409,7.269,-5.653,0.054,0.046,0.021,2546,0
603114,-3.584,7.36,-5.646,-0.018,0.033,0.048,2544,0
603134,-3.385,7.333,-5.672,-0.11,0.005,0.073,2544,0
603154,-3.314,7.293,-5.698,-0.168,-0.008,0.04,2544,0
603174,-3.187,7.412,-5.753,-0.155,-0.016,-0.017,2545,0
603194,-3.144,7.702,-5.722,-0.116,0.033,-0.055,2545,0
603214,-3.225,7.903,-5.449,-0.062,0.071,-0.081,2546,0
603234,-3.129,8.162,-5.466,0.022,0.007,-0.109,2546,0
603254,-2.801,8.459,-5.801,0.062,-0.049,-0.091,2545,0
603274,-2.682,8.566,-5.995,0.071,-0.031,-0.031,2545,0
603294,-2.758,8.473,-6.024,0.045,0.054,0.046,2547,0
603314,-3.043,8.234,-5.844,0.005,0.139,0.102,2545,0
603334,-3.045,8.006,-5.753,-0.031,0.184,0.143,2547,0
603354,-2.911,7.877,-5.636,-0.088,0.222,0.2,2545,0
603374,-3.024,7.623,-5.27,-0.116,0.246,0.233,2545,0
603394,-3.215,7.582,-4.999,-0.08,0.194,0.226,2545,0
603414,-3.1,7.721,-5.066,-0.078,0.147,0.222,2545,0
603434,-2.799,7.709,-5.145,-0.088,0.133,0.224,2547,0
603454,-2.492,7.652,-5.028,-0.062,0.16,0.21,2547,0
603474,-2.593,7.614,-4.738,0.018,0.133,0.143,2545,0
603494,-2.392,7.843,-4.829,0.141,0.037,0.046,2546,0
603514,-2.234,8.284,-5.164,0.175,-0.008,0.041,2545,0
603534,-2.284,8.296,-5.231,0.11,0.009,0.101,2545,0
603554,-2.38,8.054,-5.138,0.043,0.025,0.124,2545,0
603574,-2.507,8.152,-5.215,0.015,-0.005,0.101,2546,0
603594,-2.363,8.349,-5.401,-0.008,0.009,0.131,2546,0
603614,-2.188,8.25,-5.389,-0.014,0.057,0.198,2548,0
603634,-2.215,7.989,-5.215,-0.003,0.074,0.212,2546,0
603654,-2.691,8.004,-4.978,0.024,0.022,0.176,2545,0
603674,-2.732,8.284,-5.205,0.004,-0.056,0.154,2545,0
603694,-2.622,8.265,-5.373,-0.038,-0.059,0.196,2546,0
603714,-2.476,7.942,-5.38,-0.019,-0.012,0.23,2546,0
603734,-2.607,7.712,-5.243,0.03,0.014,0.211,2547,0
603754,-2.772,7.839,-5.265,0.067,-0.028,0.189,2545,0
603774,-2.808,7.956,-5.344,0.064,-0.042,0.221,2546,0
603794,-2.631,7.855,-5.349,0.077,-0.008,0.265,2545,0
603814,-2.449,7.738,-5.303,0.128,0.01,0.273,2546,0
603834,-2.138,7.664,-5.449,0.143,-0.016,0.273,2546,0
603854,-1.848,7.575,-5.672,0.099,-0.062,0.255,2546,0
603874,-1.647,7.681,-5.849,0.035,-0.081,0.213,2546,0
603894,-1.69,7.635,-5.813,-0.013,-0.071,0.172,2546,0
603914,-1.93,7.815,-5.646,-0.009,-0.046,0.141,2547,0
603934,-2.025,8.011,-5.523,0.012,-0.049,0.146,2545,0
603954,-1.903,8.083,-5.571,0.023,-0.066,0.158,2547,0
603974,-1.815,8.164,-5.643,0.014,-0.066,0.151,2550,0
603994,-1.968,8.339,-5.638,-0.001,-0.058,0.14,2546,0
604014,-1.915,8.509,-5.684,-0.048,-0.027,0.165,2547,0
604034,-1.87,8.37,-5.557,-0.126,0.022,0.2,2547,0
604054,-2.095,8.243,-5.25,-0.161,0.055,0.201,2548,0
604074,-2.265,8.303,-4.999,-0.148,0.065,0.191,2546,0
604094,-2.404,8.396,-4.855,-0.099,0.071,0.204,2546,0
604114,-2.308,8.633,-4.812,-0.104,0.052,0.26,2547,0
604134,-1.958,8.475,-4.721,-0.183,0.042,0.338,2548,0
604154,-1.595,8.222,-4.496,-0.218,0.053,0.37,2548,0
604174,-1.506,8.147,-4.432,-0.203,0.025,0.351,2550,0
604194,-1.369,8.14,-4.345,-0.179,-0.014,0.327,2548,0
604214,-1.29,8.128,-4.413,-0.127,-0.09,0.295,2548,0
604234,-1.166,8.183,-4.494,-0.087,-0.128,0.26,2549,0
604254,-0.962,8.241,-4.561,-0.024,-0.152,0.222,2550,0
604274,-0.754,8.401,-4.721,-0.007,-0.145,0.207,2551,0
604294,-0.663,8.44,-4.855,-0.011,-0.16,0.227,2551,0
604314,-0.517,8.337,-4.978,-0.041,-0.193,0.257,2552,0
604334,-0.417,8.231,-5.013,-0.064,-0.232,0.253,2552,0
604354,-0.591,8.267,-5.157,-0.035,-0.302,0.22,2553,0
604374,-0.666,8.329,-5.428,0.038,-0.355,0.212,2555,0
604394,-0.711,8.262,-5.72,0.094,-0.339,0.225,2553,0
604414,-0.776,8.088,-5.94,0.114,-0.305,0.207,2555,0
604434,-0.814,8.056,-6.163,0.108,-0.279,0.164,2554,0
604454,-0.718,8.092,-6.419,0.077,-0.22,0.129,2554,0
604474,-0.675,8.083,-6.5,0.026,-0.105,0.1,2554,0
604494,-0.848,8.071,-6.268,-0.021,0.047,0.06,2553,0
604514,-1.123,8.143,-6.021,-0.043,0.152,0.009,2554,0
604534,-1.202,8.186,-5.844,-0.118,0.253,-0.018,2553,0
604554,-1.159,8.128,-5.519,-0.248,0.393,-0.052,2554,0
604574,-1.166,8.248,-4.956,-0.331,0.502,-0.103,2552,0
604594,-1.025,8.65,-4.487,-0.377,0.553,-0.119,2551,0
604614,-0.608,8.815,-4.18,-0.405,0.535,-0.086,2554,0
604634,-0.268,8.83,-3.862,-0.385,0.474,-0.075,2553,0
604654,-0.115,8.981,-3.733,-0.322,0.403,-0.091,2553,0
604674,-0.239,9.234,-3.723,-0.231,0.312,-0.083,2554,0
604694,-0.352,9.294,-3.893,-0.175,0.2,-0.02,2552,0
604714,-0.314,8.988,-4.159,-0.141,0.092,0.047,2554,0
604734,-0.283,8.681,-4.415,-0.082,0.032,0.055,2554,0
604754,-0.464,8.605,-4.561,0.012,0.023,0.032,2555,0
604774,-0.601,8.643,-4.652,0.078,0.051,0.039,2555,0
604794,-0.603,8.514,-4.671,0.101,0.1,0.071,2554,0
604814,-0.666,8.277,-4.578,0.113,0.11,0.075,2554,0
604834,-0.814,8.157,-4.353,0.118,0.108,0.044,2554,0
604854,-1.166,8.157,-4.223,0.133,0.075,0.006,2554,0
604874,-1.271,8.145,-4.293,0.153,0.012,-0.01,2554,0
604894,-0.953,8.085,-4.434,0.162,0.009,-0.021,2553,0
604914,-0.891,8.078,-4.264,0.176,0.03,-0.068,2555,0
604934,-1.097,8.229,-4.096,0.205,-0.005,-0.103,2555,0
604954,-1.159,8.286,-4.137,0.203,-0.078,-0.103,2555,0
604974,-1.089,8.334,-4.288,0.204,-0.147,-0.108,2554,0
604994,-1.053,8.361,-4.353,0.189,-0.158,-0.111,2555,0
605014,-1.123,8.437,-4.312,0.152,-0.142,-0.098,2555,0
605034,-1.02,8.492,-4.374,0.114,-0.165,-0.094,2555,0
605054,-0.771,8.724,-4.554,0.076,-0.189,-0.105,2555,0
605074,-0.649,8.985,-4.544,0.034,-0.161,-0.094,2555,0
605094,-1.063,9.158,-4.369,0.027,-0.168,-0.067,2555,0
605114,-1.369,9.342,-4.307,0.026,-0.219,-0.044,2554,0
605134,-1.444,9.294,-4.341,0.009,-0.26,-0.009,2555,0
605154,-1.238,9.108,-4.436,0.03,-0.293,0.018,2555,0
605174,-1.149,8.976,-4.42,0.074,-0.302,0.01,2553,0
605194,-1.314,8.957,-4.42,0.157,-0.329,-0.023,2554,0
605214,-1.307,9.388,-4.693,0.196,-0.371,0.008,2555,0
605234,-1.068,9.335,-4.812,0.143,-0.339,0.103,2555,0
605254,-1.03,8.952,-4.63,0.134,-0.3,0.158,2555,0
605274,-1.053,8.792,-4.446,0.186,-0.296,0.179,2556,0
605294,-1.166,8.612,-4.207,0.223,-0.297,0.221,2554,0
605314,-1.14,8.253,-4.192,0.233,-0.336,0.266,2556,0
605334,-0.965,7.812,-4.377,0.234,-0.42,0.267,2556,0
605354,-0.723,7.604,-4.559,0.256,-0.465,0.227,2557,0
605374,-0.795,7.539,-4.487,0.27,-0.437,0.224,2557,0
605394,-0.807,7.465,-4.381,0.269,-0.412,0.222,2557,0
605414,-0.508,7.563,-4.621,0.257,-0.513,0.213,2558,0
605434,0.273,7.736,-5.327,0.233,-0.665,0.169,2559,0
605454,0.445,7.441,-5.873,0.331,-0.749,0.027,2559,0
605474,0.113,7.81,-6.721,0.572,-0.771,-0.184,2559,0
605494,0.026,8.653,-7.544,0.705,-0.641,-0.313,2559,0
605514,0.086,9.299,-8.092,0.734,-0.409,-0.341,2558,0
605534,-0.362,9.833,-8.121,0.58,-0.145,-0.264,2559,0
605554,-1.125,9.785,-7.59,0.304,0.039,-0.166,2559,0
605574,-1.046,9.517,-7.207,0.083,0.047,-0.074,2558,0
605594,-1.379,8.918,-6.596,0.065,0.134,0.002,2559,0
605614,-0.769,8.447,-6.706,0.168,0.283,0.076,2559,0
605634,-1.089,7.731,-6.302,0.208,0.415,0.112,2559,0
605654,-1.453,7.278,-5.832,0.144,0.532,0.079,2559,0
605674,-2.093,6.864,-5.267,0.116,0.567,0.005,2559,0
605694,-2.145,6.831,-5.136,0.144,0.527,-0.087,2559,0
605714,-2.128,6.96,-5.04,0.152,0.507,-0.152,2559,0
605734,-2.088,7.003,-4.937,0.115,0.546,-0.157,2558,0
605754,-1.958,6.898,-5.152,0.084,0.585,-0.184,2559,0
605774,-1.405,7.23,-5.092,0.013,0.6,-0.251,2559,0
605794,-1.484,7.623,-4.75,0.056,0.649,-0.356,2559,0
605814,-1.635,8.289,-4.401,0.224,0.65,-0.411,2558,0
605834,-1.166,9.244,-4.743,0.282,0.539,-0.409,2559,0
605854,-0.706,10.092,-5.167,0.177,0.354,-0.337,2559,0
605874,-0.572,10.245,-5.399,0.061,0.176,-0.208,2559,0
605894,-0.543,10.185,-5.741,0.071,0.067,-0.059,2559,0
605914,-0.532,9.874,-6.084,0.096,0.094,0.13,2559,0
605934,-0.587,9.153,-6.347,0.08,0.146,0.274,2559,0
605954,-0.493,8.346,-6.45,0.043,0.168,0.329,2559,0
605974,-0.622,7.649,-6.4,0.009,0.172,0.324,2559,0
605994,-0.97,7.338,-6.512,0.019,0.114,0.268,2559,0
606014,-1.128,7.312,-6.543,0.033,0.137,0.237,2559,0
606034,-1.073,7.187,-6.412,0.02,0.282,0.28,2559,0
606054,-0.953,6.907,-6.199,-0.026,0.355,0.295,2559,0
606074,-0.515,6.651,-6.309,-0.083,0.31,0.228,2559,0
606094,-0.23,6.685,-6.505,-0.115,0.247,0.133,2559,0
606114,-0.342,6.96,-6.543,-0.09,0.276,-0.003,2559,0
606134,-0.764,7.468,-6.306,-0.005,0.342,-0.075,2559,0
606154,-1.324,7.848,-5.926,0.039,0.386,-0.036,2559,0
606174,-1.52,7.719,-5.902,0.038,0.296,-0.022,2559,0
606194,-1.149,7.513,-6.045,0.018,0.232,-0.06,2559,0
606214,-0.804,7.472,-6.112,0.022,0.258,-0.122,2558,0
606234,-0.409,7.642,-5.993,-0.02,0.306,-0.157,2559,0
606254,-0.136,7.887,-5.538,-0.136,0.345,-0.132,2559,0
606274,0.089,8.025,-5.071,-0.274,0.336,-0.113,2559,0
606294,0.034,8.052,-4.623,-0.345,0.229,-0.119,2559,0
606314,-0.124,8.164,-4.446,-0.282,0.077,-0.157,2559,0
606334,-0.352,8.487,-4.695,-0.108,-0.057,-0.182,2559,0
606354,-0.601,8.878,-5.128,0.01,-0.122,-0.149,2559,0
606374,-0.682,9.033,-5.418,-0.018,-0.104,-0.076,2559,0
606394,-0.637,8.921,-5.389,-0.123,-0.046,0.006,2559,0
606414,-0.63,8.586,-5.157,-0.187,-0.061,0.046,2558,0
606434,-0.611,8.375,-5.116,-0.175,-0.131,0.047,2559,0
606454,-0.429,8.229,-5.195,-0.144,-0.146,0.067,2559,0
606474,-0.34,8.104,-5.181,-0.135,-0.114,0.077,2559,0
606494,-0.376,8.1,-5.112,-0.135,-0.106,0.068,2559,0
606514,-0.342,8.138,-5.057,-0.134,-0.112,0.071,2559,0
606534,-0.153,8.004,-4.927,-0.127,-0.086,0.117,2559,0
606554,-0.069,7.733,-4.851,-0.096,-0.08,0.126,2559,0
606574,-0.012,7.604,-4.865,-0.061,-0.134,0.079,2559,0
606594,0.103,7.714,-5.076,-0.05,-0.195,0.016,2559,0
606614,0.199,7.915,-5.373,-0.05,-0.232,-0.052,2559,0
606634,0.335,8.028,-5.516,-0.038,-0.188,-0.11,2559,0
606654,0.232,8.37,-5.581,0.048,-0.096,-0.159,2559,0
606674,0.127,8.741,-5.571,0.095,-0.018,-0.151,2559,0
606694,-0.055,8.921,-5.555,0.085,-0.009,-0.115,2559,0
606714,-0.117,9.062,-5.523,0.022,-0.021,-0.055,2559,0
606734,-0.005,8.847,-5.473,-0.038,0.004,0.016,2559,0
606754,0.134,8.583,-5.272,0.001,0.066,0.034,2559,0
606774,0.192,8.507,-5.064,0.091,0.1,0.019,2559,0
606794,0.069,8.61,-4.841,0.154,0.092,0.017,2559,0
606814,0.014,8.516,-4.709,0.161,0.077,0.04,2559,0
606834,-0.055,8.248,-4.642,0.15,0.067,0.062,2559,0
606854,-0.074,7.92,-4.633,0.133,0.04,0.056,2559,0
606874,-0.127,7.8,-4.664,0.124,0.021,0.025,2559,0
606894,-0.306,7.822,-4.628,0.137,-0.006,-0.021,2558,0
606914,-0.402,8.018,-4.693,0.207,-0.065,-0.041,2558,0
606934,-0.388,8.171,-4.848,0.283,-0.115,-0.045,2559,0
606954,-0.39,8.236,-5.061,0.3,-0.158,-0.036,2558,0
606974,-0.201,8.193,-5.464,0.238,-0.188,-0.033,2559,0
606994,-0.038,8.064,-5.813,0.166,-0.191,-0.07,2559,0
607014,-0.048,8.088,-6.05,0.121,-0.156,-0.134,2559,0
607034,-0.163,8.339,-6.088,0.07,-0.095,-0.173,2559,0
607054,-0.22,8.631,-6.031,0.026,-0.046,-0.148,2559,0
607074,-0.232,8.758,-5.969,0.013,-0.029,-0.091,2559,0
607094,-0.373,8.739,-5.789,0.02,-0.011,-0.049,2559,0
607114,-0.448,8.717,-5.705,0.044,-0.02,-0.003,2559,0
607134,-0.532,8.61,-5.717,0.072,-0.035,0.039,2559,0
607154,-0.558,8.456,-5.823,0.098,-0.029,0.058,2559,0
607174,-0.534,8.377,-5.799,0.107,0.012,0.083,2559,0
607194,-0.682,8.305,-5.674,0.098,0.046,0.101,2559,0
607214,-0.711,8.341,-5.588,0.092,0.029,0.099,2559,0
607234,-0.551,8.325,-5.504,0.078,0.044,0.12,2559,0
607254,-0.534,8.169,-5.308,0.09,0.072,0.131,2558,0
607274,-0.4,8.088,-5.052,0.107,0.074,0.134,2559,0
607294,-0.232,8.042,-4.925,0.099,0.041,0.131,2559,0
607314,-0.239,8.102,-4.901,0.094,-0.039,0.105,2559,0
607334,-0.072,8.313,-5.049,0.094,-0.123,0.074,2559,0
607354,0.074,8.502,-5.365,0.076,-0.183,0.076,2559,0
607374,0.247,8.49,-5.657,0.014,-0.208,0.095,2559,0
607394,0.199,8.258,-5.885,-0.047,-0.204,0.09,2559,0
607414,0.12,8.145,-6.041,-0.052,-0.207,0.063,2559,0
607434,-0.012,8.193,-6.167,-0.038,-0.182,0.059,2559,0
607454,-0.165,8.205,-6.263,-0.012,-0.155,0.093,2559,0
607474,-0.156,8.121,-6.304,-0.003,-0.101,0.131,2559,0
607494,-0.148,7.887,-6.23,-0.01,-0.043,0.134,2559,0
607514,-0.163,7.69,-6.177,0.011,-0.041,0.111,2559,0
607534,-0.136,7.582,-6.177,0.041,-0.017,0.073,2559,0
607554,-0.117,7.688,-6.081,0.07,0.054,0.044,2559,0
607574,-0.134,7.736,-5.928,0.057,0.132,0.029,2559,0
607594,-0.081,7.645,-5.634,0.029,0.157,0.005,2559,0
607614,0.093,7.549,-5.425,0.011,0.156,-0.028,2559,0
607634,0.187,7.57,-5.162,-0.004,0.157,-0.074,2559,0
607654,0.117,7.714,-5.004,-0.013,0.104,-0.128,2559,0
607674,0.041,7.954,-5.131,-0.016,0.015,-0.168,2559,0
607694,-0.002,8.09,-5.346,-0.028,-0.026,-0.189,2559,0
607714,-0.053,8.15,-5.564,-0.041,-0.007,-0.189,2559,0
607734,-0.084,8.224,-5.555,-0.053,0.037,-0.189,2558,0
607754,-0.127,8.294,-5.492,-0.067,0.058,-0.188,2559,0
607774,-0.127,8.344,-5.557,-0.058,0.031,-0.163,2559,0
607794,0.024,8.303,-5.701,-0.06,0.025,-0.148,2559,0
607814,0.012,8.241,-5.648,-0.092,0.071,-0.153,2559,0
607834,-0.06,8.215,-5.547,-0.106,0.077,-0.155,2559,0
607854,-0.005,8.193,-5.509,-0.096,0.052,-0.15,2559,0
607874,-0.031,8.274,-5.528,-0.059,0.021,-0.166,2559,0
607894,-0.091,8.48,-5.538,-0.013,0.014,-0.167,2559,0
607914,-0.316,8.717,-5.619,0.027,0.009,-0.143,2559,0
607934,-0.505,8.818,-5.727,0.037,0.02,-0.108,2559,0
607954,-0.52,8.722,-5.679,0.026,0.081,-0.068,2558,0
607974,-0.541,8.497,-5.48,0.035,0.13,-0.054,2559,0
607994,-0.522,8.332,-5.267,0.05,0.142,-0.056,2559,0
608014,-0.433,8.296,-5.133,0.05,0.128,-0.066,2559,0
608034,-0.414,8.361,-5.057,0.036,0.12,-0.074,2559,0
608054,-0.39,8.394,-5.011,0.009,0.125,-0.071,2559,0
608074,-0.417,8.308,-4.911,-0.023,0.126,-0.075,2559,0
608094,-0.311,8.298,-4.836,-0.037,0.111,-0.087,2559,0
608114,-0.251,8.377,-4.764,-0.039,0.102,-0.097,2559,0
608134,-0.247,8.449,-4.755,-0.033,0.077,-0.083,2559,0
608154,-0.187,8.413,-4.841,-0.036,0.052,-0.057,2559,0
608174,-0.086,8.265,-4.934,-0.034,0.035,-0.059,2558,0
608194,-0.024,8.253,-4.925,-0.016,0.016,-0.082,2559,0
608214,-0.122,8.466,-4.968,0.004,-0.02,-0.089,2559,0
608234,-0.275,8.648,-5.126,0.026,-0.064,-0.074,2559,0
608254,-0.292,8.734,-5.255,0.038,-0.062,-0.038,2559,0
608274,-0.383,8.595,-5.325,0.043,-0.032,-0.009,2559,0
608294,-0.371,8.411,-5.303,0.047,-0.017,-0.004,2559,0
608314,-0.177,8.339,-5.294,0.059,-0.008,-0.014,2559,0
608334,-0.048,8.408,-5.215,0.072,0.007,-0.023,2559,0
608354,-0.041,8.526,-5.1,0.091,0.013,-0.023,2559,0
608374,-0.249,8.617,-5.083,0.097,0.004,0.005,2559,0
608394,-0.254,8.444,-5.018,0.064,0.026,0.045,2559,0
608414,-0.407,8.1,-4.827,0.039,0.024,0.045,2558,0
608434,-0.505,7.819,-4.846,0.039,-0.047,0.006,2559,0
608454,-0.496,7.561,-5.073,0.037,-0.109,-0.046,2559,0
608474,-0.412,7.506,-5.37,0.047,-0.128,-0.112,2559,0
608494,-0.39,7.863,-5.598,0.05,-0.084,-0.175,2559,0
608514,-0.512,8.253,-5.528,0.004,-0.019,-0.175,2559,0
608534,-0.615,8.356,-5.416,-0.017,-0.006,-0.141,2559,0
608554,-0.611,8.301,-5.382,0.009,-0.017,-0.128,2559,0
608574,-0.575,8.454,-5.428,0.059,-0.017,-0.133,2559,0
608594,-0.577,8.727,-5.44,0.098,-0.009,-0.12,2559,0
608614,-0.558,8.914,-5.428,0.099,0.006,-0.078,2559,0
608634,-0.51,8.77,-5.346,0.055,0.032,-0.021,2559,0
608654,-0.46,8.394,-5.104,-0.009,0.062,0.003,2559,0
608674,-0.429,8.159,-4.767,-0.026,0.057,-0.027,2559,0
608694,-0.34,8.116,-4.597,0.003,-0.005,-0.051,2559,0
608714,-0.22,8.068,-4.628,0.015,-0.066,-0.071,2559,0
608734,-0.115,8.011,-4.597,-0.021,-0.123,-0.092,2559,0
608754,-0.06,7.966,-4.496,-0.034,-0.18,-0.12,2559,0
608774,0.129,7.58,-4.317,0.008,-0.186,-0.158,2559,0
608794,0.244,7.444,-4.137,0.107,-0.161,-0.197,2559,0
608814,0.182,7.111,-3.903,0.191,-0.161,-0.273,2559,0
608834,0.005,6.919,-3.915,0.295,-0.22,-0.382,2559,0
608854,-0.122,6.601,-3.905,0.402,-0.277,-0.471,2559,0
608874,-1.092,6.689,-4.216,0.477,-0.432,-0.573,2559,0
608894,-1.765,7.111,-4.764,0.493,-0.704,-0.643,2558,0
608914,-2.236,7.779,-5.377,0.328,-0.85,-0.639,2559,0
608934,-2.313,8.356,-5.899,0.024,-0.881,-0.548,2559,0
608954,-2.186,8.128,-5.94,-0.317,-0.803,-0.458,2559,0
608974,-2.157,7.875,-5.899,-0.399,-0.803,-0.478,2559,0
608994,-2.31,8.418,-5.703,-0.456,-0.77,-0.485,2559,0
609014,-2.902,9.146,-5.679,-0.569,-0.834,-0.432,2561,0
609034,-3.148,9.953,-5.895,-0.76,-0.857,-0.301,2558,0
609054,-3.371,11.126,-6.153,-1.241,-0.871,0.022,2559,0
609074,-4.187,11.559,-6.366,-1.882,-1.016,0.382,2559,0
609094,-4.614,12.158,-7.049,-2.157,-1.196,0.622,2559,0
609114,-3.685,12.967,-7.661,-2.356,-1.0,0.904,2559,0
609134,-3.405,14.174,-7.791,-2.635,-0.547,1.358,2559,0
609154,-3.484,14.571,-7.269,-3.191,-0.153,2.003,2559,0
609174,-3.124,12.79,-5.617,-3.44,0.127,2.545,2559,0
609194,-2.263,10.446,-4.08,-2.828,0.322,2.619,2559,0
609214,-1.676,10.314,-3.354,-1.915,0.529,2.448,2559,0
609234,-0.852,10.712,-2.998,-1.444,0.81,2.428,2559,0
609254,-0.065,10.46,-2.401,-1.422,1.128,2.577,2559,0
609274,0.488,9.529,-1.427,-1.57,1.334,2.721,2558,0
609294,0.491,9.079,-0.342,-1.61,1.239,2.797,2558,0
609314,1.192,8.466,0.388,-1.645,0.789,2.878,2559,0
609334,2.892,7.58,0.328,-1.646,0.448,2.823,2559,0
609354,4.432,6.565,0.649,-1.488,0.504,2.561,2559,0
609374,4.453,7.444,0.912,-1.462,0.701,2.341,2559,0
609394,4.288,7.738,1.111,-1.963,0.754,2.439,2559,0
609414,4.659,6.105,1.298,-2.386,0.827,2.55,2559,0
609434,5.435,4.683,2.109,-2.188,1.098,2.346,2559,0
609454,5.339,5.365,3.069,-1.805,1.49,1.957,2561,0
609474,4.575,6.187,4.3,-1.569,1.757,1.724,2561,0
609494,3.962,6.812,5.26,-1.424,1.575,1.727,2561,0
609514,4.197,7.015,5.646,-1.375,1.217,1.819,2566,0
609534,4.86,6.187,5.957,-1.173,1.102,1.733,2561,0
609554,5.368,5.545,6.177,-0.857,1.225,1.589,2559,0
609574,5.361,5.258,6.397,-0.752,1.373,1.512,2572,0
609594,4.999,5.816,6.79,-0.949,1.372,1.531,2572,0
609614,4.611,5.892,7.24,-1.393,1.228,1.65,2582,0
609634,4.824,4.944,7.384,-1.612,1.062,1.686,2580,0
609654,5.107,3.579,7.446,-1.452,0.942,1.588,2573,0
609674,5.104,2.899,7.355,-1.106,0.886,1.472,2574,0
609694,5.162,2.878,7.4,-0.754,0.902,1.316,2574,0
609714,4.851,3.448,7.587,-0.631,0.934,1.215,2574,0
609734,4.592,3.577,7.7,-0.783,0.833,1.237,2578,0
609754,4.688,3.005,7.482,-0.883,0.676,1.245,2582,0
609774,4.822,2.282,7.556,-0.802,0.651,1.166,2577,0
609794,4.673,2.009,7.954,-0.63,0.771,1.066,2578,0
609814,4.286,1.87,8.255,-0.547,0.858,1.009,2577,0
609834,3.864,1.846,8.183,-0.609,0.806,0.96,2578,0
609854,3.776,1.736,8.095,-0.725,0.699,0.924,2573,0
609874,3.943,1.511,8.341,-0.802,0.695,0.887,2573,0
609894,3.625,1.226,8.684,-0.785,0.681,0.844,2559,0
609914,3.464,1.137,8.641,-0.729,0.537,0.807,2559,0
609934,3.467,1.367,8.657,-0.706,0.455,0.802,2559,0
609954,3.476,1.401,8.796,-0.755,0.492,0.842,2559,0
609974,3.491,0.929,9.076,-0.822,0.559,0.88,2561,0
609994,3.519,0.338,9.337,-0.836,0.581,0.889,2559,0
610014,3.546,-0.055,9.196,-0.802,0.444,0.86,2561,0
610034,3.704,-0.223,8.863,-0.738,0.312,0.802,2559,0
610054,3.697,-0.297,8.614,-0.655,0.292,0.751,2562,0
610074,3.663,-0.496,8.475,-0.582,0.341,0.74,2561,0
610094,3.768,-0.754,8.538,-0.539,0.437,0.733,2564,0
610114,3.677,-0.814,8.614,-0.57,0.478,0.721,2559,0
610134,3.445,-0.91,8.614,-0.612,0.414,0.704,2559,0
610154,3.345,-1.271,8.753,-0.594,0.352,0.69,2559,0
610174,3.553,-1.844,8.918,-0.508,0.396,0.672,2561,0
610194,3.481,-2.191,8.997,-0.362,0.422,0.59,2559,0
610214,3.194,-1.906,8.801,-0.271,0.35,0.483,2559,0
610234,2.83,-1.585,8.432,-0.271,0.229,0.434,2559,0
610254,2.816,-1.638,8.614,-0.319,0.223,0.475,2561,0
610274,2.878,-2.272,9.234,-0.29,0.339,0.476,2559,0
610294,2.806,-2.734,9.799,-0.163,0.36,0.388,2559,0
610314,2.543,-2.737,9.845,0.017,0.21,0.236,2559,0
610334,2.241,-2.579,9.529,0.205,-0.008,0.113,2559,0
610354,2.598,-2.222,9.33,0.353,-0.094,-0.001,2561,0
610374,2.37,-2.066,9.026,0.423,-0.127,0.03,2559,0
610394,2.473,-1.81,8.971,0.379,-0.021,0.033,2559,0
610414,2.751,-2.239,9.014,0.268,-0.081,0.033,2559,0
610434,2.971,-2.16,8.83,0.267,-0.123,-0.032,2559,0
610454,3.203,-1.901,8.574,0.279,-0.093,-0.132,2559,0
610474,2.99,-1.815,8.471,0.261,0.003,-0.155,2559,0
610494,3.402,-1.19,8.691,0.136,0.122,-0.2,2559,0
610514,2.969,-1.573,8.961,0.076,0.147,-0.105,2559,0
610534,2.959,-1.932,9.151,-0.023,0.145,-0.151,2559,0
610554,3.132,-1.788,9.347,-0.157,0.169,-0.406,2559,0
610574,3.069,-1.659,9.701,-0.183,0.245,-0.485,2559,0
610594,3.079,-1.319,9.618,-0.177,0.192,-0.439,2559,0
610614,2.926,-0.907,9.548,-0.232,0.1,-0.358,2559,0
610634,2.844,-0.974,9.428,-0.294,0.01,-0.301,2559,0
610654,2.935,-1.106,9.479,-0.391,-0.024,-0.402,2558,0
610674,2.928,-1.214,9.395,-0.504,-0.01,-0.383,2559,0
610694,3.11,-1.482,9.093,-0.406,-0.064,-0.278,2558,0
610714,3.189,-1.726,8.712,-0.244,-0.145,-0.179,2558,0
610734,3.112,-1.853,8.607,-0.099,-0.073,-0.123,2556,0
610754,3.096,-2.246,8.89,0.031,0.207,-0.116,2557,0
610774,3.462,-2.38,9.201,0.215,0.301,-0.139,2557,0
610794,3.053,-2.339,9.072,0.268,0.23,-0.203,2556,0
610814,2.892,-2.222,8.863,0.348,0.077,-0.146,2557,0
610834,2.923,-2.614,9.232,0.444,0.058,-0.096,2553,0
610854,3.072,-2.346,9.531,0.64,0.129,-0.224,2554,0
610874,3.026,-1.202,9.431,0.46,0.136,-0.385,2552,0
610894,2.641,-0.354,9.067,0.137,0.031,-0.365,2552,0
610914,2.588,-0.268,8.823,-0.165,-0.052,-0.211,2551,0
610934,2.775,-1.006,8.684,-0.169,-0.164,-0.023,2552,0
610954,2.962,-1.228,8.957,0.018,-0.021,-0.056,2550,0
610974,2.971,-0.63,9.074,0.14,0.119,-0.116,2549,0
610994,2.607,-0.517,9.155,0.126,0.177,-0.044,2549,0
611014,2.49,-0.656,9.129,0.064,0.086,0.077,2551,0
611034,2.43,-0.797,9.23,-0.045,0.035,0.133,2549,0
611054,2.454,-1.123,9.534,-0.172,0.1,0.162,2547,0
611074,2.507,-1.769,9.862,-0.207,0.146,0.145,2545,0
611094,2.533,-1.906,9.881,-0.196,0.1,0.12,2545,0
611114,2.555,-1.664,9.752,-0.356,0.003,0.034,2545,0
611134,2.315,-1.676,9.574,-0.428,-0.157,0.051,2547,0
611154,2.516,-2.021,9.505,-0.299,-0.216,0.13,2544,0
611174,2.842,-1.853,9.436,-0.136,-0.17,0.103,2543,0
611194,2.653,-1.949,9.081,0.126,-0.16,0.115,2544,0
611214,2.729,-1.906,8.88,0.435,-0.153,0.158,2543,0
611234,2.995,-1.365,8.729,0.586,-0.066,0.13,2543,0
611254,2.794,-0.864,8.775,0.551,0.095,0.134,2544,0
611274,2.368,-0.498,9.084,0.313,0.254,0.177,2543,0
611294,2.224,-0.761,9.273,0.306,0.318,0.292,2544,0
611314,2.286,-0.962,9.177,0.538,0.224,0.395,2544,0
611334,2.579,-0.548,8.911,0.596,0.153,0.443,2546,0
611354,2.014,-0.716,8.911,0.594,0.229,0.548,2544,0
611374,2.205,-1.216,9.139,0.588,0.402,0.598,2548,0
611394,2.294,-1.561,9.4,0.757,0.541,0.652,2544,0
611414,2.049,-1.211,9.464,0.84,0.469,0.595,2547,0
611434,2.002,-1.221,9.476,0.622,0.354,0.5,2545,0
611454,2.1,-1.118,9.735,0.405,0.333,0.484,2545,0
611474,2.069,-1.269,10.087,0.176,0.375,0.374,2546,0
611494,1.911,-1.302,10.489,-0.024,0.373,0.256,2545,0
611514,1.822,-1.013,10.391,-0.195,0.215,0.194,2543,0
611534,1.848,-1.051,10.252,-0.422,0.009,0.198,2543,0
611554,1.915,-1.298,10.197,-0.655,-0.097,0.159,2543,0
611574,1.906,-1.614,10.032,-0.724,-0.102,0.092,2544,0
611594,1.968,-1.523,9.673,-0.575,-0.151,0.068,2543,0
611614,2.002,-1.609,9.428,-0.34,-0.173,0.159,2542,0
611634,2.066,-1.46,9.328,-0.249,-0.078,0.139,2544,0
611654,1.903,-1.185,9.38,-0.361,0.077,0.095,2545,0
611674,1.697,-1.384,9.694,-0.445,0.13,0.083,2543,0
611694,1.609,-1.717,9.919,-0.378,0.035,0.088,2543,0
611714,1.561,-1.8,10.005,-0.291,-0.094,0.054,2542,0
611734,1.549,-1.76,9.776,-0.191,-0.177,0.065,2541,0
611754,1.398,-1.64,9.541,-0.164,-0.216,0.081,2541,0
611774,1.561,-1.499,9.361,-0.304,-0.219,0.068,2540,0
611794,1.645,-1.903,9.242,-0.29,-0.189,0.176,2539,0
611814,1.796,-2.2,9.026,-0.276,-0.23,0.184,2539,0
611834,1.774,-2.387,8.966,-0.031,-0.218,0.191,2538,0
611854,2.011,-2.54,9.1,0.21,-0.081,0.21,2539,0
611874,2.057,-2.205,9.009,0.244,0.022,0.171,2536,0
611894,1.956,-2.219,8.847,0.182,0.037,0.199,2537,0
611914,1.925,-2.629,8.978,0.224,0.036,0.267,2537,0
611934,1.448,-2.931,9.325,0.493,0.076,0.323,2535,0
611954,1.791,-2.988,9.651,0.81,0.086,0.325,2534,0
611974,1.982,-2.337,9.357,0.933,-0.006,0.221,2538,0
611994,2.011,-1.149,8.775,0.785,-0.13,0.135,2536,0
612014,1.882,-0.275,8.784,0.142,-0.109,0.048,2537,0
612034,1.719,-0.644,9.357,-0.46,0.13,0.11,2536,0
612054,1.544,-1.484,10.003,-0.659,0.208,0.128,2535,0
612074,1.417,-1.935,10.223,-0.488,-0.002,0.119,2535,0
612094,1.415,-2.143,10.01,-0.238,-0.237,0.126,2535,0
612114,1.451,-2.061,9.57,-0.151,-0.309,0.125,2537,0
612134,1.642,-2.303,9.716,-0.132,-0.145,0.155,2538,0
612154,1.659,-2.957,10.089,-0.063,0.033,0.119,2538,0
612174,1.733,-3.062,10.156,0.121,0.022,0.011,2538,0
612194,1.867,-2.737,9.912,0.269,-0.159,-0.077,2538,0
612214,1.992,-2.002,9.548,0.209,-0.293,-0.167,2538,0
612234,2.021,-1.274,9.342,-0.068,-0.277,-0.207,2537,0
612254,1.942,-1.496,9.266,-0.24,-0.212,-0.13,2537,0
612274,2.066,-1.812,9.33,-0.179,-0.154,-0.095,2534,0
612294,2.023,-1.537,9.222,-0.041,-0.126,-0.127,2533,0
612314,1.946,-1.08,9.175,-0.022,-0.062,-0.057,2535,0
612334,1.827,-1.183,9.201,-0.111,0.021,0.037,2534,0
612354,1.798,-1.537,9.311,-0.161,0.042,0.047,2532,0
612374,1.784,-1.504,9.256,-0.194,-0.019,0.012,2535,0
612394,1.815,-1.326,9.136,-0.167,-0.075,0.104,2534,0
612414,1.827,-1.784,9.139,-0.082,-0.087,0.263,2533,0
612434,1.954,-2.648,9.203,0.143,-0.019,0.328,2533,0
612454,2.109,-2.768,9.261,0.311,0.082,0.272,2533,0
612474,1.985,-2.507,9.256,0.282,0.085,0.217,2533,0
612494,1.987,-2.638,9.208,0.174,-0.025,0.213,2534,0
612514,2.076,-3.151,9.246,0.203,-0.061,0.207,2534,0
612534,2.021,-3.378,9.172,0.383,-0.023,0.166,2534,0
612554,1.937,-3.012,9.189,0.562,-0.002,0.107,2535,0
612574,1.736,-2.167,9.29,0.501,0.031,0.025,2534,0
612594,1.484,-1.571,9.486,0.279,0.096,0.007,2535,0
612614,1.408,-1.607,9.816,0.071,0.118,0.056,2536,0
612634,1.741,-1.709,9.967,0.064,0.088,0.056,2536,0
612654,1.456,-1.666,9.886,0.106,0.008,0.005,2535,0
612674,1.386,-1.518,9.685,0.145,-0.035,0.022,2533,0
612694,1.47,-1.279,9.445,0.1,-0.07,0.035,2535,0
612714,1.585,-1.305,9.378,-0.018,-0.048,0.052,2534,0
612734,1.63,-1.448,9.522,-0.107,0.03,0.033,2534,0
612754,1.676,-1.729,9.541,-0.119,0.036,0.051,2535,0
612774,1.832,-1.985,9.385,-0.054,-0.045,0.064,2535,0
612794,2.047,-2.004,9.328,0.011,-0.05,0.052,2535,0
612814,2.224,-2.002,9.529,-0.041,0.04,0.018,2535,0
612834,1.772,-1.75,9.991,-0.07,0.083,0.018,2534,0
612854,1.678,-1.877,10.137,-0.047,-0.091,0.049,2533,0
612874,1.808,-1.743,9.835,-0.022,-0.295,0.014,2532,0
612894,1.829,-1.578,9.673,-0.106,-0.327,-0.002,2536,0
612914,1.927,-1.858,9.814,-0.226,-0.276,0.016,2534,0
612934,1.762,-2.203,9.816,-0.237,-0.286,0.005,2540,0
612954,1.815,-2.447,9.577,-0.182,-0.393,-0.027,2537,0
612974,1.949,-2.5,9.213,-0.028,-0.495,-0.05,2536,0
612994,2.133,-2.286,8.787,0.146,-0.467,-0.059,2538,0
613014,2.195,-2.241,8.574,0.249,-0.317,-0.046,2537,0
613034,2.227,-2.14,8.502,0.305,-0.166,-0.052,2535,0
613054,2.219,-2.03,8.511,0.308,-0.062,-0.083,2537,0
613074,2.179,-1.985,8.633,0.262,0.024,-0.097,2536,0
613094,2.061,-2.619,9.232,0.199,0.17,-0.084,2535,0
613114,1.8,-3.014,10.075,0.121,0.344,-0.213,2536,0
613134,1.389,-3.294,10.362,0.406,0.209,-0.324,2536,0
613154,1.173,-3.017,10.42,0.746,-0.122,-0.446,2534,0
613174,1.195,-2.473,10.13,0.994,-0.404,-0.509,2535,0
613194,1.3,-2.138,9.759,1.108,-0.513,-0.574,2535,0
613214,1.484,-1.812,9.416,1.094,-0.524,-0.67,2536,0
613234,1.731,-1.53,9.222,1.01,-0.557,-0.763,2535,0
613254,1.856,-1.343,9.256,0.913,-0.594,-0.844,2534,0
613274,1.879,-1.094,9.34,0.853,-0.659,-0.924,2535,0
613294,2.145,-0.826,9.199,0.836,-0.753,-0.996,2534,0
613314,2.48,-0.625,9.074,0.845,-0.796,-1.049,2536,0
613334,2.576,-0.496,9.208,0.856,-0.729,-1.09,2534,0
613354,2.373,-0.132,9.402,0.868,-0.7,-1.139,2534,0
613374,2.425,0.156,9.311,0.835,-0.81,-1.183,2535,0
613394,2.921,0.17,9.11,0.831,-0.937,-1.213,2536,0
613414,3.261,0.314,8.875,0.882,-0.943,-1.282,2535,0
613434,3.115,0.797,8.916,0.914,-0.849,-1.351,2534,0
613454,3.141,1.513,8.93,0.933,-0.786,-1.397,2533,0
613474,3.46,2.143,8.851,0.96,-0.792,-1.405,2535,0
613494,3.9,3.021,8.631,0.948,-0.847,-1.358,2540,0
613514,4.199,3.836,8.538,0.846,-0.876,-1.257,2539,0
613534,4.338,4.468,8.478,0.682,-0.835,-1.116,2541,0
613554,4.58,4.468,8.454,0.578,-0.764,-0.958,2539,0
613574,4.743,4.357,8.298,0.626,-0.739,-0.835,2540,0
613594,4.827,4.733,8.013,0.698,-0.748,-0.731,2539,0
613614,4.712,5.167,7.985,0.647,-0.732,-0.601,2541,0
613634,4.53,5.399,8.049,0.546,-0.696,-0.447,2539,0
613654,4.53,5.119,7.846,0.504,-0.722,-0.324,2540,0
613674,4.709,4.913,7.511,0.537,-0.771,-0.231,2540,0
613694,4.669,4.822,7.274,0.542,-0.731,-0.146,2540,0
613714,4.448,4.867,7.156,0.488,-0.676,-0.104,2538,0
613734,4.492,4.594,7.061,0.446,-0.688,-0.073,2537,0
613754,4.748,4.329,6.807,0.5,-0.733,-0.059,2539,0
613774,4.774,4.353,6.618,0.584,-0.734,-0.052,2539,0
613794,4.7,4.527,6.27,0.643,-0.742,-0.045,2538,0
613814,4.966,4.48,5.753,0.684,-0.771,-0.039,2539,0
613834,5.361,4.345,5.212,0.757,-0.766,-0.052,2538,0
613854,5.607,4.501,5.071,0.763,-0.608,-0.08,2538,0
613874,5.66,4.827,4.975,0.611,-0.343,-0.096,2539,0
613894,5.562,5.126,5.102,0.399,-0.188,-0.069,2538,0
613914,5.71,4.817,5.291,0.248,-0.139,-0.021,2540,0
613934,6.029,4.36,5.373,0.265,-0.063,-0.018,2538,0
613954,6.428,4.262,5.181,0.376,0.076,-0.032,2539,0
613974,6.548,4.52,5.167,0.442,0.277,-0.019,2539,0
613994,6.443,4.496,5.638,0.401,0.506,0.012,2539,0
614014,6.215,4.369,6.163,0.35,0.651,0.003,2539,0
614034,5.871,4.745,6.546,0.301,0.674,-0.024,2538,0
614054,5.435,5.114,6.804,0.223,0.59,0.01,2538,0
614074,5.183,5.401,6.833,0.202,0.437,0.079,2538,0
614094,5.174,5.48,6.637,0.278,0.352,0.128,2541,0
614114,5.262,5.253,6.536,0.4,0.426,0.158,2537,0
614134,5.157,5.188,6.84,0.58,0.636,0.169,2538,0
614154,4.882,5.215,7.391,0.703,0.795,0.177,2536,0
614174,4.638,5.236,7.671,0.718,0.784,0.195,2533,0
614194,4.566,5.128,7.616,0.736,0.586,0.185,2534,0
614214,4.623,5.495,7.377,0.688,0.438,0.156,2534,0
614234,4.614,5.909,7.216,0.479,0.416,0.133,2533,0
614254,4.506,5.643,7.233,0.319,0.458,0.184,2533,0
614274,4.551,5.114,7.427,0.311,0.403,0.167,2532,0
614294,4.63,4.865,7.496,0.485,0.317,0.102,2534,0
614314,4.532,5.037,7.41,0.684,0.276,0.036,2533,0
614334,4.42,5.476,7.252,0.738,0.255,0.011,2534,0
614354,4.334,5.677,7.135,0.641,0.205,0.015,2531,0
614374,4.489,5.535,6.974,0.523,0.133,0.001,2533,0
614394,4.539,5.468,6.891,0.5,0.108,-0.044,2532,0
614414,4.374,5.562,6.85,0.528,0.086,-0.08,2533,0
614434,4.19,5.952,6.759,0.566,0.016,-0.072,2532,0
614454,4.221,6.287,6.579,0.484,-0.027,-0.064,2532,0
614474,4.252,6.29,6.404,0.342,-0.042,-0.065,2532,0
614494,4.336,6.103,6.364,0.268,-0.053,-0.075,2532,0
614514,4.367,6.072,6.359,0.29,-0.031,-0.094,2531,0
614534,4.278,6.213,6.294,0.324,-0.01,-0.106,2531,0
614554,4.204,6.412,6.211,0.32,-0.019,-0.106,2532,0
614574,4.247,6.486,6.141,0.279,-0.041,-0.086,2532,0
614594,4.3,6.462,6.081,0.265,-0.039,-0.081,2532,0
614614,4.295,6.436,6.144,0.29,-0.023,-0.08,2534,0
614634,4.278,6.364,6.225,0.327,-0.026,-0.07,2531,0
614654,4.264,6.402,6.179,0.351,-0.071,-0.072,2531,0
614674,4.228,6.548,6.122,0.342,-0.11,-0.092,2532,0
614694,4.326,6.546,6.395,0.27,-0.075,-0.09,2532,0
614714,4.233,6.44,6.677,0.175,-0.097,-0.099,2532,0
614734,4.147,6.292,6.613,0.127,-0.261,-0.14,2531,0
614754,4.25,6.256,6.476,0.128,-0.411,-0.169,2533,0
614774,4.276,6.373,6.481,0.155,-0.421,-0.196,2531,0
614794,4.202,6.551,6.467,0.217,-0.436,-0.229,2530,0
614814,4.094,6.63,6.144,0.325,-0.528,-0.256,2532,0
614834,4.187,6.716,5.727,0.419,-0.596,-0.262,2531,0
614854,4.259,6.881,5.526,0.441,-0.571,-0.257,2530,0
614874,4.178,7.008,5.385,0.394,-0.547,-0.266,2530,0
614894,4.015,7.08,5.049,0.346,-0.562,-0.284,2532,0
614914,4.281,7.168,4.956,0.305,-0.55,-0.262,2531,0
614934,4.314,7.135,4.786,0.191,-0.47,-0.219,2531,0
614954,4.365,6.962,4.956,0.109,-0.367,-0.202,2532,0
614974,4.355,7.025,5.025,0.093,-0.339,-0.252,2533,0
614994,4.231,7.29,5.207,0.113,-0.343,-0.275,2529,0
615014,4.187,7.46,5.339,0.111,-0.383,-0.229,2531,0
615034,4.324,7.36,5.303,0.103,-0.438,-0.187,2531,0
615054,4.441,7.278,5.164,0.099,-0.48,-0.186,2530,0
615074,4.503,7.345,5.234,0.064,-0.455,-0.181,2531,0
615094,4.475,7.379,5.286,-0.003,-0.433,-0.176,2532,0
615114,4.391,7.384,5.284,-0.071,-0.479,-0.178,2532,0
615134,4.338,7.264,5.291,-0.13,-0.54,-0.181,2531,0
615154,4.25,7.163,5.298,-0.164,-0.593,-0.186,2531,0
615174,4.173,7.175,5.25,-0.216,-0.639,-0.204,2534,0
615194,4.087,7.159,5.136,-0.302,-0.664,-0.223,2530,0
615214,3.994,7.108,5.253,-0.426,-0.664,-0.214,2530,0
615234,3.9,6.962,5.478,-0.588,-0.671,-0.203,2531,0
615254,3.91,6.61,5.722,-0.751,-0.695,-0.222,2532,0
615274,3.931,6.115,5.717,-0.811,-0.796,-0.298,2532,0
615294,3.934,5.892,5.488,-0.745,-0.921,-0.413,2532,0
615314,3.785,6.057,5.215,-0.706,-0.976,-0.496,2531,0
615334,3.874,6.196,5.112,-0.863,-0.904,-0.515,2531,0
615354,3.979,6.055,5.116,-1.125,-0.799,-0.55,2534,0
615374,4.037,5.657,5.042,-1.404,-0.794,-0.669,2532,0
615394,3.96,5.519,4.889,-1.575,-0.867,-0.811,2532,0
615414,3.819,5.581,4.741,-1.726,-0.897,-0.923,2537,0
615434,3.828,5.282,5.095,-1.691,-0.736,-1.031,2532,0
615454,3.828,4.985,5.614,-1.268,-0.488,-1.159,2532,0
615474,3.606,5.344,5.662,-0.58,-0.372,-1.278,2531,0
615494,3.318,6.481,5.385,0.014,-0.394,-1.347,2533,0
615514,3.297,7.705,5.08,0.253,-0.405,-1.327,2530,0
615534,3.452,8.478,5.085,0.178,-0.297,-1.244,2532,0
615554,3.438,8.708,5.188,0.039,-0.252,-1.179,2532,0
615574,3.795,8.681,5.028,-0.064,-0.358,-1.133,2532,0
615594,4.741,8.818,4.602,-0.14,-0.443,-1.064,2534,0
615614,5.638,9.201,4.477,-0.225,-0.395,-0.947,2540,0
615634,5.878,9.364,4.647,-0.327,-0.277,-0.786,2537,0
615654,5.332,9.574,5.069,-0.371,-0.205,-0.615,2537,0
615674,4.468,9.668,5.339,-0.422,-0.242,-0.458,2537,0
615694,3.843,9.385,5.416,-0.498,-0.317,-0.32,2535,0
615714,3.45,8.844,5.375,-0.555,-0.378,-0.213,2533,0
615734,3.23,8.183,5.526,-0.478,-0.355,-0.175,2535,0
615754,3.153,7.609,5.531,-0.232,-0.302,-0.169,2532,0
615774,3.282,7.389,5.277,0.062,-0.265,-0.149,2532,0
615794,3.462,7.195,5.006,0.254,-0.237,-0.123,2533,0
615814,3.572,7.151,4.834,0.318,-0.201,-0.114,2532,0
615834,3.555,7.262,4.788,0.272,-0.15,-0.126,2531,0
615854,3.397,7.451,4.681,0.147,-0.124,-0.133,2531,0
615874,3.369,7.444,4.743,0.024,-0.088,-0.107,2532,0
615894,3.431,7.228,4.954,-0.01,-0.012,-0.065,2531,0
615914,3.407,7.13,5.195,0.042,0.072,-0.062,2532,0
615934,3.235,7.324,5.425,0.113,0.104,-0.082,2533,0
615954,3.189,7.537,5.555,0.149,0.076,-0.064,2531,0
615974,3.361,7.494,5.511,0.159,0.055,-0.024,2531,0
615994,3.474,7.372,5.622,0.167,0.089,-0.005,2531,0
616014,3.512,7.29,5.763,0.181,0.137,-0.01,2532,0
616034,3.488,7.298,5.897,0.2,0.153,-0.018,2530,0
616054,3.462,7.286,5.981,0.228,0.128,-0.026,2531,0
616074,3.338,7.295,6.048,0.293,0.095,-0.04,2531,0
616094,3.237,7.432,6.103,0.361,0.078,-0.037,2530,0
616114,3.184,7.532,6.134,0.396,0.039,-0.019,2532,0
616134,3.215,7.496,6.014,0.399,-0.015,-0.016,2531,0
616154,3.278,7.479,5.83,0.39,-0.065,-0.021,2532,0
616174,3.266,7.558,5.646,0.344,-0.093,-0.022,2531,0
616194,3.17,7.702,5.547,0.241,-0.106,-0.011,2531,0
616214,3.148,7.673,5.533,0.135,-0.123,0.001,2531,0
616234,3.182,7.52,5.49,0.078,-0.136,-0.002,2530,0
616254,3.239,7.386,5.409,0.075,-0.135,-0.017,2531,0
616274,3.22,7.415,5.327,0.082,-0.115,-0.024,2532,0
616294,3.244,7.396,5.356,0.068,-0.087,-0.024,2532,0
616314,3.261,7.341,5.435,0.078,-0.063,-0.045,2531,0
616334,3.223,7.453,5.461,0.12,-0.07,-0.072,2530,0
616354,3.201,7.649,5.32,0.139,-0.103,-0.075,2532,0
616374,3.263,7.688,5.176,0.124,-0.116,-0.062,2531,0
616394,3.314,7.654,5.136,0.108,-0.095,-0.052,2531,0
616414,3.28,7.75,5.174,0.088,-0.053,-0.051,2529,0
616434,3.211,7.843,5.239,0.068,-0.052,-0.049,2529,0
616454,3.218,7.91,5.152,0.043,-0.086,-0.041,2531,0
616474,3.282,7.867,5.052,0.029,-0.101,-0.027,2530,0
616494,3.299,7.781,5.001,0.042,-0.084,-0.01,2532,0
616514,3.306,7.736,4.982,0.074,-0.055,0.0,2531,0
616534,3.294,7.76,4.958,0.087,-0.025,0.01,2532,0
616554,3.268,7.702,4.987,0.07,-0.016,0.025,2531,0
616574,3.251,7.599,4.982,0.042,-0.023,0.029,2532,0
616594,3.282,7.518,4.973,0.03,-0.027,0.017,2531,0
616614,3.259,7.53,4.968,0.037,-0.007,0.001,2531,0
616634,3.201,7.673,5.066,0.039,0.02,-0.001,2530,0
616654,3.225,7.657,5.121,0.04,0.019,0.008,2531,0
616674,3.311,7.554,5.073,0.054,0.019,0.012,2531,0
616694,3.299,7.578,5.131,0.06,0.034,0.012,2534,0
616714,3.213,7.609,5.229,0.044,0.044,0.009,2530,0
616734,3.191,7.635,5.332,0.037,0.029,0.003,2531,0
616754,3.227,7.616,5.298,0.052,0.002,-0.002,2531,0
616774,3.23,7.633,5.246,0.07,-0.004,-0.005,2530,0
616794,3.22,7.697,5.236,0.063,0.023,-0.005,2530,0
616814,3.232,7.709,5.286,0.037,0.032,0.002,2530,0
616834,3.251,7.63,5.294,0.027,0.012,0.002,2530,0
616854,3.263,7.64,5.289,0.031,-0.003,-0.007,2532,0
616874,3.239,7.647,5.255,0.034,0.002,-0.006,2531,0
616894,3.203,7.707,5.296,0.041,0.014,-0.008,2530,0
616914,3.175,7.702,5.291,0.043,0.01,-0.006,2530,0
616934,3.187,7.707,5.286,0.04,-0.012,-0.0,2532,0
616954,3.172,7.705,5.265,0.036,-0.024,-0.002,2529,0
616974,3.177,7.707,5.239,0.03,-0.026,0.0,2531,0
616994,3.189,7.683,5.212,0.037,-0.026,0.003,2528,0
617014,3.208,7.676,5.188,0.046,-0.017,0.005,2529,0
617034,3.179,7.714,5.207,0.037,0.01,0.004,2530,0
617054,3.127,7.712,5.272,0.025,0.011,0.012,2530,0
617074,3.122,7.611,5.265,0.031,-0.008,0.019,2530,0
617094,3.235,7.503,5.174,0.055,-0.012,0.021,2530,0
617114,3.27,7.463,5.109,0.067,0.012,0.011,2530,0
617134,3.189,7.58,5.145,0.041,0.039,-0.009,2531,0
617154,3.117,7.666,5.21,0.007,0.033,-0.017,2529,0
617174,3.117,7.717,5.286,0.007,-0.001,-0.017,2532,0
617194,3.148,7.728,5.277,0.046,-0.021,-0.003,2531,0
617214,3.177,7.76,5.198,0.071,-0.0,0.007,2531,0
617234,3.163,7.803,5.138,0.058,0.018,0.021,2530,0
617254,3.153,7.762,5.16,0.034,0.015,0.035,2532,0
617274,3.165,7.712,5.243,0.022,0.027,0.043,2529,0
617294,3.132,7.652,5.365,0.03,0.029,0.044,2530,0
617314,3.127,7.638,5.375,0.05,0.001,0.04,2530,0
617334,3.17,7.736,5.298,0.058,-0.019,0.038,2529,0
617354,3.151,7.836,5.248,0.035,-0.027,0.048,2530,0
617374,3.156,7.829,5.229,0.017,-0.031,0.062,2529,0
617394,3.206,7.834,5.243,0.027,-0.008,0.072,2530,0
617414,3.182,7.894,5.298,0.021,0.024,0.087,2529,0
617434,3.163,7.798,5.315,0.01,0.016,0.102,2531,0
617454,3.232,7.676,5.294,0.033,-0.002,0.115,2531,0
617474,3.316,7.597,5.267,0.058,0.014,0.12,2529,0
617494,3.294,7.487,5.332,0.068,0.035,0.111,2531,0
617514,3.311,7.357,5.349,0.086,0.009,0.098,2531,0
617534,3.304,7.3,5.325,0.098,-0.034,0.08,2530,0
617554,3.359,7.151,5.229,0.117,-0.052,0.062,2530,0
617574,3.383,7.068,5.205,0.156,-0.041,0.029,2529,0
617594,3.282,7.089,5.212,0.173,-0.037,-0.009,2530,0
617614,3.306,7.015,5.164,0.18,-0.066,-0.031,2529,0
617634,3.448,6.828,5.136,0.209,-0.088,-0.066,2530,0
617654,3.462,6.759,5.179,0.266,-0.094,-0.114,2528,0
617674,3.352,6.974,5.171,0.312,-0.095,-0.177,2529,0
617694,3.191,7.266,5.102,0.326,-0.123,-0.226,2529,0
617714,3.182,7.247,5.042,0.325,-0.203,-0.253,2529,0
617734,3.266,6.95,5.023,0.411,-0.292,-0.286,2530,0
617754,3.232,6.333,5.167,0.621,-0.443,-0.357,2530,0
617774,3.321,5.926,4.956,0.961,-0.695,-0.479,2529,0
617794,3.175,7.12,4.985,1.21,-0.881,-0.641,2532,0
617814,2.902,7.879,4.58,1.137,-0.946,-0.723,2534,0
617834,3.043,7.697,4.137,0.979,-0.92,-0.729,2534,0
617854,3.179,7.329,3.881,0.997,-0.838,-0.792,2532,0
617874,2.957,7.331,3.508,1.167,-0.735,-0.933,2532,0
617894,2.643,7.726,3.357,1.38,-0.641,-1.091,2533,0
617914,1.935,9.072,3.048,1.464,-0.611,-1.204,2533,0
617934,1.65,9.883,2.464,1.235,-0.583,-1.152,2531,0
617954,1.719,10.089,2.279,0.91,-0.53,-1.03,2532,0
617974,1.731,10.132,2.303,0.677,-0.46,-0.947,2530,0
617994,1.652,10.223,2.31,0.592,-0.395,-0.908,2530,0
618014,1.597,10.52,2.251,0.6,-0.364,-0.825,2529,0
618034,1.453,11.056,1.973,0.509,-0.386,-0.666,2528,0
618054,1.415,11.121,1.753,0.273,-0.382,-0.476,2527,0
618074,1.458,11.03,1.697,0.001,-0.317,-0.29,2528,0
618094,1.403,10.807,2.018,-0.188,-0.284,-0.168,2528,0
618114,1.298,10.704,2.114,-0.252,-0.346,-0.075,2526,0
618134,1.331,10.46,1.925,-0.25,-0.399,0.025,2526,0
618154,1.592,10.048,1.832,-0.162,-0.354,0.087,2525,0
618174,1.745,9.962,1.743,-0.029,-0.233,0.084,2524,0
618194,1.544,10.154,1.671,0.012,-0.131,0.091,2523,0
618214,1.36,10.254,1.628,-0.076,-0.113,0.18,2525,0
618234,1.477,10.271,1.611,-0.221,-0.091,0.3,2522,0
618254,1.652,9.931,1.717,-0.301,-0.001,0.356,2521,0
618274,1.733,9.622,1.841,-0.288,0.08,0.37,2521,0
618294,1.76,9.448,1.939,-0.203,0.111,0.378,2523,0
618314,1.767,9.481,2.047,-0.122,0.086,0.376,2521,0
618334,1.796,9.62,2.009,-0.137,0.066,0.372,2520,0
618354,1.894,9.601,2.124,-0.195,0.08,0.373,2520,0
618374,2.035,9.529,2.174,-0.253,0.068,0.391,2518,0
618394,2.035,9.404,2.253,-0.277,0.051,0.397,2517,0
618414,2.105,9.392,2.452,-0.263,-0.006,0.411,2519,0
618434,2.289,9.323,2.538,-0.219,-0.067,0.434,2519,0
618454,2.464,9.306,2.488,-0.178,-0.007,0.459,2522,0
618474,2.602,9.098,2.512,-0.123,0.072,0.443,2521,0
618494,2.677,9.041,2.531,-0.063,0.138,0.408,2519,0
618514,2.614,9.115,2.689,-0.111,0.172,0.399,2518,0
618534,2.586,9.05,2.919,-0.167,0.179,0.408,2521,0
618554,2.703,8.882,3.01,-0.157,0.145,0.419,2519,0
618574,2.866,8.832,2.954,-0.116,0.123,0.41,2527,0
618594,2.82,8.729,2.88,-0.097,0.119,0.399,2536,0
618614,2.825,8.849,2.95,-0.135,0.128,0.402,2545,0
618634,2.859,8.885,2.919,-0.257,0.121,0.428,2550,0
618654,2.942,8.813,2.966,-0.371,0.111,0.452,2557,0
618674,3.026,8.722,3.144,-0.354,0.127,0.44,2559,0
618694,3.129,8.729,3.211,-0.284,0.177,0.444,2558,0
618714,3.285,8.581,3.29,-0.229,0.229,0.478,2559,0
618734,3.361,8.535,3.323,-0.195,0.254,0.475,2558,0
618754,3.321,8.533,3.342,-0.217,0.223,0.462,2558,0
618774,3.414,8.396,3.424,-0.223,0.19,0.46,2557,0
618794,3.56,8.315,3.644,-0.204,0.241,0.459,2555,0
618814,3.61,8.27,3.745,-0.16,0.289,0.461,2555,0
618834,3.642,8.21,3.768,-0.118,0.283,0.457,2553,0
618854,3.654,8.109,3.692,-0.099,0.232,0.442,2552,0
618874,3.747,8.085,3.661,-0.112,0.204,0.424,2550,0
618894,3.857,7.946,3.8,-0.149,0.245,0.421,2548,0
618914,3.857,7.776,3.926,-0.166,0.311,0.419,2549,0
618934,3.824,7.594,4.001,-0.126,0.321,0.393,2549,0
618954,3.833,7.539,4.085,-0.044,0.3,0.342,2547,0
618974,3.883,7.626,4.125,0.01,0.303,0.314,2548,0
618994,3.962,7.53,4.231,0.023,0.326,0.303,2547,0
619014,4.01,7.513,4.3,0.035,0.315,0.271,2546,0
619034,3.977,7.556,4.317,-0.038,0.266,0.241,2545,0
619054,3.857,7.705,4.42,-0.173,0.144,0.228,2545,0
619074,3.838,7.908,4.408,-0.387,-0.025,0.248,2544,0
619094,3.989,7.93,4.322,-0.612,-0.092,0.275,2542,0
619114,4.075,7.791,4.345,-0.747,-0.066,0.313,2541,0
619134,4.173,7.532,4.551,-0.645,-0.016,0.313,2540,0
619154,4.202,7.623,4.647,-0.353,0.007,0.269,2538,0
619174,4.113,7.956,4.657,-0.008,-0.052,0.246,2537,0
619194,4.008,8.449,4.044,0.207,-0.11,0.269,2533,0
619214,4.065,8.995,3.591,0.203,-0.063,0.343,2530,0
619234,4.228,9.222,3.311,0.048,0.071,0.438,2530,0
619254,4.14,9.139,3.596,0.002,0.14,0.538,2531,0
619274,3.946,9.268,3.792,0.036,0.052,0.742,2529,0
619294,4.187,8.851,3.704,0.048,0.007,0.946,2527,0
619314,4.633,8.25,3.594,0.058,0.084,1.01,2527,0
619334,4.822,7.896,3.622,0.004,0.195,1.021,2527,0
619354,4.891,7.496,4.175,-0.103,0.254,1.114,2526,0
619374,4.891,7.061,4.544,-0.254,0.282,1.226,2525,0
619394,4.975,6.443,4.934,-0.415,0.212,1.297,2523,0
619414,5.171,5.784,5.08,-0.444,0.088,1.251,2520,0
619434,5.344,5.418,5.14,-0.33,0.052,1.136,2518,0
619454,5.646,5.239,5.488,-0.197,0.154,1.082,2519,0
619474,5.78,4.903,6.021,-0.171,0.257,1.046,2520,0
619494,5.808,4.578,6.436,-0.095,0.221,0.925,2523,0
619514,5.722,4.556,6.553,0.091,0.018,0.802,2527,0
619534,6.026,4.7,6.309,0.249,-0.144,0.722,2526,0
619554,6.12,4.741,5.993,0.277,-0.047,0.675,2527,0
619574,6.201,4.592,6.117,0.177,0.051,0.644,2526,0
619594,6.167,4.587,6.328,0.131,0.005,0.579,2525,0
619614,6.235,4.544,6.254,0.149,-0.121,0.524,2521,0
619634,6.536,4.362,5.95,0.145,-0.176,0.469,2519,0
619654,6.692,4.185,5.641,0.164,-0.158,0.347,2515,0
619674,6.582,4.305,5.377,0.086,-0.104,0.248,2514,0
619694,6.519,4.348,5.291,0.143,-0.106,0.172,2514,0
619714,6.579,4.403,5.143,0.113,-0.122,0.117,2515,0
619734,6.644,4.439,5.162,0.134,-0.102,0.075,2516,0
619754,6.718,4.456,4.997,0.187,-0.063,0.031,2514,0
619774,6.651,4.59,4.846,0.225,-0.021,-0.031,2515,163
619794,6.529,4.848,4.81,0.229,-0.031,-0.099,2514,1400
619814,6.409,5.291,4.702,0.203,-0.071,-0.128,2516,1839
619834,6.419,5.509,4.597,0.133,-0.108,-0.088,2516,1969
619854,6.57,5.339,4.587,0.063,-0.103,-0.037,2515,2272
619874,6.756,5.128,4.647,0.064,-0.059,-0.06,2514,2482
619894,6.665,5.104,4.683,0.171,-0.023,-0.136,2520,2558
619914,6.529,5.253,4.657,0.318,-0.025,-0.18,2515,2643
619934,6.5,5.571,4.566,0.411,-0.043,-0.187,2516,2606
619954,6.517,5.856,4.518,0.352,-0.019,-0.15,2516,2317
619974,6.539,6.06,4.551,0.152,0.017,-0.085,2515,2457
619994,6.543,5.832,4.683,0.01,0.025,-0.046,2513,2427
620014,6.594,5.559,4.815,0.008,0.008,-0.05,2514,2369
620034,6.534,5.571,4.81,0.073,0.007,-0.06,2514,2260
620054,6.527,5.636,4.865,0.128,0.023,-0.055,2513,2145
620074,6.505,5.547,4.851,0.122,0.029,-0.044,2515,2064
620094,6.464,5.574,4.934,0.068,0.032,-0.051,2513,1790
620114,6.404,5.567,5.083,0.043,0.004,-0.06,2512,1561
620134,6.421,5.629,5.047,0.079,-0.035,-0.076,2513,1841
620154,6.472,5.612,4.956,0.109,-0.035,-0.071,2512,2122
620174,6.589,5.375,5.054,0.177,-0.022,-0.104,2510,2355
620194,6.503,5.246,4.891,0.271,-0.021,-0.159,2510,2486
620214,6.443,5.332,4.872,0.34,-0.038,-0.217,2508,2798
620234,6.419,5.389,4.875,0.374,-0.072,-0.284,2510,2954
620254,6.318,5.385,4.858,0.423,-0.131,-0.353,2509,2910
620274,6.357,5.588,4.829,0.527,-0.169,-0.426,2510,2915
620294,6.311,5.78,4.642,0.638,-0.185,-0.483,2511,2669
620314,6.208,6.347,4.453,0.656,-0.163,-0.486,2511,2669
620334,6.235,6.543,4.372,0.553,-0.13,-0.427,2510,2585
620354,6.122,6.531,4.312,0.448,-0.147,-0.411,2511,2559
620374,6.053,6.742,4.264,0.358,-0.173,-0.387,2511,2469
620394,6.009,6.819,4.233,0.278,-0.174,-0.343,2512,2374
620414,5.962,6.723,4.178,0.249,-0.188,-0.301,2511,2144
620434,5.981,6.603,4.073,0.268,-0.22,-0.284,2511,2038
620454,6.029,6.586,3.9,0.251,-0.202,-0.292,2511,1996
620474,5.918,6.651,3.953,0.248,-0.157,-0.315,2511,1980
620494,5.804,6.663,4.053,0.29,-0.193,-0.308,2511,2008
620514,5.914,6.541,4.022,0.361,-0.238,-0.315,2511,2014
620534,6.026,6.553,4.063,0.369,-0.221,-0.313,2510,1641
620554,5.986,6.615,4.305,0.201,-0.207,-0.258,2509,1649
620574,5.83,6.412,4.702,-0.03,-0.303,-0.226,2508,1665
620594,5.959,6.045,4.827,-0.14,-0.468,-0.268,2505,1412
620614,6.021,5.954,4.695,-0.1,-0.582,-0.375,2504,1482
620634,5.938,6.17,4.535,0.018,-0.633,-0.491,2507,1479
620654,5.772,6.821,4.345,0.147,-0.642,-0.594,2506,1395
620674,5.593,7.293,4.118,0.268,-0.657,-0.663,2506,1284
620694,5.416,7.709,3.819,0.358,-0.687,-0.682,2504,1285
620714,5.174,8.183,3.543,0.362,-0.733,-0.65,2503,1279
620734,5.011,8.519,3.187,0.294,-0.773,-0.544,2505,1291
620754,5.037,8.622,2.83,0.184,-0.752,-0.432,2504,1328
620774,5.088,8.423,2.497,0.092,-0.713,-0.332,2504,1156
620794,5.205,8.14,2.224,0.052,-0.671,-0.288,2507,1267
620814,5.171,7.896,1.942,0.084,-0.599,-0.285,2508,1191
620834,5.207,8.004,1.848,0.2,-0.548,-0.278,2509,962
620854,5.337,8.109,1.654,0.273,-0.536,-0.279,2509,698
620874,5.353,8.047,1.417,0.303,-0.483,-0.272,2512,618
620894,5.404,8.037,1.13,0.308,-0.406,-0.244,2513,326
620914,5.349,8.066,0.996,0.265,-0.308,-0.205,2512,182
620934,5.234,8.195,0.895,0.173,-0.245,-0.155,2515,120
620954,5.152,8.152,0.836,0.049,-0.224,-0.107,2513,260
620974,5.167,7.954,0.838,-0.04,-0.2,-0.089,2513,194
620994,5.181,7.887,0.958,0.005,-0.122,-0.103,2513,217
621014,5.198,8.092,1.135,0.061,-0.022,-0.072,2512,239
621034,5.157,8.025,1.255,0.108,0.032,-0.064,2513,105
621054,5.08,8.124,1.305,0.157,0.032,-0.083,2513,80
621074,5.148,8.258,1.274,0.18,0.051,-0.087,2512,116
621094,5.133,8.358,1.429,0.164,0.12,-0.058,2512,174
621114,5.143,8.392,1.654,0.128,0.177,-0.01,2512,170
621134,5.15,8.26,1.908,0.127,0.2,0.024,2513,153
621154,5.217,8.133,1.937,0.127,0.207,0.038,2513,140
621174,5.246,8.045,1.98,0.123,0.215,0.034,2513,239
621194,5.222,8.152,2.184,0.078,0.239,0.025,2512,73
621214,5.183,8.104,2.421,0.05,0.238,0.034,2513,0
621234,5.205,7.997,2.459,0.063,0.204,0.035,2512,0
621254,5.265,7.872,2.437,0.105,0.168,0.021,2512,241
621274,5.339,7.903,2.399,0.14,0.161,0.004,2514,75
621294,5.265,8.116,2.48,0.118,0.167,0.017,2514,71
621314,5.186,8.198,2.607,0.057,0.16,0.047,2513,135
621334,5.171,8.045,2.607,0.042,0.108,0.052,2512,95
621354,5.205,7.867,2.519,0.079,0.062,0.029,2513,142
621374,5.229,7.906,2.354,0.115,0.057,0.014,2513,115
621394,5.267,7.956,2.358,0.103,0.087,0.032,2513,0
621414,5.262,7.894,2.387,0.064,0.1,0.04,2514,0
621434,5.243,7.822,2.444,0.052,0.086,0.017,2513,0
621454,5.188,7.91,2.361,0.068,0.05,-0.009,2514,0
621474,5.171,8.037,2.272,0.07,0.027,-0.013,2515,0
621494,5.181,8.013,2.236,0.064,0.027,0.0,2514,0
621514,5.203,8.018,2.286,0.076,0.029,0.005,2513,0
621534,5.284,8.045,2.315,0.086,0.049,0.011,2514,0
621554,5.267,8.042,2.318,0.086,0.051,0.019,2513,0
621574,5.243,7.994,2.344,0.085,0.031,0.023,2515,0
621594,5.222,8.009,2.327,0.076,0.014,0.029,2513,0
621614,5.231,8.016,2.394,0.063,0.015,0.032,2515,0
621634,5.224,7.975,2.452,0.058,0.006,0.019,2513,0
621654,5.243,7.977,2.421,0.079,-0.016,0.01,2514,0
621674,5.231,8.006,2.346,0.089,-0.029,0.009,2513,0
621694,5.195,7.985,2.303,0.074,-0.021,0.016,2512,0
621714,5.155,8.006,2.38,0.056,-0.004,0.018,2513,0
621734,5.167,7.975,2.459,0.059,-0.002,0.023,2515,0
621754,5.195,7.906,2.377,0.079,-0.03,0.019,2513,0
621774,5.227,7.918,2.289,0.085,-0.048,0.012,2513,0
621794,5.243,8.028,2.282,0.074,-0.041,0.015,2513,0
621814,5.246,7.997,2.284,0.061,-0.038,0.013,2512,0
621834,5.267,7.987,2.258,0.062,-0.051,0.001,2511,0
621854,5.315,7.939,2.2,0.05,-0.058,-0.01,2514,0
621874,5.291,7.942,2.174,0.045,-0.054,-0.017,2514,0
621894,5.169,7.958,2.258,0.041,-0.06,-0.024,2513,0
621914,5.174,8.109,2.231,0.055,-0.066,-0.009,2513,0
621934,5.203,8.088,2.114,0.083,-0.065,-0.006,2512,0
621954,5.188,8.097,2.052,0.111,-0.058,-0.005,2512,0
621974,5.215,8.138,2.016,0.099,-0.046,0.011,2512,0
621994,5.227,8.047,2.069,0.042,-0.025,0.035,2512,0
622014,5.231,7.851,2.174,0.024,-0.023,0.036,2513,0
622034,5.272,7.831,2.162,0.062,-0.035,0.015,2513,0
622054,5.25,7.958,2.045,0.088,-0.038,-0.007,2513,0
622074,5.212,8.061,1.997,0.068,-0.034,-0.012,2513,0
622094,5.234,8.059,1.987,0.032,-0.022,0.003,2516,0
622114,5.248,7.977,2.064,0.025,-0.004,0.01,2513,0
622134,5.272,7.977,2.028,0.049,0.0,0.005,2513,0
622154,5.231,8.049,1.994,0.066,0.002,-0.005,2512,0
622174,5.224,8.102,2.059,0.049,0.017,0.002,2514,0
622194,5.219,8.042,2.109,0.036,0.027,0.012,2512,0
622214,5.21,7.98,2.148,0.047,0.023,0.007,2512,0
622234,5.207,8.052,2.109,0.06,0.019,0.001,2513,0
622254,5.212,8.107,2.162,0.042,0.029,0.017,2514,0
622274,5.227,8.001,2.277,0.039,0.036,0.033,2513,0
622294,5.274,7.956,2.303,0.064,0.041,0.028,2515,0
622314,5.253,7.968,2.282,0.072,0.034,0.021,2513,0
622334,5.262,7.906,2.27,0.048,0.018,0.022,2515,0
622354,5.243,7.954,2.377,0.03,0.014,0.014,2513,0
622374,5.215,7.951,2.433,0.008,0.001,0.021,2513,0
622394,5.296,7.882,2.43,0.036,-0.023,0.006,2512,0
622414,5.344,7.968,2.356,0.078,-0.032,-0.012,2514,0
622434,5.298,8.035,2.296,0.064,-0.027,-0.003,2513,0
622454,5.224,8.052,2.32,0.034,-0.033,0.013,2513,0
622474,5.241,7.997,2.339,0.026,-0.041,0.013,2513,0
622494,5.212,8.021,2.339,0.028,-0.039,0.01,2513,0
622514,5.219,7.999,2.265,0.044,-0.047,0.014,2512,0
622534,5.265,7.992,2.198,0.058,-0.051,0.008,2516,0
622554,5.274,7.987,2.15,0.052,-0.042,0.021,2512,0
622574,5.27,7.927,2.222,0.042,-0.042,0.026,2512,0
622594,5.262,7.877,2.169,0.044,-0.054,0.017,2512,0
622614,5.282,7.884,2.157,0.049,-0.059,0.011,2515,0
622634,5.267,7.896,2.155,0.055,-0.056,0.014,2512,0
622654,5.301,7.922,2.131,0.065,-0.049,0.013,2513,0
622674,5.344,7.901,2.131,0.059,-0.026,0.01,2512,0
622694,5.327,7.827,2.143,0.051,-0.02,0.008,2512,0
622714,5.294,7.829,2.128,0.05,-0.033,-0.005,2512,0
622734,5.253,7.961,2.112,0.048,-0.043,-0.019,2512,0
622754,5.258,8.056,2.124,0.044,-0.036,-0.021,2512,0
622774,5.296,8.064,2.157,0.039,-0.025,-0.008,2514,0
622794,5.291,8.028,2.188,0.051,-0.028,-0.006,2513,0
622814,5.282,8.049,2.179,0.06,-0.029,0.001,2515,0
622834,5.26,8.064,2.167,0.048,-0.018,0.01,2512,0
622854,5.277,7.951,2.188,0.042,-0.018,0.013,2513,0
622874,5.294,7.92,2.193,0.049,-0.016,0.006,2513,0
622894,5.318,7.903,2.205,0.052,-0.014,0.006,2512,0
622914,5.322,7.855,2.207,0.055,-0.029,0.001,2512,0
622934,5.327,7.898,2.241,0.056,-0.036,-0.015,2512,0
622954,5.265,8.013,2.203,0.023,-0.03,-0.023,2512,0
622974,5.246,8.016,2.224,0.016,-0.036,-0.019,2515,0
622994,5.291,8.03,2.116,0.039,-0.037,-0.018,2512,0
623014,5.298,8.056,2.152,0.044,-0.022,-0.014,2512,0
623034,5.27,8.042,2.188,0.034,-0.03,-0.008,2512,0
623054,5.239,8.001,2.263,0.032,-0.042,-0.002,2512,0
623074,5.267,8.023,2.198,0.039,-0.045,0.003,2512,0
623094,5.282,7.93,2.184,0.047,-0.047,-0.0,2513,0
623114,5.341,7.908,2.107,0.044,-0.042,-0.002,2514,0
623134,5.318,7.867,2.157,0.027,-0.03,-0.01,2515,0
623154,5.291,7.903,2.157,0.031,-0.029,-0.014,2513,0
623174,5.315,7.891,2.164,0.039,-0.032,-0.017,2511,0
623194,5.274,7.975,2.167,0.053,-0.033,-0.03,2512,0
623214,5.262,8.047,2.145,0.061,-0.041,-0.026,2513,0
623234,5.262,8.119,2.136,0.062,-0.041,-0.017,2513,0
623254,5.258,8.085,2.112,0.044,-0.038,-0.003,2514,0
623274,5.258,7.934,2.088,0.036,-0.042,0.002,2512,0
623294,5.31,7.875,2.105,0.053,-0.035,-0.001,2512,0
623314,5.255,7.954,2.119,0.054,-0.022,-0.013,2512,0
623334,5.217,8.009,2.195,0.051,-0.035,-0.014,2512,0
623354,5.282,8.013,2.14,0.066,-0.044,-0.014,2512,0
623374,5.277,8.045,2.078,0.065,-0.03,-0.011,2512,0
623394,5.243,8.052,2.097,0.051,-0.013,-0.006,2513,0
623414,5.234,8.121,2.169,0.039,-0.002,0.006,2512,0
623434,5.234,8.035,2.203,0.047,-0.005,0.013,2512,0
623454,5.265,7.987,2.212,0.066,-0.015,0.009,2514,0
623474,5.303,7.922,2.167,0.059,-0.017,0.012,2513,0
623494,5.334,7.87,2.169,0.05,-0.007,0.007,2514,0
623514,5.284,7.877,2.219,0.041,-0.013,-0.01,2513,0
623534,5.195,7.975,2.212,0.04,-0.035,-0.027,2514,0
623554,5.236,8.056,2.205,0.042,-0.049,-0.026,2512,0
623574,5.294,8.033,2.133,0.062,-0.04,-0.012,2512,0
623594,5.31,8.004,2.097,0.077,-0.022,-0.004,2512,0
623614,5.258,8.004,2.1,0.051,-0.013,-0.001,2513,0
623634,5.215,7.973,2.109,0.023,-0.009,-0.001,2513,0
623654,5.217,7.968,2.193,0.037,-0.006,-0.006,2513,0
623674,5.212,7.989,2.155,0.059,-0.003,-0.006,2514,0
623694,5.241,7.966,2.164,0.059,-0.006,-0.006,2512,0
623714,5.279,7.927,2.126,0.055,-0.015,-0.007,2513,0
623734,5.32,7.906,2.169,0.043,-0.013,-0.01,2514,0
623754,5.27,7.927,2.243,0.038,-0.011,-0.019,2513,0
623774,5.212,7.999,2.243,0.046,-0.029,-0.023,2513,0
623794,5.224,7.997,2.184,0.058,-0.045,-0.019,2512,0
623814,5.236,8.059,2.136,0.067,-0.034,-0.02,2512,0
623834,5.231,8.116,2.152,0.06,-0.019,-0.009,2512,0
623854,5.227,8.09,2.167,0.036,-0.024,0.005,2513,0
623874,5.296,7.997,2.179,0.023,-0.028,0.007,2512,0
623894,5.272,7.903,2.169,0.037,-0.028,-0.004,2513,0
623914,5.241,8.011,2.164,0.057,-0.031,-0.013,2513,0
623934,5.212,8.095,2.186,0.048,-0.035,-0.012,2513,0
623954,5.21,8.071,2.186,0.042,-0.05,-0.004,2512,0
623974,5.267,8.011,2.174,0.046,-0.048,-0.001,2512,0
623994,5.21,7.987,2.136,0.051,-0.04,-0.002,2513,0
624014,5.217,7.975,2.136,0.057,-0.037,-0.003,2513,0
624034,5.239,7.934,2.176,0.072,-0.022,-0.01,2513,0
624054,5.193,8.013,2.15,0.074,-0.028,-0.008,2512,0
624074,5.246,7.925,2.119,0.061,-0.037,-0.013,2512,0
624094,5.243,7.999,2.088,0.058,-0.029,-0.027,2514,0
624114,5.181,8.119,2.097,0.054,-0.024,-0.023,2512,0
624134,5.198,8.15,2.121,0.053,-0.032,-0.01,2512,0
624154,5.246,8.104,2.061,0.067,-0.028,0.005,2512,0
624174,5.258,8.011,2.049,0.074,-0.019,0.008,2512,0
624194,5.186,8.004,2.085,0.07,-0.018,0.004,2513,0
624214,5.186,8.028,2.138,0.058,-0.023,0.011,2511,0
624234,5.21,8.045,2.212,0.051,-0.015,0.015,2513,0
624254,5.234,8.023,2.195,0.044,-0.025,0.015,2513,0
624274,5.301,7.949,2.169,0.047,-0.037,0.013,2512,0
624294,5.315,7.913,2.174,0.05,-0.038,0.004,2515,0
624314,5.308,7.949,2.176,0.039,-0.034,-0.002,2512,0
624334,5.255,7.98,2.193,0.026,-0.036,-0.009,2512,0
624354,5.229,8.004,2.212,0.029,-0.048,-0.007,2513,0
624374,5.234,7.975,2.205,0.047,-0.062,-0.009,2513,0
624394,5.224,7.989,2.131,0.05,-0.064,-0.007,2512,0
624414,5.21,8.066,2.085,0.033,-0.062,-0.01,2512,0
624434,5.262,8.023,2.102,0.021,-0.062,-0.003,2512,0
624454,5.282,7.958,2.035,0.037,-0.054,-0.005,2512,0
624474,5.255,8.001,2.006,0.049,-0.045,-0.015,2511,0
624494,5.191,8.088,1.992,0.039,-0.044,-0.012,2512,0
624514,5.229,8.145,2.054,0.033,-0.041,-0.006,2512,0
624534,5.234,8.109,2.028,0.035,-0.039,-0.002,2512,0
624554,5.246,8.059,2.049,0.055,-0.038,0.002,2512,0
624574,5.241,8.035,2.04,0.062,-0.033,0.007,2513,0
624594,5.212,8.066,2.076,0.05,-0.021,0.009,2512,0
624614,5.239,7.992,2.126,0.025,-0.022,0.021,2513,0
624634,5.298,7.884,2.121,0.037,-0.028,0.015,2513,0
624654,5.291,7.891,2.114,0.051,-0.025,-0.004,2513,0
624674,5.231,7.994,2.164,0.034,-0.035,-0.009,2511,0
624694,5.229,8.049,2.193,0.038,-0.061,-0.013,2512,0
624714,5.286,8.186,2.193,0.063,-0.068,-0.009,2512,0
624734,5.346,8.286,2.069,0.062,-0.054,0.012,2512,0
624754,5.356,8.248,2.152,0.02,-0.047,0.035,2512,0
624774,5.334,8.188,2.291,-0.007,-0.049,0.044,2512,0
624794,5.329,8.191,2.344,0.008,-0.068,0.044,2513,0
624814,5.329,8.219,2.377,0.034,-0.089,0.05,2512,0
624834,5.291,8.183,2.377,0.042,-0.111,0.056,2513,0
624854,5.26,8.016,2.31,0.04,-0.136,0.066,2513,0
624874,5.274,7.901,2.174,0.034,-0.143,0.068,2513,0
624894,5.32,7.743,2.035,0.003,-0.115,0.079,2514,0
624914,5.353,7.551,2.102,-0.022,-0.107,0.076,2512,0
624934,5.413,7.415,2.176,-0.007,-0.14,0.044,2514,0
624954,5.401,7.451,2.174,0.03,-0.181,0.007,2512,0
624974,5.418,7.671,2.176,0.064,-0.207,-0.016,2513,0
624994,5.456,7.93,2.09,0.067,-0.211,-0.023,2514,0
625014,5.473,7.999,2.102,0.024,-0.206,-0.019,2512,0
625034,5.411,8.045,2.14,0.014,-0.21,-0.034,2513,0
625054,5.37,8.164,2.14,0.032,-0.209,-0.042,2515,0
625074,5.353,8.274,2.093,0.037,-0.196,-0.02,2514,0
625094,5.337,8.207,2.16,0.035,-0.173,0.005,2515,0
625114,5.282,8.09,2.172,0.031,-0.177,0.019,2514,0
625134,5.32,7.949,2.119,0.008,-0.183,0.03,2515,0
625154,5.387,7.791,2.081,-0.004,-0.19,0.024,2515,0
625174,5.411,7.678,2.04,-0.002,-0.204,0.008,2516,0
625194,5.423,7.621,1.97,-0.003,-0.219,-0.01,2516,0
625214,5.428,7.585,1.858,0.0,-0.228,-0.027,2516,0
625234,5.471,7.654,1.719,0.003,-0.226,-0.045,2515,0
625254,5.502,7.748,1.542,-0.002,-0.219,-0.055,2515,0
625274,5.523,7.824,1.434,-0.01,-0.203,-0.06,2517,0
625294,5.511,7.944,1.391,0.002,-0.185,-0.065,2516,0
625314,5.509,8.028,1.302,0.025,-0.168,-0.054,2516,0
625334,5.504,8.056,1.264,0.047,-0.149,-0.042,2516,0
625354,5.432,8.071,1.216,0.065,-0.135,-0.039,2516,0
625374,5.387,8.109,1.178,0.073,-0.128,-0.029,2515,0
625394,5.428,8.071,1.147,0.068,-0.103,-0.015,2515,0
625414,5.488,7.951,1.152,0.079,-0.072,-0.022,2516,0
625434,5.499,7.927,1.135,0.112,-0.049,-0.039,2515,0
625454,5.488,8.085,1.144,0.124,-0.007,-0.038,2516,0
625474,5.418,8.246,1.267,0.098,0.02,-0.02,2516,0
625494,5.425,8.291,1.439,0.07,0.034,-0.008,2515,0
625514,5.377,8.337,1.645,0.077,0.052,0.001,2516,0
625534,5.37,8.298,1.731,0.095,0.052,0.033,2516,0
625554,5.423,8.104,1.729,0.098,0.055,0.047,2516,0
625574,5.464,7.894,1.832,0.09,0.056,0.043,2515,0
625594,5.432,7.827,1.913,0.068,0.052,0.021,2515,0
625614,5.435,7.796,1.97,0.045,0.031,0.004,2516,0
625634,5.456,7.779,1.961,0.041,0.005,-0.01,2516,0
625654,5.471,7.772,1.927,0.058,-0.017,-0.025,2518,0
625674,5.435,7.875,1.867,0.053,-0.018,-0.039,2517,0
625694,5.368,7.98,1.858,0.023,-0.029,-0.044,2517,0
625714,5.389,8.042,1.846,0.019,-0.042,-0.05,2518,0
625734,5.42,8.059,1.81,0.035,-0.053,-0.044,2522,0
625754,5.413,8.061,1.721,0.037,-0.056,-0.034,2520,0
625774,5.459,8.102,1.719,0.028,-0.039,-0.011,2519,0
625794,5.449,8.085,1.688,0.009,-0.023,0.009,2520,0
625814,5.385,8.004,1.774,0.005,-0.046,0.008,2519,0
625834,5.411,7.939,1.686,0.025,-0.067,-0.007,2520,0
625854,5.432,7.932,1.595,0.047,-0.065,-0.013,2520,0
625874,5.43,8.037,1.595,0.067,-0.053,-0.019,2520,0
625894,5.447,8.193,1.65,0.064,-0.049,-0.009,2520,0
625914,5.432,8.32,1.774,0.038,-0.041,0.014,2521,0
625934,5.37,8.296,1.93,0.026,-0.038,0.039,2520,0
625954,5.397,8.169,2.049,0.043,-0.044,0.059,2520,0
625974,5.437,7.939,2.071,0.048,-0.055,0.071,2525,0
625994,5.48,7.657,2.081,0.038,-0.073,0.064,2519,0
626014,5.543,7.544,1.891,0.026,-0.094,0.034,2521,0
626034,5.569,7.563,1.721,0.006,-0.107,0.005,2519,0
626054,5.509,7.58,1.559,0.002,-0.111,-0.023,2522,0
626074,5.42,7.683,1.401,-0.006,-0.1,-0.04,2520,0
626094,5.423,7.695,1.293,-0.024,-0.095,-0.052,2520,0
626114,5.464,7.776,1.281,-0.007,-0.085,-0.075,2520,0
626134,5.413,8.001,1.252,0.015,-0.064,-0.082,2519,0
626154,5.373,8.176,1.216,0.022,-0.038,-0.068,2520,0
626174,5.394,8.157,1.171,0.039,-0.027,-0.058,2518,0
626194,5.452,8.238,1.094,0.057,-0.001,-0.057,2519,0
626214,5.447,8.387,1.077,0.044,0.047,-0.034,2519,0
626234,5.337,8.456,1.214,0.037,0.092,-0.008,2520,0
626254,5.315,8.418,1.293,0.055,0.119,0.015,2519,0
626274,5.377,8.277,1.281,0.065,0.145,0.032,2519,0
626294,5.411,8.138,1.36,0.066,0.173,0.039,2520,0
626314,5.346,8.088,1.468,0.083,0.197,0.036,2518,0
626334,5.212,8.092,1.58,0.102,0.193,0.033,2518,0
626354,5.174,8.025,1.583,0.131,0.174,0.034,2517,0
626374,5.162,7.949,1.346,0.162,0.196,0.032,2517,0
626394,5.186,7.908,1.247,0.148,0.267,0.034,2517,0
626414,5.229,7.815,1.46,0.107,0.354,0.031,2516,0
626434,5.195,7.745,1.666,0.067,0.395,0.021,2516,0
626454,5.219,7.472,1.81,0.051,0.385,-0.009,2514,0
626474,5.239,7.372,1.741,0.099,0.366,-0.055,2515,0
626494,5.27,7.827,1.757,0.159,0.378,-0.097,2515,0
626514,5.313,8.119,2.085,0.078,0.44,-0.058,2514,0
626534,5.31,7.8,2.447,-0.002,0.422,-0.046,2515,0
626554,5.368,7.563,2.571,0.036,0.318,-0.102,2513,0
626574,5.325,7.726,2.315,0.115,0.244,-0.156,2512,0
626594,5.138,8.006,2.217,0.149,0.225,-0.167,2513,0
626614,5.069,8.203,2.229,0.169,0.246,-0.151,2511,0
626634,5.013,8.325,2.301,0.172,0.284,-0.123,2513,0
626654,5.011,8.432,2.356,0.154,0.293,-0.104,2513,0
626674,5.016,8.452,2.442,0.105,0.273,-0.08,2512,0
626694,5.037,8.373,2.579,0.074,0.234,-0.055,2512,0
626714,5.069,8.368,2.686,0.094,0.191,-0.046,2512,0
626734,5.054,8.442,2.768,0.121,0.159,-0.034,2512,0
626754,4.985,8.408,2.794,0.135,0.113,-0.018,2512,0
626774,4.99,8.344,2.734,0.134,0.067,-0.017,2512,0
626794,4.899,8.382,2.641,0.106,0.048,-0.014,2512,0
626814,4.812,8.42,2.564,0.08,0.039,0.006,2512,0
626834,4.848,8.375,2.507,0.079,0.044,0.028,2512,0
626854,4.918,8.238,2.507,0.074,0.066,0.038,2512,0
626874,4.922,8.078,2.514,0.056,0.065,0.033,2512,0
626894,4.887,8.028,2.476,0.037,0.047,0.019,2513,0
626914,4.858,8.03,2.416,0.027,0.029,0.007,2512,0
626934,4.922,8.08,2.373,0.03,0.031,0.014,2512,0
626954,5.033,8.033,2.433,0.02,0.057,0.02,2512,0
626974,5.037,7.937,2.444,0.018,0.037,0.0,2512,0
626994,4.985,8.03,2.397,0.025,-0.03,-0.036,2512,0
627014,4.985,8.219,2.248,0.037,-0.061,-0.046,2513,0
627034,4.958,8.351,2.191,0.056,-0.046,-0.034,2513,0
627054,4.899,8.377,2.227,0.052,-0.024,-0.002,2512,0
627074,4.908,8.219,2.15,0.041,-0.037,0.014,2511,0
627094,4.927,8.104,2.069,0.052,-0.052,0.005,2513,0
627114,4.942,8.164,2.025,0.073,-0.047,0.002,2512,0
627134,4.92,8.238,2.071,0.07,-0.029,0.016,2512,0
627154,4.939,8.226,2.119,0.061,-0.019,0.027,2512,0
627174,4.973,8.229,2.119,0.061,-0.016,0.023,2513,0
627194,5.028,8.186,2.081,0.053,-0.017,0.018,2512,0
627214,5.011,8.14,2.097,0.043,-0.002,0.013,2512,0
627234,4.951,8.2,2.215,0.037,0.013,-0.001,2512,0
627254,4.851,8.327,2.394,0.024,0.021,-0.004,2512,0
627274,4.757,8.308,2.488,0.042,-0.003,0.009,2512,0
627294,4.839,8.222,2.437,0.067,-0.02,0.018,2512,0
627314,4.882,8.147,2.411,0.077,-0.012,0.01,2511,0
627334,4.879,8.167,2.389,0.057,0.006,0.01,2513,0
627354,4.903,8.028,2.399,0.023,0.01,0.018,2512,0
627374,4.92,7.918,2.49,0.025,0.003,0.004,2513,0
627394,4.906,7.913,2.461,0.045,-0.003,-0.017,2512,0
627414,4.853,7.985,2.421,0.05,-0.021,-0.032,2512,0
627434,4.858,8.033,2.346,0.048,-0.047,-0.04,2512,0
627454,4.922,8.124,2.291,0.051,-0.047,-0.045,2512,0
627474,4.906,8.207,2.27,0.031,-0.032,-0.036,2511,0
627494,4.937,8.21,2.286,0.032,-0.035,-0.023,2511,0
627514,4.925,8.222,2.258,0.042,-0.038,-0.018,2511,0
627534,4.913,8.207,2.215,0.044,-0.035,-0.009,2512,0
627554,4.918,8.176,2.195,0.047,-0.032,-0.015,2511,0
627574,4.877,8.313,2.236,0.058,-0.024,-0.024,2511,0
627594,4.901,8.346,2.272,0.053,-0.028,-0.01,2511,0
627614,4.951,8.253,2.31,0.059,-0.035,-0.001,2511,0
627634,4.975,8.215,2.243,0.074,-0.041,-0.004,2512,0
627654,4.942,8.238,2.251,0.069,-0.039,-0.002,2512,0
627674,4.901,8.296,2.298,0.046,-0.031,0.002,2511,0
627694,4.891,8.265,2.346,0.037,-0.041,0.008,2511,0
627714,4.884,8.147,2.289,0.06,-0.055,0.008,2512,0
627734,4.887,8.207,2.172,0.08,-0.045,0.009,2512,0
627754,4.839,8.14,2.167,0.053,-0.017,0.018,2511,0
627774,4.858,8.095,2.308,0.041,-0.013,0.013,2512,0
627794,4.875,8.073,2.351,0.034,-0.014,0.004,2511,0
627814,4.872,8.061,2.337,0.034,-0.027,-0.004,2512,0
627834,4.887,8.061,2.315,0.043,-0.037,-0.009,2512,0
627854,4.906,8.09,2.322,0.054,-0.035,-0.005,2511,0
627874,4.911,8.104,2.274,0.053,-0.033,-0.011,2512,0
627894,4.925,8.155,2.26,0.044,-0.048,-0.019,2513,0
627914,4.887,8.231,2.267,0.036,-0.056,-0.024,2511,0
627934,4.901,8.301,2.229,0.037,-0.055,-0.019,2512,0
627954,4.889,8.282,2.184,0.035,-0.053,-0.011,2512,0
627974,4.872,8.305,2.167,0.042,-0.048,-0.006,2512,0
627994,4.894,8.317,2.121,0.049,-0.038,-0.002,2511,0
628014,4.879,8.317,2.162,0.047,-0.03,0.002,2512,0
628034,4.911,8.322,2.179,0.042,-0.021,0.013,2511,0
628054,4.891,8.207,2.282,0.021,-0.007,0.029,2511,0
628074,4.908,8.052,2.354,0.025,-0.019,0.025,2512,0
628094,4.93,8.025,2.346,0.048,-0.034,0.01,2512,0
628114,4.954,8.076,2.296,0.045,-0.044,0.005,2511,0
628134,4.97,8.076,2.349,0.026,-0.042,-0.005,2511,0
628154,4.911,8.08,2.385,0.021,-0.056,-0.015,2511,0
628174,4.93,8.155,2.318,0.04,-0.074,-0.026,2511,0
628194,4.927,8.258,2.219,0.043,-0.076,-0.026,2514,0
628214,4.927,8.253,2.217,0.035,-0.06,-0.009,2511,0
628234,4.87,8.224,2.27,0.028,-0.057,-0.003,2513,0
628254,4.889,8.255,2.26,0.025,-0.061,-0.005,2512,0
628274,4.896,8.215,2.229,0.021,-0.062,-0.003,2512,0
628294,4.906,8.183,2.203,0.037,-0.066,-0.001,2511,0
628314,4.939,8.191,2.164,0.043,-0.054,-0.0,2512,0
628334,4.939,8.15,2.186,0.027,-0.043,0.007,2510,0
628354,4.954,8.092,2.222,0.022,-0.051,-0.002,2512,0
628374,4.944,8.121,2.169,0.029,-0.058,-0.017,2511,0
628394,4.913,8.21,2.126,0.027,-0.054,-0.016,2512,0
628414,4.894,8.238,2.167,0.025,-0.044,-0.007,2511,0
628434,4.891,8.229,2.205,0.041,-0.042,0.001,2511,0
628454,4.985,8.167,2.181,0.042,-0.032,0.007,2512,0
628474,4.966,8.078,2.2,0.038,-0.036,0.002,2512,0
628494,4.903,8.164,2.198,0.044,-0.053,-0.016,2512,0
628514,4.896,8.262,2.176,0.035,-0.044,-0.003,2511,0
628534,4.894,8.207,2.195,0.037,-0.03,0.002,2510,0
628554,4.891,8.224,2.205,0.058,-0.03,-0.008,2511,0
628574,4.908,8.305,2.155,0.052,-0.034,-0.004,2511,0
628594,4.925,8.241,2.179,0.03,-0.021,0.009,2511,0
628614,4.934,8.076,2.217,0.04,-0.015,0.011,2511,0
628634,4.906,8.102,2.265,0.06,-0.014,-0.0,2511,0
628654,4.944,8.121,2.229,0.055,-0.016,0.004,2511,0
628674,4.946,8.016,2.167,0.045,-0.023,-0.002,2512,0
628694,4.92,8.083,2.143,0.052,-0.025,-0.018,2512,0
628714,4.841,8.243,2.121,0.039,-0.023,-0.023,2512,0
628734,4.815,8.279,2.164,0.033,-0.022,-0.015,2510,0
628754,4.92,8.277,2.16,0.066,-0.015,-0.006,2511,0
628774,4.942,8.258,2.097,0.09,0.004,-0.003,2511,0
628794,4.93,8.279,2.078,0.068,0.021,0.006,2511,0
628814,4.963,8.234,2.222,0.021,0.033,0.019,2510,0
628834,4.946,8.147,2.38,0.006,0.026,0.014,2512,0
628854,4.975,8.09,2.421,0.043,-0.001,0.004,2511,0
628874,4.994,8.167,2.332,0.08,-0.014,0.002,2511,0
628894,4.985,8.171,2.351,0.063,-0.016,0.011,2512,0
628914,4.963,8.109,2.444,0.043,-0.031,0.01,2510,0
628934,4.942,8.061,2.473,0.036,-0.043,0.003,2511,0
628954,4.896,8.068,2.471,0.042,-0.066,-0.009,2511,0
628974,4.915,8.128,2.437,0.053,-0.08,-0.019,2510,0
628994,4.906,8.265,2.394,0.047,-0.075,-0.018,2510,0
629014,4.961,8.255,2.442,0.027,-0.071,-0.003,2511,0
629034,4.982,8.157,2.404,0.018,-0.082,0.004,2511,0
629054,4.98,8.104,2.404,0.016,-0.093,-0.008,2511,0
629074,4.922,8.155,2.401,0.01,-0.106,-0.016,2512,0
629094,4.882,8.229,2.356,0.016,-0.118,-0.016,2511,0
629114,4.918,8.286,2.258,0.03,-0.125,-0.013,2512,0
629134,4.944,8.31,2.119,0.025,-0.12,-0.01,2511,0
629154,4.922,8.334,2.028,0.013,-0.115,-0.005,2509,0
629174,4.922,8.262,2.047,0.0,-0.097,0.009,2510,0
629194,4.913,8.191,2.064,0.005,-0.075,0.019,2511,0
629214,4.93,8.08,2.121,0.019,-0.06,0.018,2511,0
629234,4.982,8.016,2.109,0.029,-0.071,0.015,2512,0
629254,4.994,7.994,2.049,0.028,-0.077,-0.002,2510,0
629274,4.973,8.071,2.073,0.022,-0.074,-0.015,2511,0
629294,4.946,8.159,2.095,0.022,-0.071,-0.015,2511,0
629314,4.978,8.241,2.14,0.046,-0.067,-0.018,2511,0
629334,4.978,8.315,2.093,0.059,-0.062,-0.014,2511,0
629354,4.982,8.305,2.054,0.054,-0.055,0.005,2511,0
629374,4.949,8.291,2.1,0.044,-0.046,0.01,2511,0
629394,4.942,8.25,2.174,0.031,-0.043,0.015,2511,0
629414,4.922,8.234,2.193,0.044,-0.043,0.015,2511,0
629434,4.956,8.157,2.152,0.055,-0.042,0.023,2511,0
629454,4.994,8.169,2.124,0.067,-0.037,0.027,2511,0
629474,5.004,8.171,2.145,0.052,-0.034,0.026,2512,0
629494,5.013,8.14,2.136,0.009,-0.036,0.027,2510,0
629514,5.001,8.042,2.198,-0.008,-0.039,0.021,2511,0
629534,5.004,8.025,2.284,0.032,-0.062,-0.001,2511,0
629554,5.033,8.179,2.207,0.067,-0.073,-0.014,2510,0
629574,5.011,8.212,2.179,0.049,-0.06,0.001,2511,0
629594,4.575,8.033,2.358,0.107,-0.062,0.008,2510,0
629614,4.855,8.073,2.444,0.137,-0.326,-0.019,2512,0
629634,5.42,8.045,2.203,0.07,-0.398,-0.049,2513,0
629654,5.349,8.126,1.903,0.085,-0.222,-0.052,2515,0
629674,5.14,8.296,1.858,0.129,-0.105,-0.029,2516,0
629694,4.978,8.404,1.719,0.082,-0.024,0.004,2516,0
629714,4.911,8.413,1.743,0.009,0.014,0.03,2517,0
629734,4.719,8.171,1.834,-0.044,0.049,0.049,2516,0
629754,4.475,8.121,1.901,-0.028,-0.052,0.043,2516,0
629774,4.973,8.305,1.939,-0.118,-0.19,0.058,2526,0
629794,5.454,8.004,2.114,-0.153,-0.087,0.055,2530,0
629814,5.411,7.503,2.444,-0.018,0.003,0.02,2530,0
629834,5.164,7.736,1.994,0.212,0.064,-0.013,2524,0
629854,5.212,8.42,1.829,0.234,0.136,-0.034,2513,0
629874,5.15,8.384,1.942,0.091,0.184,-0.037,2509,0
629894,5.037,8.243,2.162,0.016,0.163,-0.032,2501,0
629914,4.997,8.124,2.138,0.035,0.093,-0.029,2496,0
629934,4.968,8.164,1.987,0.058,0.086,-0.023,2496,0
629954,4.899,8.164,2.004,0.043,0.088,-0.022,2494,0
629974,4.877,8.253,2.138,0.016,0.035,-0.015,2493,0
629994,4.997,8.162,2.193,-0.027,0.001,-0.001,2494,0
630014,5.052,8.097,2.274,-0.035,0.005,0.002,2495,0
630034,5.078,8.073,2.286,-0.012,0.014,0.008,2496,0
630054,5.021,8.116,2.234,0.035,0.024,0.012,2495,0
630074,4.942,8.238,2.157,0.049,0.004,0.016,2496,0
630094,4.973,8.234,2.239,0.023,-0.023,0.018,2495,0
630114,4.973,8.109,2.263,0.015,-0.022,0.022,2495,0
630134,5.064,8.133,2.296,0.034,-0.007,0.021,2493,0
630154,5.049,8.078,2.291,0.042,-0.005,0.015,2496,0
630174,5.009,8.102,2.243,0.047,-0.019,0.003,2495,0
630194,5.013,8.1,2.265,0.044,-0.028,0.006,2493,0
630214,4.985,8.159,2.248,0.03,-0.029,0.003,2493,0
630234,4.985,8.078,2.318,0.026,-0.029,0.005,2493,0
630254,5.047,8.14,2.282,0.061,-0.03,-0.004,2492,0
630274,5.025,8.155,2.195,0.06,-0.041,-0.003,2491,0
630294,5.001,8.155,2.179,0.049,-0.045,-0.006,2492,0
630314,4.982,8.183,2.193,0.035,-0.034,-0.008,2491,0
630334,4.951,8.188,2.219,0.023,-0.025,0.002,2492,0
630354,4.992,8.128,2.289,0.038,-0.035,0.013,2491,0
630374,5.033,8.064,2.229,0.039,-0.053,0.01,2492,0
630394,5.035,7.992,2.217,0.041,-0.045,0.004,2493,0
630414,5.047,8.009,2.212,0.05,-0.036,-0.002,2491,0
630434,5.023,8.059,2.253,0.057,-0.034,-0.016,2491,0
630454,4.994,8.205,2.2,0.042,-0.044,-0.018,2492,0
630474,5.006,8.217,2.21,0.011,-0.046,-0.012,2492,0
630494,5.042,8.14,2.219,0.037,-0.033,-0.009,2491,0
630514,5.028,8.171,2.231,0.07,-0.026,-0.005,2490,0
630534,5.028,8.294,2.236,0.063,-0.031,0.007,2491,0
630554,5.025,8.222,2.219,0.019,-0.041,0.021,2491,0
630574,4.982,8.035,2.258,0.015,-0.045,0.016,2491,0
630594,4.992,7.987,2.274,0.06,-0.063,0.0,2492,0
630614,5.03,8.169,2.14,0.087,-0.059,-0.005,2492,0
630634,4.992,8.229,2.095,0.052,-0.03,0.019,2490,0
630654,5.047,8.107,2.157,0.024,-0.019,0.03,2490,0
630674,5.085,8.049,2.219,0.028,-0.024,0.014,2491,0
630694,5.045,8.035,2.234,0.023,-0.041,0.003,2491,0
630714,5.016,8.09,2.198,0.041,-0.053,-0.005,2490,0
630734,5.061,8.157,2.203,0.071,-0.054,-0.004,2490,0
630754,5.059,8.231,2.124,0.072,-0.048,0.017,2490,0
630774,5.09,8.097,2.1,0.047,-0.042,0.023,2489,0
630794,5.085,8.009,2.14,0.06,-0.042,0.013,2489,0
630814,5.037,8.195,2.138,0.092,-0.027,0.01,2487,0
630834,5.078,8.418,2.193,0.121,-0.016,0.03,2486,0
630854,5.061,8.394,2.073,0.067,-0.011,0.112,2486,0
630874,4.939,8.581,1.559,-0.051,0.025,0.159,2486,853
630894,5.21,8.078,1.81,-0.271,0.174,0.148,2491,2122
630914,5.021,8.006,2.064,-0.294,0.229,0.152,2493,3015
630934,5.028,8.116,2.358,-0.305,0.246,0.174,2496,3827
630954,4.913,8.167,2.526,-0.261,0.267,0.232,2497,4095
630974,5.085,7.958,2.602,-0.204,0.201,0.236,2494,4095
630994,5.375,8.04,2.734,-0.134,0.171,0.217,2493,4095
631014,5.358,8.164,2.667,-0.094,0.1,0.209,2492,4095
631034,5.279,7.999,2.679,-0.167,0.046,0.195,2491,4095
631054,5.418,7.482,2.832,-0.164,0.072,0.209,2490,4095
631074,5.203,7.726,2.866,-0.122,-0.007,0.17,2490,4095
631094,5.215,7.827,2.832,-0.036,0.001,0.161,2487,4095
631114,5.72,7.228,2.911,0.007,0.035,0.093,2487,4095
631134,5.15,7.793,2.861,0.039,0.04,0.068,2486,4095
631154,5.375,7.389,3.007,0.057,0.039,0.053,2485,4095
631174,5.569,7.312,2.983,0.025,-0.011,-0.01,2486,4095
631194,5.016,7.968,2.933,0.007,-0.037,0.008,2484,4095
631214,5.418,7.456,3.038,0.006,-0.055,0.008,2483,4095
631234,5.691,7.329,2.998,0.02,-0.069,-0.02,2483,4095
631254,5.092,7.963,2.885,0.062,-0.084,-0.002,2482,4095
631274,5.227,7.779,2.868,0.066,-0.083,0.004,2482,4095
631294,5.617,7.582,2.859,0.038,-0.099,-0.044,2484,4095
631314,5.296,8.021,2.761,0.039,-0.087,-0.04,2483,4095
631334,5.437,7.678,2.753,0.047,-0.058,-0.005,2482,4095
631354,5.662,7.434,2.715,0.036,-0.059,-0.011,2484,4095
631374,5.073,8.078,2.617,0.033,-0.079,0.004,2482,4095
631394,5.392,7.532,2.698,0.023,-0.042,0.011,2481,4095
631414,5.6,7.336,2.729,0.029,-0.031,-0.013,2481,4095
631434,5.27,7.872,2.605,0.037,-0.065,-0.018,2481,4095
631454,5.088,7.903,2.643,0.067,-0.064,0.01,2481,4095
631474,5.667,7.424,2.691,0.084,-0.044,-0.016,2481,4095
631494,5.409,7.958,2.607,0.046,-0.039,-0.013,2480,4095
631514,5.08,8.033,2.749,0.025,-0.04,0.031,2482,4095
631534,5.61,7.276,2.866,0.048,-0.039,0.002,2481,4095
631554,5.557,7.707,2.732,0.066,-0.039,-0.038,2480,4095
631574,5.047,8.088,2.689,0.039,-0.007,0.007,2481,4095
631594,5.495,7.46,2.844,0.039,0.001,-0.002,2480,4095
631614,5.624,7.539,2.727,0.054,-0.003,-0.033,2480,4095
631634,5.083,7.908,2.717,0.083,-0.002,-0.039,2481,4095
631654,5.332,7.207,2.928,0.136,-0.012,-0.072,2480,4095
631674,5.576,6.907,2.873,0.298,-0.06,-0.214,2480,4095
631694,4.934,7.659,2.921,0.408,-0.147,-0.309,2485,4095
631714,5.31,7.721,2.777,0.477,-0.175,-0.305,2491,4031
631734,5.777,7.503,2.49,0.548,-0.117,-0.335,2488,3555
631754,5.14,8.238,2.014,0.479,-0.039,-0.368,2481,2894
631774,4.81,8.459,1.528,0.099,0.109,-0.311,2480,2655
631794,5.435,7.791,1.745,-0.115,0.377,-0.36,2489,2325
631814,4.843,7.697,2.468,-0.141,0.428,-0.371,2499,1797
631834,4.108,8.947,2.851,-0.028,0.265,-0.232,2510,1532
631854,4.961,8.334,2.986,0.009,0.114,-0.11,2515,1386
631874,5.095,7.705,2.761,0.061,0.043,-0.122,2519,1229
631894,4.535,8.954,2.614,0.112,0.025,-0.121,2525,1106
631914,5.188,8.42,2.684,0.049,0.043,-0.101,2528,476
631934,5.057,7.726,2.746,0.048,0.0,-0.11,2529,0
631954,4.147,9.038,2.653,0.091,-0.073,-0.051,2530,0
631974,4.887,8.042,2.693,0.069,-0.079,-0.01,2532,0
631994,4.717,8.373,2.658,0.112,-0.071,0.014,2532,0
632014,4.743,8.203,2.521,0.129,-0.052,0.009,2532,0
632034,4.786,8.226,2.454,0.112,-0.024,-0.002,2533,0
632054,4.719,8.236,2.478,0.069,-0.005,0.003,2531,0
632074,4.709,8.145,2.547,0.022,-0.009,0.028,2532,0
632094,4.733,8.088,2.605,0.013,-0.011,0.021,2530,0
632114,4.726,8.068,2.593,0.031,-0.008,0.001,2532,0
632134,4.781,8.138,2.653,0.058,-0.033,-0.012,2530,0
632154,4.843,8.207,2.538,0.065,-0.046,-0.017,2530,0
632174,4.82,8.207,2.528,0.032,-0.035,-0.007,2529,0
632194,4.736,8.124,2.564,0.023,-0.053,-0.016,2529,0
632214,4.714,8.272,2.519,0.04,-0.052,-0.023,2527,0
632234,4.707,8.234,2.523,0.044,-0.046,-0.002,2528,0
632254,4.726,8.21,2.471,0.052,-0.041,0.01,2525,0
632274,4.75,8.205,2.504,0.061,-0.037,-0.003,2525,0
632294,4.731,8.267,2.528,0.062,-0.047,-0.011,2525,0
632314,4.75,8.351,2.569,0.06,-0.057,-0.003,2523,0
632334,4.793,8.274,2.514,0.048,-0.055,0.02,2524,0
632354,4.781,8.143,2.579,0.056,-0.056,0.019,2523,0
632374,4.767,8.226,2.5,0.052,-0.039,0.021,2524,0
632394,4.719,8.107,2.466,0.038,-0.026,0.025,2523,0
632414,4.748,8.054,2.528,0.044,-0.036,0.024,2522,0
632434,4.769,8.016,2.519,0.057,-0.054,0.011,2521,0
632454,4.834,8.059,2.5,0.062,-0.045,-0.009,2520,0
632474,4.846,8.138,2.547,0.061,-0.033,-0.018,2521,0
632494,4.812,8.25,2.466,0.029,-0.028,-0.006,2521,0
632514,4.784,8.174,2.485,0.013,-0.04,-0.004,2520,0
632534,4.815,8.203,2.473,0.042,-0.056,-0.013,2520,0
632554,4.805,8.301,2.421,0.067,-0.055,-0.01,2522,0
632574,4.784,8.265,2.399,0.062,-0.039,0.008,2518,0
632594,4.779,8.236,2.464,0.061,-0.035,0.019,2520,0
632614,4.781,8.198,2.421,0.067,-0.051,0.01,2517,0
632634,4.767,8.243,2.397,0.055,-0.059,0.006,2517,0
632654,4.796,8.236,2.373,0.051,-0.054,0.01,2519,0
632674,4.815,8.155,2.358,0.052,-0.038,0.016,2519,0
632694,4.779,8.083,2.394,0.053,-0.027,0.005,2517,0
632714,4.762,8.171,2.423,0.055,-0.016,-0.006,2518,0
632734,4.767,8.291,2.459,0.048,-0.001,-0.003,2519,0
632754,4.738,8.274,2.497,0.031,-0.008,0.018,2516,0
632774,4.817,8.179,2.533,0.035,-0.019,0.026,2517,0
632794,4.87,8.133,2.512,0.053,-0.013,0.021,2517,0
632814,4.865,8.121,2.535,0.054,-0.001,0.011,2515,0
632834,4.822,8.124,2.595,0.045,-0.013,0.003,2518,0
632854,4.798,8.08,2.586,0.049,-0.048,0.004,2516,0
632874,4.824,8.114,2.547,0.063,-0.06,-0.01,2516,0
632894,4.81,8.258,2.461,0.046,-0.055,-0.017,2517,0
632914,4.81,8.301,2.461,0.022,-0.044,-0.01,2518,0
632934,4.831,8.286,2.473,0.036,-0.038,0.003,2514,0
632954,4.8,8.296,2.473,0.054,-0.04,0.018,2519,0
632974,4.824,8.195,2.492,0.044,-0.046,0.029,2515,0
632994,4.796,8.107,2.5,0.034,-0.047,0.021,2515,0
633014,4.82,8.109,2.531,0.042,-0.055,0.011,2514,0
633034,4.848,8.09,2.473,0.053,-0.062,0.011,2517,0
633054,4.841,8.061,2.449,0.059,-0.068,0.012,2514,0
633074,4.87,8.092,2.382,0.043,-0.058,0.004,2517,0
633094,4.863,8.135,2.401,0.023,-0.033,-0.005,2514,0
633114,4.834,8.114,2.44,0.026,-0.03,-0.006,2513,0
633134,4.843,8.128,2.449,0.053,-0.047,-0.012,2513,0
633154,4.86,8.212,2.425,0.064,-0.056,-0.018,2514,0
633174,4.855,8.26,2.449,0.052,-0.057,-0.008,2514,0
633194,4.855,8.246,2.416,0.04,-0.054,0.008,2513,0
633214,4.884,8.176,2.389,0.04,-0.053,0.008,2513,0
633234,4.836,8.157,2.385,0.041,-0.056,-0.003,2514,0
633254,4.808,8.203,2.375,0.048,-0.053,-0.008,2513,0
633274,4.815,8.207,2.416,0.061,-0.049,-0.004,2513,0
633294,4.829,8.243,2.38,0.06,-0.046,0.005,2513,0
633314,4.853,8.181,2.387,0.039,-0.04,0.01,2512,0
633334,4.865,8.119,2.401,0.024,-0.031,0.008,2513,0
633354,4.829,8.155,2.421,0.026,-0.025,0.0,2514,0
633374,4.812,8.167,2.471,0.035,-0.038,0.001,2514,0
633394,4.848,8.157,2.488,0.048,-0.052,0.006,2516,0
633414,4.87,8.174,2.449,0.059,-0.05,-0.002,2513,0
