2179726,6.907,3.017,6.244,0.02,-0.038,0.003,2558,0
2179746,6.902,2.94,6.213,0.044,-0.021,0.001,2556,0
2179766,6.888,3.01,6.242,0.064,-0.01,-0.005,2558,0
2179786,6.919,3.036,6.263,0.045,-0.02,0.01,2557,0
2179806,6.941,2.971,6.29,0.031,-0.019,0.018,2557,0
2179826,6.984,2.892,6.297,0.052,-0.015,0.001,2558,0
2179846,7.001,2.933,6.304,0.075,-0.016,-0.018,2558,0
2179866,6.993,2.99,6.27,0.061,-0.009,-0.016,2558,0
2179886,6.967,2.962,6.33,0.041,-0.013,-0.004,2558,0
2179906,6.991,2.931,6.345,0.043,-0.019,0.0,2557,0
2179926,6.993,2.938,6.373,0.031,-0.022,0.006,2557,0
2179946,6.989,2.883,6.378,0.023,-0.029,0.009,2557,0
2179966,6.991,2.844,6.381,0.045,-0.04,0.001,2557,0
2179986,6.986,2.897,6.333,0.059,-0.039,-0.006,2558,0
2180006,6.917,2.988,6.325,0.039,-0.036,-0.001,2557,0
2180026,6.876,2.988,6.294,0.014,-0.062,0.009,2558,0
2180046,6.919,2.911,6.244,0.023,-0.071,0.004,2558,0
2180066,6.9,2.928,6.199,0.048,-0.05,-0.008,2557,0
2180086,6.855,3.038,6.179,0.051,-0.032,-0.011,2558,0
2180106,6.867,3.05,6.223,0.024,-0.037,0.011,2557,0
2180126,6.886,2.921,6.266,0.015,-0.034,0.012,2557,0
2180147,6.914,2.859,6.258,0.034,-0.033,0.001,2558,0
2180166,6.91,2.885,6.287,0.045,-0.022,-0.009,2558,0
2180186,6.895,2.914,6.254,0.051,-0.037,-0.016,2557,0
2180206,6.943,2.942,6.215,0.054,-0.039,-0.021,2558,0
2180226,6.926,2.974,6.196,0.05,-0.019,-0.025,2558,0
2180246,6.879,2.981,6.304,0.048,-0.017,-0.021,2556,0
2180266,6.91,3.014,6.256,0.046,-0.026,-0.014,2558,0
2180287,6.938,2.971,6.268,0.048,-0.018,-0.015,2557,0
2180306,6.912,2.966,6.297,0.058,-0.022,-0.018,2558,0
2180342,6.953,2.981,6.292,0.04,-0.013,-0.005,2558,0
2180352,6.941,2.942,6.335,0.041,-0.01,-0.006,2558,0
2180367,6.91,2.959,6.316,0.052,-0.014,-0.011,2558,0
2180386,6.843,3.021,6.323,0.052,-0.025,-0.014,2557,0
2180406,6.879,2.998,6.349,0.038,-0.045,-0.014,2558,0
2180427,6.931,2.966,6.29,0.044,-0.046,-0.02,2558,0
2180446,6.95,2.959,6.294,0.056,-0.026,-0.024,2558,0
2180466,6.948,3.002,6.299,0.063,-0.022,-0.025,2558,0
2180486,6.946,3.01,6.282,0.042,-0.018,-0.016,2557,0
2180506,6.934,2.988,6.397,0.023,-0.017,-0.008,2558,0
2180526,6.934,2.969,6.397,0.04,-0.028,-0.007,2558,0
2180546,6.946,3.031,6.366,0.054,-0.032,-0.009,2558,0
2180566,6.886,3.05,6.337,0.042,-0.027,-0.003,2558,0
2180587,6.864,3.012,6.359,0.034,-0.054,0.004,2558,0
2180606,6.905,2.969,6.311,0.038,-0.058,0.003,2558,0
2180626,6.893,2.976,6.273,0.037,-0.039,-0.005,2558,0
2180646,6.876,2.986,6.246,0.049,-0.034,-0.014,2558,0
2180666,6.859,3.045,6.235,0.058,-0.021,-0.018,2558,0
2180686,6.819,3.086,6.235,0.034,-0.02,-0.006,2558,0
2180706,6.867,3.026,6.297,0.021,-0.03,0.007,2558,0
2180726,6.907,3.01,6.275,0.044,-0.024,0.002,2558,0
2180747,6.917,2.983,6.275,0.058,-0.009,-0.005,2558,0
2180766,6.893,3.0,6.297,0.042,-0.013,-0.005,2558,0
2180786,6.936,2.978,6.333,0.039,-0.025,-0.007,2558,0
2180806,6.934,3.019,6.325,0.036,-0.019,-0.002,2558,0
2180826,6.922,3.0,6.352,0.026,-0.029,0.002,2558,0
2180846,6.962,2.926,6.347,0.041,-0.032,-0.005,2558,0
2180866,6.924,2.983,6.328,0.052,-0.014,-0.014,2558,0
2180886,6.883,3.007,6.371,0.04,-0.017,-0.005,2558,0
2180906,6.912,2.983,6.357,0.026,-0.04,0.007,2557,0
2180941,6.898,2.895,6.335,0.046,-0.053,-0.004,2558,0
2180951,6.9,2.909,6.302,0.06,-0.05,-0.01,2557,0
2180966,6.914,3.019,6.215,0.066,-0.032,-0.014,2558,0
2180986,6.831,3.069,6.254,0.032,-0.013,-0.004,2558,0
2181006,6.847,3.005,6.335,0.023,-0.035,0.007,2558,0
2181026,6.946,2.928,6.314,0.048,-0.037,-0.003,2559,0
2181046,6.941,2.99,6.345,0.061,-0.009,-0.005,2559,0
2181066,6.912,3.007,6.371,0.052,-0.017,0.004,2559,0
2181086,6.924,2.981,6.364,0.029,-0.025,0.01,2558,0
2181106,6.948,2.863,6.347,0.02,-0.027,0.002,2558,0
2181126,6.857,2.883,6.369,0.042,-0.026,-0.011,2559,0
2181146,6.828,2.99,6.388,0.055,-0.043,-0.009,2559,0
2181166,6.835,3.024,6.335,0.034,-0.059,0.007,2559,0
2181187,6.869,2.911,6.314,0.028,-0.057,0.002,2558,0
2181206,6.838,2.904,6.227,0.052,-0.043,-0.024,2559,0
2181226,6.826,3.0,6.251,0.06,-0.034,-0.03,2559,0
2181246,6.826,3.105,6.266,0.044,-0.034,-0.016,2559,0
2181266,6.862,3.072,6.22,0.034,-0.031,-0.006,2558,0
2181286,6.876,3.029,6.239,0.044,-0.014,-0.01,2558,0
2181306,6.902,2.995,6.321,0.046,-0.006,-0.009,2559,0
2181326,6.924,2.942,6.311,0.051,-0.013,-0.007,2559,0
2181346,6.941,2.971,6.256,0.05,-0.017,-0.011,2559,0
2181366,6.924,2.995,6.268,0.041,-0.026,-0.017,2558,0
2181387,6.958,3.033,6.299,0.036,-0.023,-0.017,2559,0
2181406,6.936,3.045,6.381,0.048,-0.016,-0.019,2559,0
2181426,6.912,3.132,6.412,0.079,-0.021,-0.024,2559,0
2181446,6.862,3.194,6.393,0.063,-0.046,-0.009,2558,0
2181466,6.938,3.11,6.297,0.041,-0.054,0.007,2558,0
2181486,6.948,3.007,6.306,0.044,-0.035,0.002,2558,0
2181506,6.867,2.99,6.325,0.08,-0.023,-0.009,2558,0
2181526,6.864,3.079,6.246,0.096,-0.025,-0.007,2559,0
2181546,6.816,3.139,6.268,0.056,-0.023,0.013,2558,0
2181566,6.852,3.031,6.304,0.022,-0.04,0.025,2558,0
2181586,6.895,3.0,6.318,0.043,-0.034,0.013,2558,0
2181606,6.867,3.029,6.27,0.066,-0.02,0.005,2559,0
2181627,6.874,3.057,6.292,0.062,-0.018,0.006,2558,0
2181646,6.847,3.038,6.337,0.052,-0.009,0.008,2559,0
2181666,6.84,2.966,6.366,0.048,-0.013,0.002,2558,0
2181686,6.843,2.988,6.378,0.048,-0.018,0.002,2559,0
2181706,6.864,2.954,6.388,0.036,-0.02,0.013,2559,0
2181726,6.876,2.94,6.378,0.048,-0.018,0.007,2558,0
2181746,6.855,3.005,6.361,0.048,-0.024,0.0,2558,0
2181766,6.819,3.007,6.361,0.024,-0.03,0.013,2559,0
2181786,6.85,2.921,6.412,0.027,-0.041,0.014,2558,0
2181806,6.879,2.942,6.34,0.058,-0.034,-0.007,2558,0
2181826,6.831,3.036,6.345,0.057,-0.026,-0.017,2559,0
2181846,6.809,3.065,6.287,0.036,-0.037,-0.001,2559,0
2181866,6.893,2.983,6.33,0.036,-0.02,-0.001,2559,0
2181886,6.833,3.007,6.352,0.053,-0.01,-0.01,2558,0
2181906,6.819,3.062,6.366,0.048,-0.023,0.002,2559,0
2181926,6.852,3.005,6.328,0.037,-0.028,0.011,2559,0
2181946,6.91,2.902,6.34,0.039,-0.032,0.003,2558,0
2181966,6.929,2.89,6.347,0.043,-0.033,-0.012,2559,0
2181986,6.919,2.938,6.352,0.042,-0.028,-0.018,2559,0
2182006,6.891,3.021,6.388,0.055,-0.025,-0.019,2559,0
2182026,6.845,3.146,6.369,0.062,-0.025,-0.013,2559,0
2182046,6.835,3.146,6.357,0.036,-0.055,0.001,2558,0
2182066,6.917,3.038,6.385,0.013,-0.056,0.014,2559,0
2182086,6.879,2.969,6.39,0.046,-0.043,0.0,2558,0
2182107,6.84,3.048,6.266,0.086,-0.041,-0.009,2559,0
2182126,6.764,3.144,6.22,0.049,-0.042,0.017,2559,0
2182146,6.845,3.031,6.27,0.006,-0.053,0.032,2558,0
2182166,6.891,2.895,6.316,0.033,-0.042,0.005,2559,0
2182186,6.879,2.998,6.299,0.086,-0.009,-0.02,2559,0
2182206,6.812,3.165,6.302,0.084,-0.005,-0.016,2559,0
2182226,6.823,3.184,6.376,0.044,-0.029,0.017,2558,0
2182246,6.879,3.045,6.378,0.037,-0.033,0.025,2559,0
2182266,6.919,2.966,6.335,0.064,-0.03,0.014,2559,0
2182286,6.895,3.0,6.378,0.077,-0.025,0.01,2558,0
2182306,6.891,3.0,6.385,0.063,-0.039,0.014,2558,0
2182326,6.893,2.964,6.381,0.032,-0.046,0.015,2558,0
2182346,6.876,2.871,6.4,0.026,-0.055,0.009,2558,0
2182366,6.893,2.89,6.414,0.041,-0.048,-0.006,2559,0
2182386,6.847,2.957,6.397,0.05,-0.046,-0.022,2559,0
2182406,6.823,3.038,6.342,0.04,-0.058,-0.021,2558,0
2182426,6.819,3.041,6.316,0.026,-0.052,-0.013,2559,0
2182446,6.821,3.005,6.318,0.019,-0.029,-0.014,2558,0
2182466,6.78,2.983,6.345,0.033,-0.034,-0.014,2559,0
2182486,6.823,2.986,6.292,0.038,-0.047,-0.011,2559,0
2182506,6.862,2.99,6.218,0.031,-0.043,-0.013,2559,0
2182526,6.893,3.007,6.258,0.017,-0.023,-0.018,2559,0
2182546,6.838,3.012,6.328,0.016,-0.022,-0.023,2558,0
2182567,6.852,3.029,6.304,0.036,-0.029,-0.027,2562,0
2182586,6.845,3.091,6.297,0.039,-0.034,-0.03,2559,0
2182606,6.855,3.129,6.278,0.038,-0.031,-0.02,2558,0
2182626,6.814,3.067,6.294,0.033,-0.031,-0.013,2558,0
2182646,6.84,3.021,6.306,0.04,-0.038,-0.016,2559,0
2182666,6.879,3.031,6.294,0.06,-0.035,-0.024,2559,0
2182686,6.847,3.084,6.27,0.058,-0.021,-0.016,2558,0
2182706,6.79,3.084,6.27,0.03,-0.035,0.001,2559,0
2182726,6.879,2.964,6.244,0.028,-0.029,-0.007,2559,0
2182746,6.855,2.966,6.297,0.054,-0.013,-0.036,2559,0
2182927,6.768,3.249,6.297,0.055,-0.047,-0.02,2559,0
2182947,6.814,3.122,6.287,0.018,-0.056,-0.006,2559,0
2182967,6.867,3.086,6.325,0.048,-0.039,-0.019,2559,0
2182987,6.814,3.184,6.29,0.072,-0.019,-0.025,2559,0
2183007,6.788,3.168,6.287,0.063,-0.015,-0.015,2559,0
2183027,6.819,3.11,6.337,0.059,-0.025,-0.015,2559,0
2183047,6.819,3.129,6.383,0.062,-0.019,-0.014,2559,0
2183067,6.84,3.153,6.383,0.048,-0.026,-0.012,2558,0
2183087,6.845,3.093,6.404,0.055,-0.032,-0.015,2559,0
2183107,6.855,3.141,6.316,0.071,-0.028,-0.024,2559,0
2183127,6.833,3.184,6.306,0.058,-0.023,-0.02,2559,0
2183147,6.826,3.201,6.33,0.031,-0.035,-0.007,2559,0
2183167,6.891,3.108,6.361,0.035,-0.04,-0.001,2559,0
2183187,6.879,3.065,6.357,0.061,-0.025,-0.012,2559,0
2183207,6.812,3.191,6.318,0.073,-0.022,-0.021,2559,0
2183227,6.819,3.163,6.328,0.061,-0.025,-0.019,2559,0
2183247,6.766,3.237,6.337,0.029,-0.033,-0.002,2559,0
2183267,6.823,3.115,6.369,0.011,-0.048,0.01,2558,0
2183287,6.821,3.098,6.314,0.048,-0.024,-0.012,2558,0
2183307,6.78,3.249,6.256,0.076,-0.02,-0.029,2558,0
2183327,6.783,3.309,6.242,0.047,-0.019,-0.01,2559,0
2183347,6.785,3.249,6.297,0.022,-0.018,0.014,2559,0
2183367,6.833,3.136,6.347,0.044,-0.024,0.009,2557,0
2183387,6.864,3.146,6.323,0.066,-0.014,0.004,2559,0
2183407,6.826,3.182,6.359,0.057,-0.011,0.016,2557,0
2183427,6.816,3.139,6.4,0.043,-0.03,0.02,2559,0
2183447,6.85,3.098,6.4,0.034,-0.04,0.019,2559,0
2183467,6.828,3.014,6.412,0.042,-0.035,0.012,2559,0
2183487,6.826,3.017,6.393,0.058,-0.037,-0.001,2558,0
2183507,6.756,3.089,6.357,0.052,-0.032,-0.01,2559,0
2183527,6.728,3.089,6.357,0.028,-0.05,-0.01,2559,0
2183547,6.785,3.057,6.306,0.025,-0.054,-0.013,2559,0
2183567,6.814,3.055,6.297,0.039,-0.027,-0.022,2559,0
2183587,6.761,3.1,6.376,0.041,-0.013,-0.025,2559,0
2183607,6.692,3.158,6.381,0.033,-0.023,-0.019,2559,0
2183627,6.754,3.134,6.306,0.013,-0.05,-0.007,2559,0
2183647,6.864,3.079,6.239,0.011,-0.032,-0.01,2559,0
2183667,6.826,3.1,6.342,0.028,-0.009,-0.021,2558,0
2183687,6.828,3.179,6.385,0.038,-0.025,-0.024,2559,0
2183707,6.833,3.249,6.364,0.029,-0.03,-0.013,2559,0
2183727,6.831,3.194,6.314,0.018,-0.038,-0.007,2559,0
2183747,6.828,3.144,6.328,0.033,-0.039,-0.007,2559,0
2183767,6.828,3.156,6.371,0.048,-0.041,-0.013,2558,0
2183787,6.807,3.179,6.354,0.054,-0.051,-0.014,2559,0
2183807,6.792,3.206,6.263,0.057,-0.05,-0.011,2559,0
2183827,6.776,3.184,6.254,0.047,-0.047,-0.004,2561,0
2183847,6.771,3.156,6.266,0.03,-0.038,0.003,2559,0
2183867,6.785,3.117,6.306,0.044,-0.025,-0.009,2559,0
2183887,6.759,3.124,6.33,0.072,-0.023,-0.025,2559,0
2183907,6.788,3.194,6.316,0.077,-0.034,-0.021,2559,0
2183927,6.819,3.172,6.316,0.034,-0.036,-0.009,2559,0
2183947,6.862,3.079,6.347,0.024,-0.036,-0.006,2559,0
2183967,6.871,3.086,6.359,0.049,-0.033,-0.021,2559,0
2183987,6.864,3.127,6.381,0.076,-0.026,-0.024,2559,0
2184007,6.795,3.16,6.393,0.054,-0.04,-0.015,2559,0
2184027,6.797,3.134,6.381,0.028,-0.067,-0.009,2559,0
2184047,6.814,3.144,6.393,0.019,-0.069,-0.013,2559,0
2184067,6.771,3.141,6.335,0.041,-0.066,-0.021,2559,0
2184087,6.771,3.22,6.246,0.069,-0.052,-0.029,2559,0
2184107,6.728,3.321,6.251,0.055,-0.044,-0.023,2559,0
2184127,6.704,3.338,6.304,0.028,-0.034,-0.005,2559,0
2184147,6.728,3.225,6.357,0.037,-0.047,0.002,2559,0
2184167,6.802,3.196,6.349,0.06,-0.042,-0.001,2558,0
2184187,6.828,3.213,6.333,0.063,-0.026,0.001,2559,0
2184207,6.816,3.191,6.436,0.05,-0.03,0.007,2559,0
2184227,6.835,3.089,6.452,0.034,-0.06,0.011,2559,0
2184247,6.886,2.959,6.469,0.026,-0.071,-0.006,2559,0
2184267,6.864,2.926,6.443,0.05,-0.068,-0.035,2558,0
2184403,6.776,3.259,6.112,-0.03,0.056,0.042,2559,0
2184423,6.783,3.134,6.318,-0.058,0.044,0.046,2559,0
2184443,6.871,3.024,6.457,-0.035,0.029,0.018,2559,0
2184463,6.917,3.024,6.565,0.002,0.041,-0.015,2559,0
2184483,6.888,3.127,6.634,0.003,0.041,-0.022,2559,0
2184503,6.859,3.115,6.752,-0.028,0.019,-0.022,2559,0
2184523,6.84,3.1,6.835,-0.064,-0.01,-0.02,2559,0
2184543,6.857,2.993,6.881,-0.072,-0.047,-0.026,2559,0
2184563,6.857,2.94,6.847,-0.058,-0.059,-0.035,2559,0
2184583,6.785,2.945,6.773,-0.06,-0.068,-0.042,2559,0
2184603,6.704,2.976,6.675,-0.094,-0.091,-0.038,2559,0
2184623,6.694,2.875,6.663,-0.129,-0.118,-0.026,2559,0
2184643,6.706,2.715,6.572,-0.128,-0.115,-0.035,2559,0
2184663,6.675,2.679,6.486,-0.106,-0.107,-0.071,2559,0
2184683,6.598,2.806,6.309,-0.088,-0.096,-0.088,2559,0
2184703,6.548,2.926,6.211,-0.115,-0.092,-0.079,2559,0
2184723,6.572,2.878,6.16,-0.139,-0.084,-0.064,2559,0
2184743,6.618,2.842,6.084,-0.112,-0.067,-0.078,2558,0
2184763,6.62,2.883,6.029,-0.088,-0.04,-0.105,2559,0
2184783,6.627,3.086,5.952,-0.063,-0.01,-0.102,2558,0
2184803,6.685,3.151,6.014,-0.075,-0.003,-0.079,2559,0
2184823,6.773,3.182,6.055,-0.088,0.002,-0.06,2559,0
2184843,6.831,3.156,6.103,-0.065,0.023,-0.061,2559,0
2184863,6.814,3.165,6.146,-0.022,0.029,-0.072,2558,0
2184884,6.857,3.213,6.206,0.008,0.016,-0.075,2559,0
2184903,6.895,3.263,6.306,0.001,0.018,-0.058,2559,0
2184923,6.972,3.201,6.455,0.015,0.019,-0.042,2559,0
2184943,6.986,3.23,6.505,0.057,0.025,-0.037,2559,0
2184963,6.953,3.203,6.565,0.071,0.012,-0.027,2559,0
2184983,6.943,3.199,6.675,0.042,-0.028,-0.006,2559,0
2185003,6.962,3.043,6.732,0.033,-0.037,0.007,2558,0
2185023,6.924,3.029,6.725,0.076,-0.043,0.003,2559,0
2185043,6.869,3.153,6.663,0.09,-0.064,0.006,2559,0
2185063,6.852,3.189,6.596,0.045,-0.081,0.018,2559,0
2185083,6.831,3.036,6.637,0.023,-0.074,0.021,2559,0
2185103,6.752,2.986,6.704,0.041,-0.07,0.004,2559,0
2185123,6.685,2.978,6.761,0.046,-0.085,-0.01,2559,0
2185143,6.668,3.012,6.699,0.037,-0.1,-0.012,2559,0
2185163,6.646,3.06,6.699,0.016,-0.108,-0.015,2559,0
2185183,6.682,3.026,6.68,0.0,-0.1,-0.014,2559,0
2185203,6.642,2.959,6.661,-0.014,-0.093,-0.009,2559,0
2185223,6.586,2.863,6.574,-0.035,-0.109,0.004,2559,0
2185243,6.646,2.772,6.383,-0.05,-0.107,0.01,2559,0
2185263,6.653,2.753,6.237,-0.057,-0.07,0.011,2559,0
2185283,6.706,2.737,6.167,-0.073,-0.037,0.007,2559,0
2185303,6.716,2.751,6.318,-0.078,0.008,0.003,2559,0
2185323,6.665,2.82,6.507,-0.078,0.001,-0.002,2559,0
2185343,6.694,2.849,6.586,-0.078,-0.026,-0.007,2559,0
2185363,6.73,2.82,6.565,-0.049,-0.051,-0.014,2559,0
2185384,6.723,2.854,6.402,-0.014,-0.056,-0.026,2559,0
2185403,6.73,2.851,6.256,-0.009,-0.059,-0.03,2559,0
2185423,6.697,2.883,6.136,-0.022,-0.054,-0.021,2559,0
2185443,6.721,2.837,6.062,-0.017,-0.056,-0.017,2559,0
2185463,6.809,2.851,5.962,0.022,-0.038,-0.024,2559,0
2185483,6.852,2.94,5.916,0.045,-0.007,-0.026,2559,0
2185503,6.852,3.05,6.036,0.047,0.022,-0.014,2559,0
2185524,6.819,3.115,6.191,0.047,0.026,0.002,2559,0
2185543,6.874,3.136,6.244,0.073,0.012,0.008,2561,0
2185563,6.898,3.132,6.366,0.109,0.005,0.01,2559,0
2185584,6.907,3.225,6.436,0.159,0.007,0.02,2559,0
2185604,6.838,3.251,6.428,0.176,-0.005,0.041,2559,0
2185623,6.835,3.191,6.342,0.177,-0.029,0.056,2559,0
2185643,6.874,3.089,6.287,0.182,-0.041,0.063,2558,0
2185663,6.922,2.962,6.325,0.192,-0.025,0.067,2559,0
2185683,6.869,2.919,6.443,0.211,0.001,0.052,2559,0
2185704,6.816,2.981,6.428,0.222,-0.005,0.047,2559,0
2185723,6.814,2.988,6.467,0.185,-0.02,0.058,2559,0
2185743,6.819,2.931,6.598,0.161,-0.021,0.059,2559,0
2185763,6.764,2.799,6.761,0.174,-0.026,0.042,2558,0
2185783,6.752,2.902,6.709,0.196,-0.036,0.035,2559,0
2185803,6.747,2.895,6.596,0.167,-0.039,0.044,2559,0
2185823,6.701,2.808,6.546,0.123,-0.036,0.041,2559,0
2185843,6.689,2.749,6.61,0.106,-0.022,0.024,2559,0
2185863,6.653,2.83,6.706,0.111,-0.018,0.012,2559,0
2185883,6.658,2.878,6.79,0.094,-0.032,0.014,2559,0
2185903,6.687,2.844,6.735,0.064,-0.023,0.013,2559,0
2185923,6.649,2.77,6.718,0.044,-0.022,-0.002,2559,0
2185943,6.692,2.758,6.682,0.029,-0.027,-0.014,2559,0
2185963,6.716,2.741,6.749,0.005,-0.018,-0.013,2559,0
2185983,6.74,2.787,6.804,-0.007,-0.004,-0.012,2558,0
2186003,6.711,2.82,6.814,-0.042,-0.006,-0.007,2559,0
2186023,6.725,2.744,6.79,-0.09,-0.032,0.002,2559,0
2186043,6.804,2.605,6.687,-0.095,-0.047,-0.015,2559,0
2186063,6.814,2.593,6.67,-0.082,-0.03,-0.039,2559,0
2186083,6.79,2.72,6.63,-0.081,-0.033,-0.045,2559,0
2186103,6.812,2.806,6.572,-0.101,-0.033,-0.036,2558,0
2186123,6.764,2.84,6.539,-0.108,-0.046,-0.037,2559,0
2186143,6.804,2.89,6.455,-0.1,-0.079,-0.039,2559,0
2186163,6.749,2.931,6.333,-0.095,-0.072,-0.029,2559,0
2186183,6.67,2.897,6.22,-0.088,-0.085,-0.018,2559,0
2186203,6.74,2.914,5.993,-0.062,-0.079,-0.02,2559,0
2186223,6.74,2.926,5.866,-0.046,-0.053,-0.042,2559,0
2186244,6.776,3.017,5.777,-0.026,-0.039,-0.067,2559,0
2186263,6.871,3.105,5.825,-0.011,-0.008,-0.08,2559,0
2186283,6.907,3.148,6.012,0.03,0.031,-0.09,2559,0
2186303,6.838,3.297,6.263,0.071,0.047,-0.083,2559,0
2186323,6.838,3.357,6.498,0.07,0.046,-0.048,2559,0
2186343,6.912,3.218,6.768,0.041,0.036,-0.007,2558,0
2186382,6.898,3.031,7.12,0.078,0.02,0.014,2559,0
2186391,6.869,3.017,7.183,0.077,0.011,0.025,2559,0
2186403,6.84,2.942,7.23,0.053,-0.003,0.045,2559,0
2186424,6.802,2.78,7.274,0.009,-0.049,0.064,2559,0
2186443,6.883,2.61,7.238,-0.019,-0.063,0.069,2559,0
2186463,6.802,2.444,7.247,-0.048,-0.071,0.066,2559,0
2186483,6.795,2.306,7.178,-0.058,-0.116,0.048,2559,0
2186503,6.809,2.219,6.974,-0.07,-0.144,0.031,2559,0
2186523,6.826,2.224,6.721,-0.092,-0.151,0.02,2559,0
2186543,6.79,2.227,6.582,-0.127,-0.159,0.006,2559,0
2186563,6.773,2.274,6.383,-0.137,-0.169,-0.018,2559,0
2186584,6.788,2.452,6.189,-0.121,-0.175,-0.044,2559,0
2186603,6.835,2.646,6.148,-0.123,-0.141,-0.053,2558,0
2186624,6.744,2.828,6.206,-0.137,-0.096,-0.046,2559,0
2186643,6.682,2.871,6.333,-0.14,-0.12,-0.038,2558,0
2186664,6.742,2.902,6.318,-0.088,-0.131,-0.044,2559,0
2186683,6.723,2.969,6.232,-0.042,-0.12,-0.044,2559,0
2186703,6.682,2.995,6.17,-0.018,-0.12,-0.03,2559,0
2186966,7.101,2.907,6.493,0.226,-0.006,0.075,2559,0
2186986,7.07,2.974,6.493,0.23,-0.009,0.087,2559,0
2187006,7.025,2.945,6.536,0.191,-0.035,0.115,2559,0
2187026,7.082,2.796,6.481,0.19,-0.043,0.12,2559,0
2187046,7.051,2.751,6.464,0.199,-0.021,0.114,2559,0
2187066,6.986,2.746,6.553,0.176,-0.017,0.117,2559,0
2187086,7.029,2.703,6.594,0.153,-0.037,0.117,2559,0
2187106,7.044,2.602,6.574,0.131,-0.04,0.124,2559,0
2187127,7.084,2.507,6.574,0.12,-0.039,0.112,2559,0
2187146,7.037,2.512,6.663,0.115,-0.021,0.081,2559,0
2187166,6.986,2.653,6.795,0.111,-0.027,0.055,2559,0
2187186,6.922,2.686,6.862,0.103,-0.065,0.059,2558,0
2187206,6.907,2.782,6.732,0.098,-0.093,0.065,2559,0
2187226,6.883,2.693,6.697,0.06,-0.09,0.074,2559,0
2187246,6.835,2.576,6.812,0.033,-0.114,0.071,2559,0
2187266,6.871,2.456,6.85,0.033,-0.147,0.06,2559,0
2187286,6.821,2.423,6.867,-0.012,-0.179,0.053,2558,0
2187306,6.802,2.318,6.462,0.011,-0.201,0.027,2559,0
2187326,6.78,2.31,6.371,-0.026,-0.202,0.014,2559,0
2187346,6.85,2.246,6.218,-0.031,-0.172,-0.007,2558,0
2187366,6.864,2.243,6.05,-0.037,-0.115,-0.048,2558,0
2187386,6.895,2.239,6.029,-0.066,-0.094,-0.092,2557,0
2187406,6.926,2.205,5.978,-0.057,-0.092,-0.128,2555,0
2187426,7.099,2.342,5.986,-0.027,-0.07,-0.156,2554,0
2187580,6.031,3.601,5.717,0.638,-0.037,0.071,2853,0
2187600,6.053,4.831,6.165,0.78,0.079,0.22,2925,0
2187620,5.679,4.954,6.292,0.804,0.214,0.508,3007,0
2187640,6.057,4.154,5.318,0.703,0.27,0.58,3068,0
2187660,6.852,3.069,6.22,0.561,0.326,0.524,3145,0
2187680,6.598,2.545,6.74,0.704,0.102,0.5,3198,2263
2187700,6.273,3.134,6.495,0.826,-0.136,0.512,3227,3776
2187720,7.041,3.127,6.517,0.731,-0.236,0.485,3247,4095
2187740,8.018,2.143,5.361,0.612,-0.168,0.287,3248,4095
2187760,7.563,2.272,5.626,0.577,0.153,0.031,3246,4095
2187780,6.95,3.112,5.768,0.542,0.063,0.031,3239,4095
2187800,6.972,3.108,5.873,0.35,0.043,0.158,3230,4095
2187820,7.154,2.753,5.952,0.284,0.055,0.075,3228,4095
2187840,6.776,3.019,6.579,0.291,-0.151,-0.027,3224,4095
2187860,7.144,3.199,6.146,0.286,-0.169,-0.057,3220,4095
2187880,7.333,3.467,5.818,0.194,-0.164,-0.022,3213,4095
2187900,6.967,3.278,5.765,0.144,-0.053,-0.007,3213,4095
2187920,7.072,3.22,5.789,0.113,-0.016,-0.025,3206,4095
2187940,6.788,3.436,5.976,0.159,-0.073,-0.015,3202,4095
2187960,6.993,3.467,5.916,0.199,-0.069,-0.011,3199,4095
2187980,7.264,3.579,5.866,0.183,-0.007,-0.024,3197,4095
2188000,6.9,3.711,5.89,0.135,0.012,-0.004,3193,4095
2188020,6.986,3.419,5.926,0.038,-0.017,0.029,3188,4095
2188040,7.293,3.11,5.835,0.064,0.009,-0.007,3185,4095
2188060,6.759,3.567,6.036,0.098,0.009,0.003,3183,4095
2188080,6.977,3.553,6.127,0.069,-0.008,0.021,3183,4095
2188100,7.264,3.369,5.768,0.094,-0.011,-0.023,3180,4095
2188120,6.63,3.603,5.871,0.1,-0.007,-0.036,3179,4095
2188140,6.79,3.728,5.748,0.053,-0.015,0.016,3177,4095
2188160,6.886,3.39,5.839,0.027,-0.011,0.033,3174,4095
2188180,7.063,3.491,5.744,0.095,0.008,0.006,3172,4095
2188200,6.955,3.615,5.748,0.088,0.079,-0.007,3170,4095
2188220,6.802,3.618,5.993,0.062,0.041,-0.006,3167,4095
2188240,6.912,3.591,6.112,0.048,-0.022,0.006,3165,4095
2188260,7.051,3.589,6.009,0.047,-0.065,0.022,3163,4095
2188280,7.053,3.567,5.895,0.026,-0.051,0.033,3159,4095
2188300,7.247,3.328,5.693,0.027,0.025,0.006,3158,4095
2188320,6.881,3.548,5.988,0.036,0.052,-0.041,3156,4095
2188340,6.967,3.462,6.069,0.061,-0.022,-0.031,3155,4095
2188360,6.871,3.725,5.99,0.068,-0.06,-0.021,3153,4095
2188380,7.025,3.673,5.921,0.009,-0.094,0.035,3152,4095
2188400,7.144,3.457,5.823,-0.033,-0.07,0.026,3151,4095
2188420,7.286,3.249,5.696,-0.042,0.034,-0.042,3151,4095
2188440,6.864,3.294,6.199,0.036,0.025,-0.066,3150,4095
2188460,6.934,3.668,6.141,0.111,-0.049,-0.052,3149,4095
2188480,6.855,3.824,6.048,0.046,-0.115,0.01,3148,4095
2188500,7.439,3.488,5.674,0.004,-0.116,0.02,3145,4095
2188520,7.094,3.63,5.784,-0.004,0.037,-0.017,3146,4095
2188540,7.07,3.333,5.928,0.046,0.057,-0.038,3143,4095
2188560,6.874,3.663,5.895,0.098,0.023,-0.044,3141,4095
2188580,6.802,3.78,5.868,0.009,-0.038,0.019,3140,4095
2188600,6.96,3.373,5.895,-0.026,-0.08,0.045,3143,4095
2188620,7.159,3.383,5.684,0.019,0.022,-0.006,3141,4095
2188640,6.914,3.541,5.883,-0.004,0.068,-0.036,3137,4095
2188660,6.79,3.555,5.914,0.007,0.039,-0.047,3137,4095
2188680,6.74,3.608,5.966,0.027,-0.025,-0.009,3136,4095
2188700,6.917,3.51,6.012,0.045,-0.045,0.01,3135,4095
2188720,6.912,3.646,5.983,0.047,-0.064,0.014,3136,4095
2188740,7.049,3.474,5.945,0.031,-0.006,-0.028,3134,4095
2188760,6.819,3.481,5.909,0.042,-0.03,-0.037,3134,4095
2188780,6.812,3.589,6.045,0.006,-0.04,-0.012,3132,4095
2188800,7.405,3.378,5.899,-0.018,-0.016,-0.023,3130,4095
2188820,6.831,3.603,6.057,0.015,0.03,-0.056,3131,4095
2188840,6.893,3.572,6.208,0.023,-0.01,-0.038,3130,4095
2188860,7.046,3.601,6.278,0.024,-0.111,-0.044,3130,4095
2188880,6.742,3.644,6.385,-0.003,-0.205,-0.009,3129,4095
2188900,7.154,3.646,6.206,0.006,-0.244,0.036,3128,4095
2188920,6.984,3.627,6.0,0.01,-0.288,0.062,3128,4095
2188940,6.926,3.687,6.019,-0.042,-0.339,0.122,3130,4095
2188960,7.312,3.661,5.849,-0.14,-0.404,0.133,3129,4095
2188980,6.8,3.369,5.978,-0.211,-0.416,0.127,3128,4095
2189000,7.278,3.723,5.804,-0.266,-0.506,0.138,3125,4095
2189020,6.756,3.582,5.983,-0.392,-0.641,0.225,3126,4030
2189040,7.321,3.56,5.875,-0.516,-0.783,0.302,3126,3945
2189060,7.065,2.947,5.765,-0.581,-0.942,0.333,3128,3774
2189080,8.363,2.562,4.978,-0.594,-0.825,0.232,3120,3375
2189100,7.238,2.334,5.49,-0.588,-0.73,0.13,3100,2385
2189120,7.061,2.411,5.657,-0.588,-0.954,-0.029,3059,0
2189140,7.922,2.114,5.538,-0.52,-1.122,-0.107,3004,0
2189160,7.939,2.777,4.915,-0.561,-1.257,-0.193,2927,0
2189180,8.825,2.365,4.125,-0.496,-1.0,-0.165,2831,0
2189200,8.126,3.026,3.591,-0.302,-0.568,-0.175,2758,0
2189220,7.788,3.108,2.626,-0.231,-0.159,-0.052,2692,0
2189240,8.143,2.382,0.804,-0.095,0.774,0.069,2635,0
2189260,8.696,3.644,3.522,-0.587,2.039,0.241,2625,0
2189280,8.167,1.061,7.551,-1.0,1.661,0.231,2595,0
2189300,7.08,1.389,6.924,-0.537,0.891,-0.113,2552,0
2189320,6.843,2.416,6.601,-0.141,0.319,-0.147,2528,0
2189340,7.523,2.521,6.304,-0.002,0.165,-0.075,2512,0
2189360,7.772,2.543,6.096,-0.046,0.255,-0.031,2508,0
2189380,7.475,2.677,5.643,-0.048,0.463,-0.041,2507,0
2189400,6.773,3.043,5.914,-0.08,0.458,-0.012,2507,0
2189420,6.768,2.727,6.517,-0.116,0.149,0.04,2510,0
2189440,7.252,2.227,6.632,-0.022,-0.084,0.066,2515,0
2189460,7.539,2.272,6.546,0.086,-0.127,0.06,2523,0
2189480,7.527,2.227,6.172,0.103,-0.103,0.044,2527,0
2189500,7.549,2.1,6.019,0.066,-0.096,0.033,2531,0
2189520,7.582,2.047,6.041,0.062,-0.123,0.005,2537,0
2189540,7.714,1.935,6.024,0.079,-0.085,-0.033,2542,0
2189560,7.695,2.061,6.053,0.102,-0.03,-0.056,2545,0
2189580,7.647,2.124,5.981,0.096,0.026,-0.063,2550,0
2189600,7.331,2.325,5.947,0.039,0.025,-0.059,2554,0
2189620,7.484,2.205,6.227,-0.002,-0.088,-0.043,2556,0
2189640,7.594,2.231,6.144,-0.003,-0.086,-0.019,2558,0
2189660,7.355,2.176,6.117,0.058,-0.053,-0.03,2559,0
2189680,7.479,2.164,5.971,0.094,-0.021,-0.052,2559,0
2189700,7.616,2.708,5.909,0.09,-0.011,-0.001,2559,0
2189720,6.747,2.251,6.239,0.016,-0.096,0.014,2561,0
2189740,7.738,2.277,5.792,0.114,-0.108,-0.02,2582,0
2189760,7.592,2.658,5.986,0.108,-0.075,0.018,2586,0
2189780,6.869,2.148,5.969,0.047,-0.056,-0.016,2589,0
2189800,7.898,2.401,5.605,0.111,-0.024,-0.016,2590,0
2189820,7.149,2.425,6.038,0.032,-0.03,0.02,2592,0
2189840,7.135,1.932,5.792,0.063,-0.005,-0.033,2593,0
2189860,7.875,2.535,5.902,0.106,-0.008,-0.002,2595,0
2189880,6.855,2.155,6.203,0.037,-0.035,-0.005,2600,0
2189900,7.834,2.212,5.734,0.119,-0.018,-0.051,2604,0
2189920,7.554,2.672,6.026,0.076,-0.014,-0.018,2608,0
2189940,6.919,2.028,6.014,0.038,-0.035,-0.06,2611,0
2189960,8.088,2.49,5.787,0.134,-0.026,-0.047,2611,0
2189980,7.003,2.48,6.254,0.072,-0.02,-0.018,2613,0
2190000,7.539,2.224,5.849,0.121,-0.026,-0.062,2614,0
2190020,7.738,2.758,5.99,0.117,-0.029,-0.006,2615,0
2190040,6.835,2.152,6.16,0.056,-0.076,-0.013,2617,0
2190060,8.095,2.497,5.689,0.127,-0.05,-0.016,2620,0
2190080,7.144,2.538,6.223,0.041,-0.033,0.02,2620,0
2190100,7.381,2.054,5.804,0.082,-0.032,-0.044,2621,0
2190233,7.752,2.224,5.696,0.059,-0.047,-0.017,2625,0
2190253,7.661,2.591,5.837,0.085,-0.006,0.005,2628,0
2190273,7.412,2.523,5.914,0.064,-0.0,-0.013,2628,0
2190293,7.319,2.593,5.839,0.063,-0.015,-0.028,2627,0
2190313,7.281,2.583,5.823,0.051,-0.035,-0.029,2629,0
2190333,7.278,2.571,5.873,0.085,-0.036,-0.03,2629,0
2190353,7.3,2.691,5.816,0.108,-0.019,-0.032,2630,0
2190373,7.271,2.727,5.804,0.09,-0.029,-0.01,2630,0
2190393,7.384,2.646,5.811,0.066,-0.021,0.01,2632,0
2190413,7.393,2.464,5.887,0.062,-0.002,0.015,2631,0
2190433,7.41,2.416,5.93,0.076,0.006,0.003,2633,0
2190453,7.398,2.428,6.024,0.086,-0.01,-0.005,2631,0
2190473,7.491,2.461,6.014,0.075,-0.034,-0.011,2631,0
2190493,7.484,2.454,6.007,0.064,-0.021,-0.006,2631,0
2190513,7.52,2.425,6.024,0.072,-0.009,-0.016,2633,0
2190533,7.453,2.466,6.065,0.087,-0.003,-0.024,2633,0
2190553,7.381,2.55,6.065,0.071,-0.015,-0.004,2633,0
2190573,7.362,2.521,6.009,0.037,-0.05,0.019,2633,0
2190593,7.47,2.464,5.962,0.041,-0.054,0.021,2634,0
2190613,7.453,2.48,5.926,0.047,-0.031,0.01,2635,0
2190633,7.372,2.464,5.883,0.044,-0.017,0.005,2634,0
2190653,7.35,2.464,6.012,0.043,-0.033,0.001,2634,0
2190673,7.391,2.516,5.974,0.045,-0.035,-0.005,2635,0
2190693,7.386,2.545,6.007,0.026,-0.041,0.001,2635,0
2190713,7.432,2.531,5.986,0.028,-0.05,0.005,2635,0
2190733,7.453,2.519,5.918,0.042,-0.032,-0.003,2636,0
2190753,7.338,2.555,5.895,0.044,-0.021,0.009,2637,0
2190773,7.357,2.547,5.923,0.037,-0.055,0.029,2637,0
2190793,7.439,2.512,5.921,0.033,-0.061,0.026,2638,0
