1243129,8.442,4.082,3.065,0.059,-0.035,-0.002,2614,0
1243149,8.363,4.154,3.103,0.065,-0.027,-0.002,2615,0
1243169,8.368,4.116,3.053,0.05,-0.046,0.01,2615,0
1243189,8.408,4.065,2.974,0.029,-0.044,0.01,2616,0
1243209,8.389,4.099,3.021,0.027,-0.037,0.003,2615,0
1243229,8.449,4.171,3.112,0.052,-0.035,-0.002,2613,0
1243249,8.411,4.226,3.1,0.07,-0.041,-0.007,2615,0
1243269,8.38,4.173,3.019,0.056,-0.046,0.001,2613,0
1243289,8.356,4.101,2.995,0.03,-0.051,0.016,2615,0
1243309,8.389,4.025,3.057,0.013,-0.045,0.018,2614,0
1243329,8.377,4.082,3.096,0.039,-0.024,0.004,2614,0
1243349,8.317,4.116,3.067,0.052,-0.03,0.005,2614,0
1243369,8.31,4.044,2.952,0.04,-0.047,0.016,2614,0
1243389,8.32,3.953,2.928,0.022,-0.038,0.007,2616,0
1243409,8.375,3.986,2.952,0.044,-0.01,-0.02,2616,0
1243429,8.382,4.147,2.966,0.059,0.011,-0.028,2615,0
1243449,8.337,4.228,3.021,0.059,0.009,-0.023,2616,0
1243469,8.353,4.216,3.012,0.038,-0.019,-0.002,2616,0
1243489,8.48,4.08,2.995,0.03,-0.025,0.001,2617,0
1243509,8.464,4.056,3.069,0.047,-0.007,-0.007,2615,0
1243529,8.425,4.156,3.124,0.071,-0.015,-0.007,2616,0
1243549,8.387,4.245,3.151,0.065,-0.031,0.004,2614,0
1243569,8.368,4.175,3.129,0.047,-0.052,0.019,2615,0
1243589,8.356,4.025,3.065,0.06,-0.053,0.009,2616,0
1243609,8.339,4.049,2.995,0.074,-0.035,-0.009,2615,0
1243629,8.298,4.125,3.024,0.058,-0.019,-0.007,2616,0
1243649,8.305,4.175,3.108,0.036,-0.014,0.0,2616,0
1243669,8.315,4.164,3.163,0.047,-0.03,0.001,2614,0
1243689,8.368,4.12,3.117,0.062,-0.033,0.003,2617,0
1243709,8.373,4.075,3.12,0.047,-0.019,0.008,2615,0
1243729,8.384,3.991,3.11,0.028,-0.028,0.005,2615,0
1243749,8.404,3.996,3.124,0.024,-0.03,-0.013,2617,0
1243769,8.387,4.041,3.086,0.024,-0.041,-0.019,2617,0
1243789,8.394,4.063,3.091,0.032,-0.037,-0.023,2617,0
1243809,8.382,4.152,3.072,0.039,-0.03,-0.029,2617,0
1243829,8.37,4.254,3.089,0.026,-0.03,-0.022,2620,0
1243849,8.332,4.288,3.108,0.026,-0.031,0.004,2618,0
1243869,8.353,4.147,3.067,0.028,-0.048,0.025,2617,0
1243889,8.413,4.032,2.99,0.045,-0.046,0.009,2617,0
1243909,8.396,4.056,3.026,0.062,-0.014,-0.015,2617,0
1243929,8.301,4.144,3.036,0.056,-0.02,-0.007,2616,0
1243949,8.353,4.099,3.017,0.026,-0.03,0.011,2618,0
1243969,8.399,4.063,3.043,0.013,-0.023,-0.002,2618,0
1243989,8.396,4.068,3.17,0.046,-0.023,-0.035,2618,0
1244009,8.392,4.164,3.11,0.078,-0.021,-0.038,2617,0
1244029,8.396,4.175,3.067,0.064,-0.019,-0.019,2618,0
1244049,8.401,4.118,3.079,0.047,-0.02,-0.007,2618,0
1244069,8.425,4.156,3.093,0.026,-0.028,0.005,2619,0
1244089,8.459,4.118,3.151,0.012,-0.03,0.017,2617,0
1244109,8.396,4.08,3.201,0.048,-0.039,0.006,2616,0
1244129,8.358,4.13,3.165,0.07,-0.059,-0.007,2617,0
1244149,8.327,4.197,3.041,0.051,-0.067,0.004,2617,0
1244169,8.325,4.228,3.05,0.017,-0.05,0.019,2618,0
1244189,8.329,4.137,3.079,0.037,-0.041,0.009,2618,0
1244209,8.31,4.166,3.038,0.064,-0.049,-0.003,2618,0
1244229,8.339,4.192,3.026,0.062,-0.039,-0.001,2617,0
1244249,8.365,4.168,3.093,0.054,-0.029,0.016,2618,0
1244269,8.416,4.092,3.158,0.041,-0.034,0.022,2617,0
1244289,8.401,3.962,3.134,0.043,-0.049,0.012,2618,0
1244314,8.464,3.912,3.124,0.03,-0.059,-0.006,2617,0
1244329,8.478,3.936,3.117,0.034,-0.042,-0.018,2615,0
1244349,8.396,4.08,3.112,0.033,-0.034,-0.022,2616,0
1244369,8.377,4.156,3.067,0.019,-0.051,-0.009,2617,0
1244389,8.413,4.187,3.026,0.001,-0.058,0.01,2617,0
1244409,8.44,4.068,3.01,0.008,-0.045,0.014,2617,0
1244429,8.406,4.056,3.005,0.037,-0.035,0.01,2618,0
1244449,8.382,4.089,2.942,0.038,-0.045,0.009,2617,0
1244469,8.363,4.168,2.947,0.022,-0.03,0.017,2618,0
1244489,8.375,4.12,3.002,0.018,-0.048,0.03,2618,0
1244509,8.394,4.051,2.988,0.039,-0.046,0.013,2619,0
1244529,8.425,4.07,3.021,0.057,-0.031,-0.009,2618,0
1244549,8.396,4.154,3.048,0.063,-0.022,-0.014,2618,0
1244569,8.339,4.19,3.067,0.053,-0.037,-0.005,2619,0
1244589,8.408,4.116,3.041,0.037,-0.054,0.013,2618,0
1244609,8.437,3.989,3.062,0.049,-0.035,0.013,2617,0
1244629,8.42,4.01,3.086,0.072,-0.033,-0.002,2618,0
1244649,8.401,4.044,3.045,0.064,-0.037,-0.002,2618,0
1244669,8.389,4.07,3.055,0.032,-0.039,0.016,2617,0
1244689,8.375,3.974,3.105,0.019,-0.049,0.013,2617,0
1244709,8.387,4.02,3.084,0.046,-0.052,-0.004,2618,0
1244729,8.368,4.07,3.014,0.053,-0.044,-0.014,2618,0
1244749,8.332,4.118,2.986,0.05,-0.03,-0.011,2618,0
1244769,8.346,4.096,2.976,0.03,-0.031,-0.011,2617,0
1244789,8.349,4.037,3.036,0.024,-0.013,-0.017,2619,0
1244809,8.394,4.108,3.129,0.027,-0.014,-0.014,2618,0
1244829,8.418,4.142,3.158,0.042,-0.015,-0.015,2617,0
1244849,8.418,4.156,3.124,0.051,-0.024,-0.013,2617,0
1244869,8.435,4.123,3.098,0.052,-0.031,-0.009,2618,0
1244889,8.504,4.044,3.033,0.04,-0.043,-0.004,2619,0
1244909,8.49,3.996,3.031,0.044,-0.038,-0.01,2618,0
1244929,8.464,4.049,3.084,0.043,-0.036,-0.015,2618,0
1244949,8.437,4.027,3.033,0.054,-0.037,-0.019,2619,0
1244969,8.394,4.101,3.005,0.058,-0.021,-0.024,2619,0
1244989,8.255,4.164,3.057,0.04,-0.042,-0.007,2620,0
1245009,8.332,4.068,3.014,0.018,-0.075,0.017,2619,0
1245029,8.413,3.979,2.907,0.047,-0.04,-0.002,2619,0
1245049,8.294,3.994,2.974,0.048,-0.011,-0.01,2620,0
1245069,8.296,4.075,3.038,0.03,-0.031,-0.002,2618,0
1245089,8.392,4.07,2.983,0.017,-0.031,-0.004,2620,0
1245109,8.432,3.998,3.041,0.037,-0.011,-0.036,2620,0
1245129,8.382,4.085,3.033,0.075,0.01,-0.061,2623,0
1245149,8.339,4.195,3.033,0.062,0.011,-0.042,2621,0
1245169,8.394,4.149,3.086,0.033,-0.015,-0.009,2619,0
1245189,8.452,4.025,3.062,0.043,-0.03,-0.012,2619,0
1245209,8.464,4.037,3.038,0.053,-0.025,-0.028,2620,0
1245229,8.435,4.132,3.122,0.061,-0.015,-0.035,2619,0
1245249,8.377,4.173,3.218,0.071,-0.023,-0.025,2621,0
1245269,8.373,4.185,3.144,0.09,-0.056,-0.021,2620,0
1245289,8.363,4.166,2.966,0.07,-0.069,-0.013,2618,0
1245309,8.377,4.118,2.938,0.044,-0.048,-0.013,2618,0
1245329,8.353,4.161,3.072,0.056,-0.027,-0.031,2620,0
1245349,8.337,4.262,3.194,0.089,-0.031,-0.04,2619,0
1245369,8.317,4.231,3.1,0.107,-0.056,-0.029,2618,0
1245389,8.346,4.123,2.947,0.101,-0.057,-0.022,2620,0
1245409,8.389,3.996,2.909,0.074,-0.032,-0.026,2620,0
1245429,8.406,4.008,2.976,0.049,-0.013,-0.03,2620,0
1245449,8.394,4.073,3.089,0.058,-0.009,-0.034,2619,0
1245469,8.456,4.161,3.103,0.071,-0.015,-0.039,2620,0
1245489,8.396,4.25,3.103,0.058,-0.023,-0.042,2618,0
1245509,8.382,4.331,3.091,0.046,-0.042,-0.034,2619,0
1245529,8.43,4.317,3.0,0.042,-0.04,-0.023,2618,0
1245549,8.394,4.326,3.017,0.063,-0.009,-0.017,2620,0
1245569,8.327,4.343,3.081,0.067,-0.018,-0.006,2619,0
1245589,8.303,4.322,3.038,0.05,-0.039,0.019,2620,0
1245609,8.356,4.231,3.0,0.036,-0.042,0.036,2620,0
1245629,8.373,4.116,2.945,0.056,-0.026,0.026,2619,0
1245649,8.356,4.125,2.976,0.07,-0.017,0.006,2620,0
1245669,8.363,4.211,3.002,0.052,-0.015,0.008,2618,0
1245689,8.384,4.142,3.031,0.038,-0.031,0.01,2621,0
1245709,8.425,4.14,3.062,0.036,-0.032,0.002,2618,0
1245729,8.43,4.128,3.093,0.043,-0.033,-0.006,2620,0
1245749,8.399,4.132,3.038,0.058,-0.041,-0.01,2620,0
1245769,8.392,4.166,2.954,0.051,-0.033,-0.005,2618,0
1245789,8.325,4.161,2.957,0.034,-0.033,-0.001,2620,0
1245809,8.327,4.173,2.976,0.034,-0.043,0.007,2621,0
1245829,8.289,4.087,2.919,0.046,-0.036,0.01,2618,0
1245849,8.246,4.085,2.866,0.06,-0.029,0.004,2619,0
1245869,8.313,4.12,2.878,0.05,-0.02,-0.007,2619,0
1245889,8.317,4.235,3.0,0.046,0.001,-0.023,2619,0
1245909,8.279,4.322,3.108,0.061,-0.01,-0.026,2618,0
1245929,8.294,4.357,3.045,0.071,-0.026,-0.014,2619,0
1245949,8.325,4.293,3.074,0.064,-0.023,0.003,2620,0
1245969,8.32,4.154,3.057,0.056,-0.024,-0.002,2619,0
1246135,8.317,4.343,3.117,0.042,-0.036,0.017,2619,0
1246154,8.346,4.238,3.041,0.028,-0.048,0.033,2619,0
1246174,8.337,4.14,3.0,0.023,-0.044,0.015,2619,0
1246194,8.294,4.132,3.017,0.048,-0.032,0.004,2621,0
1246214,8.282,4.171,2.942,0.052,-0.026,0.003,2618,0
1246235,8.298,4.183,2.964,0.031,-0.02,-0.004,2617,0
1246254,8.322,4.24,3.057,0.026,-0.013,-0.018,2618,0
1246274,8.313,4.305,3.1,0.028,-0.018,-0.017,2620,0
1246294,8.315,4.259,3.062,0.057,-0.021,-0.008,2618,0
1246315,8.37,4.195,3.007,0.061,-0.027,0.001,2617,0
1246334,8.449,4.128,3.036,0.056,-0.018,-0.004,2618,0
1246354,8.365,4.159,3.053,0.038,-0.024,-0.001,2618,0
1246374,8.368,4.149,3.089,0.025,-0.038,0.011,2619,0
1246395,8.37,4.173,3.089,0.043,-0.025,0.006,2620,0
1246414,8.301,4.175,3.158,0.053,-0.029,-0.001,2618,0
1246434,8.267,4.185,3.129,0.051,-0.053,-0.007,2619,0
1246454,8.308,4.18,3.057,0.03,-0.06,-0.009,2619,0
1246475,8.332,4.245,3.036,0.032,-0.023,-0.014,2619,0
1246494,8.243,4.274,3.146,0.036,-0.016,-0.007,2619,0
1246514,8.272,4.204,3.112,0.047,-0.023,0.005,2619,0
1246534,8.291,4.154,3.081,0.037,-0.042,0.006,2617,0
1246554,8.346,4.085,2.998,0.03,-0.039,-0.001,2619,0
1247247,8.322,4.223,3.108,0.033,-0.029,-0.018,2619,0
1247267,8.265,4.302,3.033,0.039,-0.058,-0.004,2619,0
1247287,8.356,4.266,2.933,0.032,-0.056,0.013,2619,0
1247307,8.327,4.183,2.998,0.031,-0.032,0.009,2620,0
1247327,8.277,4.185,3.033,0.047,-0.04,0.0,2619,0
1247347,8.294,4.166,2.981,0.041,-0.048,-0.0,2620,0
1247367,8.32,4.118,2.971,0.046,-0.028,-0.015,2620,0
1247387,8.284,4.202,3.038,0.062,-0.009,-0.033,2621,0
1247437,8.313,4.214,3.148,0.033,-0.046,0.003,2620,0
1247446,8.339,4.128,3.11,0.037,-0.051,0.004,2620,0
1247456,8.384,4.092,3.081,0.046,-0.046,0.0,2621,0
1247467,8.38,4.058,3.021,0.049,-0.031,-0.007,2620,0
1247487,8.317,4.099,3.1,0.055,-0.01,-0.021,2621,0
1247507,8.322,4.254,3.177,0.046,-0.023,-0.016,2620,0
1247527,8.279,4.281,3.22,0.021,-0.044,-0.001,2620,0
1247547,8.332,4.25,3.156,0.028,-0.055,0.002,2619,0
1247567,8.325,4.199,3.089,0.048,-0.045,-0.018,2621,0
1247587,8.26,4.264,3.014,0.053,-0.032,-0.025,2621,0
1247607,8.241,4.283,3.093,0.028,-0.031,-0.013,2621,0
1247627,8.294,4.247,3.194,0.026,-0.037,-0.005,2620,0
1247648,8.31,4.25,3.239,0.037,-0.032,-0.014,2619,0
1247667,8.325,4.252,3.168,0.041,-0.047,-0.012,2620,0
1247687,8.363,4.24,3.091,0.039,-0.051,-0.003,2621,0
1247708,8.37,4.226,3.077,0.042,-0.049,-0.004,2622,0
1247727,8.392,4.243,3.053,0.035,-0.049,-0.004,2621,0
1247747,8.363,4.238,3.112,0.038,-0.055,0.001,2621,0
1247767,8.38,4.211,3.11,0.039,-0.064,0.005,2622,0
1247787,8.394,4.168,3.115,0.048,-0.066,-0.003,2619,0
1247807,8.384,4.175,3.105,0.044,-0.066,0.002,2620,0
1247827,8.358,4.094,3.074,0.019,-0.063,0.012,2621,0
1247848,8.308,4.008,3.026,0.02,-0.051,0.008,2621,0
1247867,8.224,4.077,2.978,0.022,-0.041,0.005,2621,0
1247887,8.248,4.096,2.904,0.004,-0.033,0.012,2620,0
1247907,8.308,4.075,2.885,-0.019,0.004,0.014,2622,0
1247927,8.296,4.166,2.959,-0.005,0.047,-0.001,2620,0
1247947,8.246,4.269,3.072,0.014,0.038,-0.01,2622,0
1247967,8.341,4.326,3.038,0.003,0.026,0.005,2621,0
1247987,8.377,4.233,3.12,-0.025,0.036,0.007,2621,0
1248007,8.389,4.099,3.218,-0.011,0.022,-0.017,2622,0
1248027,8.423,4.164,3.237,0.011,0.022,-0.04,2622,0
1248047,8.358,4.314,3.328,0.003,0.006,-0.029,2622,0
1248067,8.375,4.336,3.424,-0.014,-0.016,-0.007,2621,0
1248087,8.325,4.252,3.445,-0.024,-0.047,0.004,2620,0
1248107,8.387,4.075,3.431,-0.03,-0.074,0.0,2621,0
1248127,8.384,4.046,3.405,-0.004,-0.068,-0.026,2621,0
1248147,8.317,4.144,3.347,-0.02,-0.062,-0.035,2621,0
1248167,8.303,4.178,3.438,-0.054,-0.057,-0.016,2621,0
1248187,8.289,4.132,3.493,-0.063,-0.086,-0.006,2621,0
1248207,8.384,4.063,3.445,-0.046,-0.086,-0.022,2621,0
1248227,8.286,4.116,3.381,-0.037,-0.071,-0.025,2622,0
1248247,8.243,4.195,3.383,-0.083,-0.092,0.005,2621,0
1248267,8.305,4.034,3.373,-0.113,-0.092,0.026,2621,0
1248287,8.279,3.843,3.321,-0.084,-0.092,0.002,2620,0
1248307,8.25,3.9,3.203,-0.052,-0.102,-0.032,2621,0
1248327,8.231,4.015,3.055,-0.097,-0.088,-0.016,2620,0
1248347,8.279,3.967,3.055,-0.119,-0.08,-0.01,2621,0
1248367,8.279,3.96,2.983,-0.093,-0.084,-0.035,2622,0
1248387,8.253,4.161,2.95,-0.058,-0.072,-0.037,2621,0
1248407,8.296,4.156,2.868,-0.068,-0.08,-0.026,2619,0
1248427,8.284,4.034,2.799,-0.035,-0.076,-0.037,2622,0
1248447,8.344,4.094,2.66,-0.01,-0.063,-0.047,2622,0
1248467,8.344,4.216,2.667,-0.014,-0.035,-0.038,2622,0
1248487,8.373,4.286,2.763,-0.001,-0.034,-0.026,2621,0
1248507,8.356,4.348,2.835,0.036,-0.034,-0.04,2620,0
1248528,8.401,4.439,2.835,0.081,-0.035,-0.045,2622,0
1248547,8.387,4.542,2.851,0.103,-0.025,-0.027,2622,0
1248567,8.413,4.422,2.988,0.093,-0.028,-0.002,2621,0
1248587,8.411,4.283,3.158,0.104,-0.02,-0.002,2622,0
1248607,8.43,4.243,3.373,0.113,-0.042,-0.013,2621,0
1248627,8.447,4.281,3.476,0.121,-0.051,-0.025,2620,0
1248647,8.399,4.379,3.563,0.114,-0.047,-0.024,2621,0
1248667,8.322,4.36,3.63,0.105,-0.065,-0.0,2619,0
1248687,8.305,4.338,3.5,0.058,-0.078,0.032,2621,0
1248707,8.373,4.025,3.414,0.006,-0.091,0.053,2622,0
1248728,8.452,3.831,3.373,0.009,-0.079,0.028,2621,0
1248747,8.387,3.888,3.357,0.027,-0.043,-0.006,2620,0
1248767,8.277,4.137,3.34,0.006,-0.036,0.005,2621,0
1248787,8.274,4.135,3.28,-0.054,-0.061,0.042,2622,0
1248807,8.408,3.946,3.256,-0.074,-0.081,0.045,2622,0
1248827,8.452,3.96,3.292,-0.042,-0.058,0.022,2622,0
1248847,8.363,4.051,3.261,-0.025,-0.059,0.013,2621,0
1248867,8.315,4.123,3.134,-0.044,-0.086,0.03,2621,0
1248887,8.303,4.039,2.986,-0.071,-0.091,0.047,2621,0
1248907,8.305,3.941,2.914,-0.059,-0.068,0.041,2622,0
1248927,8.26,3.91,2.911,-0.034,-0.057,0.022,2621,0
1248947,8.212,3.958,2.737,0.011,-0.057,0.01,2622,0
1248967,8.215,3.974,2.559,0.023,-0.054,0.015,2622,0
1248987,8.25,3.941,2.447,0.027,-0.026,0.02,2622,0
1249007,8.258,3.967,2.476,0.031,-0.004,0.017,2623,0
1249028,8.25,4.07,2.547,0.066,-0.003,0.011,2623,0
1249047,8.32,4.087,2.461,0.09,0.0,-0.003,2622,0
1249067,8.447,4.214,2.531,0.136,0.013,-0.031,2622,0
1249087,8.454,4.345,2.696,0.161,0.037,-0.048,2622,0
1249107,8.416,4.475,2.875,0.205,0.031,-0.036,2622,0
1249127,8.483,4.417,2.986,0.236,0.002,-0.018,2622,0
1249147,8.547,4.281,3.024,0.268,-0.01,-0.007,2620,0
1249167,8.586,4.245,3.172,0.263,0.001,0.002,2621,0
1249187,8.581,4.171,3.412,0.254,-0.008,0.012,2621,0
1249207,8.55,4.125,3.558,0.275,-0.035,0.01,2621,0
1249227,8.535,4.195,3.548,0.248,-0.056,0.021,2620,0
1249247,8.514,4.144,3.666,0.198,-0.044,0.043,2621,0
1249267,8.468,4.089,3.749,0.16,-0.046,0.051,2622,0
1249287,8.435,3.994,3.79,0.122,-0.06,0.057,2621,0
1249307,8.399,3.888,3.768,0.08,-0.069,0.051,2621,0
1249327,8.389,3.869,3.776,0.054,-0.069,0.041,2621,0
1249347,8.346,3.915,3.663,-0.001,-0.065,0.053,2620,0
1249367,8.315,3.788,3.527,-0.068,-0.068,0.068,2620,0
1249387,8.277,3.725,3.357,-0.105,-0.062,0.055,2621,0
1249407,8.181,3.773,3.242,-0.12,-0.074,0.031,2621,0
1249427,8.231,3.871,3.065,-0.13,-0.061,0.023,2621,0
1249447,8.2,3.972,2.933,-0.139,-0.022,0.024,2622,0
1249467,8.181,3.958,2.878,-0.139,-0.025,0.017,2622,0
1249487,8.212,4.029,2.796,-0.133,-0.028,0.012,2621,0
1249507,8.325,3.936,2.717,-0.12,-0.03,-0.001,2621,0
1249527,8.344,3.857,2.674,-0.078,-0.013,-0.034,2621,0
1249547,8.356,4.022,2.576,-0.022,-0.006,-0.054,2622,0
1249567,8.394,4.12,2.559,-0.024,-0.015,-0.05,2622,0
1249587,8.487,4.099,2.634,-0.034,-0.016,-0.042,2622,0
1249607,8.578,3.986,2.804,0.008,-0.008,-0.063,2622,0
1249627,8.598,4.037,2.928,0.077,0.004,-0.082,2621,0
1249647,8.538,4.221,3.038,0.094,-0.003,-0.068,2621,0
1249667,8.598,4.216,3.172,0.065,-0.025,-0.03,2621,0
1249687,8.614,4.123,3.347,0.056,-0.035,-0.008,2621,0
1249707,8.6,4.044,3.443,0.096,-0.059,-0.009,2624,0
1249727,8.523,3.984,3.338,0.127,-0.072,-0.013,2621,0
1249747,8.464,3.974,3.213,0.096,-0.073,0.014,2622,0
1249767,8.334,3.857,3.201,0.03,-0.075,0.032,2621,0
1249787,8.329,3.776,3.136,0.026,-0.074,0.019,2622,0
1249807,8.298,3.79,2.954,0.059,-0.051,-0.012,2622,0
1249827,8.296,3.905,2.82,0.073,-0.011,-0.033,2622,0
1249847,8.32,4.149,2.883,0.044,0.033,-0.023,2622,0
1249867,8.349,4.197,3.086,0.007,0.042,0.001,2622,0
1249887,8.416,4.171,3.249,0.02,0.034,0.007,2622,0
1249907,8.442,4.152,3.311,0.047,0.007,0.0,2622,0
1249927,8.497,4.085,3.311,0.057,-0.019,0.009,2621,0
1249947,8.514,3.989,3.29,0.038,-0.029,0.013,2622,0
1249967,8.473,3.948,3.275,0.03,-0.041,0.005,2622,0
1249987,8.413,3.984,3.282,0.026,-0.072,0.005,2621,0
1250007,8.423,4.008,3.215,0.019,-0.096,0.007,2622,0
1250027,8.38,3.91,3.158,0.016,-0.097,0.005,2622,0
1250047,8.329,3.886,3.036,0.041,-0.082,-0.009,2622,0
1250067,8.282,4.013,2.883,0.046,-0.069,-0.01,2622,0
1250087,8.241,4.037,2.816,0.009,-0.057,0.013,2621,0
1250107,8.32,3.948,2.828,-0.01,-0.048,0.017,2623,0
1250127,8.327,3.891,2.851,0.01,-0.026,-0.018,2622,0
1250147,8.294,3.943,2.813,0.055,-0.002,-0.048,2623,0
1250167,8.294,4.137,2.734,0.071,0.014,-0.045,2622,0
1250187,8.399,4.171,2.859,0.039,0.04,-0.03,2622,0
1250207,8.401,4.183,3.072,0.034,0.043,-0.023,2622,0
1250227,8.454,4.187,3.196,0.075,0.019,-0.029,2622,0
1250247,8.461,4.221,3.158,0.112,-0.001,-0.024,2623,0
1250373,8.49,3.95,3.091,0.06,0.005,-0.047,2621,0
1250393,8.442,4.101,3.268,0.078,0.037,-0.039,2622,0
1250413,8.442,4.331,3.338,0.063,0.042,-0.021,2622,0
1250433,8.416,4.353,3.414,0.03,0.03,0.011,2621,0
1250453,8.361,4.243,3.424,0.027,-0.011,0.029,2621,0
1250473,8.449,4.116,3.338,0.063,-0.014,0.026,2622,0
1250493,8.411,4.123,3.275,0.058,0.006,0.033,2622,0
1250514,8.406,4.118,3.294,0.034,0.002,0.04,2619,0
1250533,8.432,4.135,3.321,0.011,-0.024,0.043,2622,0
1250553,8.475,4.068,3.4,0.025,-0.019,0.046,2622,0
1250573,8.396,4.108,3.371,0.046,-0.024,0.046,2621,0
1250593,8.384,3.986,3.297,0.059,-0.056,0.035,2622,0
1250613,8.327,4.049,3.146,0.044,-0.063,0.039,2622,0
1250633,8.38,3.96,3.184,0.0,-0.082,0.061,2621,0
1250653,8.449,3.85,3.237,0.028,-0.062,0.045,2621,0
1250674,8.358,3.998,3.287,0.069,-0.052,0.018,2621,0
1250693,8.241,4.128,3.266,0.047,-0.085,0.027,2622,0
1250713,8.329,3.986,3.201,0.028,-0.111,0.046,2622,0
1250733,8.358,3.857,3.089,0.022,-0.103,0.036,2622,0
1250753,8.432,3.778,3.117,0.048,-0.08,0.01,2622,0
1250773,8.389,3.905,3.091,0.072,-0.06,-0.008,2621,0
1250793,8.313,3.97,3.012,0.055,-0.068,0.0,2623,0
1250813,8.353,4.003,2.974,0.024,-0.077,0.028,2622,0
1250833,8.404,3.874,3.036,0.001,-0.073,0.03,2622,0
1250853,8.425,3.84,3.081,0.035,-0.067,0.007,2622,0
1250874,8.447,3.874,2.974,0.08,-0.061,-0.017,2623,0
1250894,8.42,3.797,2.861,0.057,-0.04,-0.029,2621,0
1250913,8.425,3.67,2.875,0.044,-0.023,-0.052,2623,0
1250933,8.416,3.697,2.904,0.064,-0.002,-0.083,2622,0
1250953,8.411,3.709,2.88,0.061,0.008,-0.1,2623,0
1250973,8.456,3.445,2.847,0.11,0.021,-0.17,2622,0
1250993,8.511,3.227,2.734,0.188,0.04,-0.268,2621,0
1251013,8.607,2.734,2.66,0.376,0.084,-0.464,2623,0
1251033,8.545,2.26,2.521,0.677,0.082,-0.764,2624,0
1251053,8.392,1.647,1.664,0.98,0.065,-1.108,2640,0
1251073,8.183,1.535,1.123,1.235,0.216,-1.468,2674,0
1251093,7.827,1.927,1.166,1.406,0.43,-1.748,2720,0
1251113,7.597,2.567,1.132,1.375,0.537,-2.028,2752,0
1251134,7.202,2.995,0.761,1.316,0.726,-2.297,2791,0
1251153,6.764,3.632,0.508,1.39,0.966,-2.567,2827,0
1251173,5.432,5.028,0.002,1.568,1.357,-2.803,2855,0
1251193,3.096,6.713,-0.424,1.656,1.559,-2.85,2879,0
1251213,2.32,8.076,-0.263,1.594,1.568,-2.744,2910,0
1251233,1.642,9.725,-0.213,1.579,1.667,-2.552,2961,0
1251253,0.328,10.47,-0.457,1.578,1.864,-2.343,3006,0
1251273,-1.377,11.655,-0.589,1.668,2.115,-2.238,3026,0
1251293,-1.326,12.752,0.613,1.613,2.271,-2.082,3056,0
1251313,-1.942,13.247,0.903,1.256,2.547,-1.718,3083,0
1251333,-2.602,13.278,1.812,0.945,2.824,-1.389,3107,0
1251353,-2.207,12.206,2.923,0.663,2.968,-1.122,3120,0
1251373,-2.971,10.762,4.451,0.555,2.819,-0.978,3130,0
1251394,-2.397,10.238,5.571,0.417,2.481,-0.992,3145,0
1251413,-0.781,9.78,6.519,0.187,2.316,-0.868,3154,0
1251433,-0.318,8.351,7.63,0.213,2.433,-1.038,3160,0
1251453,-0.333,9.134,9.134,0.43,2.489,-1.317,3161,873
1251473,0.069,10.693,10.702,0.221,1.802,-1.156,3159,1428
1251493,1.346,9.991,10.738,-0.139,0.885,-1.011,3163,1511
1251513,2.588,9.11,9.847,-0.175,0.253,-1.182,3170,1815
1251533,3.713,9.814,8.629,0.035,-0.209,-1.298,3173,1921
1251553,3.62,11.212,6.979,0.237,-0.667,-1.25,3175,2390
1251573,3.498,11.791,4.887,0.06,-1.073,-1.086,3172,2505
1251593,4.324,12.012,3.029,-0.285,-1.291,-0.767,3176,2631
1251613,4.324,11.897,1.913,-0.48,-1.392,-0.473,3184,2862
1251633,3.388,11.188,0.974,-0.473,-1.495,-0.292,3185,2943
1251653,3.419,10.982,0.141,-0.424,-1.597,-0.042,3184,2927
1251673,3.029,11.2,-0.436,-0.394,-1.675,0.284,3176,2853
1251693,2.964,9.519,-1.207,-0.314,-1.525,0.427,3173,2889
1251714,3.012,8.813,-1.645,-0.01,-1.177,0.411,3178,3056
1251733,1.415,9.371,-1.717,0.313,-1.064,0.417,3181,3211
1251753,0.419,8.995,-2.198,0.448,-1.149,0.4,3180,3282
1251774,-0.069,10.116,-2.861,0.462,-0.977,0.408,3180,3356
1251793,-1.044,10.47,-3.278,0.467,-0.508,0.38,3179,3402
1251814,-2.512,10.714,-2.952,0.491,-0.07,0.403,3177,3440
1251833,-3.558,10.58,-2.516,0.378,0.164,0.445,3175,3448
1251853,-4.13,9.893,-2.042,0.426,0.52,0.374,3170,3460
1251873,-4.942,9.955,-1.233,0.62,0.94,0.264,3167,3470
1251894,-5.679,10.376,-0.139,0.73,1.309,0.184,3164,3494
1251913,-6.117,10.819,1.058,0.588,1.645,0.212,3162,3438
1251933,-6.239,10.566,2.519,0.265,1.735,0.324,3160,3430
1251953,-5.531,9.299,3.534,0.007,1.741,0.381,3155,3440
1251973,-4.824,8.248,4.578,-0.032,1.904,0.295,3152,3429
1251993,-4.647,8.095,5.746,0.007,1.993,0.107,3153,3355
1252014,-4.369,8.736,6.914,-0.072,1.79,0.025,3152,3295
1252033,-3.455,8.437,7.848,-0.141,1.602,-0.036,3151,3318
1252054,-2.339,8.035,8.823,-0.075,1.434,-0.182,3150,3335
1252073,-1.482,8.054,9.395,-0.075,1.171,-0.334,3149,3303
1252094,-0.644,8.296,10.017,-0.187,0.736,-0.531,3147,3296
1252113,0.081,8.581,10.297,-0.264,0.26,-0.657,3146,3271
1252133,1.101,8.547,9.814,-0.273,-0.256,-0.787,3144,3283
1252153,1.736,9.373,8.756,-0.221,-0.634,-0.934,3144,3310
1252173,2.279,10.046,7.64,-0.309,-1.037,-0.96,3143,3319
1252193,2.792,10.546,6.359,-0.481,-1.425,-0.925,3143,3291
1252213,3.349,10.798,4.927,-0.652,-1.732,-0.826,3143,3263
1252233,4.041,10.467,3.318,-0.653,-1.895,-0.699,3142,3291
1252253,4.187,9.965,2.097,-0.404,-1.907,-0.587,3141,3282
1252273,3.644,10.532,1.085,-0.163,-1.929,-0.459,3136,3208
1252293,3.019,11.693,-0.304,-0.268,-2.058,-0.177,3135,3039
1252313,3.067,11.633,-1.707,-0.698,-2.091,0.207,3133,3031
1252333,2.734,10.451,-2.449,-0.841,-1.794,0.392,3132,3088
1252353,1.834,9.656,-3.007,-0.457,-1.326,0.435,3128,3061
1252373,1.037,10.297,-3.402,-0.046,-0.954,0.514,3127,3045
1252394,0.007,11.212,-3.567,0.155,-0.617,0.618,3126,3038
1252414,-1.52,11.004,-3.134,0.33,-0.178,0.63,3126,3042
1252433,-2.818,10.676,-2.346,0.549,0.183,0.606,3126,3037
1252454,-3.594,11.018,-1.729,0.604,0.406,0.669,3122,3074
1252473,-4.269,10.681,-1.065,0.661,0.61,0.693,3123,3088
1252494,-5.064,9.419,-0.204,0.805,0.948,0.573,3120,3116
1252513,-5.629,9.333,1.29,0.879,1.243,0.456,3120,3117
1252533,-5.748,10.108,2.638,0.824,1.361,0.483,3119,3093
1252554,-5.902,9.479,3.673,0.802,1.407,0.484,3118,3086
1252573,-5.32,8.047,4.48,0.77,1.494,0.357,3118,3093
1252593,-4.511,8.2,5.236,0.756,1.54,0.232,3117,3110
1252613,-4.669,9.268,6.227,0.635,1.536,0.145,3114,3097
1252633,-4.422,8.464,7.606,0.429,1.488,0.083,3114,3072
1252653,-3.11,7.879,8.756,0.431,1.334,-0.044,3114,3055
1252673,-2.27,8.693,9.622,0.418,1.026,-0.165,3113,3014
1252693,-1.776,8.48,10.211,0.223,0.707,-0.327,3110,2975
1252713,-0.522,8.253,10.508,-0.05,0.291,-0.472,3110,2953
1252733,0.577,8.346,10.362,-0.114,-0.244,-0.576,3108,2974
1252753,1.626,7.676,9.352,0.068,-0.641,-0.804,3109,2973
1252773,2.658,8.983,8.365,-0.033,-0.979,-0.932,3113,2957
1252793,3.395,10.139,7.051,-0.454,-1.426,-0.884,3113,2950
1252813,4.427,10.362,5.32,-0.838,-1.734,-0.833,3113,2945
1252833,4.92,10.396,3.876,-0.874,-1.879,-0.77,3113,2946
1252853,5.212,10.13,2.555,-0.603,-1.94,-0.679,3115,2944
1252873,4.731,11.171,0.931,-0.278,-1.865,-0.531,3114,2898
1252893,3.783,12.835,-0.737,-0.497,-1.863,-0.197,3112,2851
1252913,3.311,12.289,-2.198,-0.945,-1.831,0.189,3110,2891
1252933,2.88,10.884,-2.887,-0.893,-1.6,0.419,3110,2952
1252953,2.138,10.451,-2.954,-0.369,-1.226,0.497,3107,2991
1252973,1.164,10.645,-2.801,0.167,-0.839,0.563,3105,3002
1252993,0.283,11.097,-2.679,0.299,-0.628,0.674,3106,3007
1253013,-0.292,10.082,-2.555,0.167,-0.428,0.756,3104,3012
1253033,-1.111,9.325,-2.042,0.238,-0.176,0.721,3104,3022
1253053,-2.095,9.131,-1.286,0.586,0.178,0.6,3105,3027
1253073,-3.342,9.802,-0.804,0.957,0.485,0.471,3105,3042
1253093,-4.343,10.568,-0.599,0.907,0.667,0.455,3104,3049
1253113,-4.726,10.274,0.01,0.656,0.929,0.466,3107,3050
1253134,-5.188,10.08,1.255,0.535,1.255,0.42,3104,3055
1253154,-5.282,9.68,2.425,0.559,1.491,0.412,3104,3066
1253173,-4.956,8.926,3.124,0.62,1.593,0.375,3103,3057
1253193,-4.506,8.329,3.711,0.651,1.705,0.27,3104,3049
1253213,-4.276,8.258,4.549,0.535,1.81,0.156,3102,3059
1253233,-4.058,7.999,5.569,0.494,1.886,0.026,3102,3054
1253253,-3.79,8.454,7.046,0.511,1.878,-0.095,3102,3025
1253273,-3.191,8.325,8.6,0.389,1.696,-0.173,3098,2977
1253293,-2.308,7.918,9.744,0.229,1.331,-0.316,3098,2944
1253313,-1.563,7.81,10.558,0.138,0.934,-0.517,3098,2867
1253334,-0.943,7.769,10.707,0.147,0.484,-0.685,3095,2869
1253353,0.22,8.145,10.226,0.137,0.066,-0.835,3095,2835
1253373,1.144,9.371,9.519,-0.022,-0.378,-0.924,3095,2893
1253393,1.707,9.816,8.535,-0.251,-0.824,-1.003,3095,2922
1253413,2.998,9.618,7.242,-0.422,-1.138,-1.086,3097,2939
1253433,3.519,11.404,6.045,-0.577,-1.441,-1.018,3097,2968
1253454,3.764,11.229,4.59,-0.681,-1.715,-0.905,3096,2988
1253473,4.709,11.116,3.239,-0.674,-1.871,-0.746,3096,2991
1253494,4.154,11.162,1.805,-0.456,-2.021,-0.54,3094,3009
1253513,4.063,11.471,-0.031,-0.264,-1.977,-0.369,3094,3031
1253533,2.988,13.166,-1.199,-0.505,-1.897,0.022,3092,3041
1253553,2.78,10.867,-1.829,-0.581,-1.684,0.257,3090,2995
1253573,2.488,11.001,-2.085,-0.305,-1.486,0.426,3090,2924
1253593,1.437,10.376,-2.66,-0.06,-1.266,0.543,3090,2895
1253613,1.307,10.242,-2.796,0.12,-0.903,0.615,3090,2907
1253633,-0.385,11.37,-2.545,0.049,-0.617,0.739,3089,2908
1253653,-0.491,9.946,-2.059,0.029,-0.3,0.778,3089,2913
1253673,-1.427,10.343,-1.446,0.305,-0.106,0.813,3091,2933
1253693,-1.468,8.514,-1.408,0.712,0.198,0.689,3090,2963
1253713,-2.14,9.555,-0.989,0.982,0.554,0.583,3089,2975
1253733,-3.802,9.627,-0.565,0.877,0.837,0.47,3089,2988
1253753,-4.087,10.137,0.182,0.607,1.005,0.482,3090,3026
1253773,-4.812,9.929,1.001,0.504,1.221,0.474,3092,3051
1253793,-5.229,9.562,2.174,0.489,1.543,0.426,3092,3056
1253813,-5.531,9.416,3.275,0.535,1.7,0.392,3093,3065
1253833,-5.296,9.017,4.077,0.5,1.712,0.377,3091,3071
1253853,-4.719,8.502,4.946,0.237,1.745,0.357,3089,3065
1253873,-4.13,7.41,6.11,-0.12,1.718,0.289,3092,3046
1253893,-3.788,6.883,7.013,-0.237,1.582,0.139,3091,3013
1254008,-0.63,8.78,8.176,-0.07,0.258,-0.838,3089,2960
1254018,-0.163,8.54,8.428,-0.122,0.132,-0.904,3089,2959
1254027,0.29,8.495,8.48,-0.106,0.008,-0.98,3090,2975
1254037,0.685,8.746,8.428,-0.08,-0.123,-1.061,3091,2979
1254046,1.063,9.081,8.358,-0.045,-0.256,-1.118,3094,2989
1254058,1.513,9.565,8.078,-0.022,-0.452,-1.163,3092,2988
1254068,1.848,10.099,7.872,-0.05,-0.628,-1.178,3091,2960
1254078,2.14,10.762,7.599,-0.163,-0.836,-1.169,3090,2911
1254089,2.44,11.183,7.233,-0.317,-1.023,-1.135,3090,2891
1254100,2.837,11.471,6.847,-0.483,-1.224,-1.079,3091,2862
1254113,3.251,11.811,6.153,-0.626,-1.457,-0.985,3090,2850
1254133,3.876,11.59,4.812,-0.611,-1.709,-0.788,3092,2864
1254153,4.101,11.119,3.357,-0.35,-1.811,-0.613,3093,2895
1254173,3.759,11.514,1.994,-0.158,-1.862,-0.419,3089,2881
1254193,3.22,11.906,0.769,-0.272,-1.89,-0.171,3091,2874
1254213,2.682,11.672,-0.263,-0.447,-1.803,0.082,3089,2874
1254234,2.265,10.906,-1.02,-0.444,-1.6,0.31,3090,2891
1254254,1.973,9.689,-1.523,-0.226,-1.328,0.427,3090,2936
1254274,1.396,9.184,-1.894,0.055,-1.107,0.452,3090,2943
1254293,0.393,10.089,-2.291,0.146,-0.885,0.458,3087,2937
1254314,-0.479,10.525,-2.504,0.046,-0.492,0.521,3088,2943
1254333,-1.386,10.386,-1.932,0.11,-0.094,0.54,3087,2950
1254353,-1.973,10.295,-1.401,0.398,0.169,0.576,3088,2959
1254373,-2.868,10.661,-1.046,0.749,0.329,0.632,3087,2966
1254393,-3.891,10.575,-1.082,0.893,0.585,0.608,3088,2985
1254413,-4.295,10.503,-0.74,0.72,0.986,0.599,3088,2988
1254433,-5.047,10.898,0.345,0.553,1.23,0.685,3087,2972
1254453,-5.222,9.345,1.219,0.56,1.442,0.685,3087,2995
1254473,-4.578,8.768,2.169,0.522,1.706,0.646,3088,2982
1254493,-5.011,8.373,3.565,0.434,1.818,0.593,3088,2998
1254513,-4.403,6.685,4.604,0.481,1.855,0.403,3087,3001
1254533,-4.111,7.781,5.447,0.494,1.774,0.29,3087,2987
1254553,-4.252,7.623,5.902,0.405,1.669,0.159,3087,2984
1254605,-2.591,6.996,8.124,0.187,1.38,-0.195,3087,2944
1254615,-2.291,7.683,8.377,0.234,1.181,-0.248,3085,2952
1254624,-2.138,8.205,8.497,0.269,1.017,-0.298,3086,2968
1254634,-2.198,8.528,8.581,0.262,0.864,-0.362,3087,2962
1254653,-1.508,8.119,8.736,0.128,0.644,-0.525,3086,2944
1254673,-0.611,8.911,8.763,-0.035,0.292,-0.574,3086,2911
1254693,-0.172,8.119,8.231,-0.122,-0.023,-0.735,3087,2893
1254713,0.74,9.076,8.021,-0.068,-0.267,-0.863,3088,2877
1254733,0.864,9.306,7.197,-0.099,-0.591,-0.951,3087,2799
1254753,1.693,10.453,6.527,-0.242,-0.881,-0.896,3087,2782
1254774,1.832,10.463,5.626,-0.473,-1.136,-0.847,3088,2790
1254793,2.327,11.519,4.944,-0.736,-1.351,-0.715,3089,2792
1254813,2.885,11.262,4.07,-0.786,-1.532,-0.557,3090,2711
1254833,3.172,11.078,3.048,-0.525,-1.583,-0.407,3090,2600
1254853,2.904,11.571,2.322,-0.29,-1.553,-0.21,3088,2238
1254948,1.348,10.235,-0.026,-0.038,-1.048,0.927,3088,2543
1254957,1.001,10.084,-0.022,0.118,-0.934,0.941,3087,2590
1254966,0.503,10.297,-0.055,0.211,-0.852,0.953,3088,2609
1254975,-0.036,10.599,-0.136,0.22,-0.779,0.987,3087,2616
1254984,-0.443,10.671,-0.187,0.175,-0.705,1.027,3085,2623
1254995,-0.883,10.506,-0.105,0.132,-0.588,1.07,3087,2607
1255005,-1.173,10.262,0.12,0.108,-0.481,1.095,3087,2637
1255014,-1.444,9.826,0.345,0.102,-0.378,1.11,3087,2717
1255033,-1.858,8.557,0.869,0.232,-0.147,1.036,3087,2799
1255053,-2.243,8.001,1.231,0.534,0.09,0.898,3086,2811
1255073,-2.591,8.191,1.659,0.658,0.318,0.782,3087,2815
1255093,-2.559,8.124,2.38,0.521,0.471,0.713,3087,2820
1255114,-1.978,7.52,3.158,0.349,0.538,0.636,3086,2800
1255133,-1.298,7.003,4.106,0.289,0.613,0.524,3087,2755
1255153,-0.831,6.946,5.045,0.241,0.603,0.383,3084,2720
1255173,-0.381,6.962,5.72,0.215,0.476,0.261,3085,2630
1255193,0.072,7.312,5.99,0.261,0.269,0.114,3086,2592
1255213,0.625,8.1,5.827,0.28,0.112,0.006,3085,2453
1255233,0.996,8.746,5.787,0.248,0.041,-0.062,3085,2464
1255253,1.19,9.175,5.674,0.186,-0.057,-0.086,3085,2510
1255274,1.346,9.697,5.38,0.157,-0.195,-0.069,3084,2415
1255293,1.539,10.324,5.2,0.121,-0.313,-0.007,3082,2185
1255313,1.499,11.025,5.021,0.05,-0.425,0.075,3080,1786
1255333,1.384,11.756,4.927,-0.062,-0.572,0.228,3082,135
1255354,1.492,12.364,4.681,-0.14,-0.667,0.444,3078,23
1255373,0.946,14.308,4.638,-0.47,-0.985,0.791,3084,0
1255393,-0.05,15.45,4.721,-1.261,-1.725,1.351,3083,0
1255413,-0.457,14.15,4.695,-1.959,-2.699,1.956,3071,0
1255433,0.879,12.696,4.386,-2.218,-3.441,2.516,3036,0
1255453,1.585,11.715,3.771,-2.219,-3.956,3.11,2991,0
1255473,3.026,9.591,2.816,-2.433,-3.839,3.592,2943,0
1255493,4.29,8.066,2.078,-2.752,-3.596,4.05,2889,0
1255513,5.43,5.128,1.628,-3.024,-3.311,4.141,2828,0
1255533,6.369,3.539,2.394,-3.003,-3.196,3.994,2735,0
1255553,6.943,1.686,2.933,-2.432,-3.173,3.55,2686,0
1255573,6.8,1.049,2.799,-1.756,-3.3,3.192,2635,0
1255593,7.372,0.136,1.894,-1.046,-3.237,2.653,2585,0
1255614,6.831,-0.436,0.67,-0.545,-3.109,2.115,2534,0
1255633,7.925,-0.235,-0.029,-0.238,-2.894,1.636,2492,0
1255653,7.949,-0.716,-1.279,-0.101,-2.287,1.221,2464,0
1255673,8.689,-0.728,-2.672,-0.014,-1.271,0.934,2448,0
1255693,6.637,-0.783,-2.057,-0.185,-0.491,0.595,2434,0
1255713,7.185,-0.706,-1.501,-0.322,-0.192,0.324,2419,0
1255734,8.047,-0.007,-1.159,-0.218,0.236,0.039,2409,0
1255753,8.162,0.4,-0.69,-0.289,0.602,-0.083,2398,0
1255773,8.382,1.154,0.017,-0.28,0.952,-0.266,2389,0
1255793,7.712,1.808,1.551,-0.312,0.981,-0.363,2384,0
1255814,8.679,2.37,2.349,-0.169,0.636,-0.416,2380,0
1255833,9.471,2.883,2.777,-0.07,0.356,-0.413,2378,0
1255853,9.833,3.033,2.344,-0.052,0.355,-0.358,2377,0
1255873,9.694,2.895,2.38,-0.061,0.404,-0.272,2377,0
1255893,9.555,2.875,2.792,-0.052,0.246,-0.207,2379,0
1255913,9.864,2.547,2.863,0.052,0.022,-0.195,2380,0
1255934,10.077,2.567,2.423,0.187,-0.055,-0.212,2381,0
1255953,10.094,2.488,2.045,0.207,0.039,-0.212,2383,0
1255973,9.601,2.308,2.078,0.155,0.096,-0.174,2384,0
1255993,9.579,2.119,2.162,0.149,0.029,-0.156,2386,0
1256013,9.515,2.334,2.054,0.189,0.041,-0.16,2387,0
1256033,9.357,2.447,2.102,0.196,0.057,-0.128,2390,0
1256053,9.373,2.468,2.088,0.192,0.084,-0.068,2395,0
1256073,9.23,2.521,2.071,0.152,0.142,-0.016,2395,0
1256093,9.088,2.387,2.373,0.087,0.093,-0.005,2399,0
1256113,9.139,2.253,2.339,0.116,-0.018,-0.018,2400,0
1256133,9.464,2.382,2.239,0.156,0.017,-0.047,2404,0
1256153,9.407,2.411,2.217,0.17,0.09,-0.072,2408,0
1256173,9.199,2.318,2.179,0.144,0.088,-0.074,2411,0
1256193,9.172,2.21,2.059,0.118,0.042,-0.075,2412,0
1256213,9.227,2.164,2.006,0.083,0.051,-0.094,2414,0
1256234,9.299,2.21,2.14,0.082,0.107,-0.133,2415,0
1256253,9.311,2.413,2.248,0.094,0.179,-0.169,2416,0
1256273,9.225,2.739,2.332,0.066,0.23,-0.175,2416,0
1256293,9.007,2.813,2.531,0.053,0.187,-0.16,2417,0
1256313,9.048,2.789,2.576,0.068,0.119,-0.13,2418,0
1256333,9.093,2.727,2.346,0.074,0.056,-0.1,2420,0
1256460,9.649,2.643,2.399,0.1,-0.043,0.006,2438,0
1256480,8.823,2.851,2.686,0.106,0.013,-0.036,2438,0
1256500,9.582,2.72,2.569,0.1,-0.042,-0.011,2440,0
1256520,8.827,2.863,2.698,0.119,-0.035,-0.046,2443,0
1256540,9.369,2.667,2.543,0.096,-0.093,0.024,2444,0
1256560,9.036,2.753,2.538,0.098,-0.067,0.005,2447,0
1256580,9.208,2.535,2.516,0.073,-0.102,0.027,2448,0
1256600,9.234,2.71,2.21,0.099,-0.054,-0.035,2451,0
1256620,8.839,2.593,2.454,0.052,-0.049,-0.014,2452,0
1256640,9.359,2.734,2.234,0.079,-0.036,-0.019,2453,0
1256660,8.619,2.696,2.653,0.055,-0.033,-0.001,2452,0
1256680,9.601,2.88,2.143,0.071,-0.051,-0.011,2452,0
1256700,8.521,2.849,2.619,0.028,-0.042,-0.01,2453,0
1256720,9.792,2.782,2.03,0.035,-0.045,0.009,2453,0
1256740,8.466,2.734,2.557,0.026,0.014,-0.002,2454,0
1256760,9.668,2.576,2.124,0.052,0.011,0.025,2454,0
1256780,8.435,2.801,2.646,0.051,-0.001,-0.013,2457,0
1256800,9.464,2.595,2.224,0.046,-0.058,0.001,2459,0
1256820,9.179,2.71,2.509,0.035,0.004,-0.01,2459,0
1256840,9.069,2.658,2.5,0.055,0.013,-0.022,2460,0
1256860,9.009,2.787,2.433,0.039,-0.01,-0.032,2462,0
1256880,9.012,2.749,2.444,0.038,-0.029,-0.035,2463,0
1256900,9.041,2.825,2.471,0.06,-0.021,-0.038,2464,0
1256920,9.06,2.863,2.552,0.048,-0.011,-0.034,2464,0
1256940,9.05,2.873,2.634,0.037,-0.013,-0.026,2465,0
1256960,9.041,2.763,2.531,0.045,-0.036,-0.019,2468,0
1257038,9.002,2.758,2.543,0.036,0.031,-0.037,2472,0
1257047,9.026,2.765,2.593,0.029,-0.003,-0.04,2471,0
1257056,9.1,2.737,2.61,0.033,-0.02,-0.045,2473,0
1257065,9.139,2.708,2.564,0.047,-0.02,-0.05,2472,0
1257075,9.167,2.772,2.569,0.06,-0.011,-0.053,2474,0
1257084,9.179,2.866,2.55,0.064,-0.002,-0.05,2473,0
1257100,9.153,2.883,2.636,0.065,0.012,-0.042,2474,0
1257120,9.108,2.931,2.581,0.077,0.002,-0.028,2476,0
1257140,9.021,2.856,2.421,0.059,-0.012,-0.019,2478,0
1257160,9.1,2.84,2.456,0.041,-0.036,-0.01,2479,0
1257180,9.069,2.777,2.516,0.054,-0.033,-0.007,2481,0
1257200,9.117,2.868,2.504,0.072,-0.037,-0.011,2482,0
1257220,9.098,2.854,2.442,0.071,-0.018,-0.018,2486,0
1257240,9.014,2.919,2.428,0.051,-0.018,-0.011,2489,0
1257260,9.064,2.801,2.507,0.048,-0.052,-0.005,2488,0
1257280,9.151,2.749,2.464,0.092,-0.04,-0.015,2488,0
1257300,9.165,2.808,2.521,0.118,-0.013,-0.036,2491,0
1257320,9.062,2.911,2.514,0.103,-0.002,-0.034,2492,0
1257340,9.026,2.868,2.586,0.061,-0.031,-0.013,2495,0
1257360,9.007,2.794,2.598,0.064,-0.07,-0.006,2499,0
1257380,9.057,2.787,2.456,0.078,-0.066,-0.004,2503,0
1257400,9.038,2.794,2.401,0.067,-0.034,-0.011,2504,0
1257420,9.029,2.885,2.502,0.064,-0.018,-0.025,2503,0
1257440,9.019,3.005,2.521,0.066,-0.014,-0.023,2504,0
1257460,8.973,2.981,2.545,0.042,-0.014,-0.008,2506,0
1257480,9.026,2.909,2.571,0.059,-0.03,-0.006,2507,0
1257500,9.029,2.885,2.483,0.073,-0.037,-0.004,2507,0
1257520,9.079,2.816,2.468,0.057,-0.042,0.0,2509,0
1257540,9.052,2.782,2.452,0.03,-0.034,-0.001,2509,0
1257560,9.11,2.777,2.466,0.025,-0.017,-0.007,2511,0
1257580,9.093,2.772,2.504,0.032,-0.008,-0.019,2510,0
1257600,9.129,2.885,2.617,0.055,-0.019,-0.04,2510,0
1257620,9.074,2.995,2.586,0.073,-0.028,-0.041,2510,0
1257640,9.064,2.998,2.557,0.049,-0.059,-0.022,2509,0
1257660,9.117,2.954,2.514,0.05,-0.058,-0.005,2511,0
1257680,9.041,2.935,2.478,0.052,-0.049,-0.001,2511,0
1257700,9.005,2.871,2.437,0.054,-0.063,-0.003,2512,0
1257720,9.024,2.813,2.435,0.059,-0.066,-0.002,2512,0
1257740,9.062,2.856,2.416,0.052,-0.042,-0.002,2512,0
1257760,9.052,2.885,2.478,0.045,-0.031,-0.009,2513,0
