990596,3.285,8.61,-3.546,0.062,-0.046,-0.011,2559,0
990616,3.278,8.607,-3.622,0.043,-0.048,0.005,2559,0
990636,3.318,8.557,-3.618,0.035,-0.029,0.005,2559,0
990656,3.261,8.533,-3.567,0.057,-0.016,-0.009,2558,0
990676,3.23,8.59,-3.577,0.058,-0.028,-0.008,2559,0
990696,3.244,8.595,-3.589,0.029,-0.021,0.008,2558,0
990716,3.333,8.538,-3.515,0.025,-0.015,0.011,2559,0
990736,3.352,8.533,-3.424,0.044,-0.009,-0.004,2558,0
990756,3.33,8.578,-3.421,0.056,-0.027,-0.014,2558,0
990776,3.338,8.595,-3.519,0.047,-0.047,-0.005,2558,0
990796,3.349,8.533,-3.565,0.031,-0.044,0.002,2559,0
990816,3.328,8.497,-3.572,0.033,-0.031,-0.007,2559,0
990836,3.309,8.523,-3.541,0.042,-0.021,-0.023,2559,0
990856,3.27,8.619,-3.522,0.038,-0.023,-0.013,2559,0
990876,3.27,8.578,-3.488,0.014,-0.042,0.002,2558,0
990896,3.287,8.475,-3.529,0.019,-0.046,-0.01,2559,0
990916,3.237,8.521,-3.598,0.039,-0.04,-0.029,2559,0
990936,3.235,8.583,-3.687,0.036,-0.026,-0.031,2558,0
990956,3.254,8.588,-3.656,0.02,-0.009,-0.02,2559,0
990976,3.232,8.578,-3.577,0.013,-0.008,-0.011,2561,0
990996,3.16,8.559,-3.598,0.016,-0.008,-0.016,2559,0
991016,3.148,8.538,-3.675,0.026,0.0,-0.023,2558,0
991036,3.146,8.535,-3.768,0.033,0.02,-0.028,2559,0
991056,3.057,8.559,-3.843,0.025,0.034,-0.035,2559,0
991076,2.971,8.569,-3.998,0.015,0.061,-0.034,2558,0
991096,2.813,8.54,-4.123,-0.001,0.108,-0.022,2559,0
991116,2.753,8.533,-4.254,-0.026,0.163,-0.021,2559,0
991136,2.643,8.502,-4.348,-0.039,0.244,-0.033,2558,0
991156,2.425,8.483,-4.59,-0.02,0.332,-0.054,2559,0
991176,2.26,8.502,-4.839,-0.041,0.425,-0.054,2559,0
991196,2.109,8.497,-5.049,-0.085,0.555,-0.046,2559,0
991216,1.913,8.387,-5.191,-0.092,0.729,-0.063,2559,0
991236,1.832,8.399,-5.349,-0.058,0.939,-0.104,2559,0
991256,1.92,8.624,-5.021,-0.094,1.155,-0.108,2559,0
991276,2.069,8.76,-4.427,-0.093,1.287,-0.11,2559,0
991296,2.088,8.844,-4.065,-0.017,1.344,-0.112,2559,0
991316,2.028,8.902,-4.175,0.039,1.385,-0.111,2559,0
991336,1.987,8.921,-4.362,0.123,1.486,-0.175,2559,0
991356,2.296,9.112,-4.345,0.194,1.693,-0.215,2559,0
991376,2.468,9.424,-3.706,0.17,1.942,-0.14,2559,0
991396,2.409,9.28,-3.045,0.206,2.028,-0.102,2559,0
991416,2.638,9.201,-2.909,0.327,2.058,-0.148,2559,0
991436,2.909,9.428,-2.734,0.304,2.185,-0.13,2558,0
991456,3.026,9.428,-2.116,0.244,2.322,-0.068,2558,0
991476,3.091,9.321,-1.537,0.275,2.386,-0.054,2556,0
991496,3.139,9.313,-1.085,0.314,2.374,-0.017,2555,0
991516,3.563,9.29,-0.649,0.292,2.348,0.052,2553,0
991536,3.991,9.139,-0.089,0.275,2.308,0.116,2552,0
991556,4.085,8.89,0.45,0.279,2.198,0.102,2551,0
991576,3.996,8.854,0.608,0.336,2.005,0.053,2549,0
991596,4.326,8.952,0.639,0.372,1.836,0.018,2548,0
991616,4.714,9.019,0.91,0.281,1.777,0.088,2551,0
991636,4.776,8.71,1.24,0.226,1.73,0.178,2548,0
991656,4.714,8.595,1.437,0.26,1.615,0.187,2545,0
991676,4.702,8.679,1.559,0.222,1.427,0.198,2545,0
991696,4.846,8.612,1.623,0.096,1.187,0.232,2545,0
991716,4.944,8.375,1.669,0.01,0.987,0.253,2544,0
991736,4.93,7.93,1.554,0.068,0.843,0.212,2544,0
991756,4.966,8.076,1.46,0.184,0.778,0.135,2544,0
991776,4.958,8.452,1.611,0.137,0.738,0.121,2543,0
991796,4.975,8.492,1.697,0.037,0.624,0.152,2543,0
991816,4.949,8.21,1.657,0.047,0.451,0.135,2543,0
991836,5.057,7.927,1.286,0.199,0.329,0.017,2543,0
991856,5.131,8.143,1.008,0.328,0.353,-0.106,2544,0
991876,4.887,8.557,0.977,0.312,0.376,-0.128,2544,0
991896,4.808,8.751,1.068,0.238,0.306,-0.091,2543,0
991916,4.922,8.734,1.109,0.19,0.221,-0.056,2544,0
991936,5.018,8.669,1.032,0.184,0.184,-0.045,2543,0
991956,4.949,8.681,1.049,0.176,0.178,-0.047,2543,0
991976,4.798,8.679,1.058,0.186,0.134,-0.07,2544,0
991996,4.726,8.789,0.852,0.208,0.066,-0.076,2544,0
992016,4.784,8.823,0.532,0.185,-0.006,-0.054,2544,0
992036,4.925,8.827,0.366,0.104,-0.013,-0.01,2544,0
992056,5.03,8.77,0.529,0.028,0.043,0.041,2545,0
992076,4.956,8.619,0.725,0.038,0.052,0.047,2544,0
992096,4.831,8.583,0.661,0.098,-0.032,0.032,2544,0
992116,4.827,8.638,0.28,0.096,-0.135,0.034,2544,0
992136,4.891,8.614,0.045,0.06,-0.151,0.041,2544,0
992156,4.942,8.598,-0.01,0.06,-0.101,0.035,2544,0
992176,4.911,8.665,0.098,0.087,-0.022,0.032,2543,0
992196,4.784,8.636,0.204,0.078,-0.05,0.06,2544,0
992216,4.827,8.497,0.069,0.025,-0.151,0.093,2544,0
992236,4.855,8.399,-0.043,-0.031,-0.192,0.111,2545,0
992256,4.824,8.267,-0.127,0.014,-0.191,0.069,2545,0
992276,4.784,8.346,-0.223,0.135,-0.138,0.0,2545,0
992296,4.645,8.653,-0.376,0.188,-0.079,-0.014,2546,0
992316,4.652,8.684,-0.448,0.083,-0.089,0.056,2545,0
992336,4.784,8.392,-0.433,-0.006,-0.083,0.093,2548,0
992356,4.882,8.231,-0.318,0.016,-0.027,0.052,2546,0
992376,4.882,8.317,-0.165,0.076,0.033,-0.009,2546,0
992396,4.827,8.442,-0.055,0.093,0.006,-0.016,2545,0
992416,4.843,8.473,-0.098,0.066,-0.027,0.016,2544,0
992436,4.903,8.361,-0.06,0.021,-0.048,0.017,2545,0
992456,4.889,8.339,-0.129,0.055,-0.039,-0.018,2546,0
992476,4.855,8.428,-0.237,0.097,-0.011,-0.044,2544,0
992496,4.784,8.557,-0.225,0.072,0.003,-0.031,2544,0
992516,4.772,8.564,-0.146,0.042,0.001,-0.012,2544,0
992536,4.81,8.535,-0.158,0.048,-0.023,-0.018,2545,0
992556,4.839,8.507,-0.285,0.058,-0.029,-0.027,2544,0
992576,4.896,8.54,-0.342,0.038,0.006,-0.023,2544,0
992596,4.92,8.49,-0.156,0.021,0.055,-0.025,2544,0
992616,4.98,8.495,0.022,0.04,0.068,-0.023,2546,0
992636,5.001,8.487,0.084,0.043,0.027,-0.027,2544,0
992656,4.939,8.521,0.014,0.068,-0.009,-0.047,2545,0
992676,4.812,8.612,-0.148,0.081,-0.028,-0.046,2544,0
992696,4.743,8.602,-0.306,0.068,-0.017,-0.022,2544,0
992716,4.762,8.564,-0.28,0.056,0.006,-0.017,2545,0
992736,4.736,8.519,-0.17,0.054,0.04,-0.03,2544,0
992756,4.654,8.511,-0.113,0.07,0.031,-0.046,2544,0
992776,4.733,8.547,-0.168,0.085,0.021,-0.055,2546,0
992796,4.889,8.629,-0.148,0.053,0.058,-0.039,2544,0
992816,4.896,8.6,-0.041,0.014,0.082,-0.012,2548,0
992836,4.954,8.514,0.017,0.01,0.063,-0.021,2546,0
992856,4.913,8.497,-0.034,0.043,0.044,-0.042,2548,0
992876,4.915,8.588,-0.05,0.075,0.018,-0.053,2543,0
992896,4.915,8.679,-0.06,0.078,0.021,-0.05,2545,0
992916,4.831,8.693,-0.041,0.044,0.032,-0.022,2545,0
992936,4.762,8.662,0.014,0.026,0.033,-0.009,2545,0
992956,4.772,8.657,0.029,0.042,0.02,-0.021,2545,0
992976,4.877,8.703,0.067,0.045,0.02,-0.015,2544,0
992996,4.906,8.633,0.136,0.037,0.024,0.003,2545,0
993016,4.848,8.511,0.204,0.051,0.015,-0.015,2544,0
993036,4.772,8.588,0.081,0.065,0.003,-0.03,2544,0
993056,4.75,8.667,0.036,0.014,-0.019,0.005,2544,0
993076,4.831,8.543,0.086,-0.021,-0.027,0.025,2544,0
993096,4.817,8.432,0.16,0.011,-0.021,-0.002,2547,0
993116,4.697,8.511,0.136,0.056,-0.023,-0.036,2544,0
993136,4.63,8.672,0.065,0.072,-0.05,-0.04,2544,0
993156,4.669,8.753,0.01,0.046,-0.082,-0.017,2544,0
993176,4.709,8.665,-0.074,0.006,-0.07,0.011,2544,0
993196,4.693,8.511,-0.06,0.006,-0.033,0.01,2543,0
993216,4.654,8.49,-0.043,0.033,-0.008,-0.019,2544,0
993236,4.618,8.59,0.029,0.046,-0.007,-0.026,2544,0
993256,4.671,8.631,0.029,0.03,-0.039,-0.004,2544,0
993276,4.796,8.502,-0.007,-0.004,-0.043,0.01,2543,0
993296,4.829,8.344,-0.01,-0.006,-0.03,-0.01,2544,0
993316,4.798,8.392,0.024,0.025,-0.025,-0.053,2546,0
993336,4.729,8.638,-0.05,0.042,-0.035,-0.062,2544,0
993356,4.714,8.763,-0.067,0.035,-0.037,-0.043,2544,0
993376,4.755,8.734,-0.105,0.022,-0.017,-0.02,2544,0
993396,4.767,8.626,-0.067,0.021,0.009,-0.019,2544,0
993416,4.743,8.595,0.024,0.031,0.003,-0.023,2544,0
993436,4.693,8.612,-0.031,0.042,-0.018,-0.026,2547,0
993456,4.743,8.636,-0.115,0.044,-0.026,-0.022,2545,0
993476,4.841,8.61,-0.036,0.02,0.02,-0.01,2544,0
993496,4.875,8.554,0.158,0.003,0.041,-0.002,2545,0
993516,4.815,8.523,0.311,0.011,0.007,-0.013,2544,0
993536,4.724,8.547,0.261,0.038,-0.037,-0.031,2545,0
993556,4.618,8.607,0.139,0.065,-0.087,-0.041,2544,0
993576,4.638,8.66,-0.034,0.074,-0.096,-0.038,2543,0
993596,4.659,8.684,-0.096,0.051,-0.052,-0.027,2544,0
993616,4.65,8.626,0.05,0.016,-0.014,-0.015,2544,0
993636,4.63,8.564,0.201,0.022,-0.016,-0.024,2544,0
993656,4.614,8.624,0.196,0.065,-0.052,-0.046,2544,0
993676,4.609,8.748,0.11,0.08,-0.08,-0.046,2544,0
993696,4.602,8.744,0.041,0.051,-0.086,-0.023,2544,0
993716,4.659,8.636,-0.031,0.024,-0.07,-0.01,2544,0
993736,4.726,8.538,0.036,0.021,-0.043,-0.019,2545,0
993756,4.662,8.54,0.136,0.045,-0.03,-0.039,2545,0
993776,4.578,8.645,0.129,0.074,-0.067,-0.054,2543,0
993796,4.635,8.787,0.055,0.048,-0.097,-0.033,2545,0
993816,4.733,8.681,0.065,0.024,-0.094,-0.009,2544,0
993836,4.788,8.61,0.055,0.044,-0.071,-0.015,2544,0
993856,4.748,8.65,0.024,0.052,-0.068,-0.026,2545,0
993876,4.647,8.775,0.0,0.056,-0.082,-0.039,2544,0
993896,4.611,8.897,-0.115,0.047,-0.095,-0.023,2545,0
993916,4.7,8.851,-0.144,0.038,-0.095,-0.002,2544,0
993936,4.757,8.782,-0.139,0.043,-0.055,0.007,2544,0
993956,4.626,8.784,-0.103,0.054,-0.028,0.006,2547,0
993976,4.551,8.77,-0.029,0.053,-0.037,0.01,2545,0
993996,4.527,8.76,-0.05,0.061,-0.052,0.017,2546,0
994016,4.563,8.729,-0.103,0.067,-0.063,0.028,2543,0
994036,4.614,8.617,-0.182,0.054,-0.052,0.044,2545,0
994056,4.63,8.473,-0.139,0.048,-0.033,0.034,2545,0
994076,4.654,8.473,-0.043,0.067,-0.019,0.01,2545,0
994096,4.69,8.521,-0.022,0.07,-0.017,-0.002,2544,0
994116,4.666,8.562,-0.089,0.062,-0.041,-0.001,2544,0
994136,4.676,8.538,-0.108,0.039,-0.05,0.003,2546,0
994156,4.645,8.49,-0.105,0.02,-0.05,-0.003,2544,0
994176,4.685,8.483,-0.069,0.037,-0.027,-0.024,2544,0
994196,4.681,8.59,-0.077,0.068,-0.015,-0.044,2545,0
994216,4.685,8.741,-0.103,0.037,-0.021,-0.027,2544,0
994236,4.647,8.669,-0.007,0.001,-0.034,-0.008,2544,0
994256,4.633,8.643,0.055,0.014,-0.039,-0.017,2544,0
994276,4.583,8.677,0.036,0.059,-0.044,-0.037,2545,0
994296,4.654,8.787,-0.055,0.071,-0.055,-0.032,2547,0
994316,4.685,8.792,-0.098,0.053,-0.055,-0.01,2545,0
994336,4.693,8.72,-0.122,0.031,-0.062,0.007,2544,0
994356,4.664,8.698,-0.081,0.016,-0.053,0.007,2544,0
994376,4.64,8.672,-0.036,0.043,-0.042,-0.007,2543,0
994396,4.659,8.715,-0.108,0.074,-0.045,-0.012,2544,0
994416,4.671,8.715,-0.163,0.054,-0.031,0.005,2547,0
994436,4.662,8.629,-0.132,0.025,-0.027,0.021,2544,0
994456,4.717,8.55,-0.096,0.017,-0.023,0.014,2545,0
994476,4.729,8.528,-0.103,0.03,-0.02,-0.007,2544,0
994496,4.678,8.624,-0.12,0.056,-0.017,-0.023,2544,0
994516,4.654,8.758,-0.101,0.049,-0.017,-0.011,2544,0
994536,4.647,8.758,-0.108,0.028,-0.014,0.01,2544,0
994556,4.652,8.655,-0.029,0.018,-0.011,0.018,2544,0
994576,4.604,8.588,0.01,0.031,-0.019,0.007,2544,0
994596,4.599,8.61,-0.01,0.059,-0.035,-0.009,2543,0
994616,4.664,8.701,-0.062,0.068,-0.035,-0.007,2544,0
994636,4.697,8.677,-0.072,0.04,-0.029,0.011,2545,0
994656,4.714,8.614,-0.022,0.025,-0.031,0.012,2543,0
994676,4.673,8.602,0.038,0.034,-0.027,0.002,2544,0
994696,4.657,8.641,0.05,0.044,-0.038,-0.001,2544,0
994716,4.638,8.701,0.026,0.035,-0.056,0.003,2545,0
994736,4.635,8.653,-0.05,0.019,-0.068,0.009,2544,0
994756,4.676,8.641,-0.081,0.027,-0.05,0.002,2544,0
994776,4.652,8.633,-0.043,0.048,-0.03,-0.006,2544,0
994796,4.69,8.703,-0.081,0.047,-0.038,-0.001,2544,0
994816,4.714,8.622,-0.084,0.029,-0.051,0.007,2544,0
994836,4.705,8.605,-0.077,0.031,-0.054,-0.0,2544,0
994856,4.659,8.679,-0.067,0.051,-0.048,-0.011,2545,0
994876,4.638,8.77,-0.136,0.055,-0.039,0.0,2544,0
994896,4.7,8.727,-0.141,0.043,-0.044,0.018,2544,0
994916,4.729,8.638,-0.129,0.039,-0.039,0.022,2544,0
994936,4.697,8.593,-0.11,0.034,-0.043,0.02,2544,0
994956,4.611,8.593,-0.103,0.049,-0.041,0.003,2544,0
994976,4.635,8.662,-0.146,0.063,-0.029,-0.001,2544,0
994996,4.662,8.693,-0.127,0.047,-0.008,0.011,2544,0
995016,4.721,8.605,-0.057,0.03,-0.011,0.021,2545,0
995036,4.764,8.552,-0.022,0.028,-0.014,0.017,2545,0
995056,4.7,8.547,0.086,0.037,-0.019,0.006,2545,0
995076,4.697,8.629,0.057,0.042,-0.038,0.001,2544,0
995096,4.662,8.698,0.014,0.046,-0.047,-0.002,2543,0
995116,4.657,8.734,-0.065,0.051,-0.065,0.005,2544,0
995136,4.688,8.72,-0.101,0.043,-0.051,0.011,2545,0
995156,4.697,8.665,-0.06,0.04,-0.033,0.018,2544,0
995176,4.697,8.619,-0.041,0.034,-0.034,0.019,2545,0
995196,4.707,8.562,-0.01,0.028,-0.043,0.019,2544,0
995216,4.681,8.54,-0.055,0.046,-0.049,0.006,2544,0
995236,4.671,8.626,-0.12,0.052,-0.05,0.007,2543,0
995256,4.69,8.638,-0.11,0.035,-0.042,0.013,2543,0
995276,4.721,8.6,-0.096,0.033,-0.022,0.012,2544,0
995296,4.717,8.581,-0.084,0.045,-0.017,0.006,2544,0
995316,4.676,8.626,-0.079,0.043,-0.034,0.007,2544,0
995336,4.726,8.641,-0.139,0.031,-0.043,0.016,2544,0
995356,4.738,8.593,-0.115,0.031,-0.038,0.017,2544,0
995376,4.731,8.569,-0.113,0.052,-0.038,0.007,2544,0
995396,4.712,8.605,-0.12,0.046,-0.03,0.013,2545,0
995416,4.693,8.535,-0.093,0.039,-0.038,0.018,2544,0
995436,4.743,8.569,-0.081,0.057,-0.041,0.011,2543,0
995456,4.755,8.574,-0.065,0.067,-0.033,0.0,2544,0
995476,4.702,8.571,-0.079,0.061,-0.033,0.001,2544,0
995496,4.697,8.569,-0.086,0.05,-0.044,0.003,2544,0
995516,4.707,8.583,-0.139,0.04,-0.05,0.001,2544,0
995536,4.731,8.598,-0.12,0.052,-0.041,-0.003,2544,0
995556,4.743,8.614,-0.124,0.06,-0.031,0.0,2543,0
995576,4.764,8.547,-0.096,0.045,-0.03,0.005,2544,0
995596,4.755,8.452,-0.101,0.039,-0.03,-0.002,2544,0
995616,4.748,8.516,-0.148,0.051,-0.041,-0.019,2544,0
995636,4.721,8.636,-0.165,0.051,-0.031,-0.017,2544,0
995656,4.705,8.672,-0.105,0.042,-0.024,0.003,2544,0
995676,4.702,8.59,-0.067,0.046,-0.033,0.005,2544,0
995696,4.743,8.569,-0.053,0.06,-0.039,-0.014,2545,0
995716,4.779,8.643,-0.055,0.064,-0.037,-0.016,2544,0
995736,4.784,8.645,-0.081,0.059,-0.029,-0.013,2545,0
995756,4.757,8.708,-0.026,0.051,-0.027,-0.003,2544,0
995776,4.726,8.686,0.007,0.024,-0.045,0.018,2544,0
995796,4.769,8.6,0.007,0.025,-0.05,0.011,2544,0
995816,4.752,8.629,0.007,0.055,-0.043,-0.005,2544,0
995836,4.678,8.729,-0.05,0.061,-0.051,0.001,2544,0
995856,4.671,8.696,-0.103,0.034,-0.067,0.019,2543,0
995876,4.697,8.602,-0.091,0.018,-0.065,0.033,2543,0
995896,4.745,8.495,-0.115,0.019,-0.06,0.026,2543,0
995916,4.793,8.471,-0.074,0.03,-0.051,0.008,2544,0
995936,4.762,8.497,-0.074,0.043,-0.054,-0.007,2544,0
995956,4.736,8.578,-0.108,0.038,-0.068,-0.006,2545,0
995976,4.781,8.595,-0.141,0.021,-0.075,0.005,2545,0
995996,4.824,8.605,-0.153,0.026,-0.068,0.005,2544,0
996016,4.796,8.607,-0.148,0.046,-0.054,-0.001,2545,0
996036,4.745,8.602,-0.16,0.051,-0.06,-0.004,2544,0
996056,4.748,8.586,-0.23,0.048,-0.067,-0.001,2544,0
996076,4.729,8.595,-0.244,0.042,-0.059,-0.0,2543,0
996096,4.726,8.61,-0.259,0.04,-0.052,0.004,2545,0
996116,4.752,8.581,-0.271,0.028,-0.046,0.013,2544,0
996136,4.752,8.492,-0.218,0.031,-0.037,0.005,2544,0
996156,4.743,8.528,-0.204,0.048,-0.036,-0.008,2544,0
996176,4.76,8.54,-0.165,0.04,-0.029,-0.008,2544,0
996196,4.743,8.502,-0.158,0.045,-0.028,-0.013,2544,0
996216,4.726,8.612,-0.192,0.055,-0.027,-0.02,2546,0
996236,4.673,8.653,-0.201,0.041,-0.03,-0.003,2543,0
996256,4.705,8.578,-0.192,0.02,-0.034,0.012,2544,0
996276,4.755,8.49,-0.132,0.021,-0.034,-0.0,2544,0
996296,4.764,8.54,-0.17,0.059,-0.036,-0.029,2544,0
996316,4.757,8.66,-0.211,0.076,-0.031,-0.031,2544,0
996336,4.745,8.674,-0.22,0.055,-0.028,-0.005,2545,0
996356,4.791,8.552,-0.194,0.03,-0.031,0.008,2543,0
996376,4.791,8.485,-0.093,0.037,-0.02,-0.009,2544,0
996396,4.721,8.569,-0.05,0.076,-0.024,-0.035,2546,0
996416,4.7,8.753,-0.11,0.082,-0.044,-0.021,2543,0
996436,4.745,8.727,-0.151,0.043,-0.054,0.011,2544,0
996456,4.839,8.557,-0.113,0.019,-0.044,0.022,2544,0
996476,4.839,8.478,-0.029,0.033,-0.028,0.002,2545,0
996496,4.793,8.554,-0.031,0.064,-0.051,-0.024,2546,0
996516,4.798,8.669,-0.16,0.059,-0.071,-0.019,2544,0
996536,4.803,8.648,-0.23,0.034,-0.06,-0.001,2544,0
996556,4.776,8.59,-0.204,0.027,-0.038,0.001,2544,0
996576,4.714,8.622,-0.139,0.031,-0.027,-0.011,2544,0
996596,4.676,8.672,-0.146,0.042,-0.036,-0.009,2544,0
996616,4.69,8.677,-0.247,0.037,-0.043,0.006,2544,0
996636,4.738,8.564,-0.299,0.026,-0.042,0.011,2544,0
996656,4.76,8.478,-0.22,0.021,-0.025,0.001,2544,0
996676,4.726,8.466,-0.175,0.03,-0.01,-0.013,2544,0
996696,4.685,8.521,-0.105,0.055,-0.024,-0.027,2545,0
996716,4.695,8.674,-0.17,0.056,-0.045,-0.018,2544,0
996736,4.733,8.6,-0.17,0.034,-0.054,-0.005,2544,0
996756,4.748,8.516,-0.177,0.038,-0.041,-0.014,2544,0
996776,4.733,8.507,-0.223,0.045,-0.029,-0.024,2545,0
996796,4.774,8.509,-0.227,0.04,-0.022,-0.027,2544,0
996816,4.786,8.531,-0.139,0.044,-0.021,-0.03,2545,0
996836,4.764,8.598,-0.096,0.05,-0.029,-0.029,2544,0
996856,4.724,8.636,-0.084,0.035,-0.048,-0.027,2544,0
996876,4.707,8.636,-0.151,0.022,-0.067,-0.023,2544,0
996896,4.705,8.612,-0.232,0.052,-0.063,-0.041,2544,0
996916,4.741,8.751,-0.309,0.075,-0.043,-0.043,2544,0
996936,4.714,8.777,-0.261,0.044,-0.023,-0.014,2544,0
996956,4.702,8.65,-0.194,0.016,-0.026,0.004,2544,0
996976,4.669,8.564,-0.098,0.031,-0.04,-0.007,2544,0
996996,4.717,8.667,-0.189,0.064,-0.048,-0.024,2545,0
997016,4.714,8.705,-0.232,0.07,-0.026,-0.018,2544,0
997036,4.714,8.708,-0.189,0.051,-0.022,0.003,2544,0
997056,4.755,8.602,-0.136,0.019,-0.022,0.019,2544,0
997076,4.755,8.456,-0.065,0.019,-0.031,0.007,2545,0
997096,4.736,8.502,-0.055,0.049,-0.048,-0.019,2545,0
997116,4.729,8.588,-0.151,0.064,-0.059,-0.03,2545,0
997136,4.678,8.677,-0.232,0.048,-0.056,-0.02,2544,0
997156,4.697,8.653,-0.225,0.028,-0.057,-0.006,2545,0
997176,4.719,8.624,-0.225,0.026,-0.045,-0.006,2546,0
997196,4.707,8.631,-0.215,0.044,-0.038,-0.017,2544,0
997216,4.731,8.717,-0.23,0.051,-0.037,-0.017,2545,0
997236,4.719,8.727,-0.242,0.048,-0.044,-0.007,2544,0
997256,4.731,8.698,-0.275,0.042,-0.056,0.001,2544,0
997276,4.733,8.693,-0.29,0.044,-0.048,0.005,2544,0
997296,4.683,8.693,-0.239,0.043,-0.033,0.008,2544,0
997316,4.626,8.708,-0.204,0.056,-0.03,0.008,2544,0
997336,4.611,8.729,-0.17,0.068,-0.037,0.012,2545,0
997356,4.647,8.744,-0.22,0.057,-0.049,0.03,2545,0
997376,4.705,8.622,-0.165,0.027,-0.047,0.047,2545,0
997396,4.743,8.464,-0.136,0.033,-0.048,0.034,2544,0
997416,4.729,8.454,-0.089,0.067,-0.046,0.005,2545,0
997436,4.688,8.552,-0.156,0.063,-0.045,0.003,2544,0
997456,4.764,8.514,-0.227,0.027,-0.064,0.009,2545,0
997476,4.836,8.44,-0.314,0.006,-0.052,0.001,2544,0
997496,4.841,8.55,-0.247,0.015,-0.03,-0.021,2545,0
997516,4.767,8.748,-0.158,0.026,-0.026,-0.03,2544,0
997536,4.695,8.868,-0.156,0.023,-0.044,-0.012,2544,0
997556,4.726,8.859,-0.184,0.016,-0.057,0.017,2545,0
997576,4.791,8.777,-0.199,0.018,-0.054,0.036,2547,0
997596,4.767,8.667,-0.16,0.031,-0.057,0.039,2544,0
997616,4.721,8.564,-0.227,0.054,-0.069,0.027,2546,0
997636,4.712,8.562,-0.33,0.066,-0.074,0.027,2545,0
997656,4.709,8.54,-0.393,0.061,-0.068,0.027,2544,0
997676,4.702,8.533,-0.362,0.04,-0.05,0.027,2545,0
997696,4.673,8.485,-0.318,0.019,-0.041,0.027,2544,0
997716,4.614,8.49,-0.249,0.032,-0.035,-0.001,2543,0
997736,4.621,8.578,-0.211,0.063,-0.03,-0.02,2548,0
997756,4.654,8.672,-0.199,0.045,-0.024,-0.005,2545,0
997776,4.714,8.586,-0.148,-0.001,-0.023,0.009,2544,0
997796,4.764,8.454,-0.077,-0.015,-0.01,0.001,2544,0
997816,4.779,8.428,0.036,-0.001,-0.0,-0.017,2547,0
997836,4.824,8.487,0.05,0.008,-0.018,-0.013,2544,0
997856,4.901,8.459,0.069,0.006,-0.04,-0.012,2545,0
997876,4.922,8.468,0.048,0.005,-0.063,-0.02,2544,0
997896,4.843,8.485,0.005,0.008,-0.081,-0.027,2544,0
997916,4.781,8.545,-0.101,0.034,-0.097,-0.035,2544,0
997936,4.697,8.665,-0.242,0.049,-0.105,-0.033,2544,0
997956,4.7,8.708,-0.357,0.042,-0.11,-0.021,2544,0
997976,4.685,8.677,-0.469,0.033,-0.089,-0.008,2545,0
997996,4.671,8.636,-0.505,0.042,-0.061,-0.003,2544,0
998016,4.671,8.598,-0.51,0.043,-0.049,0.006,2544,0
998036,4.726,8.547,-0.517,0.048,-0.051,0.004,2544,0
998056,4.772,8.578,-0.467,0.056,-0.037,-0.002,2544,0
998076,4.707,8.629,-0.402,0.068,-0.025,-0.004,2544,0
998096,4.731,8.648,-0.335,0.07,-0.031,-0.001,2545,0
998116,4.755,8.65,-0.302,0.071,-0.037,-0.003,2544,0
998136,4.741,8.677,-0.302,0.09,-0.036,-0.015,2545,0
998156,4.741,8.751,-0.309,0.077,-0.039,0.003,2544,0
998176,4.781,8.629,-0.328,0.037,-0.041,0.022,2544,0
998196,4.803,8.502,-0.328,0.038,-0.029,0.005,2544,0
998216,4.779,8.586,-0.338,0.063,-0.013,-0.019,2544,0
998236,4.8,8.657,-0.328,0.049,0.003,-0.012,2544,0
998256,4.836,8.593,-0.254,0.038,-0.0,-0.006,2546,0
998276,4.877,8.6,-0.261,0.038,-0.004,-0.01,2545,0
998296,4.81,8.65,-0.244,0.023,-0.002,0.001,2544,0
998316,4.745,8.667,-0.211,0.019,-0.013,0.011,2545,0
998336,4.673,8.693,-0.168,0.04,-0.019,0.008,2546,0
998356,4.628,8.662,-0.29,0.053,-0.025,0.007,2544,0
998376,4.688,8.578,-0.354,0.05,-0.018,0.013,2544,0
998396,4.736,8.502,-0.273,0.033,-0.002,0.014,2545,0
998416,4.688,8.43,-0.175,0.023,-0.005,0.006,2544,0
998436,4.709,8.461,-0.113,0.02,-0.018,-0.006,2544,0
998456,4.695,8.437,-0.098,0.043,-0.018,-0.022,2544,0
998476,4.666,8.459,-0.122,0.068,-0.033,-0.033,2544,0
998496,4.7,8.447,-0.199,0.046,-0.047,-0.037,2545,0
998516,4.743,8.428,-0.261,0.019,-0.047,-0.038,2544,0
998536,4.788,8.428,-0.314,0.013,-0.029,-0.046,2547,0
998556,4.762,8.538,-0.266,0.036,-0.003,-0.068,2544,0
998576,4.697,8.765,-0.146,0.057,-0.005,-0.073,2544,0
998596,4.638,8.997,-0.069,0.066,-0.024,-0.054,2544,0
998616,4.609,9.064,0.005,0.059,-0.031,-0.016,2545,0
998636,4.635,8.954,0.0,0.058,-0.036,0.021,2545,0
998656,4.736,8.78,0.01,0.045,-0.034,0.05,2544,0
998676,4.781,8.576,0.101,0.031,-0.049,0.057,2544,0
998696,4.779,8.42,0.081,0.033,-0.077,0.039,2546,0
998716,4.793,8.353,-0.057,0.051,-0.096,0.004,2545,0
998736,4.827,8.447,-0.28,0.064,-0.095,-0.013,2545,0
998756,4.841,8.578,-0.402,0.036,-0.073,0.004,2544,0
998776,4.757,8.54,-0.354,0.019,-0.066,0.013,2544,0
998796,4.702,8.504,-0.39,0.031,-0.082,0.009,2545,0
998816,4.7,8.519,-0.464,0.059,-0.086,-0.007,2543,0
998836,4.688,8.598,-0.543,0.088,-0.065,-0.015,2544,0
998856,4.659,8.667,-0.622,0.085,-0.058,-0.007,2544,0
998876,4.683,8.593,-0.634,0.051,-0.046,0.006,2544,0
998896,4.731,8.473,-0.567,0.044,-0.021,0.007,2547,0
998916,4.772,8.492,-0.419,0.068,-0.006,-0.015,2545,0
998936,4.76,8.595,-0.364,0.099,-0.006,-0.039,2544,0
998956,4.767,8.748,-0.342,0.092,-0.013,-0.032,2543,0
998976,4.755,8.736,-0.323,0.055,-0.014,-0.01,2544,0
998996,4.757,8.662,-0.273,0.042,-0.006,-0.004,2544,0
999016,4.815,8.645,-0.175,0.035,0.008,-0.004,2545,0
999036,4.752,8.607,-0.041,0.041,0.004,-0.018,2544,0
999056,4.678,8.684,-0.026,0.055,-0.032,-0.026,2544,0
999076,4.666,8.724,-0.096,0.045,-0.057,-0.013,2545,0
999096,4.652,8.732,-0.146,0.023,-0.062,0.002,2544,0
999116,4.685,8.674,-0.172,0.012,-0.049,0.008,2545,0
999136,4.709,8.598,-0.223,0.014,-0.046,0.003,2545,0
999156,4.719,8.533,-0.278,0.018,-0.05,-0.003,2544,0
999176,4.721,8.569,-0.251,0.019,-0.043,-0.012,2545,0
999196,4.654,8.686,-0.194,0.019,-0.043,-0.01,2544,0
999216,4.69,8.72,-0.242,0.023,-0.052,0.003,2545,0
999236,4.76,8.641,-0.316,0.018,-0.054,0.019,2544,0
999256,4.81,8.514,-0.338,0.013,-0.043,0.023,2545,0
999276,4.784,8.435,-0.299,0.029,-0.038,0.002,2545,0
999296,4.714,8.528,-0.35,0.047,-0.045,-0.027,2545,0
999316,4.697,8.674,-0.383,0.064,-0.056,-0.027,2544,0
999336,4.685,8.72,-0.515,0.047,-0.056,-0.002,2544,0
999356,4.738,8.595,-0.522,0.03,-0.032,0.01,2544,0
999376,4.745,8.519,-0.464,0.04,-0.003,0.001,2546,0
999396,4.695,8.578,-0.364,0.054,0.005,-0.012,2544,0
999416,4.702,8.624,-0.299,0.058,-0.004,-0.01,2544,0
999436,4.724,8.59,-0.299,0.064,-0.016,-0.007,2544,0
999456,4.719,8.526,-0.292,0.062,-0.012,-0.011,2544,0
999476,4.707,8.485,-0.237,0.056,-0.004,-0.018,2545,0
999496,4.681,8.48,-0.187,0.054,-0.004,-0.028,2544,0
999516,4.654,8.495,-0.165,0.059,-0.021,-0.035,2544,0
999536,4.669,8.593,-0.194,0.071,-0.039,-0.048,2544,0
999556,4.666,8.693,-0.22,0.058,-0.04,-0.042,2546,0
999576,4.685,8.677,-0.242,0.033,-0.041,-0.026,2545,0
999596,4.688,8.593,-0.259,0.035,-0.044,-0.03,2545,0
999616,4.709,8.698,-0.256,0.054,-0.044,-0.037,2544,0
999636,4.647,8.746,-0.237,0.048,-0.05,-0.026,2544,0
999656,4.666,8.689,-0.311,0.038,-0.054,-0.015,2544,0
999676,4.702,8.578,-0.373,0.029,-0.048,-0.01,2544,0
999696,4.666,8.595,-0.364,0.037,-0.042,-0.031,2544,0
999716,4.623,8.768,-0.385,0.05,-0.044,-0.039,2544,0
999736,4.623,8.837,-0.409,0.04,-0.035,-0.015,2547,0
999756,4.63,8.784,-0.405,0.037,-0.029,0.004,2545,0
999776,4.695,8.734,-0.362,0.034,-0.021,0.016,2544,0
999796,4.719,8.698,-0.287,0.031,-0.015,0.016,2543,0
999816,4.681,8.722,-0.194,0.049,-0.015,0.01,2544,0
999836,4.633,8.772,-0.124,0.065,-0.038,0.021,2544,0
999856,4.717,8.701,-0.139,0.045,-0.057,0.038,2544,0
999876,4.673,8.571,-0.11,0.034,-0.063,0.03,2544,0
999896,4.673,8.528,-0.132,0.046,-0.072,0.007,2547,0
999916,4.654,8.487,-0.285,0.043,-0.069,-0.002,2544,0
999936,4.712,8.447,-0.417,0.024,-0.063,0.002,2545,0
999956,4.764,8.382,-0.438,0.016,-0.053,-0.006,2544,0
999976,4.738,8.444,-0.443,0.024,-0.05,-0.028,2544,0
999996,4.633,8.564,-0.431,0.041,-0.056,-0.043,2544,0
1000016,4.523,8.689,-0.555,0.059,-0.06,-0.043,2545,0
1000036,4.525,8.741,-0.651,0.069,-0.048,-0.031,2545,0
1000056,4.599,8.71,-0.666,0.059,-0.01,-0.017,2544,0
1000076,4.671,8.648,-0.5,0.032,0.021,0.001,2544,0
1000096,4.693,8.607,-0.259,0.027,0.011,-0.003,2544,0
1000116,4.705,8.636,-0.201,0.066,-0.013,-0.029,2545,0
1000136,4.714,8.78,-0.192,0.094,-0.031,-0.028,2544,0
1000156,4.75,8.777,-0.204,0.078,-0.04,-0.013,2544,0
1000176,4.776,8.689,-0.244,0.064,-0.043,-0.002,2545,0
1000196,4.762,8.653,-0.268,0.05,-0.034,0.001,2544,0
1000216,4.669,8.641,-0.266,0.057,-0.035,-0.01,2544,0
1000236,4.645,8.746,-0.342,0.069,-0.038,-0.009,2544,0
1000256,4.645,8.792,-0.383,0.052,-0.033,0.001,2544,0
1000276,4.664,8.753,-0.35,0.03,-0.023,0.008,2544,0
1000296,4.654,8.698,-0.318,0.02,-0.015,0.01,2544,0
1000316,4.669,8.71,-0.306,0.027,-0.021,0.01,2544,0
1000336,4.671,8.717,-0.34,0.031,-0.033,0.012,2544,0
1000356,4.683,8.705,-0.311,0.034,-0.034,0.014,2544,0
1000376,4.647,8.681,-0.309,0.03,-0.029,0.026,2544,0
1000396,4.693,8.6,-0.28,0.024,-0.032,0.028,2544,0
1000416,4.717,8.557,-0.29,0.033,-0.039,0.024,2543,0
1000436,4.714,8.535,-0.35,0.038,-0.044,0.022,2545,0
1000456,4.743,8.461,-0.431,0.03,-0.051,0.015,2545,0
1000476,4.733,8.452,-0.448,0.035,-0.041,-0.003,2544,0
1000496,4.662,8.531,-0.414,0.052,-0.031,-0.02,2544,0
1000516,4.678,8.686,-0.476,0.053,-0.047,-0.013,2544,0
1000536,4.697,8.636,-0.546,0.03,-0.042,0.005,2544,0
1000556,4.724,8.531,-0.582,0.034,-0.017,-0.001,2545,0
1000576,4.642,8.617,-0.479,0.058,0.009,-0.021,2544,0
1000670,4.683,8.535,-0.292,0.049,-0.006,0.013,2544,0
1000680,4.671,8.507,-0.273,0.05,-0.0,0.008,2544,0
1000692,4.654,8.509,-0.292,0.048,-0.003,0.001,2544,0
1000703,4.666,8.511,-0.259,0.043,-0.009,-0.007,2544,0
1000713,4.705,8.492,-0.283,0.04,-0.012,-0.014,2542,0
1000723,4.724,8.495,-0.268,0.042,-0.012,-0.023,2544,0
1000732,4.731,8.54,-0.251,0.045,-0.011,-0.029,2545,0
1000742,4.721,8.586,-0.235,0.05,-0.01,-0.032,2545,0
1000756,4.724,8.674,-0.239,0.045,-0.013,-0.028,2544,0
1000776,4.688,8.72,-0.251,0.021,-0.026,-0.017,2546,0
1000796,4.669,8.701,-0.259,0.014,-0.031,-0.006,2545,0
1000816,4.685,8.696,-0.306,0.037,-0.023,-0.011,2545,0
1000836,4.697,8.746,-0.347,0.051,-0.015,-0.009,2545,0
1000856,4.69,8.727,-0.328,0.032,-0.016,0.009,2545,0
1000876,4.666,8.648,-0.242,0.017,-0.019,0.017,2545,0
1000896,4.671,8.578,-0.239,0.027,-0.033,0.009,2544,0
1000916,4.714,8.638,-0.297,0.052,-0.029,-0.001,2545,0
1000936,4.726,8.679,-0.256,0.06,-0.022,0.003,2545,0
1000956,4.707,8.612,-0.283,0.044,-0.031,0.017,2544,0
1000976,4.733,8.502,-0.304,0.019,-0.042,0.025,2544,0
1000996,4.724,8.42,-0.261,0.024,-0.036,0.003,2545,0
1001016,4.638,8.531,-0.273,0.057,-0.034,-0.015,2544,0
1001036,4.63,8.662,-0.393,0.053,-0.048,-0.011,2544,0
1001056,4.659,8.619,-0.457,0.03,-0.048,-0.003,2544,0
1001076,4.731,8.576,-0.472,0.017,-0.021,-0.001,2545,0
1001096,4.707,8.626,-0.385,0.037,-0.002,-0.015,2544,0
1001116,4.657,8.741,-0.314,0.058,-0.002,-0.014,2545,0
1001136,4.626,8.777,-0.297,0.047,-0.026,0.011,2545,0
1001156,4.673,8.653,-0.342,0.034,-0.037,0.023,2546,0
1001176,4.707,8.569,-0.34,0.034,-0.021,0.016,2545,0
1001196,4.657,8.543,-0.232,0.046,-0.012,-0.001,2545,0
1001216,4.673,8.583,-0.206,0.062,-0.019,-0.011,2544,0
1001236,4.697,8.605,-0.283,0.054,-0.023,-0.005,2544,0
1001256,4.757,8.54,-0.333,0.032,-0.024,0.006,2544,0
1001276,4.788,8.461,-0.338,0.015,-0.025,-0.007,2544,0
1001296,4.76,8.444,-0.33,0.023,-0.013,-0.034,2543,0
1001316,4.719,8.492,-0.441,0.038,-0.003,-0.043,2545,0
1001336,4.717,8.449,-0.505,0.029,0.009,-0.046,2545,0
1001356,4.654,8.435,-0.599,0.013,0.022,-0.054,2544,0
1001376,4.599,8.492,-0.563,0.012,0.053,-0.071,2545,0
1001396,4.506,8.636,-0.441,0.041,0.064,-0.088,2544,0
1001416,4.511,8.76,-0.532,0.057,0.052,-0.081,2545,0
1001436,4.508,8.772,-0.608,0.045,0.055,-0.062,2543,0
1001456,4.48,8.78,-0.627,0.041,0.091,-0.058,2545,0
1001476,4.405,8.787,-0.601,0.045,0.145,-0.063,2544,0
1001496,4.413,8.796,-0.493,0.031,0.205,-0.057,2545,0
1001516,4.458,8.677,-0.373,0.017,0.238,-0.044,2544,0
1001536,4.616,8.576,-0.199,-0.003,0.278,-0.048,2544,0
1001556,4.717,8.495,0.11,-0.011,0.342,-0.08,2544,0
1001576,4.695,8.523,0.333,0.011,0.379,-0.133,2544,0
1001596,4.602,8.569,0.393,0.019,0.384,-0.156,2543,0
1001616,4.611,8.6,0.417,-0.017,0.413,-0.157,2543,0
1001636,4.676,8.564,0.527,-0.046,0.498,-0.183,2543,0
1001656,4.774,8.581,0.673,-0.071,0.63,-0.236,2541,0
1001676,4.949,8.562,0.881,-0.099,0.827,-0.332,2540,0
1001696,5.025,8.636,1.116,-0.1,1.114,-0.453,2534,0
1001716,5.049,8.768,1.221,-0.058,1.45,-0.562,2527,0
1001736,4.884,9.021,1.726,-0.135,1.834,-0.662,2521,0
1001756,4.635,9.347,2.425,-0.3,2.224,-0.686,2512,0
1001776,4.264,9.39,3.002,-0.467,2.55,-0.715,2496,0
1001796,3.78,9.462,3.594,-0.573,2.829,-0.698,2480,0
1001816,3.46,9.325,4.25,-0.727,3.085,-0.665,2468,0
1001836,3.179,9.531,5.353,-0.993,3.311,-0.593,2447,0
1001856,2.598,9.625,7.02,-1.385,3.712,-0.517,2422,0
1001876,1.417,8.976,8.82,-1.542,4.241,-0.49,2396,0
1001896,-0.759,10.07,11.418,-1.376,4.312,-0.431,2370,0
1001916,-3.06,10.642,14.552,-1.227,3.046,-0.131,2352,0
1001936,-4.75,10.798,16.206,-0.755,-0.003,0.209,2343,0
1001956,-6.642,10.807,15.304,-0.048,-5.195,0.563,2323,0
1001976,-8.138,10.886,11.365,0.392,-8.731,0.803,2304,0
1001996,-10.585,10.702,5.296,0.215,-8.731,0.634,2319,0
1002016,-11.638,8.021,0.86,-0.015,-8.731,0.808,2395,0
1002036,-8.296,5.222,-1.992,0.467,-8.731,1.121,2497,0
1002056,-4.882,5.722,-6.998,2.206,-8.731,0.073,2559,0
1002076,-3.304,8.988,-12.457,3.094,-8.731,-0.851,2598,0
1002096,-4.276,10.726,-13.307,2.141,-4.615,-0.195,2595,0
1002116,-6.527,9.869,-13.24,0.66,-2.016,0.951,2559,0
1002136,-6.493,7.843,-12.031,-0.009,-1.442,1.398,2550,0
1002156,-3.132,6.182,-10.975,-0.177,-1.069,1.32,2547,0
1002176,-0.33,5.131,-9.924,-0.184,-0.177,1.08,2542,0
1002196,0.781,4.906,-8.473,-0.222,0.667,0.868,2539,0
1002216,1.233,4.985,-6.888,-0.296,0.93,0.634,2530,0
1002236,1.82,5.092,-6.021,-0.236,0.836,0.329,2526,0
1002256,2.679,5.514,-5.485,-0.154,0.683,0.07,2521,0
1002276,3.338,6.043,-5.186,-0.164,0.631,-0.058,2519,0
1002296,3.857,6.476,-4.839,-0.216,0.557,-0.063,2519,0
1002316,3.936,6.67,-4.65,-0.194,0.425,-0.034,2520,0
1002336,4.001,6.879,-4.769,-0.135,0.202,-0.036,2517,0
1002356,4.405,6.998,-4.841,-0.063,0.126,-0.088,2519,0
1002376,4.434,7.068,-4.7,0.036,0.16,-0.175,2517,0
1002396,4.027,7.252,-4.736,0.16,0.099,-0.273,2517,0
1002416,4.137,7.558,-4.889,0.161,-0.07,-0.292,2518,0
1002436,4.166,7.63,-5.234,0.094,-0.131,-0.24,2521,0
1002456,4.039,7.582,-5.488,0.049,-0.106,-0.198,2524,0
1002476,3.912,7.647,-5.622,0.035,-0.028,-0.207,2527,0
1002496,3.929,7.819,-5.557,0.041,0.105,-0.248,2526,0
1002516,3.859,8.073,-5.334,0.035,0.258,-0.255,2525,0
1002536,3.855,8.375,-4.882,-0.031,0.365,-0.195,2527,0
1002556,3.807,8.449,-4.391,-0.107,0.359,-0.11,2527,0
1002576,3.917,8.339,-4.161,-0.101,0.261,-0.073,2527,0
1002596,4.061,8.26,-4.094,-0.029,0.22,-0.077,2528,0
1002616,4.197,8.222,-4.108,0.028,0.22,-0.092,2528,0
1002636,4.293,8.26,-4.137,0.052,0.218,-0.089,2527,0
1002656,4.3,8.174,-4.159,0.054,0.214,-0.074,2529,0
1002676,4.219,8.102,-4.197,0.042,0.184,-0.052,2531,0
1002696,4.247,8.073,-4.219,0.02,0.159,-0.037,2533,0
1002716,4.345,8.064,-4.159,-0.005,0.156,-0.022,2533,0
1002736,4.391,8.011,-4.19,-0.022,0.175,-0.003,2534,0
1002756,4.377,7.963,-4.101,-0.039,0.189,0.009,2537,0
1002776,4.369,7.975,-3.946,-0.04,0.175,0.009,2535,0
1002796,4.293,8.04,-3.797,-0.033,0.112,0.015,2535,0
1002816,4.331,8.016,-3.792,0.001,0.047,0.001,2536,0
1002836,4.298,8.037,-3.926,0.035,0.028,-0.009,2535,0
1002856,4.264,8.033,-3.986,0.025,0.002,0.009,2536,0
1002876,4.338,7.891,-4.08,-0.001,-0.022,0.03,2536,0
1002896,4.283,7.769,-4.183,0.019,-0.028,0.01,2538,0
1002916,4.207,7.772,-4.322,0.055,-0.014,-0.027,2538,0
1002936,4.187,7.843,-4.424,0.06,0.026,-0.03,2541,0
1002956,4.233,7.853,-4.372,0.032,0.058,-0.003,2541,0
1002976,4.278,7.851,-4.175,0.018,0.06,0.006,2542,0
1002996,4.25,7.841,-4.14,0.032,0.02,-0.009,2542,0
1003016,4.24,7.846,-4.216,0.048,0.001,-0.022,2544,0
1003036,4.154,7.882,-4.254,0.05,0.026,-0.022,2544,0
1003056,4.14,7.884,-4.149,0.038,0.047,-0.015,2544,0
1003076,4.18,7.851,-4.087,0.04,0.039,-0.018,2544,0
1003096,4.202,7.841,-4.12,0.058,0.037,-0.037,2546,0
1003116,4.171,7.872,-4.207,0.067,0.048,-0.05,2550,0
1003136,4.161,7.898,-4.166,0.04,0.068,-0.038,2550,0
1003156,4.216,7.851,-4.053,0.026,0.076,-0.034,2552,0
1003176,4.221,7.87,-3.917,0.036,0.071,-0.043,2550,0
1003196,4.197,7.958,-3.883,0.051,0.048,-0.051,2551,0
1003216,4.223,7.994,-3.879,0.045,0.033,-0.046,2551,0
1003236,4.302,7.999,-3.948,0.03,0.021,-0.034,2552,0
1003256,4.281,7.973,-3.931,0.018,0.023,-0.034,2551,0
1003276,4.283,7.982,-3.907,0.029,0.027,-0.047,2555,0
1003296,4.377,8.028,-3.926,0.031,0.016,-0.039,2553,0
1003316,4.441,8.059,-3.859,0.027,0.007,-0.029,2555,0
1003336,4.413,8.066,-3.807,0.047,-0.013,-0.03,2558,0
1003356,4.362,8.095,-3.888,0.056,-0.038,-0.025,2558,0
1003376,4.355,8.025,-4.022,0.054,-0.059,-0.02,2559,0
1003396,4.281,8.011,-4.087,0.062,-0.063,-0.024,2559,0
1003416,4.269,8.061,-4.123,0.061,-0.039,-0.021,2559,0
1003436,4.266,8.059,-4.104,0.046,-0.018,-0.014,2559,0
1003456,4.269,8.059,-4.094,0.046,-0.023,-0.014,2559,0
1003476,4.245,8.03,-4.132,0.058,-0.035,-0.009,2558,0
1003496,4.254,8.066,-4.18,0.055,-0.025,-0.002,2559,0
1003516,4.243,8.064,-4.085,0.05,0.001,-0.003,2559,0
1003536,4.231,8.092,-4.027,0.057,-0.004,0.006,2559,0
1003556,4.18,8.071,-4.017,0.056,-0.034,0.022,2559,0
1003576,4.199,7.985,-4.041,0.062,-0.03,0.023,2559,0
1003596,4.211,7.958,-4.044,0.072,-0.01,0.015,2559,0
1003616,4.199,7.896,-4.02,0.06,-0.002,0.019,2559,0
1003636,4.219,7.829,-4.092,0.034,-0.023,0.032,2561,0
1003656,4.278,7.719,-4.07,0.021,-0.019,0.03,2559,0
1003676,4.243,7.719,-3.991,0.038,-0.013,-0.003,2559,0
1003696,4.192,7.824,-3.986,0.061,-0.019,-0.029,2561,0
1003716,4.199,7.915,-4.015,0.062,-0.027,-0.034,2559,0
1003736,4.226,7.925,-4.051,0.056,-0.034,-0.022,2559,0
1003756,4.276,7.934,-4.085,0.035,-0.03,-0.003,2561,0
1003776,4.226,7.884,-4.01,0.021,-0.025,-0.001,2559,0
1003796,4.226,7.901,-3.994,0.056,-0.025,-0.033,2559,0
1003816,4.207,7.975,-4.041,0.085,-0.02,-0.051,2559,0
1003836,4.264,8.059,-4.085,0.065,-0.037,-0.029,2561,0
1003856,4.288,7.997,-4.116,0.029,-0.043,-0.001,2559,0
1003876,4.324,7.939,-4.082,0.026,-0.033,0.001,2559,0
1003896,4.247,7.949,-4.044,0.039,-0.027,-0.015,2559,0
1003916,4.29,8.033,-4.061,0.046,-0.023,-0.021,2559,0
1003936,4.269,8.025,-4.039,0.053,-0.014,-0.013,2559,0
1003956,4.288,7.975,-4.041,0.05,-0.02,0.001,2559,0
1003976,4.302,7.937,-4.022,0.03,-0.038,0.009,2559,0
1003996,4.281,7.903,-3.979,0.025,-0.038,0.009,2559,0
1004016,4.183,7.896,-3.967,0.06,-0.045,-0.017,2559,0
1004036,4.173,7.961,-4.049,0.076,-0.053,-0.029,2559,0
1004056,4.18,7.968,-4.085,0.054,-0.06,-0.01,2559,0
1004076,4.238,7.875,-4.092,0.029,-0.048,0.008,2561,0
1004096,4.175,7.8,-4.015,0.037,-0.037,-0.003,2559,0
1004116,4.051,7.822,-4.068,0.077,-0.057,-0.042,2566,0
1004136,4.056,7.958,-4.243,0.072,-0.063,-0.043,2559,0
