1154379,4.887,7.796,3.448,0.044,-0.05,-0.009,2512,0
1154399,4.853,7.752,3.414,0.036,-0.04,-0.013,2512,0
1154419,4.822,7.86,3.419,0.045,-0.02,-0.023,2512,0
1154439,4.774,7.994,3.45,0.028,-0.013,-0.018,2512,0
1154459,4.784,8.011,3.512,-0.005,-0.0,0.0,2512,0
1154479,4.827,7.934,3.663,-0.014,0.016,0.011,2512,0
1154499,4.82,7.887,3.74,0.017,-0.014,0.007,2512,0
1154519,4.841,7.855,3.632,0.037,-0.059,0.011,2512,0
1154539,4.836,7.757,3.515,0.041,-0.077,0.017,2512,0
1154559,4.738,7.688,3.467,0.061,-0.066,0.006,2512,0
1154579,4.764,7.728,3.34,0.055,-0.064,0.005,2511,0
1154599,4.841,7.75,3.244,0.014,-0.055,0.009,2512,0
1154619,4.843,7.721,3.345,-0.004,-0.024,0.01,2512,0
1154639,4.834,7.702,3.476,0.016,-0.002,0.011,2512,0
1154659,4.908,7.712,3.517,0.025,-0.015,0.013,2512,0
1154679,4.951,7.697,3.558,0.023,-0.018,0.015,2512,0
1154699,4.911,7.709,3.637,0.046,-0.015,0.015,2511,0
1154719,4.805,7.819,3.709,0.074,-0.009,0.017,2511,0
1154739,4.764,7.836,3.721,0.079,-0.049,0.031,2511,0
1154759,4.745,7.697,3.646,0.089,-0.094,0.03,2512,0
1154779,4.702,7.659,3.498,0.119,-0.099,0.012,2512,0
1154799,4.628,7.738,3.357,0.114,-0.077,0.003,2512,0
1154819,4.705,7.688,3.314,0.07,-0.062,0.01,2512,0
1154839,4.867,7.597,3.306,0.048,-0.043,-0.001,2512,0
1154859,4.877,7.604,3.421,0.054,-0.02,-0.022,2512,0
1154879,4.791,7.69,3.486,0.051,-0.027,-0.033,2512,0
1154899,4.824,7.697,3.519,0.045,-0.05,-0.039,2513,0
1154919,4.889,7.702,3.464,0.061,-0.041,-0.047,2512,0
1154939,4.872,7.772,3.409,0.061,-0.034,-0.056,2512,0
1154959,4.925,7.817,3.519,0.04,-0.027,-0.058,2513,0
1154979,4.98,7.824,3.546,0.041,-0.039,-0.061,2512,0
1154999,4.958,7.908,3.436,0.052,-0.057,-0.063,2512,0
1155019,4.934,8.021,3.419,0.044,-0.047,-0.049,2513,0
1155039,4.887,8.09,3.455,0.038,-0.032,-0.029,2512,0
1155059,4.875,8.104,3.486,0.047,-0.038,-0.002,2514,0
1155079,4.901,8.025,3.443,0.041,-0.042,0.014,2512,0
1155099,4.927,7.891,3.433,0.053,-0.039,0.016,2512,0
1155119,4.879,7.877,3.412,0.067,-0.048,0.012,2512,0
1155139,4.796,7.877,3.388,0.062,-0.054,0.021,2512,0
1155159,4.803,7.788,3.385,0.055,-0.046,0.021,2512,0
1155179,4.781,7.702,3.371,0.061,-0.038,0.012,2513,0
1155199,4.824,7.69,3.306,0.051,-0.043,0.001,2512,0
1155219,4.829,7.642,3.275,0.026,-0.036,-0.015,2511,0
1155239,4.793,7.726,3.304,0.017,-0.014,-0.03,2511,0
1155259,4.767,7.863,3.407,0.015,-0.003,-0.029,2512,0
1155279,4.743,7.855,3.46,0.034,-0.013,-0.017,2512,0
1155299,4.731,7.848,3.39,0.048,-0.02,-0.011,2512,0
1155319,4.786,7.733,3.29,0.032,-0.019,-0.003,2512,0
1155339,4.824,7.638,3.33,0.036,-0.028,-0.018,2513,0
1155359,4.772,7.764,3.338,0.066,-0.014,-0.035,2512,0
1155379,4.736,7.882,3.352,0.067,0.003,-0.026,2512,0
1155399,4.796,7.87,3.376,0.042,0.0,-0.022,2513,0
1155419,4.853,7.855,3.455,0.021,0.013,-0.017,2512,0
1155439,4.808,7.836,3.596,0.024,0.015,-0.014,2512,0
1155459,4.805,7.879,3.694,0.059,-0.007,-0.018,2513,0
1155479,4.772,8.006,3.57,0.055,-0.032,-0.013,2512,0
1155499,4.764,7.975,3.546,0.015,-0.041,0.006,2512,0
1155519,4.721,7.86,3.587,0.022,-0.039,0.013,2512,0
1155539,4.76,7.855,3.539,0.053,-0.048,0.009,2511,0
1155559,4.805,7.834,3.479,0.048,-0.044,0.006,2512,0
1155579,4.793,7.767,3.484,0.031,-0.042,0.0,2513,0
1155599,4.774,7.769,3.493,0.031,-0.049,-0.005,2512,0
1155619,4.824,7.781,3.508,0.03,-0.049,-0.01,2511,0
1155639,4.848,7.819,3.452,0.05,-0.062,-0.017,2511,0
1155659,4.798,7.951,3.366,0.048,-0.06,-0.014,2512,0
1155679,4.724,7.939,3.388,0.024,-0.05,0.002,2512,0
1155699,4.834,7.851,3.414,0.021,-0.048,0.009,2511,0
1155719,4.891,7.824,3.361,0.036,-0.045,0.0,2512,0
1155739,4.805,7.92,3.381,0.043,-0.041,-0.001,2512,0
1155759,4.75,7.918,3.452,0.03,-0.044,0.008,2512,0
1155779,4.808,7.87,3.407,0.026,-0.044,0.009,2512,0
1155799,4.841,7.822,3.4,0.03,-0.033,0.003,2512,0
1155819,4.76,7.827,3.433,0.029,-0.03,0.001,2511,0
1155839,4.764,7.822,3.469,0.033,-0.031,0.006,2513,0
1155859,4.798,7.791,3.452,0.04,-0.039,0.007,2512,0
1155879,4.843,7.752,3.409,0.044,-0.037,0.006,2512,0
1155899,4.803,7.764,3.412,0.046,-0.045,0.006,2511,0
1155919,4.738,7.736,3.371,0.051,-0.055,-0.001,2512,0
1155939,4.752,7.774,3.364,0.064,-0.041,-0.007,2512,0
1155959,4.7,7.822,3.397,0.062,-0.019,-0.005,2511,0
1155979,4.719,7.752,3.469,0.054,-0.017,-0.002,2512,0
1155999,4.752,7.688,3.515,0.05,-0.027,-0.008,2512,0
1156019,4.839,7.654,3.505,0.039,-0.046,-0.021,2513,0
1156039,4.784,7.712,3.488,0.044,-0.054,-0.04,2512,0
1156059,4.688,7.875,3.491,0.055,-0.05,-0.038,2514,0
1156079,4.702,7.906,3.493,0.047,-0.063,-0.025,2512,0
1156099,4.834,7.86,3.388,0.042,-0.075,-0.025,2512,0
1156119,4.944,7.796,3.323,0.042,-0.058,-0.031,2512,0
1156139,4.894,7.887,3.318,0.037,-0.042,-0.037,2514,0
1156159,4.872,7.975,3.383,0.029,-0.05,-0.037,2512,0
1156179,4.867,8.054,3.361,0.025,-0.04,-0.026,2512,0
1156199,4.865,8.071,3.335,0.036,-0.017,-0.011,2511,0
1156219,4.812,8.116,3.424,0.03,-0.013,0.003,2512,0
1156239,4.781,8.021,3.551,0.015,-0.029,0.019,2512,0
1156259,4.867,7.906,3.51,0.03,-0.055,0.029,2513,0
1156279,4.867,7.829,3.366,0.054,-0.061,0.021,2512,0
1156299,4.757,7.87,3.335,0.057,-0.049,0.023,2512,0
1156319,4.697,7.796,3.328,0.034,-0.041,0.03,2512,0
1156339,4.748,7.666,3.342,0.017,-0.04,0.026,2513,0
1156359,4.808,7.573,3.366,0.025,-0.032,0.012,2512,0
1156379,4.798,7.597,3.342,0.049,-0.035,-0.01,2512,0
1156399,4.743,7.702,3.321,0.05,-0.043,-0.018,2512,0
1156419,4.731,7.693,3.335,0.033,-0.035,-0.014,2512,0
1156439,4.762,7.7,3.378,0.053,-0.025,-0.021,2512,0
1156459,4.8,7.721,3.385,0.059,-0.023,-0.024,2512,0
1156479,4.82,7.745,3.405,0.051,-0.033,-0.031,2511,0
1156499,4.829,7.774,3.414,0.05,-0.045,-0.044,2513,0
1156519,4.788,7.889,3.39,0.062,-0.048,-0.049,2512,0
1156539,4.788,7.973,3.34,0.06,-0.035,-0.042,2513,0
1156559,4.829,7.98,3.397,0.057,-0.019,-0.038,2513,0
1156579,4.793,8.071,3.455,0.058,-0.018,-0.032,2512,0
1156599,4.808,8.071,3.464,0.036,-0.031,-0.015,2511,0
1156619,4.831,7.982,3.421,0.029,-0.045,-0.007,2513,0
1156639,4.863,8.035,3.373,0.04,-0.038,-0.007,2512,0
1156659,4.752,8.056,3.381,0.041,-0.029,0.005,2513,0
1156679,4.693,8.016,3.436,0.042,-0.027,0.022,2512,0
1156699,4.69,7.86,3.438,0.045,-0.027,0.03,2512,0
1156719,4.779,7.755,3.445,0.043,-0.029,0.025,2512,0
1156739,4.831,7.645,3.421,0.043,-0.036,0.01,2512,0
1156759,4.815,7.676,3.409,0.054,-0.04,-0.013,2512,0
1156779,4.657,7.867,3.419,0.052,-0.03,-0.021,2513,0
1156799,4.633,7.92,3.426,0.023,-0.035,-0.006,2512,0
1156819,4.774,7.762,3.371,0.016,-0.047,-0.002,2512,0
1156839,4.851,7.745,3.33,0.044,-0.049,-0.021,2512,0
1156859,4.784,7.908,3.318,0.042,-0.04,-0.028,2512,0
1156879,4.664,7.954,3.397,0.031,-0.037,-0.018,2512,0
1156899,4.721,7.875,3.407,0.041,-0.043,-0.011,2511,0
1156919,4.81,7.829,3.33,0.051,-0.043,-0.011,2512,0
1156939,4.836,7.827,3.29,0.036,-0.05,-0.017,2513,0
1156959,4.805,7.87,3.311,0.032,-0.042,-0.021,2512,0
1156979,4.76,7.985,3.352,0.034,-0.033,-0.023,2512,0
1156999,4.769,8.049,3.338,0.038,-0.029,-0.01,2512,0
1157019,4.764,8.109,3.347,0.038,-0.032,0.004,2512,0
1157039,4.774,8.056,3.378,0.024,-0.036,0.024,2512,0
1157059,4.8,7.949,3.328,0.021,-0.057,0.033,2513,0
1157079,4.798,7.829,3.27,0.031,-0.042,0.027,2512,0
1157099,4.755,7.786,3.357,0.057,-0.001,0.014,2513,0
1157119,4.745,7.812,3.419,0.053,0.016,0.01,2512,0
1157139,4.841,7.793,3.464,0.023,0.008,0.01,2511,0
1157159,4.812,7.786,3.505,0.01,-0.004,0.0,2512,0
1157179,4.733,7.819,3.582,0.014,-0.016,-0.004,2512,0
1157199,4.736,7.822,3.551,0.036,-0.026,-0.001,2511,0
1157219,4.755,7.822,3.462,0.065,-0.037,-0.004,2512,0
1157239,4.748,7.846,3.318,0.056,-0.052,-0.005,2512,0
1157259,4.724,7.829,3.34,0.027,-0.039,-0.004,2512,0
1157279,4.676,7.786,3.412,0.033,-0.025,-0.006,2512,0
1157299,4.779,7.764,3.393,0.053,-0.039,-0.013,2513,0
1157319,4.848,7.807,3.282,0.047,-0.04,-0.024,2513,0
1157339,4.791,7.863,3.318,0.021,-0.023,-0.029,2515,0
1157359,4.767,7.875,3.4,0.023,-0.016,-0.023,2511,0
1157379,4.767,7.903,3.448,0.044,-0.019,-0.017,2511,0
1157399,4.769,7.93,3.436,0.05,-0.017,-0.013,2512,0
1157419,4.82,7.901,3.474,0.041,-0.015,-0.006,2513,0
1157439,4.858,7.855,3.512,0.041,-0.026,-0.006,2512,0
1157459,4.851,7.841,3.472,0.049,-0.043,-0.008,2513,0
1157479,4.772,7.824,3.462,0.065,-0.044,-0.011,2512,0
1157499,4.683,7.903,3.409,0.072,-0.049,-0.015,2513,0
1157519,4.7,7.918,3.304,0.042,-0.055,-0.011,2512,0
1157539,4.726,7.793,3.218,0.027,-0.041,-0.014,2512,0
1157559,4.721,7.815,3.27,0.041,-0.012,-0.026,2512,0
1157579,4.64,7.93,3.383,0.045,0.001,-0.026,2512,0
1157599,4.654,7.961,3.5,0.047,-0.021,-0.016,2512,0
1157619,4.743,7.884,3.424,0.047,-0.037,-0.01,2513,0
1157639,4.793,7.798,3.369,0.043,-0.051,-0.014,2511,0
1157659,4.779,7.824,3.388,0.053,-0.042,-0.027,2512,0
1157679,4.743,7.918,3.376,0.062,-0.031,-0.031,2512,0
1157699,4.743,8.033,3.354,0.049,-0.016,-0.025,2512,0
1157719,4.714,8.037,3.457,0.025,-0.008,-0.018,2512,0
1157739,4.721,8.035,3.488,0.026,-0.013,-0.007,2512,0
1157759,4.702,8.03,3.505,0.038,-0.031,-0.003,2512,0
1157779,4.693,8.023,3.417,0.022,-0.043,0.003,2514,0
1157799,4.647,7.977,3.359,0.009,-0.028,0.01,2512,0
1157819,4.602,7.932,3.445,0.017,-0.009,0.015,2512,0
1157839,4.633,7.834,3.496,0.013,-0.016,0.023,2512,0
1157859,4.705,7.726,3.469,0.007,-0.027,0.021,2513,0
1157879,4.736,7.659,3.448,0.012,-0.037,0.005,2512,0
1157899,4.743,7.728,3.496,0.023,-0.03,-0.01,2514,0
1157919,4.685,7.858,3.508,0.05,-0.037,-0.009,2511,0
1157939,4.688,7.944,3.424,0.048,-0.062,0.001,2511,0
1157959,4.714,7.91,3.385,0.02,-0.064,0.007,2512,0
1157979,4.635,7.937,3.496,0.02,-0.046,0.007,2511,0
1157999,4.602,8.009,3.625,0.031,-0.057,0.01,2512,0
1158019,4.669,7.966,3.594,0.044,-0.09,0.006,2511,0
1158039,4.618,8.028,3.546,0.079,-0.082,-0.002,2512,0
1158059,4.532,8.255,3.692,0.083,-0.062,0.019,2511,0
1158079,4.42,8.334,3.847,0.044,-0.057,0.049,2512,0
1158099,4.293,8.277,4.07,-0.007,-0.087,0.072,2512,0
1158119,4.07,8.449,4.269,-0.057,-0.115,0.111,2512,0
1158139,3.977,8.138,4.683,-0.099,-0.174,0.172,2512,0
1158159,3.658,7.793,4.879,0.008,-0.268,0.171,2512,0
1158179,3.179,7.762,5.049,0.106,-0.332,0.165,2510,0
1158199,2.914,7.74,5.215,0.042,-0.392,0.22,2511,0
1158219,3.333,7.57,5.483,-0.088,-0.472,0.239,2511,0
1158239,3.553,7.896,5.595,-0.262,-0.513,0.209,2511,0
1158259,3.5,8.471,5.942,-0.64,-0.529,0.228,2512,0
1158279,2.94,8.294,6.146,-1.135,-0.698,0.298,2512,0
1158299,2.811,7.336,6.275,-1.358,-0.933,0.311,2512,0
1158319,3.44,6.371,6.122,-1.071,-1.093,0.132,2512,0
1158339,3.687,6.61,6.05,-0.591,-1.184,-0.115,2511,0
1158359,3.479,7.424,5.835,-0.378,-1.313,-0.207,2512,0
1158379,3.237,7.683,5.586,-0.471,-1.528,-0.178,2512,0
1158399,3.802,7.781,5.531,-0.722,-1.705,-0.162,2511,0
1158419,3.852,7.887,5.583,-0.942,-1.839,-0.186,2511,0
1158439,3.819,7.887,5.562,-1.158,-2.027,-0.224,2513,0
1158459,3.563,7.465,5.308,-1.3,-2.294,-0.28,2513,0
1158479,4.022,6.974,4.994,-1.341,-2.43,-0.357,2512,0
1158499,4.846,7.252,4.741,-1.304,-2.401,-0.514,2512,0
1158519,4.915,7.853,4.599,-1.359,-2.366,-0.695,2513,0
1158539,4.561,8.207,4.396,-1.431,-2.483,-0.784,2512,0
1158559,4.238,8.028,3.907,-1.376,-2.712,-0.823,2513,0
1158579,4.341,7.494,3.168,-1.225,-2.879,-0.902,2514,0
1158599,4.858,7.669,2.217,-1.028,-2.787,-1.009,2515,0
1158619,4.618,8.212,1.872,-0.994,-2.599,-1.076,2515,0
1158639,3.589,8.49,1.451,-1.056,-2.634,-1.084,2523,0
1158659,2.789,8.516,0.864,-1.068,-2.875,-1.078,2525,0
1158679,2.241,8.689,-0.33,-1.072,-3.076,-1.092,2531,0
1158699,2.342,9.105,-1.405,-1.151,-2.992,-1.109,2543,0
1158719,2.959,9.548,-2.052,-1.28,-2.636,-1.088,2558,0
1158739,3.824,10.29,-1.992,-1.487,-2.171,-1.004,2583,0
1158759,4.278,10.616,-1.614,-1.739,-1.771,-0.87,2585,0
1158779,4.594,10.503,-0.994,-1.771,-1.622,-0.724,2583,0
1158799,5.286,10.245,-0.862,-1.542,-1.664,-0.626,2582,0
1158819,5.804,10.214,-1.166,-1.242,-1.7,-0.557,2586,0
1158839,5.883,10.314,-1.369,-1.054,-1.665,-0.439,2587,0
1158859,5.818,10.149,-1.456,-0.961,-1.595,-0.269,2589,0
1158879,5.93,9.692,-1.595,-0.842,-1.553,-0.144,2589,0
1158899,6.041,9.208,-1.8,-0.646,-1.526,-0.062,2589,0
1158919,5.981,8.94,-2.131,-0.444,-1.472,-0.003,2589,0
1158939,5.861,8.657,-2.392,-0.322,-1.362,0.06,2588,0
1158959,5.832,8.265,-2.514,-0.236,-1.248,0.113,2589,0
1158979,5.792,7.831,-2.466,-0.143,-1.137,0.149,2588,0
1158999,5.643,7.551,-2.394,-0.036,-1.023,0.15,2588,0
1159019,5.514,7.453,-2.229,0.013,-0.902,0.139,2588,0
1159039,5.382,7.329,-2.023,0.033,-0.794,0.129,2586,0
1159059,5.215,7.216,-1.748,0.094,-0.715,0.094,2586,0
1159079,5.133,7.219,-1.575,0.168,-0.654,0.055,2584,0
1159099,5.14,7.262,-1.516,0.211,-0.601,0.025,2585,0
1159119,5.296,7.307,-1.441,0.225,-0.509,-0.019,2585,0
1159139,5.432,7.439,-1.331,0.217,-0.363,-0.059,2584,0
1159159,5.583,7.657,-1.044,0.155,-0.211,-0.067,2583,0
1159179,5.763,7.836,-0.742,0.024,-0.124,-0.051,2582,0
1159199,5.974,7.987,-0.414,-0.136,-0.064,-0.031,2581,0
1159219,6.045,7.963,-0.139,-0.252,-0.039,-0.037,2575,0
1159239,6.199,8.059,0.105,-0.275,-0.02,-0.058,2568,0
1159259,6.359,8.205,0.29,-0.289,0.021,-0.062,2567,0
1159279,6.488,8.183,0.455,-0.301,0.041,-0.049,2564,0
1159299,6.598,8.1,0.57,-0.276,0.04,-0.059,2562,0
1159319,6.771,8.162,0.718,-0.271,0.081,-0.056,2564,0
1159339,6.778,8.195,0.994,-0.316,0.112,-0.02,2561,0
1159359,6.685,7.903,1.104,-0.324,0.032,-0.0,2559,0
1159379,6.63,7.796,1.082,-0.234,-0.125,-0.036,2563,0
1159399,6.634,7.896,0.946,-0.13,-0.209,-0.069,2559,0
1159419,6.551,7.994,0.848,-0.043,-0.228,-0.059,2559,0
1159439,6.4,8.128,0.795,0.019,-0.243,-0.045,2559,0
1159459,6.184,8.205,0.711,0.051,-0.297,-0.005,2559,0
1159479,6.134,8.104,0.462,0.043,-0.362,0.048,2559,0
1159499,6.112,7.793,0.158,0.044,-0.371,0.07,2558,0
1159519,6.055,7.712,-0.022,0.07,-0.315,0.05,2559,0
1159539,5.995,7.717,-0.084,0.079,-0.251,0.052,2559,0
1159559,6.038,7.537,-0.146,0.05,-0.221,0.065,2559,0
1159579,6.093,7.264,-0.213,0.035,-0.196,0.044,2559,0
1159599,6.081,7.307,-0.098,0.031,-0.14,0.015,2559,0
1159619,5.988,7.396,0.01,0.026,-0.098,0.007,2559,0
1159639,5.981,7.391,0.113,0.046,-0.107,0.002,2559,0
1159659,6.031,7.341,0.019,0.074,-0.117,-0.014,2559,0
1159679,6.009,7.4,0.017,0.084,-0.093,-0.036,2561,0
1159699,6.026,7.477,0.134,0.07,-0.059,-0.04,2559,0
1159719,6.053,7.518,0.235,0.069,-0.064,-0.048,2559,0
1159739,6.139,7.578,0.254,0.077,-0.082,-0.067,2559,0
1159759,6.172,7.681,0.283,0.07,-0.069,-0.075,2559,0
1159779,6.175,7.748,0.364,0.059,-0.051,-0.066,2559,0
1159799,6.146,7.769,0.424,0.059,-0.057,-0.06,2559,0
1159819,6.199,7.891,0.479,0.052,-0.066,-0.061,2559,0
1159839,6.144,7.908,0.546,0.032,-0.082,-0.045,2559,0
1159859,6.074,7.839,0.508,0.068,-0.135,-0.036,2559,0
1159879,6.043,7.889,0.407,0.118,-0.16,-0.038,2559,0
1159899,5.947,8.006,0.259,0.127,-0.156,-0.032,2559,0
1159919,5.909,8.109,0.268,0.103,-0.148,-0.015,2559,0
1159939,5.885,8.04,0.306,0.074,-0.136,0.007,2559,0
1159959,5.835,7.896,0.292,0.086,-0.16,0.022,2559,0
1159979,5.921,7.824,0.172,0.1,-0.181,0.025,2559,0
1159999,5.952,7.743,0.098,0.087,-0.172,0.027,2559,0
1160019,5.95,7.647,0.036,0.084,-0.168,0.017,2559,0
1160039,5.959,7.669,-0.067,0.09,-0.156,0.003,2559,0
1160059,5.935,7.757,-0.17,0.066,-0.132,-0.008,2559,0
1160079,5.957,7.745,-0.172,0.03,-0.107,-0.005,2559,0
1160099,6.036,7.661,-0.146,0.014,-0.083,-0.002,2559,0
1160119,6.05,7.606,-0.117,0.019,-0.079,-0.017,2559,0
1160139,6.062,7.654,-0.117,0.032,-0.105,-0.032,2558,0
1160159,6.12,7.776,-0.204,0.043,-0.127,-0.033,2559,0
1160179,6.163,7.769,-0.275,0.063,-0.118,-0.028,2559,0
1160199,6.16,7.724,-0.251,0.074,-0.096,-0.022,2559,0
1160219,6.117,7.693,-0.263,0.083,-0.109,-0.027,2559,0
1160239,6.129,7.767,-0.328,0.09,-0.13,-0.041,2559,0
1160259,6.124,7.894,-0.426,0.091,-0.111,-0.041,2559,0
1160279,6.057,7.846,-0.448,0.14,-0.087,-0.034,2559,0
1160299,6.0,7.913,-0.539,0.193,-0.062,-0.037,2559,0
1160319,5.928,7.985,-0.582,0.187,-0.03,-0.033,2559,0
1160339,5.868,8.059,-0.565,0.128,-0.005,-0.012,2561,0
1160359,5.909,7.973,-0.546,0.076,0.022,0.005,2559,0
1160379,5.926,7.887,-0.505,0.065,0.065,0.014,2559,0
1160399,5.95,7.817,-0.486,0.069,0.094,0.019,2559,0
1160419,5.978,7.882,-0.347,0.049,0.116,0.02,2559,0
1160439,5.942,7.973,-0.12,0.031,0.127,0.026,2559,0
1160459,5.933,7.973,-0.022,0.059,0.096,0.041,2559,0
1160479,5.959,7.937,-0.067,0.11,0.066,0.046,2559,0
1160499,5.916,8.018,-0.134,0.126,0.057,0.053,2559,0
1160519,5.892,8.066,-0.079,0.11,0.054,0.08,2559,0
1160539,5.873,7.939,-0.057,0.111,0.052,0.1,2561,0
1160559,5.916,7.827,-0.165,0.135,0.045,0.105,2558,0
1160579,5.964,7.702,-0.254,0.142,0.034,0.106,2559,0
1160599,6.021,7.628,-0.28,0.126,0.046,0.103,2559,0
1160619,6.057,7.611,-0.239,0.1,0.08,0.103,2559,0
1160639,6.112,7.602,-0.144,0.084,0.101,0.103,2559,0
1160659,6.179,7.549,-0.072,0.073,0.114,0.088,2561,0
1160679,6.302,7.511,-0.041,0.046,0.111,0.078,2559,0
1160699,6.357,7.494,0.074,0.001,0.101,0.08,2559,0
1160719,6.33,7.482,0.201,-0.006,0.079,0.075,2559,0
1160739,6.311,7.463,0.268,0.031,0.063,0.061,2559,0
1160759,6.273,7.487,0.285,0.062,0.045,0.05,2559,0
1160779,6.196,7.482,0.256,0.054,0.014,0.039,2558,0
1160799,6.153,7.432,0.244,0.052,-0.02,0.024,2559,0
1160819,6.134,7.444,0.168,0.075,-0.055,0.007,2559,0
1160839,6.12,7.511,0.089,0.083,-0.065,-0.008,2559,0
1160859,6.134,7.551,0.041,0.072,-0.068,-0.006,2559,0
1160879,6.201,7.463,0.012,0.052,-0.063,0.0,2559,0
1160899,6.225,7.415,0.079,0.05,-0.058,-0.009,2559,0
1160919,6.196,7.434,0.055,0.06,-0.072,-0.026,2559,0
1160939,6.211,7.508,-0.041,0.064,-0.081,-0.042,2559,0
1160959,6.151,7.561,-0.062,0.049,-0.086,-0.056,2559,0
1160979,6.124,7.647,-0.101,0.045,-0.083,-0.052,2559,0
1160999,6.132,7.712,-0.105,0.054,-0.077,-0.052,2559,0
1161019,6.182,7.712,-0.103,0.047,-0.082,-0.046,2559,0
1161039,6.23,7.611,-0.17,0.037,-0.076,-0.038,2559,0
1161059,6.208,7.563,-0.201,0.045,-0.079,-0.049,2559,0
1161079,6.17,7.661,-0.249,0.077,-0.075,-0.062,2559,0
1161099,6.163,7.774,-0.335,0.084,-0.065,-0.059,2559,0
1161119,6.132,7.774,-0.352,0.06,-0.049,-0.052,2559,0
1161139,6.129,7.745,-0.318,0.038,-0.051,-0.042,2559,0
1161159,6.158,7.74,-0.292,0.038,-0.052,-0.04,2559,0
1161179,6.129,7.793,-0.273,0.054,-0.049,-0.034,2559,0
1161199,6.103,7.851,-0.285,0.065,-0.051,-0.026,2559,0
1161219,6.122,7.846,-0.318,0.064,-0.051,-0.014,2559,0
1161239,6.139,7.848,-0.318,0.068,-0.04,-0.011,2559,0
1161259,6.055,7.927,-0.283,0.076,-0.033,0.001,2558,0
1161279,6.007,7.961,-0.172,0.073,-0.035,0.037,2559,0
1161299,5.99,7.834,-0.146,0.07,-0.031,0.062,2559,0
1161319,5.988,7.664,-0.11,0.076,-0.029,0.063,2559,0
1161339,6.043,7.554,-0.134,0.07,-0.039,0.052,2559,0
1161359,6.069,7.436,-0.146,0.06,-0.045,0.034,2559,0
1161379,6.072,7.451,-0.175,0.063,-0.044,0.006,2559,0
1161399,6.096,7.477,-0.158,0.057,-0.037,0.0,2559,0
1161419,6.136,7.448,-0.156,0.037,-0.043,-0.005,2559,0
1161439,6.213,7.456,-0.136,0.026,-0.056,-0.017,2559,0
1161459,6.256,7.487,-0.156,0.027,-0.065,-0.03,2559,0
1161479,6.232,7.597,-0.199,0.041,-0.074,-0.045,2559,0
1161499,6.182,7.733,-0.261,0.049,-0.08,-0.046,2559,0
1161519,6.165,7.815,-0.275,0.043,-0.078,-0.037,2559,0
1161539,6.163,7.853,-0.304,0.038,-0.075,-0.034,2559,0
1161559,6.093,7.894,-0.294,0.046,-0.072,-0.024,2559,0
1161579,6.05,7.91,-0.364,0.057,-0.075,-0.009,2559,0
1161599,6.088,7.884,-0.429,0.05,-0.064,0.002,2559,0
1161619,6.115,7.817,-0.397,0.035,-0.049,0.016,2559,0
1161639,6.16,7.733,-0.352,0.035,-0.033,0.023,2559,0
1161659,6.187,7.63,-0.28,0.039,-0.032,0.024,2559,0
1161679,6.196,7.597,-0.271,0.04,-0.04,0.021,2559,0
1161699,6.165,7.566,-0.285,0.041,-0.064,0.011,2559,0
1161719,6.117,7.628,-0.376,0.049,-0.081,-0.002,2559,0
1161739,6.038,7.724,-0.453,0.055,-0.076,-0.004,2559,0
1161759,6.031,7.74,-0.486,0.057,-0.066,0.003,2559,0
1161779,6.1,7.714,-0.52,0.053,-0.041,0.002,2559,0
1161799,6.134,7.726,-0.469,0.034,-0.018,0.002,2559,0
1161819,6.144,7.719,-0.347,0.03,-0.013,0.009,2558,0
1161839,6.187,7.793,-0.287,0.046,-0.022,0.006,2559,0
1161859,6.218,7.932,-0.273,0.054,-0.022,0.005,2559,0
1161879,6.261,8.001,-0.266,0.049,-0.027,0.021,2559,0
1161899,6.314,7.954,-0.18,0.044,-0.029,0.038,2559,0
1161919,6.263,7.925,-0.141,0.054,-0.035,0.051,2559,0
1161939,6.235,7.932,-0.129,0.072,-0.054,0.06,2559,0
1161959,6.213,7.949,-0.139,0.065,-0.067,0.082,2559,0
1161979,6.177,7.8,-0.204,0.052,-0.064,0.108,2559,0
1161999,6.141,7.606,-0.156,0.063,-0.053,0.116,2559,0
1162019,6.005,7.52,-0.163,0.076,-0.051,0.111,2559,0
1162039,5.935,7.463,-0.172,0.044,-0.056,0.111,2559,0
1162059,5.952,7.3,-0.132,0.014,-0.056,0.11,2557,0
1162079,6.074,7.13,-0.132,0.029,-0.064,0.085,2559,0
1162099,6.208,6.986,-0.211,0.054,-0.088,0.047,2559,0
1162119,6.335,6.938,-0.323,0.038,-0.104,0.011,2559,0
1162139,6.359,6.914,-0.354,0.003,-0.098,-0.027,2558,0
1162159,6.347,6.991,-0.362,0.002,-0.097,-0.07,2559,0
1162179,6.203,7.161,-0.381,0.021,-0.107,-0.097,2559,0
1162199,6.148,7.321,-0.457,0.01,-0.117,-0.107,2559,0
1162219,6.069,7.386,-0.448,0.001,-0.107,-0.116,2559,0
1162239,6.024,7.482,-0.445,0.018,-0.094,-0.126,2559,0
1162259,6.038,7.568,-0.536,0.034,-0.086,-0.13,2558,0
1162279,6.11,7.654,-0.57,0.03,-0.071,-0.118,2559,0
1162299,6.187,7.681,-0.527,0.035,-0.067,-0.105,2559,0
1162319,6.211,7.707,-0.532,0.062,-0.065,-0.101,2559,0
1162339,6.215,7.819,-0.558,0.085,-0.058,-0.094,2559,0
1162359,6.218,7.877,-0.524,0.078,-0.042,-0.068,2559,0
1162379,6.232,7.827,-0.498,0.077,-0.051,-0.05,2559,0
1162399,6.256,7.788,-0.548,0.097,-0.075,-0.05,2559,0
1162419,6.218,7.829,-0.567,0.11,-0.082,-0.051,2559,0
1162439,6.151,7.867,-0.589,0.114,-0.08,-0.039,2559,0
1162459,6.146,7.901,-0.666,0.119,-0.083,-0.026,2558,0
1162479,6.151,7.863,-0.642,0.115,-0.071,-0.02,2559,0
1162499,6.127,7.846,-0.615,0.107,-0.06,-0.014,2558,0
1162519,6.122,7.819,-0.699,0.101,-0.068,-0.01,2558,0
1162539,6.134,7.752,-0.773,0.087,-0.064,-0.018,2558,0
1162559,6.124,7.75,-0.747,0.069,-0.036,-0.026,2559,0
1162579,6.096,7.736,-0.682,0.069,-0.02,-0.034,2559,0
1162599,6.091,7.743,-0.685,0.072,-0.021,-0.026,2559,0
1162619,6.041,7.697,-0.754,0.07,-0.025,-0.027,2559,0
1162639,5.997,7.654,-0.745,0.072,-0.02,-0.039,2559,0
1162659,5.997,7.745,-0.74,0.072,0.001,-0.041,2559,0
1162679,6.005,7.776,-0.702,0.067,0.011,-0.039,2558,0
1162699,5.99,7.769,-0.704,0.068,0.003,-0.043,2559,0
1162719,6.005,7.831,-0.709,0.066,0.015,-0.044,2558,0
1162739,6.012,7.843,-0.658,0.056,0.033,-0.035,2558,0
1162759,6.0,7.879,-0.627,0.052,0.033,-0.029,2558,0
1162779,6.05,7.898,-0.479,0.048,0.017,-0.023,2558,0
1162799,6.053,7.894,-0.474,0.052,0.01,-0.016,2559,0
1162819,6.045,7.891,-0.469,0.077,-0.002,-0.017,2559,0
1162839,6.017,7.918,-0.512,0.094,-0.014,-0.006,2558,0
1162859,6.033,7.944,-0.522,0.08,-0.026,0.012,2558,0
1162879,6.036,7.855,-0.515,0.053,-0.023,0.021,2559,0
1162899,6.038,7.748,-0.486,0.052,-0.017,0.019,2559,0
1162919,5.966,7.7,-0.503,0.062,-0.026,0.005,2558,0
1162939,5.938,7.76,-0.558,0.059,-0.037,0.009,2558,0
1162959,5.942,7.719,-0.668,0.046,-0.04,0.012,2559,0
1162979,5.99,7.609,-0.697,0.03,-0.028,0.008,2559,0
1162999,5.997,7.573,-0.725,0.022,0.005,-0.006,2558,0
1163019,6.007,7.587,-0.656,0.017,0.029,-0.007,2559,0
1163039,6.0,7.599,-0.565,0.023,0.025,-0.007,2558,0
1163059,6.0,7.645,-0.534,0.046,-0.001,-0.011,2558,0
1163079,5.993,7.755,-0.522,0.068,-0.012,-0.017,2558,0
1163099,5.978,7.843,-0.543,0.072,-0.014,-0.01,2558,0
1163119,5.997,7.858,-0.512,0.075,-0.019,-0.0,2558,0
1163139,5.986,7.822,-0.462,0.081,-0.016,0.01,2559,0
1163159,5.94,7.791,-0.445,0.074,-0.012,0.024,2558,0
1163179,5.904,7.693,-0.412,0.055,-0.018,0.03,2559,0
1163199,5.945,7.475,-0.395,0.027,-0.016,0.03,2558,0
1163219,5.997,7.24,-0.441,0.023,-0.023,0.008,2559,0
1163239,6.05,7.163,-0.524,0.04,-0.04,-0.03,2559,0
1163259,6.074,7.245,-0.644,0.048,-0.055,-0.07,2559,0
1163279,6.043,7.424,-0.84,0.044,-0.074,-0.097,2558,0
1163299,6.005,7.645,-0.898,0.039,-0.072,-0.114,2559,0
1163319,5.976,7.86,-0.948,0.058,-0.051,-0.117,2559,0
1163339,5.945,8.076,-0.931,0.101,-0.027,-0.101,2559,0
1163359,5.921,8.231,-0.891,0.128,-0.004,-0.071,2559,0
1163379,5.866,8.305,-0.898,0.117,0.002,-0.04,2558,0
1163399,5.938,8.265,-0.871,0.081,0.021,-0.005,2557,0
1163419,5.938,8.167,-0.697,0.084,0.058,0.014,2559,0
1163439,5.954,8.186,-0.555,0.112,0.067,0.034,2557,0
1163459,5.988,8.162,-0.426,0.106,0.058,0.058,2559,0
1163479,6.007,7.958,-0.342,0.067,0.046,0.087,2558,0
1163499,5.995,7.705,-0.201,0.044,0.033,0.091,2558,0
1163519,5.938,7.482,-0.144,0.057,0.005,0.075,2558,0
1163539,5.938,7.42,-0.247,0.068,-0.043,0.044,2558,0
1163559,5.966,7.355,-0.357,0.053,-0.078,0.017,2559,0
1163579,6.084,7.295,-0.445,0.048,-0.091,-0.021,2558,0
1163599,6.151,7.374,-0.5,0.064,-0.091,-0.066,2558,0
1163619,6.16,7.558,-0.565,0.072,-0.095,-0.092,2557,0
1163639,6.139,7.779,-0.615,0.06,-0.083,-0.099,2558,0
1163659,6.0,8.001,-0.644,0.046,-0.07,-0.093,2558,0
1163679,5.897,8.188,-0.663,0.046,-0.067,-0.073,2558,0
1163699,5.923,8.2,-0.725,0.019,-0.043,-0.04,2558,0
1163719,5.974,8.052,-0.697,-0.008,-0.007,-0.018,2557,0
1163739,6.017,7.93,-0.608,-0.007,0.009,-0.015,2557,0
1163759,5.969,7.975,-0.524,0.006,-0.005,-0.015,2559,0
1163779,5.878,8.124,-0.517,0.022,-0.046,-0.007,2558,0
1163799,5.851,8.191,-0.57,0.029,-0.072,0.025,2558,0
1163819,5.859,8.049,-0.618,0.044,-0.076,0.057,2558,0
1163839,5.911,7.875,-0.699,0.059,-0.063,0.071,2557,0
1163859,5.909,7.772,-0.685,0.059,-0.063,0.078,2558,0
1163879,5.966,7.685,-0.67,0.052,-0.077,0.078,2558,0
1163899,6.009,7.616,-0.74,0.056,-0.074,0.062,2558,0
1163919,6.055,7.599,-0.826,0.048,-0.052,0.043,2559,0
1163939,6.117,7.611,-0.819,0.029,-0.026,0.022,2559,0
1163959,6.084,7.693,-0.778,0.018,-0.006,0.007,2558,0
1163979,6.014,7.776,-0.706,0.013,-0.001,0.009,2558,0
1163999,6.007,7.717,-0.632,0.0,0.004,0.02,2557,0
1164019,5.993,7.611,-0.57,-0.005,0.018,0.021,2559,0
1164039,6.012,7.499,-0.479,-0.009,0.023,0.014,2558,0
1164059,6.019,7.417,-0.431,-0.007,0.012,0.0,2558,0
1164079,5.969,7.436,-0.362,-0.0,-0.002,-0.02,2558,0
1164099,5.962,7.448,-0.323,0.01,-0.025,-0.019,2558,0
1164119,5.964,7.415,-0.393,0.029,-0.05,-0.031,2558,0
1164139,5.964,7.446,-0.443,0.049,-0.063,-0.056,2558,0
1164159,5.964,7.568,-0.503,0.056,-0.07,-0.066,2557,0
1164179,5.978,7.609,-0.536,0.053,-0.068,-0.072,2558,0
1164199,5.95,7.616,-0.608,0.063,-0.07,-0.082,2558,0
1164219,5.873,7.705,-0.637,0.079,-0.076,-0.086,2559,0
1164239,5.806,7.788,-0.713,0.082,-0.078,-0.081,2557,0
1164259,5.816,7.831,-0.752,0.076,-0.068,-0.079,2558,0
1164279,5.837,7.918,-0.711,0.08,-0.05,-0.076,2559,0
1164299,5.88,7.949,-0.666,0.087,-0.061,-0.073,2558,0
1164319,5.957,7.977,-0.685,0.086,-0.083,-0.069,2558,0
1164339,6.017,8.018,-0.666,0.105,-0.104,-0.07,2558,0
1164359,6.036,8.143,-0.85,0.138,-0.128,-0.068,2558,0
1164379,6.033,8.25,-0.941,0.115,-0.112,-0.055,2558,0
1164399,6.057,8.176,-1.051,0.073,-0.092,-0.034,2558,0
1164419,6.024,8.085,-1.044,0.045,-0.052,-0.028,2559,0
1164439,6.012,8.052,-1.025,0.033,-0.023,-0.025,2558,0
1164459,5.988,8.052,-0.939,0.029,-0.019,-0.023,2558,0
1164479,6.005,8.028,-0.955,0.038,-0.038,-0.011,2556,0
1164499,6.029,7.987,-0.974,0.045,-0.038,-0.004,2557,0
1164519,6.0,7.937,-0.984,0.055,-0.03,-0.008,2558,0
1164539,6.05,7.92,-1.006,0.081,-0.026,-0.011,2558,0
1164559,6.038,7.97,-1.032,0.094,-0.005,-0.006,2558,0
1164579,6.11,7.81,-1.041,0.107,0.007,-0.007,2558,0
1164599,6.275,7.669,-1.068,0.176,0.028,-0.039,2558,0
1164619,6.302,7.901,-1.149,0.231,0.048,-0.074,2558,0
1164639,6.28,8.169,-1.199,0.246,0.068,-0.068,2558,0
1164659,6.345,8.195,-1.226,0.261,0.107,-0.033,2558,0
1164679,6.512,7.977,-1.221,0.274,0.135,-0.021,2558,0
1164699,6.464,7.97,-1.231,0.316,0.143,-0.061,2558,0
1164719,6.273,8.289,-1.343,0.373,0.103,-0.101,2558,0
1164739,6.34,8.672,-1.513,0.352,0.087,-0.055,2558,0
1164759,6.381,8.626,-1.647,0.258,0.098,0.032,2557,0
1164779,6.381,8.21,-1.628,0.177,0.074,0.097,2558,0
1164799,6.203,7.903,-1.705,0.173,0.038,0.1,2558,0
1164819,5.88,8.023,-1.877,0.256,0.027,0.06,2558,0
1164839,5.669,8.272,-2.002,0.329,0.086,0.075,2558,0
1164859,5.535,8.289,-1.918,0.337,0.164,0.129,2558,0
1164879,5.461,7.997,-1.745,0.289,0.178,0.172,2558,0
1164899,5.229,7.817,-1.666,0.273,0.15,0.16,2558,0
1164919,4.997,7.884,-1.75,0.313,0.153,0.125,2559,0
1164939,5.001,7.97,-1.824,0.374,0.233,0.148,2558,0
1164959,5.102,7.98,-1.712,0.404,0.321,0.177,2558,0
1164979,5.174,7.843,-1.573,0.344,0.356,0.192,2559,0
1164999,5.373,7.561,-1.338,0.223,0.38,0.221,2558,0
1165019,5.545,7.171,-1.037,0.153,0.413,0.23,2558,0
1165039,5.698,7.051,-0.773,0.135,0.429,0.217,2558,0
1165059,5.844,7.017,-0.51,0.073,0.432,0.201,2558,0
1165079,6.009,6.902,-0.259,-0.019,0.406,0.194,2558,0
1165099,6.139,6.713,-0.103,-0.061,0.363,0.167,2558,0
1165119,6.239,6.713,0.057,-0.031,0.331,0.114,2558,0
1165139,6.258,6.79,0.211,0.021,0.304,0.074,2558,0
1165159,6.249,6.907,0.33,0.095,0.257,0.041,2557,0
1165179,6.275,6.96,0.328,0.173,0.214,0.014,2558,0
1165199,6.261,7.07,0.227,0.242,0.181,0.001,2557,0
1165219,6.258,7.173,0.057,0.25,0.132,-0.002,2557,0
1165239,6.278,7.204,-0.148,0.231,0.088,-0.025,2558,0
1165259,6.328,7.245,-0.268,0.203,0.073,-0.05,2558,0
1165279,6.359,7.254,-0.347,0.179,0.07,-0.059,2557,0
1165299,6.421,7.262,-0.457,0.175,0.056,-0.07,2558,0
1165319,6.479,7.345,-0.551,0.181,0.058,-0.078,2557,0
1165339,6.436,7.441,-0.618,0.185,0.066,-0.087,2557,0
1165359,6.373,7.573,-0.563,0.167,0.07,-0.086,2556,0
1165379,6.321,7.594,-0.591,0.137,0.054,-0.079,2558,0
1165399,6.304,7.587,-0.67,0.122,0.034,-0.071,2558,0
1165419,6.285,7.697,-0.632,0.117,0.042,-0.065,2558,0
1165439,6.201,7.796,-0.512,0.111,0.051,-0.042,2557,0
1165459,6.213,7.779,-0.429,0.108,0.024,-0.017,2558,0
1165479,6.316,7.647,-0.481,0.108,-0.017,-0.01,2558,0
1165499,6.266,7.621,-0.591,0.136,-0.05,-0.023,2558,0
1165519,6.206,7.752,-0.692,0.155,-0.056,-0.013,2558,0
1165539,6.122,7.839,-0.706,0.141,-0.052,0.003,2558,0
1165559,6.132,7.757,-0.718,0.123,-0.064,0.025,2557,0
1165579,6.163,7.614,-0.754,0.117,-0.084,0.03,2558,0
1165599,6.158,7.463,-0.838,0.122,-0.103,0.017,2557,0
1165619,6.091,7.432,-0.955,0.144,-0.122,-0.017,2558,0
1165639,6.014,7.537,-1.065,0.159,-0.123,-0.039,2558,0
1165659,6.009,7.626,-1.149,0.148,-0.116,-0.036,2558,0
1165679,6.031,7.58,-1.243,0.13,-0.103,-0.029,2558,0
1165699,6.045,7.53,-1.283,0.115,-0.087,-0.026,2558,0
1165719,6.033,7.551,-1.267,0.099,-0.071,-0.023,2558,0
1165739,6.041,7.563,-1.276,0.071,-0.056,-0.015,2558,0
1165759,6.067,7.554,-1.183,0.05,-0.058,-0.014,2558,0
1165779,6.117,7.518,-1.171,0.052,-0.068,-0.02,2558,0
1165799,6.153,7.511,-1.207,0.072,-0.076,-0.027,2558,0
1165819,6.196,7.614,-1.283,0.076,-0.066,-0.032,2558,0
1165839,6.22,7.669,-1.267,0.054,-0.055,-0.026,2558,0
1165859,6.251,7.638,-1.221,0.034,-0.046,-0.014,2558,0
1165879,6.23,7.549,-1.12,0.035,-0.042,-0.014,2558,0
1165899,6.232,7.556,-1.137,0.046,-0.052,-0.02,2558,0
1165919,6.254,7.585,-1.14,0.049,-0.06,-0.026,2558,0
1165939,6.256,7.58,-1.18,0.048,-0.064,-0.024,2558,0
1165959,6.254,7.561,-1.197,0.046,-0.053,-0.021,2557,0
1165979,6.242,7.518,-1.233,0.044,-0.045,-0.025,2558,0
1165999,6.191,7.537,-1.202,0.046,-0.046,-0.033,2557,0
1166019,6.175,7.542,-1.238,0.049,-0.053,-0.037,2558,0
1166039,6.196,7.525,-1.247,0.07,-0.064,-0.031,2558,0
1166059,6.254,7.52,-1.379,0.09,-0.057,-0.032,2558,0
1166079,6.244,7.515,-1.427,0.086,-0.034,-0.031,2558,0
1166099,6.22,7.556,-1.389,0.074,-0.02,-0.031,2558,0
1166119,6.225,7.575,-1.353,0.067,-0.016,-0.027,2558,0
1166139,6.189,7.621,-1.317,0.08,-0.013,-0.026,2558,0
1166159,6.158,7.681,-1.312,0.095,-0.01,-0.025,2558,0
1166179,6.091,7.745,-1.281,0.098,-0.001,-0.026,2558,0
1166199,6.108,7.812,-1.168,0.077,0.001,-0.011,2558,0
1166219,6.148,7.743,-1.068,0.057,0.005,0.003,2558,0
1166239,6.213,7.681,-1.044,0.056,0.005,0.004,2558,0
1166259,6.223,7.676,-0.991,0.052,0.007,0.008,2558,0
1166279,6.237,7.599,-0.967,0.032,-0.003,0.014,2558,0
1166299,6.294,7.602,-0.953,0.025,-0.024,0.003,2558,0
1166319,6.364,7.661,-0.962,0.021,-0.041,0.001,2558,0
1166339,6.383,7.652,-1.025,0.007,-0.05,0.007,2558,0
1166359,6.424,7.652,-1.097,0.009,-0.067,0.009,2558,0
1166379,6.388,7.74,-1.171,0.012,-0.059,0.018,2558,0
1166399,6.318,7.8,-1.199,-0.002,-0.059,0.03,2558,0
1166419,6.256,7.831,-1.235,-0.003,-0.059,0.046,2558,0
1166439,6.278,7.8,-1.238,0.013,-0.057,0.064,2558,0
1166459,6.297,7.724,-1.298,0.024,-0.058,0.081,2558,0
1166479,6.28,7.666,-1.305,0.022,-0.049,0.1,2558,0
1166499,6.251,7.578,-1.274,0.002,-0.029,0.115,2558,0
1166519,6.258,7.448,-1.173,-0.022,-0.017,0.118,2556,0
1166539,6.28,7.298,-1.092,-0.026,-0.027,0.11,2558,0
1166559,6.258,7.242,-1.018,-0.009,-0.06,0.094,2557,0
1166579,6.239,7.269,-0.996,0.002,-0.076,0.08,2558,0
1166599,6.215,7.319,-0.898,-0.0,-0.08,0.077,2555,0
1166619,6.239,7.228,-0.761,-0.009,-0.104,0.07,2558,0
1166639,6.347,7.13,-0.694,-0.017,-0.147,0.057,2558,0
1166659,6.385,7.058,-0.661,-0.019,-0.189,0.032,2558,0
1166679,6.424,7.12,-0.673,-0.016,-0.218,0.002,2557,0
1166699,6.402,7.254,-0.661,-0.04,-0.247,-0.014,2557,0
1166719,6.393,7.321,-0.634,-0.064,-0.281,-0.023,2557,0
1166739,6.311,7.369,-0.745,-0.07,-0.321,-0.04,2557,0
1166759,6.203,7.496,-0.919,-0.062,-0.359,-0.056,2558,0
1166779,6.065,7.669,-1.144,-0.044,-0.367,-0.063,2557,0
1166799,5.969,7.784,-1.391,-0.03,-0.35,-0.042,2558,0
1166819,5.974,7.709,-1.597,-0.054,-0.325,-0.019,2558,0
1166839,5.966,7.523,-1.686,-0.08,-0.297,-0.016,2558,0
1166859,5.95,7.453,-1.767,-0.081,-0.267,-0.027,2558,0
1166879,5.926,7.475,-1.844,-0.064,-0.23,-0.038,2558,0
1166899,5.88,7.527,-1.891,-0.055,-0.191,-0.027,2558,0
1166919,5.942,7.494,-1.906,-0.056,-0.163,-0.02,2558,0
1166939,6.007,7.479,-1.853,-0.057,-0.129,-0.022,2558,0
1166959,6.029,7.482,-1.844,-0.036,-0.104,-0.019,2556,0
1166979,6.103,7.444,-1.805,-0.025,-0.076,-0.014,2558,0
1166999,6.153,7.4,-1.705,-0.018,-0.045,-0.006,2558,0
1167019,6.191,7.374,-1.571,-0.005,-0.037,-0.008,2558,0
1167039,6.254,7.329,-1.468,0.002,-0.039,-0.013,2558,0
1167059,6.302,7.324,-1.403,0.009,-0.045,-0.02,2556,0
1167079,6.306,7.362,-1.379,0.024,-0.057,-0.027,2558,0
1167099,6.318,7.41,-1.343,0.038,-0.065,-0.029,2558,0
1167119,6.287,7.391,-1.346,0.038,-0.063,-0.033,2557,0
1167139,6.237,7.432,-1.355,0.041,-0.074,-0.038,2558,0
1167159,6.179,7.547,-1.336,0.047,-0.083,-0.042,2557,0
1167179,6.144,7.633,-1.367,0.056,-0.081,-0.039,2559,0
1167199,6.088,7.69,-1.444,0.069,-0.084,-0.032,2558,0
1167219,6.055,7.717,-1.453,0.069,-0.082,-0.019,2557,0
1167239,6.062,7.673,-1.429,0.06,-0.075,-0.01,2558,0
1167259,6.091,7.609,-1.374,0.065,-0.067,-0.011,2558,0
1167279,6.086,7.592,-1.322,0.079,-0.068,-0.007,2558,0
1167299,6.103,7.547,-1.365,0.082,-0.081,-0.006,2558,0
1167319,6.122,7.501,-1.434,0.083,-0.087,-0.012,2558,0
1167339,6.041,7.499,-1.448,0.079,-0.083,-0.015,2558,0
1167359,6.024,7.523,-1.523,0.066,-0.076,-0.019,2558,0
1167379,6.038,7.508,-1.513,0.045,-0.068,-0.026,2558,0
1167399,6.086,7.491,-1.489,0.036,-0.064,-0.031,2558,0
1167419,6.136,7.479,-1.506,0.035,-0.061,-0.038,2558,0
1167439,6.179,7.484,-1.513,0.034,-0.065,-0.05,2558,0
1167459,6.215,7.518,-1.518,0.023,-0.069,-0.052,2558,0
1167479,6.194,7.523,-1.496,0.014,-0.067,-0.056,2558,0
1167499,6.196,7.587,-1.458,0.011,-0.071,-0.058,2557,0
1167519,6.129,7.695,-1.429,0.009,-0.084,-0.058,2557,0
1167539,6.088,7.752,-1.453,0.02,-0.1,-0.051,2558,0
1167559,6.05,7.781,-1.525,0.036,-0.103,-0.039,2558,0
1167579,6.041,7.772,-1.575,0.036,-0.102,-0.029,2558,0
1167599,6.088,7.743,-1.592,0.026,-0.1,-0.023,2558,0
1167619,6.065,7.721,-1.609,0.026,-0.098,-0.021,2558,0
1167639,6.045,7.736,-1.628,0.039,-0.096,-0.017,2558,0
1167659,6.033,7.736,-1.676,0.042,-0.085,-0.01,2558,0
1167679,6.026,7.714,-1.657,0.03,-0.08,-0.005,2558,0
1167699,6.057,7.647,-1.607,0.023,-0.08,-0.004,2556,0
1167719,6.06,7.628,-1.609,0.034,-0.084,-0.007,2558,0
1167739,6.053,7.623,-1.654,0.033,-0.083,-0.01,2558,0
1167759,6.031,7.64,-1.686,0.031,-0.079,-0.011,2558,0
1167779,6.036,7.693,-1.635,0.024,-0.062,-0.005,2558,0
1167799,6.041,7.697,-1.568,0.023,-0.065,-0.001,2558,0
1167819,6.069,7.669,-1.561,0.03,-0.083,0.001,2558,0
1167839,6.072,7.626,-1.614,0.036,-0.088,0.003,2558,0
1167859,6.033,7.604,-1.65,0.041,-0.083,-0.001,2558,0
1167879,6.014,7.621,-1.676,0.043,-0.078,0.003,2556,0
1167899,5.997,7.585,-1.681,0.037,-0.079,0.005,2558,0
1167919,6.005,7.573,-1.671,0.034,-0.068,0.004,2558,0
1167939,5.983,7.558,-1.669,0.039,-0.062,-0.005,2557,0
1167959,5.988,7.57,-1.676,0.041,-0.058,-0.005,2558,0
1167979,6.021,7.582,-1.719,0.047,-0.064,-0.013,2558,0
1167999,6.012,7.594,-1.724,0.045,-0.057,-0.013,2557,0
1168019,5.974,7.602,-1.753,0.042,-0.046,-0.01,2558,0
1168039,6.002,7.633,-1.712,0.035,-0.036,-0.01,2556,0
1168059,5.99,7.63,-1.623,0.034,-0.021,-0.008,2558,0
1168079,5.966,7.614,-1.595,0.051,-0.024,-0.006,2558,0
1168099,5.988,7.609,-1.63,0.052,-0.024,-0.007,2558,0
1168119,5.99,7.611,-1.58,0.042,-0.023,-0.005,2558,0
1168139,6.033,7.568,-1.571,0.033,-0.03,-0.007,2558,0
1168159,6.009,7.554,-1.556,0.035,-0.03,-0.014,2558,0
1168179,5.983,7.602,-1.542,0.041,-0.03,-0.02,2558,0
1168199,6.009,7.664,-1.535,0.034,-0.039,-0.018,2558,0
1168219,6.036,7.645,-1.523,0.031,-0.047,-0.019,2558,0
1168239,5.959,7.657,-1.532,0.037,-0.055,-0.021,2558,0
1168259,5.895,7.695,-1.592,0.043,-0.064,-0.02,2558,0
1168279,5.851,7.666,-1.69,0.043,-0.069,-0.015,2558,0
1168299,5.885,7.616,-1.798,0.044,-0.06,-0.016,2558,0
1168319,5.952,7.638,-1.82,0.035,-0.02,-0.016,2557,0
1168339,6.007,7.661,-1.611,0.017,0.01,-0.01,2558,0
1168359,6.017,7.63,-1.46,0.011,-0.016,-0.012,2557,0
1168379,6.076,7.659,-1.441,0.027,-0.044,-0.015,2558,0
1168399,6.053,7.717,-1.47,0.039,-0.054,-0.012,2558,0
1168419,6.057,7.726,-1.535,0.039,-0.063,-0.01,2558,0
1168439,6.033,7.764,-1.532,0.032,-0.066,-0.008,2557,0
1168459,5.995,7.772,-1.525,0.037,-0.076,0.002,2557,0
1168479,5.978,7.75,-1.566,0.04,-0.087,0.018,2558,0
1168499,6.005,7.654,-1.652,0.03,-0.09,0.014,2558,0
1168519,5.971,7.561,-1.688,0.032,-0.091,0.005,2557,0
1168539,5.916,7.602,-1.686,0.043,-0.086,-0.005,2557,0
1168559,5.911,7.642,-1.69,0.042,-0.08,-0.005,2558,0
1168579,5.95,7.645,-1.76,0.026,-0.074,0.002,2558,0
1168599,5.945,7.535,-1.724,0.019,-0.067,0.0,2561,0
1168619,5.928,7.52,-1.733,0.032,-0.064,-0.013,2557,0
1168639,5.897,7.594,-1.731,0.037,-0.062,-0.018,2557,0
1168659,5.883,7.609,-1.729,0.038,-0.058,-0.019,2557,0
1168679,5.856,7.626,-1.738,0.043,-0.054,-0.018,2558,0
1168699,5.871,7.57,-1.724,0.048,-0.046,-0.01,2557,0
1168719,5.93,7.503,-1.731,0.042,-0.043,-0.016,2558,0
1168739,5.935,7.494,-1.76,0.043,-0.04,-0.034,2557,0
1168759,5.93,7.539,-1.712,0.044,-0.042,-0.044,2558,0
1168779,5.909,7.649,-1.666,0.047,-0.042,-0.044,2557,0
1168799,5.95,7.685,-1.697,0.047,-0.056,-0.042,2556,0
1168819,5.954,7.688,-1.736,0.049,-0.06,-0.042,2558,0
1168839,5.942,7.685,-1.784,0.056,-0.055,-0.039,2558,0
1168859,5.933,7.685,-1.779,0.056,-0.045,-0.038,2558,0
1168879,5.909,7.752,-1.731,0.047,-0.042,-0.038,2558,0
1168899,5.899,7.791,-1.719,0.047,-0.05,-0.038,2558,0
1168919,5.911,7.853,-1.767,0.053,-0.057,-0.03,2557,0
1168939,5.921,7.851,-1.784,0.056,-0.055,-0.018,2558,0
1168959,5.969,7.812,-1.817,0.053,-0.042,-0.011,2558,0
1168979,5.974,7.781,-1.774,0.04,-0.027,-0.008,2558,0
1168999,5.976,7.772,-1.681,0.021,-0.015,-0.0,2558,0
1169019,5.969,7.76,-1.599,0.02,-0.028,0.002,2558,0
1169039,5.997,7.748,-1.621,0.03,-0.042,0.006,2558,0
1169059,5.995,7.724,-1.652,0.03,-0.043,0.005,2558,0
1169079,5.957,7.752,-1.559,0.019,-0.046,0.007,2557,0
1169099,5.914,7.728,-1.513,0.015,-0.054,0.014,2557,0
1169119,5.909,7.685,-1.518,0.019,-0.072,0.011,2557,0
1169139,5.93,7.678,-1.544,0.025,-0.085,0.01,2558,0
1169159,5.933,7.671,-1.511,0.024,-0.093,0.01,2557,0
1169179,5.94,7.678,-1.525,0.03,-0.111,0.008,2557,0
1169199,5.945,7.69,-1.561,0.032,-0.13,0.005,2558,0
1169219,5.959,7.661,-1.578,0.023,-0.136,0.008,2557,0
1169239,5.899,7.678,-1.63,0.029,-0.148,0.009,2557,0
1169259,5.926,7.736,-1.592,0.024,-0.151,0.01,2558,0
1169279,5.959,7.702,-1.614,0.016,-0.17,0.017,2556,0
1169299,5.957,7.666,-1.676,0.024,-0.188,0.014,2556,0
1169319,5.935,7.669,-1.707,0.032,-0.2,0.017,2557,0
1169339,5.916,7.647,-1.748,0.027,-0.209,0.017,2557,0
1169359,5.935,7.621,-1.822,0.015,-0.215,0.011,2558,0
1169379,5.818,7.805,-1.951,-0.027,-0.225,0.017,2557,0
1169399,5.796,7.647,-1.98,-0.099,-0.246,0.038,2558,0
1169419,5.863,7.556,-2.002,-0.1,-0.232,0.025,2557,0
1169439,5.839,7.669,-1.994,-0.114,-0.218,0.025,2556,0
1169459,5.772,7.705,-2.002,-0.17,-0.227,0.047,2558,0
1169479,5.756,7.609,-2.018,-0.2,-0.222,0.065,2557,0
1169499,5.78,7.499,-2.006,-0.169,-0.205,0.048,2558,0
1169519,5.799,7.52,-1.97,-0.133,-0.197,0.022,2557,0
1169539,5.768,7.535,-1.958,-0.084,-0.18,-0.002,2558,0
1169559,5.753,7.556,-1.975,-0.018,-0.164,-0.021,2558,0
1169579,5.756,7.604,-2.037,0.021,-0.136,-0.033,2557,0
1169599,5.794,7.654,-2.021,0.008,-0.111,-0.042,2558,0
1169619,5.772,7.678,-2.004,-0.025,-0.102,-0.041,2557,0
1169639,5.784,7.685,-1.92,-0.032,-0.107,-0.041,2556,0
1169659,5.811,7.731,-1.918,0.009,-0.09,-0.048,2557,0
1169679,5.873,7.798,-1.872,0.028,-0.075,-0.041,2558,0
1169699,5.892,7.819,-1.793,0.016,-0.068,-0.033,2556,0
1169719,5.895,7.824,-1.681,-0.005,-0.074,-0.023,2558,0
1169739,5.95,7.788,-1.633,-0.048,-0.106,-0.013,2557,0
1169759,5.969,7.726,-1.547,-0.069,-0.131,-0.011,2557,0
1169779,5.995,7.7,-1.516,-0.034,-0.162,-0.019,2557,0
1169799,6.036,7.697,-1.539,-0.002,-0.201,-0.028,2556,0
1169819,6.081,7.661,-1.599,-0.011,-0.224,-0.03,2557,0
1169839,6.05,7.63,-1.561,-0.032,-0.248,-0.034,2556,0
1169859,5.933,7.666,-1.52,-0.035,-0.287,-0.057,2557,0
1169879,5.799,7.769,-1.65,-0.001,-0.321,-0.074,2557,0
1169899,5.72,7.858,-1.851,0.037,-0.319,-0.065,2558,0
1169919,5.643,7.915,-1.992,0.038,-0.301,-0.053,2558,0
1169939,5.459,7.942,-2.093,0.034,-0.308,-0.061,2558,0
1169959,5.38,7.975,-2.231,0.034,-0.31,-0.059,2558,0
1169979,5.432,7.975,-2.313,0.022,-0.27,-0.04,2557,0
1169999,5.444,7.949,-2.301,0.012,-0.208,-0.026,2558,0
1170019,5.411,7.903,-2.322,0.011,-0.165,-0.025,2558,0
1170039,5.43,7.839,-2.332,0.001,-0.148,-0.021,2558,0
1170059,5.449,7.81,-2.306,0.002,-0.141,-0.021,2558,0
1170079,5.519,7.807,-2.258,0.013,-0.12,-0.017,2558,0
1170099,5.576,7.781,-2.195,0.017,-0.104,-0.009,2558,0
1170119,5.624,7.728,-2.157,0.011,-0.109,-0.015,2556,0
1170139,5.559,7.731,-2.126,0.03,-0.12,-0.029,2558,0
1170159,5.574,7.774,-2.09,0.045,-0.136,-0.033,2556,0
1170179,5.641,7.748,-2.198,0.05,-0.15,-0.028,2558,0
1170199,5.648,7.712,-2.148,0.031,-0.151,-0.027,2557,0
1170219,5.631,7.688,-2.172,0.03,-0.157,-0.038,2556,0
1170239,5.574,7.728,-2.148,0.048,-0.155,-0.054,2556,0
1170259,5.476,7.877,-2.174,0.063,-0.169,-0.064,2555,0
1170279,5.449,7.932,-2.337,0.05,-0.167,-0.047,2555,0
1170299,5.435,7.848,-2.334,0.025,-0.137,-0.029,2555,0
1170319,5.377,7.779,-2.344,0.041,-0.124,-0.038,2556,0
1170339,5.365,7.843,-2.37,0.046,-0.111,-0.043,2555,0
1170359,5.318,7.913,-2.392,0.04,-0.096,-0.047,2556,0
1170379,5.315,7.901,-2.406,0.041,-0.081,-0.043,2555,0
1170399,5.385,7.896,-2.397,0.037,-0.076,-0.041,2555,0
1170419,5.437,7.867,-2.354,0.038,-0.063,-0.04,2555,0
1170439,5.428,7.915,-2.337,0.037,-0.052,-0.043,2555,0
1170459,5.401,7.954,-2.332,0.03,-0.041,-0.039,2555,0
1170479,5.406,7.92,-2.286,0.022,-0.046,-0.03,2555,0
1170499,5.459,7.889,-2.279,0.031,-0.051,-0.033,2555,0
1170519,5.473,7.922,-2.258,0.048,-0.052,-0.039,2554,0
1170539,5.413,7.997,-2.294,0.056,-0.056,-0.031,2555,0
1170559,5.392,7.951,-2.334,0.045,-0.071,-0.023,2553,0
1170579,5.466,7.86,-2.404,0.046,-0.077,-0.024,2553,0
1170599,5.519,7.781,-2.416,0.065,-0.091,-0.036,2556,0
1170619,5.454,7.784,-2.492,0.088,-0.09,-0.044,2554,0
1170639,5.435,7.755,-2.648,0.104,-0.092,-0.047,2554,0
1170659,5.411,7.69,-2.784,0.113,-0.081,-0.064,2554,0
1170679,5.411,7.671,-2.923,0.133,-0.081,-0.084,2553,0
1170699,5.397,7.688,-3.029,0.149,-0.078,-0.097,2553,0
1170719,5.361,7.705,-3.148,0.169,-0.069,-0.106,2553,0
1170739,5.385,7.75,-3.227,0.198,-0.053,-0.111,2553,0
1170759,5.409,7.81,-3.309,0.216,-0.021,-0.114,2555,0
1170779,5.389,7.743,-3.266,0.226,-0.028,-0.111,2551,0
1170799,5.485,7.578,-3.357,0.249,-0.067,-0.122,2550,0
1170819,5.533,7.453,-3.464,0.302,-0.087,-0.14,2548,0
1170839,5.535,7.417,-3.883,0.383,-0.105,-0.173,2546,0
1170859,5.361,7.499,-3.924,0.38,-0.157,-0.197,2546,0
1170879,5.198,7.451,-4.283,0.367,-0.25,-0.205,2545,0
1170899,5.097,7.513,-4.745,0.403,-0.265,-0.231,2544,0
1170919,4.865,7.642,-5.21,0.412,-0.242,-0.242,2542,0
1170939,4.592,7.769,-5.681,0.275,-0.241,-0.188,2539,0
1170959,4.487,7.865,-5.854,0.123,-0.174,-0.141,2540,0
1170979,4.542,7.556,-6.045,0.179,-0.067,-0.201,2535,0
1170999,4.096,7.791,-6.462,0.325,-0.058,-0.254,2533,0
1171019,3.134,8.191,-7.154,0.332,-0.243,-0.208,2536,0
1171039,2.715,8.428,-7.611,0.156,-0.457,-0.071,2540,0
1171059,3.134,8.377,-8.181,-0.013,-0.327,-0.036,2539,0
1171079,2.751,8.416,-8.459,0.099,0.274,-0.181,2546,0
1171099,1.662,8.502,-8.332,0.302,0.751,-0.323,2547,0
1171119,0.96,9.151,-8.461,0.462,0.958,-0.399,2549,0
1171139,0.769,9.938,-8.566,0.553,1.179,-0.475,2549,0
1171159,0.421,10.731,-8.712,0.673,1.719,-0.545,2554,0
1171179,-0.421,11.349,-8.42,0.788,2.427,-0.542,2552,0
1171199,-0.919,11.854,-8.238,0.892,3.095,-0.405,2553,0
1171219,-1.437,12.117,-8.066,0.916,3.792,-0.22,2554,0
1171239,-2.265,12.218,-7.362,0.849,4.46,-0.051,2549,0
1171259,-2.875,12.148,-6.201,0.782,5.199,0.1,2546,0
1171279,-2.796,11.887,-4.24,0.773,6.142,0.247,2542,0
1171299,-3.941,11.408,-2.286,0.902,6.934,0.3,2537,0
1171319,-5.799,10.46,-1.583,1.221,6.998,0.174,2528,0
1171339,-5.861,10.862,-0.093,1.506,7.161,0.165,2521,0
1171359,-5.792,12.196,4.307,1.053,7.872,0.51,2516,0
1171379,-6.397,10.752,6.934,0.339,7.688,0.995,2514,0
1171399,-5.926,8.274,8.212,0.25,6.399,1.338,2510,0
1171419,-3.785,7.269,9.787,0.516,5.352,1.27,2502,0
1171439,-1.894,7.144,11.964,0.49,5.004,1.078,2497,0
1171459,-1.247,6.551,13.089,0.486,4.384,0.942,2495,0
1171479,-0.692,6.249,13.408,0.607,3.448,0.86,2493,0
1171499,0.244,6.558,13.609,0.576,2.734,0.792,2492,0
1171519,1.077,6.349,13.695,0.387,2.104,0.722,2489,0
1171539,1.755,5.969,13.056,0.239,1.466,0.615,2491,0
1171559,2.416,5.722,12.273,0.171,0.976,0.445,2490,0
1171579,2.641,5.916,11.847,0.143,0.803,0.268,2489,0
1171599,2.619,5.921,11.262,0.118,0.518,0.122,2489,0
1171619,2.868,6.069,10.223,0.123,0.132,0.011,2487,0
1171639,3.215,6.388,9.098,0.052,-0.14,-0.092,2490,0
1171659,3.529,6.701,8.107,-0.057,-0.202,-0.177,2493,0
1171679,3.757,6.874,7.465,-0.086,-0.215,-0.229,2494,0
1171699,3.721,7.02,6.871,-0.05,-0.263,-0.259,2494,0
1171719,3.675,7.185,6.072,-0.029,-0.37,-0.259,2491,0
1171739,3.919,7.403,5.48,-0.087,-0.465,-0.235,2495,0
1171759,4.159,7.506,5.114,-0.101,-0.449,-0.216,2495,0
1171779,4.336,7.628,4.769,-0.059,-0.411,-0.173,2497,0
1171799,4.377,7.616,4.307,0.01,-0.451,-0.107,2494,0
1171819,4.403,7.606,3.943,0.08,-0.485,-0.071,2495,0
1171839,4.489,7.688,3.658,0.116,-0.442,-0.036,2500,0
1171859,4.568,7.736,3.508,0.132,-0.347,0.012,2502,0
1171879,4.489,7.669,3.417,0.166,-0.249,0.056,2502,0
1171899,4.434,7.649,3.381,0.184,-0.181,0.088,2502,0
1171919,4.465,7.671,3.508,0.148,-0.09,0.114,2500,0
1171939,4.47,7.518,3.833,0.11,-0.002,0.128,2498,0
1171959,4.396,7.345,4.022,0.141,0.031,0.115,2502,0
1171979,4.362,7.367,4.185,0.166,0.043,0.112,2498,0
1171999,4.377,7.381,4.286,0.146,0.062,0.116,2498,0
1172019,4.424,7.396,4.408,0.096,0.075,0.107,2499,0
1172039,4.501,7.357,4.496,0.016,0.085,0.105,2498,0
1172059,4.47,7.245,4.796,-0.04,0.118,0.095,2496,0
1172079,4.317,7.142,5.097,-0.006,0.142,0.072,2497,0
1172099,4.29,7.19,5.229,0.044,0.107,0.061,2497,0
1172119,4.444,7.24,5.313,0.057,0.058,0.05,2497,0
1172139,4.417,7.228,5.341,0.036,0.004,0.042,2497,0
1172159,4.353,7.123,5.289,0.018,-0.06,0.043,2497,0
1172179,4.434,6.984,5.157,0.025,-0.095,0.03,2496,0
1172199,4.638,7.072,5.095,0.039,-0.084,0.003,2496,0
1172219,4.583,7.075,5.076,0.035,-0.072,-0.018,2496,0
1172239,4.53,7.058,4.999,0.051,-0.109,-0.03,2497,0
1172259,4.702,7.142,4.745,0.061,-0.157,-0.043,2496,0
1172279,4.652,7.293,4.592,0.041,-0.162,-0.06,2498,0
1172299,4.456,7.439,4.532,0.039,-0.131,-0.052,2497,0
1172319,4.475,7.489,4.432,0.058,-0.096,-0.033,2497,0
1172339,4.568,7.506,4.302,0.062,-0.072,-0.021,2497,0
1172359,4.532,7.527,4.341,0.031,-0.062,-0.011,2496,0
1172379,4.52,7.379,4.384,0.009,-0.056,0.004,2497,0
1172399,4.559,7.214,4.439,0.043,-0.032,0.01,2497,0
1172419,4.556,7.187,4.413,0.104,-0.009,-0.004,2496,0
1172439,4.544,7.336,4.432,0.1,0.017,-0.005,2497,0
1172459,4.544,7.288,4.539,0.044,0.028,0.004,2496,0
1172479,4.501,7.154,4.705,0.033,0.01,-0.005,2497,0
1172499,4.446,7.219,4.736,0.08,0.003,-0.026,2497,0
1172519,4.477,7.377,4.774,0.076,0.007,-0.026,2496,0
1172539,4.52,7.422,4.803,0.048,-0.01,-0.015,2497,0
1172559,4.523,7.326,4.786,0.038,-0.046,-0.017,2497,0
1172579,4.544,7.338,4.786,0.051,-0.058,-0.028,2496,0
1172599,4.554,7.42,4.7,0.062,-0.055,-0.032,2499,0
1172619,4.515,7.535,4.712,0.048,-0.046,-0.03,2497,0
1172639,4.496,7.57,4.719,0.019,-0.039,-0.018,2496,0
1172659,4.539,7.472,4.721,0.017,-0.045,-0.013,2496,0
1172679,4.63,7.503,4.757,0.05,-0.021,-0.02,2496,0
1172699,4.561,7.614,4.752,0.036,-0.013,-0.01,2496,0
1172719,4.539,7.53,4.733,-0.004,-0.042,0.012,2495,0
1172739,4.654,7.408,4.683,-0.011,-0.047,0.017,2495,0
1172759,4.573,7.42,4.729,0.027,-0.012,0.007,2496,0
1172779,4.389,7.463,4.82,0.05,-0.009,0.021,2496,0
1172799,4.444,7.295,4.788,0.032,-0.049,0.042,2496,0
1172819,4.602,7.096,4.709,0.047,-0.07,0.027,2497,0
1172839,4.585,7.175,4.654,0.075,-0.055,-0.001,2496,0
1172859,4.489,7.312,4.628,0.06,-0.058,-0.004,2496,0
1172879,4.484,7.307,4.585,0.028,-0.065,-0.001,2499,0
1172899,4.451,7.204,4.585,0.03,-0.051,-0.01,2497,0
1172919,4.398,7.35,4.606,0.042,-0.05,-0.02,2496,0
1172939,4.355,7.424,4.578,0.038,-0.063,-0.01,2496,0
1172959,4.441,7.348,4.542,0.027,-0.05,0.0,2500,0
1172979,4.515,7.235,4.599,0.044,-0.025,-0.007,2496,0
1172999,4.513,7.329,4.587,0.071,-0.021,-0.021,2496,0
1173019,4.544,7.444,4.527,0.052,-0.047,-0.017,2496,0
1173039,4.563,7.448,4.511,0.019,-0.05,-0.01,2496,0
1173059,4.549,7.381,4.63,0.018,-0.018,-0.009,2496,0
1173079,4.453,7.386,4.75,0.044,0.012,-0.006,2497,0
1173099,4.568,7.424,4.772,0.058,-0.009,0.001,2497,0
1173119,4.638,7.374,4.688,0.054,-0.044,-0.002,2497,0
1173139,4.606,7.408,4.618,0.033,-0.049,-0.003,2497,0
1173159,4.59,7.439,4.628,0.005,-0.037,0.005,2496,0
1173179,4.594,7.341,4.712,0.03,-0.038,0.007,2497,0
1173199,4.53,7.441,4.697,0.075,-0.031,0.004,2496,0
1173219,4.537,7.463,4.621,0.037,-0.038,0.017,2496,0
1173239,4.614,7.3,4.64,0.001,-0.041,0.016,2497,0
1173259,4.568,7.336,4.659,0.019,-0.04,0.002,2496,0
1173279,4.448,7.441,4.652,0.035,-0.039,0.007,2496,0
1173299,4.492,7.422,4.638,0.027,-0.037,0.025,2496,0
1173319,4.525,7.317,4.599,0.038,-0.023,0.025,2496,0
1173339,4.513,7.257,4.628,0.043,-0.014,0.023,2497,0
1173359,4.566,7.235,4.64,0.022,-0.025,0.024,2496,0
1173379,4.561,7.214,4.657,0.017,-0.038,0.004,2497,0
1173399,4.463,7.341,4.638,0.039,-0.034,-0.001,2499,0
1173419,4.458,7.365,4.585,0.024,-0.025,0.018,2496,0
1173439,4.623,7.197,4.599,0.021,-0.006,0.01,2496,0
1173459,4.64,7.219,4.666,0.038,0.003,-0.008,2497,0
1173479,4.547,7.331,4.69,0.02,-0.013,-0.008,2496,0
1173499,4.501,7.348,4.712,0.009,-0.028,-0.004,2496,0
1173519,4.48,7.377,4.741,0.016,-0.026,0.002,2498,0
1173539,4.506,7.398,4.709,0.013,-0.031,0.012,2497,0
1173559,4.604,7.269,4.683,0.009,-0.041,0.015,2497,0
