1019859,2.971,8.375,4.087,0.036,-0.041,0.008,2499,0
1019879,2.964,8.296,4.085,0.044,-0.035,0.005,2500,0
1019899,3.033,8.334,4.032,0.051,-0.035,0.0,2499,0
1019919,2.974,8.377,4.029,0.039,-0.032,-0.004,2499,0
1019939,2.887,8.38,4.065,0.034,-0.028,-0.002,2499,0
1019959,2.892,8.334,4.116,0.049,-0.022,0.0,2499,0
1019979,2.959,8.305,4.092,0.048,-0.019,-0.005,2498,0
1019999,2.974,8.315,4.104,0.031,-0.02,-0.014,2498,0
1020019,2.952,8.329,4.164,0.025,-0.021,-0.018,2498,0
1020039,2.94,8.308,4.207,0.038,-0.015,-0.017,2498,0
1020059,3.002,8.301,4.216,0.051,-0.018,-0.017,2499,0
1020079,3.026,8.334,4.25,0.046,-0.037,-0.022,2497,0
1020099,3.007,8.358,4.202,0.044,-0.065,-0.025,2498,0
1020119,3.0,8.43,4.159,0.053,-0.067,-0.021,2499,0
1020139,3.012,8.425,4.087,0.062,-0.054,-0.013,2498,0
1020159,3.05,8.428,4.065,0.078,-0.044,-0.009,2498,0
1020179,3.041,8.411,4.056,0.077,-0.045,-0.007,2498,0
1020199,3.031,8.43,4.046,0.085,-0.052,-0.007,2501,0
1020219,2.993,8.442,4.037,0.08,-0.044,-0.007,2497,0
1020239,2.94,8.459,4.032,0.078,-0.033,-0.002,2498,0
1020259,2.947,8.452,4.051,0.074,-0.028,0.002,2499,0
1020279,2.978,8.423,4.046,0.07,-0.026,0.002,2497,0
1020299,2.964,8.373,4.077,0.071,-0.019,-0.003,2499,0
1020319,2.95,8.351,4.089,0.06,-0.009,-0.006,2497,0
1020339,2.945,8.329,4.096,0.053,-0.006,-0.012,2498,0
1020359,2.976,8.349,4.101,0.048,-0.018,-0.016,2497,0
1020379,2.942,8.389,4.096,0.052,-0.028,-0.02,2498,0
1020399,2.952,8.447,4.082,0.05,-0.031,-0.021,2497,0
1020419,2.974,8.437,4.085,0.052,-0.027,-0.017,2498,0
1020439,2.998,8.461,4.07,0.064,-0.033,-0.014,2501,0
1020459,2.966,8.471,3.996,0.05,-0.04,-0.007,2498,0
1020479,2.945,8.389,4.039,0.048,-0.034,-0.005,2497,0
1020499,2.969,8.396,4.013,0.064,-0.021,-0.01,2498,0
1020519,2.954,8.452,3.967,0.062,-0.02,-0.013,2497,0
1020539,2.962,8.447,3.97,0.044,-0.025,-0.014,2498,0
1020559,2.928,8.449,4.025,0.042,-0.012,-0.016,2498,0
1020579,2.914,8.444,4.003,0.037,-0.0,-0.01,2498,0
1020599,2.94,8.394,4.027,0.035,-0.003,-0.007,2497,0
1020619,2.971,8.382,4.051,0.043,0.001,-0.011,2498,0
1020639,2.966,8.408,4.092,0.061,-0.002,-0.013,2499,0
1020659,2.957,8.507,4.082,0.055,-0.006,-0.01,2498,0
1020679,2.931,8.487,4.087,0.033,-0.01,-0.002,2499,0
1020699,2.919,8.42,4.161,0.057,-0.015,-0.001,2499,0
1020719,2.892,8.459,4.077,0.083,-0.025,-0.003,2498,0
1020739,2.897,8.492,3.994,0.064,-0.033,-0.001,2499,0
1020759,2.921,8.461,3.965,0.039,-0.018,-0.003,2499,0
1020779,2.885,8.44,4.053,0.032,0.01,-0.003,2499,0
1020799,2.875,8.401,4.13,0.044,0.018,-0.006,2498,0
1020819,2.88,8.392,4.135,0.058,-0.013,-0.01,2499,0
1020839,2.892,8.432,4.037,0.052,-0.036,-0.014,2497,0
1020859,2.863,8.452,3.984,0.026,-0.028,-0.011,2500,0
1020879,2.825,8.428,4.029,0.024,-0.01,-0.011,2497,0
1020899,2.88,8.437,4.07,0.034,-0.011,-0.012,2498,0
1020919,2.902,8.44,4.037,0.026,-0.016,-0.013,2499,0
1020939,2.897,8.454,4.056,0.007,-0.021,-0.015,2498,0
1020959,2.885,8.449,4.106,0.002,-0.02,-0.015,2500,0
1020979,2.892,8.475,4.094,0.025,-0.026,-0.012,2497,0
1020999,2.902,8.545,4.096,0.044,-0.022,-0.007,2497,0
1021019,2.871,8.502,4.13,0.039,-0.018,0.0,2497,0
1021039,2.899,8.444,4.118,0.04,-0.029,0.005,2500,0
1021059,2.926,8.466,4.108,0.044,-0.033,0.004,2498,0
1021079,2.914,8.48,4.101,0.043,-0.038,0.008,2498,0
1021099,2.871,8.447,4.053,0.05,-0.04,0.011,2498,0
1021119,2.84,8.454,4.037,0.066,-0.043,0.015,2500,0
1021139,2.875,8.442,3.994,0.069,-0.046,0.017,2499,0
1021159,2.875,8.444,3.941,0.058,-0.058,0.015,2498,0
1021179,2.849,8.452,3.917,0.051,-0.052,0.016,2497,0
1021199,2.799,8.416,3.972,0.053,-0.031,0.02,2497,0
1021219,2.82,8.346,4.051,0.09,-0.028,0.026,2497,0
1021239,2.842,8.327,4.025,0.112,-0.05,0.022,2498,0
1021259,2.859,8.373,3.998,0.097,-0.07,0.019,2497,0
1021279,2.902,8.38,4.01,0.078,-0.063,0.024,2499,0
1021299,2.954,8.317,4.049,0.093,-0.052,0.024,2499,0
1021319,3.017,8.339,4.015,0.129,-0.057,0.015,2498,0
1021339,2.988,8.475,4.02,0.129,-0.058,0.004,2497,0
1021359,2.94,8.535,3.989,0.109,-0.071,0.01,2500,0
1021379,3.014,8.492,3.955,0.114,-0.086,0.012,2499,0
1021399,3.041,8.502,3.903,0.123,-0.076,0.01,2503,0
1021419,3.048,8.55,3.847,0.115,-0.055,0.011,2504,0
1021439,3.014,8.578,3.871,0.088,-0.045,0.017,2505,0
1021459,3.012,8.521,3.903,0.066,-0.054,0.019,2506,0
1021479,2.986,8.497,3.843,0.069,-0.055,0.016,2508,0
1021499,2.933,8.559,3.883,0.084,-0.033,0.017,2506,0
1021519,2.875,8.554,3.974,0.09,-0.022,0.026,2507,0
1021539,2.942,8.473,4.02,0.084,-0.049,0.028,2507,0
1021559,3.021,8.435,4.037,0.072,-0.073,0.019,2507,0
1021579,2.935,8.48,4.187,0.06,-0.064,0.011,2506,0
1021599,2.78,8.612,4.487,0.092,-0.074,0.012,2503,0
1021619,2.725,8.662,4.532,0.132,-0.156,0.023,2504,0
1021639,2.753,8.76,4.537,0.133,-0.218,0.038,2504,0
1021659,2.722,8.806,4.729,0.107,-0.243,0.05,2503,0
1021679,2.619,8.782,4.934,0.112,-0.293,0.058,2503,0
1021699,2.717,8.847,4.927,0.125,-0.387,0.069,2503,0
1021719,2.65,8.99,4.891,0.088,-0.478,0.08,2502,0
1021739,2.519,9.017,5.011,0.036,-0.536,0.103,2503,0
1021759,2.274,9.021,5.066,0.029,-0.626,0.124,2502,0
1021779,2.095,9.28,4.999,-0.018,-0.725,0.154,2501,0
1021799,1.81,9.433,4.978,-0.237,-0.818,0.223,2503,0
1021819,1.64,9.313,5.114,-0.542,-0.937,0.295,2500,0
1021839,1.547,8.454,5.373,-0.739,-1.078,0.326,2499,0
1021859,1.496,7.7,5.526,-0.621,-1.16,0.292,2498,0
1021879,1.448,7.688,5.631,-0.435,-1.208,0.245,2499,0
1021899,1.633,8.155,5.897,-0.479,-1.306,0.221,2496,0
1021919,1.717,8.801,6.153,-0.896,-1.526,0.228,2496,0
1021939,1.887,8.799,6.045,-1.393,-1.818,0.207,2495,0
1021959,2.136,8.049,5.995,-1.775,-2.062,0.151,2497,0
1021979,2.686,7.295,6.108,-1.76,-2.15,0.032,2495,0
1021999,2.969,6.914,6.1,-1.423,-2.189,-0.139,2495,0
1022019,2.892,6.737,5.677,-0.924,-2.356,-0.322,2495,0
1022039,2.966,6.972,5.128,-0.479,-2.574,-0.447,2495,0
1022059,3.206,7.618,4.436,-0.228,-2.717,-0.527,2495,0
1022079,3.182,8.004,3.879,-0.244,-2.818,-0.561,2496,0
1022099,3.189,8.212,3.318,-0.325,-2.939,-0.565,2496,0
1022119,3.282,8.2,2.732,-0.393,-3.056,-0.547,2498,0
1022139,3.357,8.102,2.126,-0.382,-3.166,-0.535,2499,0
1022159,3.287,8.059,1.64,-0.358,-3.222,-0.539,2500,0
1022179,3.287,7.985,0.943,-0.358,-3.208,-0.534,2502,0
1022199,3.448,8.104,0.338,-0.362,-3.164,-0.527,2506,0
1022219,3.364,8.25,-0.189,-0.454,-3.154,-0.507,2507,0
1022239,3.373,8.222,-0.718,-0.57,-3.161,-0.491,2511,0
1022259,3.814,8.143,-1.104,-0.652,-3.048,-0.492,2514,0
1022279,4.219,8.147,-1.458,-0.64,-2.876,-0.517,2522,0
1022299,4.132,8.274,-1.671,-0.559,-2.748,-0.537,2535,0
1022319,3.85,8.27,-2.148,-0.442,-2.708,-0.551,2543,0
1022339,3.898,8.499,-2.832,-0.342,-2.689,-0.557,2552,0
1022359,4.221,8.983,-3.395,-0.357,-2.508,-0.508,2559,0
1022379,4.422,9.096,-3.773,-0.489,-2.272,-0.423,2561,0
1022399,4.381,8.856,-4.07,-0.526,-2.114,-0.386,2566,0
1022419,4.621,8.772,-4.3,-0.456,-1.972,-0.39,2582,0
1022439,4.829,8.961,-4.477,-0.368,-1.758,-0.381,2590,0
1022459,4.925,9.122,-4.549,-0.347,-1.472,-0.325,2590,0
1022479,4.918,9.048,-4.527,-0.37,-1.199,-0.245,2592,0
1022499,5.112,8.827,-4.317,-0.374,-0.988,-0.199,2589,0
1022519,5.298,8.741,-4.07,-0.314,-0.807,-0.199,2587,0
1022539,5.308,8.847,-3.836,-0.26,-0.67,-0.188,2588,0
1022559,5.394,8.887,-3.534,-0.256,-0.539,-0.146,2585,0
1022579,5.523,8.827,-3.215,-0.234,-0.433,-0.105,2582,0
1022599,5.598,8.753,-3.062,-0.144,-0.386,-0.088,2582,0
1022619,5.578,8.827,-2.974,-0.048,-0.354,-0.066,2582,0
1022639,5.495,8.981,-2.741,-0.021,-0.265,-0.03,2578,0
1022659,5.1,8.985,-2.485,-0.014,-0.212,0.006,2574,0
1022679,4.803,9.009,-2.375,-0.013,-0.206,0.049,2569,0
1022699,4.666,8.885,-2.15,-0.042,-0.144,0.087,2568,0
1022719,4.549,8.598,-1.978,-0.064,-0.055,0.101,2566,0
1022739,4.511,8.327,-1.788,-0.05,0.016,0.084,2563,0
1022759,4.554,8.203,-1.63,-0.053,0.095,0.052,2571,0
1022779,4.585,8.191,-1.377,-0.084,0.149,0.018,2566,0
1022799,4.628,8.296,-1.075,-0.118,0.166,-0.004,2559,0
1022819,4.65,8.274,-0.934,-0.108,0.121,-0.027,2559,0
1022839,4.745,8.308,-0.939,-0.062,0.063,-0.047,2561,0
1022859,4.86,8.475,-0.907,-0.023,0.053,-0.052,2559,0
1022879,4.851,8.607,-0.879,-0.015,0.048,-0.052,2559,0
1022899,4.848,8.669,-0.948,0.013,0.01,-0.044,2561,0
1022919,4.963,8.717,-1.135,0.043,-0.015,-0.034,2559,0
1022939,5.04,8.775,-1.14,0.026,0.025,-0.019,2561,0
1022959,4.949,8.693,-1.049,-0.002,0.043,-0.004,2559,0
1022979,4.875,8.629,-1.12,0.015,0.021,0.003,2559,0
1022999,4.887,8.617,-1.276,0.039,0.02,0.003,2562,0
1023019,4.894,8.61,-1.209,0.031,0.082,0.003,2561,0
1023039,4.803,8.665,-1.041,0.037,0.117,0.005,2559,0
1023059,4.755,8.657,-0.986,0.062,0.094,0.017,2559,0
1023079,4.836,8.641,-0.953,0.059,0.089,0.034,2559,0
1023099,4.865,8.741,-0.776,0.03,0.124,0.051,2559,0
1023119,4.81,8.736,-0.567,-0.01,0.11,0.07,2559,0
1023139,4.793,8.547,-0.484,-0.003,0.036,0.084,2559,0
1023159,4.92,8.32,-0.613,0.057,-0.024,0.085,2559,0
1023179,5.03,8.301,-0.74,0.106,-0.009,0.067,2559,0
1023199,4.956,8.344,-0.728,0.095,0.03,0.045,2559,0
1023219,4.841,8.341,-0.718,0.068,0.026,0.032,2559,0
1023239,4.87,8.272,-0.833,0.054,0.01,0.03,2563,0
1023259,4.944,8.234,-0.876,0.051,0.02,0.024,2559,0
1023279,4.978,8.27,-0.797,0.045,0.065,0.008,2559,0
1023299,4.911,8.282,-0.73,0.05,0.066,-0.002,2559,0
1023319,4.877,8.313,-0.759,0.062,0.03,-0.009,2559,0
1023339,4.891,8.418,-0.821,0.072,0.007,-0.016,2559,0
1023359,4.946,8.475,-0.833,0.054,0.016,-0.011,2562,0
1023379,4.911,8.464,-0.759,0.048,0.031,-0.007,2559,0
1023399,4.913,8.437,-0.697,0.063,0.015,-0.004,2559,0
1023419,4.937,8.468,-0.788,0.086,-0.015,-0.013,2559,0
1023439,5.018,8.523,-0.843,0.078,-0.006,-0.014,2559,0
1023459,4.982,8.559,-0.797,0.056,0.021,-0.011,2559,0
1023479,4.901,8.559,-0.687,0.049,0.014,-0.005,2559,0
1023499,4.92,8.528,-0.682,0.057,0.0,0.009,2559,0
1023519,4.951,8.48,-0.721,0.058,-0.003,0.014,2559,0
1023539,4.994,8.442,-0.658,0.046,0.015,0.014,2559,0
1023559,4.951,8.478,-0.596,0.048,0.005,0.004,2559,0
1023579,4.925,8.504,-0.627,0.053,-0.036,0.002,2559,0
1023599,4.956,8.502,-0.69,0.042,-0.066,0.012,2559,0
1023619,4.961,8.49,-0.733,0.04,-0.062,0.013,2559,0
1023639,4.966,8.447,-0.759,0.048,-0.055,0.008,2559,0
1023659,4.956,8.468,-0.824,0.054,-0.058,-0.001,2559,0
1023679,4.968,8.495,-0.833,0.036,-0.05,0.007,2559,0
1023699,4.951,8.464,-0.84,0.037,-0.046,0.012,2559,0
1023719,4.918,8.468,-0.864,0.051,-0.056,0.009,2559,0
1023739,4.908,8.475,-0.919,0.052,-0.06,0.01,2559,0
1023759,4.985,8.416,-0.946,0.035,-0.044,0.016,2559,0
1023779,5.011,8.437,-0.886,0.03,-0.021,0.014,2559,0
1023799,4.961,8.468,-0.79,0.039,-0.023,0.005,2559,0
1023819,4.903,8.526,-0.819,0.048,-0.051,0.006,2559,0
1023839,4.951,8.55,-0.883,0.046,-0.074,0.017,2559,0
1023859,5.013,8.497,-0.91,0.043,-0.057,0.019,2559,0
1023879,4.99,8.42,-0.91,0.054,-0.027,0.018,2558,0
1023899,4.963,8.42,-0.939,0.057,-0.024,0.015,2559,0
1023919,4.942,8.456,-0.905,0.033,-0.014,0.014,2558,0
1023939,4.934,8.435,-0.819,0.014,-0.005,0.022,2559,0
1023959,4.925,8.373,-0.754,0.035,-0.014,0.022,2559,0
1023979,4.997,8.353,-0.802,0.061,-0.031,0.014,2559,0
1023999,5.028,8.373,-0.891,0.055,-0.024,0.008,2559,0
1024019,5.037,8.377,-0.864,0.037,-0.021,0.005,2559,0
1024039,5.011,8.384,-0.838,0.035,-0.021,0.001,2559,0
1024059,4.978,8.353,-0.845,0.048,-0.033,-0.0,2559,0
1024079,4.999,8.325,-0.972,0.056,-0.04,-0.005,2559,0
1024099,5.001,8.375,-1.013,0.055,-0.023,-0.015,2559,0
1024119,4.982,8.447,-0.941,0.046,0.006,-0.014,2558,0
1024139,4.922,8.408,-0.855,0.04,0.008,-0.007,2559,0
1024159,4.985,8.387,-0.886,0.052,-0.011,0.001,2559,0
1024179,4.997,8.404,-0.962,0.075,-0.025,-0.002,2559,0
1024199,4.987,8.418,-1.077,0.104,-0.031,-0.0,2559,0
1024219,4.994,8.473,-1.065,0.133,-0.015,-0.001,2559,0
1024239,4.92,8.6,-1.008,0.135,0.024,0.001,2559,0
1024259,4.908,8.593,-0.931,0.105,0.034,0.019,2559,0
1024279,4.978,8.437,-0.919,0.106,0.02,0.027,2558,0
1024299,5.047,8.327,-0.96,0.123,0.014,0.018,2559,0
1024319,5.069,8.365,-0.929,0.114,0.039,0.01,2559,0
1024339,5.006,8.435,-0.84,0.088,0.057,0.01,2559,0
1024359,4.98,8.416,-0.723,0.064,0.053,0.013,2558,0
1024379,5.03,8.361,-0.699,0.058,0.033,0.015,2559,0
1024399,5.133,8.315,-0.702,0.058,0.022,0.006,2557,0
1024419,5.102,8.332,-0.673,0.056,0.026,-0.007,2559,0
1024439,5.011,8.428,-0.637,0.049,0.018,-0.019,2559,0
1024459,5.004,8.55,-0.594,0.052,-0.019,-0.021,2558,0
1024479,5.061,8.55,-0.687,0.057,-0.047,-0.004,2559,0
1024499,5.136,8.466,-0.754,0.065,-0.052,0.007,2559,0
1024519,5.059,8.471,-0.795,0.069,-0.054,0.003,2558,0
1024539,4.963,8.55,-0.814,0.053,-0.058,0.007,2559,0
1024559,4.963,8.507,-0.874,0.04,-0.068,0.021,2558,0
1024579,5.004,8.401,-0.893,0.051,-0.074,0.03,2559,0
1024599,5.066,8.317,-1.027,0.071,-0.064,0.024,2559,0
1024619,5.09,8.284,-1.003,0.08,-0.039,0.013,2559,0
1024639,5.073,8.349,-0.97,0.071,-0.027,0.005,2558,0
1024659,5.028,8.346,-0.958,0.046,-0.044,0.012,2558,0
1024679,5.03,8.296,-0.994,0.041,-0.067,0.012,2558,0
1024699,5.054,8.27,-1.025,0.05,-0.064,0.003,2559,0
1024719,5.03,8.308,-1.049,0.062,-0.047,-0.01,2558,0
1024739,5.011,8.341,-1.025,0.066,-0.037,-0.009,2558,0
1024759,5.035,8.349,-1.013,0.065,-0.032,-0.003,2558,0
1024779,5.071,8.334,-1.003,0.054,-0.03,-0.007,2559,0
1024799,5.03,8.408,-0.982,0.046,-0.035,-0.012,2558,0
1024819,5.023,8.435,-0.974,0.047,-0.044,-0.01,2558,0
1024839,5.059,8.442,-0.967,0.054,-0.041,-0.006,2558,0
1024859,5.057,8.464,-0.958,0.051,-0.024,-0.002,2558,0
1024879,5.009,8.444,-0.95,0.053,-0.031,-0.006,2558,0
1024899,5.035,8.526,-0.97,0.063,-0.044,-0.002,2558,0
1024919,5.092,8.514,-1.006,0.056,-0.03,0.01,2558,0
1024939,5.107,8.454,-0.948,0.052,-0.022,0.017,2558,0
1024959,5.061,8.392,-0.826,0.051,-0.021,0.02,2558,0
1024979,4.997,8.401,-0.816,0.047,-0.042,0.022,2558,0
1024999,5.011,8.399,-0.845,0.047,-0.058,0.023,2558,0
1025019,5.057,8.329,-0.91,0.05,-0.066,0.031,2558,0
1025039,5.102,8.282,-0.955,0.059,-0.068,0.023,2558,0
1025059,5.09,8.282,-0.967,0.066,-0.068,0.006,2558,0
1025079,5.071,8.373,-0.994,0.064,-0.068,-0.005,2558,0
1025099,5.061,8.413,-1.039,0.053,-0.065,0.004,2559,0
1025119,5.073,8.329,-1.094,0.048,-0.066,0.014,2558,0
1025139,5.066,8.301,-1.109,0.052,-0.063,0.011,2558,0
1025159,5.04,8.317,-1.13,0.052,-0.059,0.004,2558,0
1025179,5.023,8.356,-1.197,0.048,-0.048,0.002,2558,0
1025199,5.064,8.382,-1.12,0.051,-0.034,0.004,2556,0
1025219,5.066,8.339,-1.082,0.041,-0.036,0.006,2557,0
1025239,5.107,8.341,-1.013,0.03,-0.035,0.006,2557,0
1025259,5.097,8.291,-1.022,0.044,-0.032,0.003,2558,0
1025279,5.085,8.289,-0.989,0.052,-0.044,-0.005,2557,0
1025299,5.085,8.361,-0.994,0.043,-0.057,-0.01,2557,0
1025319,5.08,8.404,-0.996,0.031,-0.059,-0.01,2556,0
1025339,5.112,8.384,-0.994,0.034,-0.051,-0.007,2555,0
1025359,5.066,8.44,-0.994,0.039,-0.042,-0.002,2557,0
1025379,5.069,8.444,-0.936,0.029,-0.047,0.001,2557,0
1025399,5.112,8.368,-0.919,0.015,-0.056,0.01,2556,0
1025419,5.095,8.303,-0.934,0.022,-0.069,0.003,2556,0
1025439,5.054,8.384,-0.977,0.035,-0.084,-0.005,2555,0
1025459,5.04,8.449,-1.058,0.025,-0.082,-0.001,2556,0
1025479,5.049,8.437,-1.106,0.023,-0.079,0.006,2556,0
1025499,5.104,8.384,-1.18,0.032,-0.069,0.008,2556,0
1025519,5.104,8.365,-1.178,0.029,-0.058,0.01,2556,0
1025539,5.102,8.392,-1.176,0.017,-0.046,0.004,2555,0
1025559,5.04,8.408,-1.132,0.013,-0.044,0.005,2556,0
1025579,5.045,8.442,-1.128,0.033,-0.059,0.02,2556,0
1025599,5.104,8.329,-1.166,0.043,-0.05,0.027,2556,0
1025619,5.124,8.226,-1.166,0.043,-0.03,0.017,2556,0
1025639,5.114,8.229,-1.13,0.031,-0.015,0.006,2556,0
1025659,5.076,8.224,-1.094,0.02,-0.018,0.0,2555,0
1025679,5.04,8.272,-1.111,0.026,-0.03,-0.007,2552,0
1025699,5.052,8.329,-1.097,0.036,-0.027,-0.006,2555,0
1025719,5.095,8.329,-1.075,0.049,-0.024,-0.004,2557,0
1025739,5.138,8.341,-1.041,0.06,-0.02,-0.005,2556,0
1025759,5.126,8.353,-1.018,0.05,-0.022,-0.005,2556,0
1025779,5.069,8.353,-1.001,0.032,-0.029,-0.003,2556,0
1025799,5.028,8.375,-0.982,0.032,-0.039,-0.0,2555,0
1025819,5.085,8.356,-0.974,0.039,-0.038,0.007,2556,0
1025839,5.119,8.303,-1.003,0.051,-0.036,0.002,2555,0
1025859,5.138,8.308,-1.044,0.047,-0.037,-0.007,2555,0
1025879,5.116,8.382,-1.01,0.025,-0.029,-0.006,2555,0
1025899,5.1,8.42,-0.989,0.017,-0.043,0.001,2554,0
1025919,5.14,8.401,-1.01,0.028,-0.06,0.0,2555,0
1025939,5.133,8.416,-1.085,0.042,-0.064,-0.009,2555,0
1025959,5.128,8.535,-1.176,0.039,-0.048,-0.015,2557,0
1025979,5.128,8.653,-1.178,0.022,-0.02,0.006,2554,0
1025999,5.128,8.6,-1.104,0.014,-0.0,0.033,2556,0
1026019,5.121,8.416,-1.077,0.006,0.001,0.05,2555,0
1026039,5.128,8.313,-1.068,-0.013,0.004,0.051,2556,0
1026059,5.138,8.301,-0.96,-0.017,0.018,0.047,2555,0
1026079,5.08,8.301,-0.857,0.016,0.017,0.06,2555,0
1026099,5.083,8.265,-0.745,0.055,-0.016,0.072,2555,0
1026119,5.116,8.179,-0.792,0.055,-0.058,0.062,2556,0
1026139,5.315,8.169,-0.788,0.041,-0.076,0.043,2555,0
1026159,5.349,8.258,-0.757,0.063,-0.079,0.032,2555,0
1026179,5.282,8.406,-0.769,0.09,-0.094,0.029,2555,0
1026199,5.301,8.485,-0.855,0.077,-0.114,0.038,2556,0
1026219,5.432,8.408,-0.883,0.059,-0.108,0.041,2555,0
1026239,5.488,8.341,-0.869,0.067,-0.093,0.04,2553,0
1026259,5.547,8.289,-0.905,0.091,-0.079,0.043,2553,0
1026279,5.607,8.341,-1.027,0.085,-0.065,0.049,2555,0
1026299,5.631,8.471,-1.027,0.021,-0.033,0.07,2555,0
1026319,5.531,8.452,-0.876,-0.053,-0.003,0.104,2553,0
1026339,5.605,8.188,-0.773,-0.069,0.009,0.123,2555,0
1026359,5.715,7.908,-0.79,-0.029,0.012,0.1,2554,0
1026379,5.595,7.891,-0.946,0.009,-0.035,0.055,2555,0
1026399,5.42,8.112,-1.116,0.035,-0.079,0.024,2555,0
1026419,5.315,8.396,-1.243,0.053,-0.049,0.041,2554,0
1026439,5.332,8.396,-1.334,0.043,0.004,0.07,2555,0
1026459,5.387,8.191,-1.408,0.021,0.013,0.078,2554,0
1026479,5.339,8.128,-1.496,-0.001,0.022,0.064,2555,0
1026499,5.212,8.241,-1.484,-0.042,0.056,0.06,2554,0
1026519,5.102,8.322,-1.377,-0.082,0.088,0.084,2552,0
1026539,5.045,8.258,-1.317,-0.074,0.103,0.096,2554,0
1026559,5.097,8.155,-1.29,-0.061,0.111,0.108,2555,0
1026579,5.128,8.078,-1.247,-0.047,0.129,0.107,2554,0
1026599,5.152,8.279,-1.135,-0.033,0.135,0.103,2553,0
1026619,5.222,8.432,-1.039,-0.063,0.134,0.145,2554,0
1026639,5.363,8.265,-0.879,-0.096,0.156,0.192,2554,0
1026659,5.488,8.004,-0.711,-0.086,0.179,0.188,2554,0
1026679,5.495,8.018,-0.553,-0.061,0.172,0.16,2555,0
1026699,5.504,8.174,-0.421,-0.045,0.139,0.148,2555,0
1026719,5.483,8.334,-0.34,-0.033,0.107,0.14,2555,0
1026739,5.464,8.459,-0.175,-0.031,0.1,0.133,2555,0
1026759,5.442,8.471,-0.105,-0.055,0.088,0.142,2554,0
1026779,5.425,8.404,0.005,-0.092,0.067,0.153,2554,0
1026799,5.502,8.243,0.122,-0.126,0.061,0.162,2553,0
1026819,5.504,8.049,0.218,-0.142,0.049,0.166,2552,0
1026839,5.586,7.851,0.184,-0.158,0.011,0.167,2554,0
1026859,5.698,7.664,0.072,-0.187,-0.026,0.157,2553,0
1026879,5.768,7.491,-0.093,-0.193,-0.056,0.126,2553,0
1026899,5.715,7.53,-0.278,-0.173,-0.093,0.087,2553,0
1026919,5.693,7.621,-0.543,-0.169,-0.122,0.076,2552,0
1026939,5.763,7.592,-0.733,-0.156,-0.116,0.077,2554,0
1026959,5.772,7.563,-0.795,-0.104,-0.099,0.054,2553,0
1026979,5.756,7.63,-0.891,-0.069,-0.086,0.032,2553,0
1026999,5.753,7.635,-0.986,-0.071,-0.073,0.02,2553,0
1027019,5.861,7.582,-0.967,-0.061,-0.056,0.01,2553,0
1027039,5.974,7.535,-0.895,-0.022,-0.029,-0.003,2552,0
1027059,5.966,7.556,-0.752,0.023,-0.019,-0.036,2553,0
1027079,5.873,7.779,-0.68,0.05,-0.032,-0.062,2554,0
1027099,5.842,8.021,-0.613,0.061,-0.036,-0.058,2553,0
1027119,5.842,8.104,-0.529,0.078,-0.014,-0.037,2550,0
1027139,5.868,8.095,-0.438,0.1,0.01,-0.023,2553,0
1027159,5.811,8.047,-0.35,0.102,0.032,-0.019,2553,0
1027179,5.772,8.085,-0.247,0.087,0.037,-0.02,2552,0
1027199,5.741,8.068,-0.096,0.064,0.048,-0.017,2551,0
1027219,5.751,8.059,0.029,0.055,0.07,-0.011,2552,0
1027239,5.722,8.071,0.175,0.055,0.074,-0.011,2552,0
1027259,5.772,8.018,0.266,0.037,0.062,-0.003,2553,0
1027279,5.794,7.896,0.34,0.014,0.042,-0.001,2552,0
1027299,5.83,7.786,0.388,0.009,0.022,-0.006,2554,0
1027319,5.851,7.712,0.395,0.005,0.005,-0.011,2552,0
1027339,5.847,7.659,0.33,0.003,-0.029,-0.027,2552,0
1027359,5.832,7.709,0.204,-0.002,-0.074,-0.037,2551,0
1027379,5.808,7.784,0.038,-0.005,-0.1,-0.046,2550,0
1027399,5.76,7.87,-0.12,-0.005,-0.094,-0.052,2551,0
1027419,5.684,8.004,-0.177,-0.002,-0.075,-0.052,2550,0
1027439,5.638,8.083,-0.208,-0.005,-0.066,-0.038,2551,0
1027459,5.626,8.04,-0.218,-0.006,-0.049,-0.018,2551,0
1027479,5.705,7.927,-0.151,0.005,-0.032,-0.007,2551,0
1027499,5.741,7.824,-0.101,0.021,-0.023,-0.005,2551,0
1027519,5.78,7.793,-0.077,0.03,-0.033,-0.01,2550,0
1027539,5.796,7.774,-0.026,0.023,-0.038,-0.013,2552,0
1027559,5.794,7.712,-0.069,0.023,-0.05,-0.024,2551,0
1027579,5.794,7.731,-0.113,0.028,-0.054,-0.039,2550,0
1027599,5.777,7.803,-0.184,0.036,-0.052,-0.047,2551,0
1027619,5.796,7.817,-0.168,0.047,-0.052,-0.052,2550,0
1027639,5.823,7.831,-0.206,0.056,-0.052,-0.058,2552,0
1027659,5.816,7.855,-0.278,0.045,-0.047,-0.074,2550,0
1027679,5.768,7.915,-0.342,0.033,-0.042,-0.078,2550,0
1027699,5.787,7.97,-0.378,0.035,-0.022,-0.076,2552,0
1027719,5.825,8.03,-0.316,0.057,-0.005,-0.07,2550,0
1027739,5.777,8.131,-0.215,0.089,-0.007,-0.077,2552,0
1027759,5.72,8.305,-0.177,0.104,-0.027,-0.075,2550,0
1027779,5.71,8.404,-0.151,0.108,-0.041,-0.056,2549,0
1027799,5.727,8.428,-0.146,0.122,-0.035,-0.031,2551,0
1027819,5.756,8.406,-0.086,0.126,-0.009,-0.012,2549,0
1027839,5.799,8.305,0.019,0.088,0.006,0.01,2551,0
1027859,5.873,8.095,0.196,0.057,-0.0,0.02,2550,0
1027879,5.856,7.908,0.275,0.068,-0.024,0.014,2550,0
1027899,5.863,7.894,0.227,0.093,-0.061,-0.002,2550,0
1027919,5.811,7.985,0.117,0.075,-0.097,-0.015,2550,0
1027939,5.722,8.018,0.017,0.03,-0.119,-0.011,2550,0
1027959,5.677,7.963,-0.077,0.027,-0.115,-0.008,2551,0
1027979,5.638,7.968,-0.18,0.066,-0.106,-0.007,2551,0
1027999,5.588,8.068,-0.225,0.08,-0.106,-0.004,2550,0
1028019,5.495,8.109,-0.275,0.064,-0.122,0.007,2551,0
1028039,5.49,8.047,-0.309,0.056,-0.122,0.015,2551,0
1028059,5.581,7.985,-0.342,0.073,-0.086,0.012,2549,0
1028079,5.595,7.956,-0.302,0.082,-0.057,0.009,2551,0
1028099,5.607,7.939,-0.268,0.066,-0.061,0.009,2551,0
1028119,5.679,7.908,-0.239,0.041,-0.072,0.008,2550,0
1028139,5.734,7.894,-0.194,0.035,-0.07,0.003,2551,0
1028159,5.72,7.913,-0.153,0.051,-0.079,-0.003,2550,0
1028179,5.744,7.934,-0.271,0.058,-0.09,-0.006,2550,0
1028199,5.792,7.989,-0.371,0.044,-0.094,-0.014,2550,0
1028219,5.746,8.035,-0.426,0.039,-0.096,-0.023,2551,0
1028239,5.701,8.092,-0.46,0.049,-0.107,-0.013,2551,0
1028259,5.71,8.143,-0.541,0.051,-0.096,-0.001,2550,0
1028279,5.705,8.08,-0.558,0.051,-0.069,0.016,2550,0
1028299,5.701,8.011,-0.508,0.062,-0.052,0.02,2549,0
1028319,5.669,7.992,-0.536,0.064,-0.053,0.018,2553,0
1028339,5.641,8.009,-0.529,0.046,-0.056,0.011,2551,0
1028359,5.677,7.994,-0.555,0.032,-0.048,0.011,2552,0
1028379,5.734,7.932,-0.532,0.041,-0.023,0.008,2551,0
1028399,5.746,7.891,-0.517,0.054,-0.007,0.0,2549,0
1028419,5.689,7.889,-0.457,0.038,-0.009,-0.008,2551,0
1028439,5.562,8.006,-0.388,0.02,-0.022,-0.021,2551,0
1028459,5.564,8.114,-0.287,0.022,-0.04,-0.012,2548,0
1028479,5.607,8.104,-0.239,0.047,-0.037,0.001,2549,0
1028499,5.643,8.013,-0.283,0.07,-0.039,0.001,2550,0
1028519,5.715,7.937,-0.273,0.053,-0.05,-0.006,2551,0
1028539,5.782,7.882,-0.237,0.012,-0.063,-0.021,2550,0
1028559,5.76,7.887,-0.232,-0.001,-0.078,-0.035,2549,0
1028579,5.78,7.963,-0.311,0.013,-0.087,-0.034,2550,0
1028599,5.868,7.942,-0.393,0.017,-0.08,-0.029,2550,0
1028619,5.902,7.915,-0.4,0.025,-0.074,-0.042,2550,0
1028639,5.904,7.937,-0.249,0.037,-0.067,-0.051,2551,0
1028659,5.818,8.056,-0.144,0.049,-0.096,-0.042,2549,0
1028679,5.808,8.078,-0.172,0.053,-0.149,-0.03,2549,0
1028699,5.93,7.934,-0.223,0.063,-0.169,-0.017,2549,0
1028719,5.954,7.705,-0.328,0.088,-0.188,-0.019,2548,0
1028739,5.942,7.558,-0.347,0.095,-0.23,-0.032,2550,0
1028759,5.835,7.743,-0.417,0.088,-0.273,-0.06,2550,0
1028779,5.629,7.927,-0.577,0.1,-0.311,-0.092,2550,0
1028799,5.564,8.033,-0.84,0.129,-0.326,-0.088,2550,0
1028819,5.612,8.023,-0.979,0.132,-0.299,-0.072,2549,0
1028839,5.605,8.037,-0.809,0.098,-0.265,-0.073,2547,0
1028859,5.394,8.071,-1.025,0.109,-0.268,-0.086,2548,0
1028879,5.49,8.167,-1.053,0.13,-0.261,-0.081,2547,0
1028899,5.526,8.021,-1.118,0.166,-0.264,-0.065,2547,0
1028919,5.65,7.87,-1.087,0.22,-0.299,-0.063,2547,0
1028939,5.775,7.724,-1.041,0.253,-0.323,-0.07,2546,0
1028959,5.705,7.781,-1.164,0.311,-0.375,-0.1,2545,0
1028979,5.574,7.975,-1.329,0.382,-0.444,-0.127,2545,0
1028999,5.583,8.078,-1.602,0.4,-0.568,-0.108,2544,0
1029019,5.686,7.927,-1.774,0.381,-0.637,-0.067,2544,0
1029039,5.693,7.518,-1.93,0.399,-0.676,-0.08,2541,0
1029059,5.617,7.513,-2.073,0.49,-0.682,-0.153,2542,0
1029079,5.497,7.946,-2.473,0.538,-0.692,-0.209,2538,0
1029099,5.409,8.262,-2.835,0.418,-0.687,-0.168,2536,0
1029119,5.411,8.056,-3.081,0.262,-0.647,-0.089,2532,0
1029139,5.349,7.726,-3.017,0.172,-0.592,-0.074,2528,0
1029159,5.164,7.836,-3.014,0.239,-0.559,-0.153,2527,0
1029179,5.136,7.958,-3.206,0.377,-0.531,-0.246,2520,0
1029199,5.191,8.384,-3.551,0.465,-0.43,-0.222,2514,0
1029219,5.155,8.401,-3.883,0.357,-0.368,-0.119,2510,0
1029239,4.855,8.531,-3.938,0.254,-0.388,-0.106,2503,0
1029259,4.379,8.832,-4.441,0.179,-0.468,-0.146,2501,0
1029279,4.31,8.768,-4.678,0.189,-0.474,-0.097,2502,0
1029299,4.355,8.478,-5.097,0.275,-0.451,-0.003,2502,0
1029319,4.056,8.442,-5.952,0.363,-0.311,0.058,2500,0
1029339,3.649,8.839,-6.086,0.316,-0.241,0.029,2499,0
1029359,2.945,8.935,-6.828,0.14,-0.267,0.039,2503,0
1029379,2.619,8.595,-7.254,0.076,-0.36,0.11,2510,0
1029399,2.133,8.14,-7.913,0.31,-0.212,0.09,2517,0
1029419,1.724,8.442,-8.629,0.74,0.248,-0.088,2521,0
1029439,1.626,9.158,-8.543,0.971,0.662,-0.263,2525,0
1029459,1.348,9.598,-8.667,0.99,1.129,-0.341,2529,0
1029479,0.752,9.582,-8.942,0.948,1.773,-0.306,2533,0
1029499,0.196,9.998,-8.926,0.968,2.41,-0.289,2535,0
1029519,-0.108,10.594,-8.849,1.006,3.214,-0.345,2539,0
1029539,-0.39,10.879,-8.459,0.964,4.315,-0.365,2536,0
1029559,-1.092,10.733,-7.348,1.038,5.457,-0.356,2528,0
1029579,-2.148,10.257,-6.347,1.271,6.382,-0.434,2517,0
1029599,-3.412,10.463,-5.49,1.446,7.115,-0.593,2511,0
1029619,-4.345,10.74,-3.745,1.618,7.816,-0.801,2502,0
1029639,-5.143,11.128,-1.269,1.532,8.725,-0.845,2490,0
1029659,-5.677,11.53,1.954,0.938,8.731,-0.574,2476,0
1029679,-6.335,11.167,4.096,0.485,8.731,-0.246,2448,0
1029699,-7.542,10.329,5.205,0.49,7.971,0.212,2427,0
1029719,-6.958,10.491,8.547,0.081,6.426,0.734,2417,0
1029739,-4.812,9.141,11.638,-0.352,5.436,0.936,2410,0
1029759,-3.285,6.548,12.749,-0.229,4.404,0.759,2408,0
1029779,-2.248,6.539,12.68,0.276,3.468,0.504,2408,0
1029799,-1.841,8.011,13.269,0.211,3.001,0.491,2405,0
1029819,-1.377,7.63,13.451,-0.189,2.195,0.612,2403,0
1029839,-0.606,6.46,12.778,-0.232,1.136,0.574,2406,0
1029859,0.345,5.787,11.286,0.076,0.363,0.379,2410,0
1029879,1.015,6.543,10.13,0.257,0.156,0.202,2416,0
1029899,1.018,7.499,9.39,0.093,0.229,0.12,2418,0
1029919,1.046,7.556,8.82,-0.191,0.038,0.079,2418,0
1029939,1.753,7.137,8.121,-0.25,-0.288,0.023,2421,0
1029959,2.602,7.221,7.341,-0.204,-0.479,-0.064,2427,0
1029979,2.962,7.652,6.637,-0.248,-0.469,-0.113,2432,0
1029999,2.971,7.779,6.036,-0.35,-0.421,-0.102,2434,0
1030019,3.191,7.558,5.602,-0.377,-0.41,-0.085,2436,0
1030039,3.61,7.427,5.176,-0.203,-0.396,-0.105,2441,0
1030059,3.802,7.673,4.755,-0.082,-0.394,-0.103,2447,0
1030079,3.814,8.04,4.386,-0.14,-0.399,-0.053,2450,0
1030099,3.924,7.788,4.283,-0.251,-0.373,0.004,2450,0
1030119,4.092,7.25,4.281,-0.17,-0.299,0.011,2450,0
1030139,4.197,7.353,4.238,0.058,-0.235,-0.02,2452,0
1030159,3.989,7.87,4.18,0.13,-0.198,-0.009,2451,0
1030179,3.658,7.97,4.195,0.031,-0.188,0.042,2451,0
1030199,3.685,7.544,4.319,-0.051,-0.148,0.097,2451,0
1030219,3.912,7.178,4.484,0.039,-0.087,0.093,2450,0
1030239,3.946,7.159,4.535,0.168,-0.048,0.063,2449,0
1030259,3.814,7.293,4.563,0.178,-0.044,0.054,2450,0
1030279,3.716,7.226,4.697,0.091,-0.066,0.049,2451,0
1030299,3.716,7.118,4.834,0.051,-0.084,0.011,2452,0
1030319,3.824,7.142,4.855,0.106,-0.074,-0.031,2453,0
1030339,3.689,7.29,4.841,0.161,-0.065,-0.047,2451,0
1030359,3.694,7.398,4.891,0.14,-0.05,-0.05,2450,0
1030379,3.802,7.42,5.025,0.074,-0.029,-0.07,2452,0
1030399,3.725,7.551,5.198,0.037,-0.041,-0.095,2452,0
1030419,3.644,7.597,5.246,0.026,-0.093,-0.095,2452,0
1030439,3.713,7.602,5.224,0.078,-0.104,-0.098,2454,0
1030459,3.771,7.793,5.124,0.115,-0.082,-0.104,2455,0
1030479,3.807,8.054,5.025,0.067,-0.101,-0.094,2455,0
1030499,3.745,8.001,4.968,0.011,-0.145,-0.075,2456,0
1030519,3.637,7.989,4.927,0.047,-0.135,-0.061,2460,0
1030539,3.488,8.037,5.006,0.09,-0.113,-0.035,2461,0
1030559,3.551,8.064,4.98,0.103,-0.117,-0.007,2461,0
1030579,3.63,7.999,4.829,0.079,-0.14,0.01,2463,0
1030599,3.668,7.815,4.817,0.04,-0.132,0.018,2466,0
1030619,3.661,7.563,4.908,0.037,-0.106,0.011,2466,0
1030639,3.745,7.508,4.839,0.084,-0.096,-0.008,2469,0
1030659,3.821,7.69,4.738,0.103,-0.106,-0.015,2467,0
1030679,3.821,7.757,4.645,0.052,-0.11,-0.017,2467,0
1030699,3.721,7.676,4.638,-0.002,-0.104,-0.014,2470,0
1030719,3.747,7.587,4.683,0.014,-0.088,-0.019,2469,0
1030739,3.771,7.642,4.676,0.064,-0.086,-0.03,2468,0
1030759,3.721,7.748,4.561,0.084,-0.094,-0.034,2470,0
1030779,3.666,7.807,4.515,0.05,-0.093,-0.021,2472,0
1030799,3.709,7.728,4.597,0.001,-0.062,-0.012,2472,0
1030819,3.783,7.618,4.683,0.008,-0.043,-0.018,2472,0
1030839,3.833,7.554,4.714,0.05,-0.057,-0.029,2472,0
1030859,3.79,7.688,4.671,0.087,-0.055,-0.036,2472,0
1030879,3.656,7.875,4.657,0.059,-0.051,-0.027,2472,0
1030899,3.721,7.839,4.741,0.009,-0.052,-0.008,2475,0
1030919,3.795,7.757,4.652,0.004,-0.067,-0.005,2474,0
1030939,3.757,7.74,4.666,0.029,-0.064,-0.005,2477,0
1030959,3.697,7.767,4.733,0.06,-0.044,-0.001,2477,0
1030979,3.749,7.822,4.745,0.07,-0.044,0.007,2476,0
1030999,3.766,7.812,4.717,0.052,-0.056,0.006,2475,0
1031019,3.728,7.807,4.784,0.032,-0.059,0.009,2477,0
1031039,3.78,7.726,4.812,0.037,-0.061,0.014,2477,0
1031059,3.881,7.695,4.798,0.054,-0.064,0.013,2479,0
1031079,3.871,7.695,4.743,0.051,-0.054,0.002,2478,0
1031099,3.78,7.793,4.755,0.02,-0.048,-0.004,2479,0
1031119,3.79,7.786,4.738,-0.002,-0.059,0.004,2478,0
1031139,3.871,7.728,4.767,0.02,-0.055,0.013,2479,0
1031159,3.864,7.745,4.8,0.046,-0.035,0.01,2479,0
1031179,3.814,7.719,4.848,0.029,-0.05,0.013,2479,0
1031199,3.871,7.551,4.776,0.026,-0.081,0.007,2479,0
1031219,3.883,7.642,4.693,0.061,-0.075,-0.004,2479,0
1031239,3.802,7.815,4.64,0.051,-0.057,-0.007,2479,0
1031259,3.761,7.769,4.614,0.009,-0.057,0.006,2480,0
1031279,3.831,7.652,4.618,-0.007,-0.053,0.01,2481,0
1031299,3.809,7.585,4.662,0.009,-0.045,0.0,2479,0
1031319,3.754,7.606,4.693,0.033,-0.051,-0.007,2480,0
1031339,3.773,7.678,4.678,0.038,-0.056,-0.009,2479,0
1031359,3.785,7.717,4.69,0.032,-0.058,-0.014,2478,0
1031379,3.776,7.652,4.669,0.046,-0.046,-0.009,2480,0
1031399,3.857,7.582,4.604,0.06,-0.037,-0.008,2480,0
1031419,3.931,7.635,4.614,0.044,-0.038,-0.015,2480,0
1031439,3.826,7.642,4.681,0.032,-0.035,-0.023,2480,0
1031459,3.795,7.681,4.642,0.044,-0.042,-0.023,2480,0
1031479,3.845,7.793,4.645,0.051,-0.033,-0.02,2480,0
1031499,3.828,7.863,4.683,0.027,-0.022,-0.008,2480,0
1031519,3.783,7.774,4.796,0.026,-0.024,-0.002,2480,0
1031539,3.85,7.738,4.75,0.062,-0.019,-0.001,2480,0
1031559,3.852,7.822,4.767,0.065,-0.022,-0.001,2480,0
1031579,3.766,7.817,4.779,0.045,-0.045,0.007,2480,0
1031599,3.709,7.764,4.705,0.039,-0.055,0.013,2479,0
1031619,3.764,7.695,4.659,0.048,-0.034,0.012,2480,0
1031639,3.824,7.728,4.676,0.062,-0.02,0.005,2480,0
1031659,3.783,7.791,4.681,0.038,-0.027,0.009,2480,0
1031679,3.735,7.666,4.7,0.003,-0.034,0.016,2480,0
1031699,3.802,7.594,4.781,0.035,-0.028,0.004,2480,0
