239713,6.139,7.523,-0.96,0.044,-0.038,-0.018,2500,0
239733,6.151,7.587,-0.948,0.034,-0.039,-0.022,2500,0
239753,6.12,7.638,-0.912,0.031,-0.033,-0.027,2499,0
239773,6.103,7.652,-0.905,0.039,-0.031,-0.025,2500,0
239793,6.108,7.688,-0.922,0.045,-0.042,-0.019,2500,0
239813,6.155,7.661,-0.965,0.043,-0.043,-0.016,2500,0
239833,6.136,7.661,-0.965,0.041,-0.033,-0.018,2500,0
239853,6.155,7.666,-0.931,0.042,-0.029,-0.018,2499,0
239873,6.17,7.638,-0.912,0.038,-0.031,-0.015,2499,0
239893,6.177,7.633,-0.934,0.039,-0.038,-0.018,2500,0
239913,6.144,7.709,-0.96,0.041,-0.041,-0.021,2499,0
239933,6.105,7.757,-0.977,0.031,-0.024,-0.011,2500,0
239953,6.12,7.714,-0.886,0.028,-0.009,-0.004,2498,0
239973,6.141,7.681,-0.814,0.034,-0.011,-0.001,2499,0
239993,6.127,7.664,-0.819,0.036,-0.031,-0.003,2499,0
240013,6.139,7.647,-0.871,0.04,-0.051,-0.002,2499,0
240033,6.127,7.649,-0.891,0.047,-0.047,0.002,2498,0
240053,6.096,7.649,-0.929,0.048,-0.036,0.005,2498,0
240073,6.074,7.628,-0.907,0.039,-0.037,0.002,2499,0
240093,6.11,7.599,-0.912,0.031,-0.042,-0.005,2499,0
240113,6.144,7.58,-0.943,0.031,-0.035,-0.01,2499,0
240133,6.12,7.611,-0.881,0.039,-0.029,-0.015,2500,0
240153,6.081,7.705,-0.848,0.044,-0.039,-0.013,2500,0
240173,6.108,7.717,-0.886,0.048,-0.051,-0.006,2500,0
240193,6.108,7.721,-0.958,0.056,-0.055,-0.004,2498,0
240213,6.12,7.707,-0.994,0.055,-0.056,0.001,2499,0
240233,6.117,7.654,-1.015,0.046,-0.047,0.002,2501,0
240253,6.117,7.645,-0.989,0.039,-0.03,0.002,2498,0
240273,6.129,7.661,-0.965,0.04,-0.027,-0.002,2500,0
240293,6.151,7.654,-0.953,0.045,-0.033,0.0,2499,0
240313,6.127,7.649,-0.953,0.043,-0.036,0.002,2499,0
240333,6.134,7.597,-0.939,0.041,-0.034,0.002,2498,0
240353,6.117,7.597,-0.946,0.046,-0.039,-0.001,2499,0
240373,6.153,7.616,-0.922,0.044,-0.042,-0.003,2498,0
240393,6.132,7.587,-0.941,0.045,-0.044,-0.008,2498,0
240413,6.093,7.609,-0.986,0.049,-0.048,-0.013,2499,0
240433,6.091,7.63,-1.02,0.052,-0.043,-0.011,2499,0
240453,6.06,7.659,-1.063,0.044,-0.031,-0.008,2500,0
240473,6.065,7.635,-0.989,0.034,-0.011,-0.009,2500,0
240493,6.065,7.623,-0.936,0.033,-0.008,-0.012,2500,0
240513,6.074,7.614,-0.888,0.043,-0.02,-0.018,2499,0
240533,6.06,7.654,-0.893,0.048,-0.032,-0.017,2500,0
240553,6.069,7.661,-0.905,0.048,-0.035,-0.018,2498,0
240573,6.081,7.714,-0.857,0.044,-0.028,-0.019,2499,0
240593,6.088,7.724,-0.85,0.04,-0.021,-0.013,2498,0
240613,6.079,7.683,-0.819,0.042,-0.03,-0.01,2499,0
240633,6.127,7.633,-0.836,0.045,-0.049,-0.012,2498,0
240653,6.136,7.635,-0.876,0.036,-0.052,-0.016,2499,0
240673,6.141,7.669,-0.886,0.033,-0.042,-0.019,2499,0
240693,6.084,7.74,-0.871,0.043,-0.048,-0.019,2498,0
240713,6.074,7.803,-0.917,0.042,-0.064,-0.011,2498,0
240733,6.117,7.709,-0.989,0.041,-0.065,0.0,2498,0
240753,6.134,7.685,-1.015,0.046,-0.052,0.0,2499,0
240773,6.112,7.683,-0.967,0.042,-0.035,0.004,2498,0
240793,6.06,7.64,-0.943,0.034,-0.035,0.008,2498,0
240813,6.086,7.614,-0.948,0.037,-0.05,0.0,2498,0
240833,6.108,7.611,-0.972,0.042,-0.054,-0.003,2499,0
240853,6.091,7.621,-0.977,0.046,-0.044,-0.009,2498,0
240873,6.072,7.642,-0.948,0.046,-0.041,-0.011,2501,0
240893,6.081,7.635,-0.989,0.048,-0.054,-0.011,2498,0
240913,6.103,7.661,-1.068,0.049,-0.058,-0.015,2498,0
240933,6.081,7.705,-1.075,0.044,-0.045,-0.014,2499,0
240953,6.05,7.75,-1.027,0.035,-0.03,-0.01,2498,0
240973,6.057,7.721,-0.998,0.037,-0.025,-0.004,2500,0
240993,6.076,7.649,-0.984,0.046,-0.031,-0.001,2501,0
241013,6.1,7.676,-0.941,0.044,-0.033,-0.006,2499,0
241033,6.096,7.661,-0.927,0.036,-0.033,-0.008,2499,0
241053,6.103,7.652,-0.927,0.044,-0.043,-0.007,2498,0
241073,6.108,7.673,-0.958,0.052,-0.052,-0.011,2497,0
241093,6.081,7.712,-1.032,0.046,-0.047,-0.013,2500,0
241113,6.065,7.743,-1.003,0.028,-0.038,-0.01,2498,0
241133,6.088,7.705,-0.934,0.023,-0.027,-0.007,2498,0
241153,6.091,7.673,-0.941,0.043,-0.037,-0.008,2500,0
241173,6.081,7.693,-0.96,0.05,-0.048,-0.006,2498,0
241193,6.06,7.724,-0.982,0.042,-0.05,-0.006,2498,0
241213,6.048,7.719,-0.967,0.036,-0.05,-0.007,2499,0
241233,6.072,7.69,-1.025,0.047,-0.056,-0.003,2501,0
241253,6.093,7.666,-1.087,0.049,-0.052,-0.001,2498,0
241273,6.072,7.669,-1.142,0.045,-0.037,-0.01,2499,0
241293,6.045,7.709,-1.101,0.039,-0.027,-0.007,2499,0
241313,6.029,7.688,-1.053,0.042,-0.021,-0.002,2498,0
241333,6.055,7.693,-1.044,0.041,-0.02,0.002,2498,0
241353,6.086,7.661,-1.049,0.041,-0.014,-0.001,2497,0
241373,6.067,7.633,-1.027,0.04,-0.006,-0.007,2497,0
241393,6.074,7.666,-0.948,0.034,0.005,-0.008,2500,0
241413,6.057,7.64,-0.857,0.03,-0.008,-0.008,2499,0
241433,6.093,7.645,-0.862,0.04,-0.029,-0.012,2497,0
241453,6.048,7.669,-0.96,0.044,-0.042,-0.019,2497,0
241473,6.055,7.697,-1.025,0.035,-0.038,-0.018,2497,0
241493,6.06,7.726,-0.986,0.025,-0.012,-0.015,2498,0
241513,6.009,7.688,-0.919,0.022,-0.005,-0.009,2497,0
241533,6.031,7.621,-0.924,0.029,-0.024,-0.004,2496,0
241553,6.091,7.58,-0.934,0.031,-0.032,-0.017,2499,0
241573,6.043,7.611,-0.972,0.037,-0.044,-0.032,2497,0
241593,6.045,7.709,-0.998,0.041,-0.049,-0.033,2497,0
241613,6.062,7.733,-1.041,0.042,-0.033,-0.026,2498,0
241633,6.086,7.752,-1.008,0.048,-0.028,-0.022,2498,0
241653,6.081,7.752,-1.065,0.062,-0.029,-0.026,2497,0
241673,6.036,7.831,-1.065,0.057,-0.028,-0.022,2497,0
241693,6.048,7.81,-1.058,0.037,-0.025,-0.009,2497,0
241713,6.079,7.772,-1.02,0.042,-0.012,-0.006,2497,0
241733,6.074,7.774,-1.001,0.047,0.005,-0.003,2497,0
241753,6.043,7.781,-0.915,0.039,-0.002,-0.004,2496,0
241773,6.029,7.743,-0.852,0.027,-0.019,-0.001,2496,0
241793,6.041,7.695,-0.862,0.04,-0.034,0.003,2497,0
241813,6.062,7.657,-0.883,0.053,-0.036,0.001,2497,0
241833,6.05,7.685,-0.912,0.049,-0.035,-0.005,2497,0
241853,6.06,7.733,-0.931,0.037,-0.036,-0.007,2498,0
241873,6.048,7.726,-0.948,0.03,-0.038,-0.006,2497,0
241893,6.017,7.719,-0.929,0.034,-0.033,-0.004,2499,0
241913,5.986,7.709,-0.943,0.04,-0.033,-0.002,2498,0
241933,5.981,7.717,-0.96,0.039,-0.037,-0.005,2497,0
241953,6.014,7.714,-0.994,0.03,-0.036,-0.001,2497,0
241973,6.021,7.685,-0.974,0.027,-0.03,-0.001,2498,0
241993,6.019,7.649,-0.998,0.029,-0.026,-0.006,2497,0
242013,6.019,7.669,-0.962,0.024,-0.019,-0.012,2498,0
242033,6.021,7.676,-0.903,0.021,-0.023,-0.019,2498,0
242053,6.0,7.688,-0.91,0.031,-0.035,-0.014,2497,0
242073,6.009,7.709,-0.941,0.041,-0.037,-0.01,2497,0
242093,6.019,7.7,-0.984,0.033,-0.019,-0.011,2498,0
242113,6.045,7.693,-0.922,0.027,-0.018,-0.017,2497,0
242133,6.055,7.69,-0.874,0.034,-0.031,-0.017,2497,0
242153,6.041,7.688,-0.927,0.043,-0.045,-0.017,2497,0
242173,6.048,7.724,-0.974,0.047,-0.046,-0.021,2497,0
242193,6.031,7.776,-0.982,0.043,-0.031,-0.015,2496,0
242213,5.99,7.786,-0.955,0.04,-0.026,-0.008,2496,0
242233,5.988,7.76,-0.927,0.04,-0.03,-0.007,2496,0
242253,5.986,7.755,-0.991,0.044,-0.037,-0.012,2496,0
242273,6.038,7.781,-0.965,0.039,-0.032,-0.008,2496,0
242293,6.045,7.748,-0.912,0.041,-0.024,-0.003,2498,0
242313,6.024,7.772,-0.869,0.049,-0.029,-0.003,2497,0
242333,6.029,7.767,-0.874,0.04,-0.031,0.003,2496,0
242353,6.041,7.709,-0.864,0.037,-0.044,0.003,2497,0
242373,6.024,7.74,-0.939,0.042,-0.06,0.002,2496,0
242393,6.012,7.731,-0.977,0.049,-0.063,0.008,2496,0
242413,5.981,7.697,-1.046,0.053,-0.055,0.008,2497,0
242433,5.988,7.676,-1.056,0.049,-0.039,0.002,2497,0
242453,5.969,7.712,-1.032,0.038,-0.031,0.0,2496,0
242473,5.923,7.697,-0.984,0.032,-0.031,0.001,2497,0
242493,5.959,7.633,-0.943,0.036,-0.031,0.001,2497,0
242513,6.007,7.618,-0.924,0.04,-0.023,-0.007,2497,0
242533,6.002,7.623,-0.883,0.033,-0.029,-0.018,2497,0
242553,5.993,7.664,-0.91,0.029,-0.05,-0.02,2497,0
242573,6.0,7.681,-0.917,0.032,-0.054,-0.023,2497,0
242593,6.007,7.7,-0.965,0.04,-0.052,-0.023,2498,0
242613,5.995,7.709,-0.979,0.04,-0.044,-0.02,2496,0
242633,5.981,7.738,-0.962,0.031,-0.043,-0.022,2496,0
242653,6.024,7.757,-0.962,0.033,-0.057,-0.023,2497,0
242673,6.021,7.774,-1.022,0.041,-0.064,-0.022,2498,0
242693,6.009,7.779,-1.058,0.043,-0.058,-0.019,2496,0
242713,6.009,7.793,-1.039,0.031,-0.038,-0.016,2496,0
242733,5.997,7.817,-0.994,0.031,-0.03,-0.013,2497,0
242753,5.957,7.798,-0.982,0.037,-0.043,-0.01,2498,0
242773,5.966,7.798,-1.027,0.035,-0.053,-0.01,2496,0
242793,6.009,7.721,-1.01,0.037,-0.042,-0.011,2497,0
242813,5.995,7.786,-0.962,0.04,-0.026,-0.011,2496,0
242833,5.969,7.786,-0.881,0.033,-0.029,-0.007,2497,0
242853,6.005,7.724,-0.917,0.029,-0.055,-0.005,2496,0
242873,6.053,7.681,-0.912,0.028,-0.053,-0.012,2496,0
242893,5.974,7.695,-0.9,0.032,-0.045,-0.014,2496,0
242913,5.933,7.772,-0.843,0.037,-0.058,-0.014,2495,0
242933,5.933,7.798,-0.9,0.037,-0.066,-0.014,2496,0
242953,5.959,7.748,-0.996,0.039,-0.071,-0.012,2497,0
242973,6.009,7.724,-1.077,0.045,-0.069,-0.013,2496,0
242993,5.971,7.764,-1.077,0.043,-0.05,-0.015,2495,0
243013,5.957,7.762,-1.049,0.044,-0.043,-0.014,2497,0
243033,5.974,7.755,-1.061,0.055,-0.042,-0.013,2496,0
243053,5.974,7.75,-1.106,0.059,-0.041,-0.015,2496,0
243073,5.942,7.834,-1.106,0.055,-0.022,-0.015,2497,0
243093,5.928,7.853,-1.039,0.035,-0.018,-0.006,2496,0
243113,5.966,7.796,-0.962,0.027,-0.021,0.002,2498,0
243133,5.993,7.721,-0.977,0.036,-0.035,0.002,2496,0
243153,5.976,7.705,-0.931,0.043,-0.047,-0.003,2496,0
243173,5.964,7.707,-0.972,0.043,-0.048,-0.006,2497,0
243193,5.974,7.728,-0.962,0.046,-0.05,-0.012,2497,0
243213,5.99,7.769,-0.991,0.043,-0.053,-0.011,2497,0
243233,5.966,7.738,-1.01,0.038,-0.055,-0.011,2496,0
243253,5.99,7.748,-1.018,0.037,-0.056,-0.012,2497,0
243273,5.981,7.769,-1.001,0.044,-0.047,-0.009,2496,0
243293,5.966,7.774,-0.979,0.053,-0.053,-0.009,2496,0
243313,5.974,7.757,-1.02,0.052,-0.069,-0.011,2496,0
243333,5.978,7.76,-1.118,0.054,-0.075,-0.014,2495,0
243353,5.971,7.757,-1.185,0.067,-0.056,-0.016,2497,0
243373,5.921,7.819,-1.166,0.086,-0.035,-0.019,2497,0
243393,5.89,7.889,-1.099,0.084,-0.021,-0.009,2496,0
243413,5.916,7.853,-1.118,0.06,-0.031,0.004,2496,0
243433,6.007,7.731,-1.077,0.049,-0.036,0.001,2496,0
243453,6.017,7.69,-1.053,0.051,-0.031,-0.006,2496,0
243473,5.983,7.731,-1.041,0.059,-0.033,-0.011,2497,0
243493,5.969,7.776,-1.082,0.06,-0.039,-0.012,2496,0
243513,5.954,7.819,-1.106,0.057,-0.04,-0.007,2496,0
243533,5.933,7.841,-1.142,0.056,-0.037,-0.005,2495,0
243553,5.94,7.867,-1.073,0.051,-0.024,0.001,2497,0
243573,5.959,7.815,-1.025,0.046,-0.015,0.009,2495,0
243593,5.974,7.757,-1.018,0.055,-0.037,0.008,2496,0
243613,5.986,7.788,-1.068,0.056,-0.047,0.009,2497,0
243633,5.916,7.791,-1.075,0.048,-0.041,0.011,2497,0
243653,5.899,7.767,-1.077,0.043,-0.035,0.013,2496,0
243673,5.926,7.695,-1.089,0.038,-0.029,0.011,2495,0
243693,5.964,7.626,-1.061,0.034,-0.031,0.002,2495,0
243713,5.988,7.647,-1.049,0.033,-0.032,-0.006,2496,0
243733,5.94,7.705,-0.991,0.034,-0.033,-0.011,2498,0
243753,5.868,7.76,-0.982,0.034,-0.049,-0.01,2497,0
243773,5.892,7.772,-1.022,0.036,-0.061,-0.009,2495,0
243793,5.935,7.755,-1.077,0.035,-0.062,-0.007,2496,0
243813,5.923,7.721,-1.106,0.037,-0.056,-0.008,2497,0
243833,5.921,7.7,-1.087,0.03,-0.049,-0.014,2497,0
243853,5.945,7.693,-1.063,0.016,-0.045,-0.017,2496,0
243873,5.95,7.707,-1.051,0.012,-0.048,-0.022,2496,0
243893,5.962,7.721,-1.051,0.021,-0.058,-0.022,2496,0
243913,5.935,7.743,-1.147,0.031,-0.058,-0.023,2497,0
243933,5.923,7.745,-1.132,0.029,-0.053,-0.027,2496,0
243953,5.942,7.788,-1.135,0.032,-0.056,-0.027,2496,0
243973,5.911,7.86,-1.152,0.042,-0.06,-0.024,2496,0
243993,5.895,7.877,-1.188,0.045,-0.058,-0.015,2496,0
244013,5.895,7.829,-1.183,0.046,-0.041,-0.011,2497,0
244033,5.906,7.827,-1.125,0.043,-0.026,-0.01,2496,0
244053,5.952,7.803,-1.092,0.04,-0.028,-0.011,2497,0
244073,5.954,7.791,-1.094,0.036,-0.042,-0.011,2497,0
244093,5.957,7.762,-1.099,0.04,-0.052,-0.01,2496,0
244113,5.918,7.812,-1.075,0.042,-0.044,-0.011,2495,0
244133,5.904,7.834,-1.068,0.042,-0.048,-0.008,2496,0
244153,5.904,7.846,-1.152,0.051,-0.062,-0.006,2496,0
244173,5.947,7.839,-1.197,0.054,-0.056,-0.001,2496,0
244193,5.918,7.827,-1.164,0.048,-0.036,0.003,2496,0
244213,5.892,7.781,-1.125,0.041,-0.028,0.005,2495,0
244233,5.916,7.736,-1.125,0.041,-0.039,0.004,2496,0
244253,5.954,7.731,-1.135,0.043,-0.045,-0.005,2496,0
244273,5.911,7.767,-1.123,0.041,-0.045,-0.008,2496,0
244293,5.902,7.812,-1.128,0.042,-0.044,-0.005,2496,0
244313,5.878,7.829,-1.073,0.039,-0.044,-0.002,2495,0
244333,5.916,7.805,-1.156,0.042,-0.047,0.002,2496,0
244353,5.964,7.76,-1.173,0.045,-0.045,-0.001,2496,0
244373,5.957,7.752,-1.14,0.044,-0.037,-0.001,2496,0
244393,5.895,7.779,-1.097,0.038,-0.038,0.001,2496,0
244413,5.866,7.803,-1.149,0.036,-0.041,-0.001,2495,0
244433,5.885,7.788,-1.13,0.037,-0.042,0.002,2496,0
244453,5.952,7.757,-1.132,0.047,-0.045,0.0,2496,0
244473,5.964,7.807,-1.152,0.056,-0.044,-0.003,2496,0
244493,5.911,7.843,-1.164,0.056,-0.048,-0.001,2496,0
244513,5.902,7.839,-1.214,0.058,-0.052,0.01,2497,0
244533,5.926,7.807,-1.267,0.053,-0.047,0.008,2496,0
244553,5.94,7.791,-1.334,0.044,-0.036,0.004,2494,0
244573,5.964,7.788,-1.276,0.035,-0.017,0.008,2497,0
244593,5.935,7.784,-1.188,0.041,-0.002,0.003,2497,0
244613,5.952,7.812,-1.104,0.03,0.003,0.007,2496,0
244633,5.918,7.762,-1.02,0.012,-0.004,0.013,2497,0
244653,5.938,7.683,-0.998,0.016,-0.018,0.011,2496,0
244673,5.945,7.645,-1.037,0.029,-0.03,0.001,2496,0
244693,5.93,7.645,-1.135,0.027,-0.041,-0.011,2496,0
244713,5.895,7.717,-1.159,0.01,-0.035,-0.018,2496,0
244733,5.909,7.705,-1.152,0.002,-0.025,-0.019,2497,0
244753,5.904,7.733,-1.164,0.021,-0.024,-0.025,2495,0
244773,5.88,7.767,-1.219,0.026,-0.033,-0.025,2496,0
244793,5.871,7.788,-1.267,0.017,-0.032,-0.022,2497,0
244813,5.875,7.772,-1.264,0.023,-0.022,-0.024,2497,0
244833,5.842,7.829,-1.252,0.042,-0.017,-0.028,2498,0
244853,5.866,7.827,-1.288,0.036,-0.012,-0.023,2497,0
244873,5.928,7.764,-1.257,0.02,0.004,-0.027,2498,0
244893,5.974,7.786,-1.18,0.022,0.019,-0.04,2498,0
244913,5.945,7.898,-1.058,0.025,0.026,-0.044,2499,0
244933,5.916,7.954,-1.01,0.011,0.021,-0.032,2497,0
244953,5.954,7.906,-0.941,0.001,0.026,-0.017,2497,0
244973,5.94,7.803,-0.903,0.017,0.031,-0.017,2496,0
244993,5.945,7.819,-0.864,0.028,0.017,-0.018,2496,0
245013,5.928,7.879,-0.852,0.017,-0.001,-0.019,2497,0
245033,5.89,7.894,-0.862,0.02,-0.017,-0.014,2498,0
245053,5.827,7.934,-0.828,0.046,-0.018,0.003,2498,0
245073,5.78,7.951,-0.797,0.056,-0.02,0.019,2498,0
245093,5.808,7.836,-0.864,0.045,-0.032,0.028,2496,0
245113,5.866,7.664,-0.838,0.046,-0.035,0.027,2497,0
245133,5.873,7.575,-0.857,0.063,-0.037,0.013,2497,0
245153,5.854,7.609,-0.886,0.067,-0.056,0.001,2496,0
245173,5.89,7.611,-0.905,0.051,-0.067,0.0,2497,0
245193,5.866,7.594,-0.917,0.059,-0.064,-0.007,2497,0
245213,5.792,7.63,-0.996,0.082,-0.074,-0.02,2497,0
245233,5.82,7.676,-1.211,0.076,-0.085,-0.024,2498,0
245253,5.863,7.673,-1.271,0.054,-0.067,-0.029,2497,0
245273,5.875,7.709,-1.281,0.051,-0.036,-0.037,2498,0
245293,5.839,7.755,-1.199,0.058,-0.018,-0.039,2497,0
245313,5.842,7.779,-1.226,0.055,-0.025,-0.035,2498,0
245333,5.854,7.731,-1.226,0.058,-0.037,-0.041,2497,0
245353,5.868,7.781,-1.226,0.074,-0.035,-0.051,2496,0
245373,5.849,7.872,-1.255,0.086,-0.028,-0.055,2497,0
245393,5.801,7.956,-1.255,0.089,-0.034,-0.052,2497,0
245413,5.859,7.992,-1.283,0.093,-0.021,-0.044,2497,0
245433,5.887,7.939,-1.29,0.088,0.005,-0.037,2497,0
245453,5.88,7.908,-1.188,0.083,0.012,-0.038,2497,0
245473,5.816,8.006,-1.089,0.077,0.005,-0.041,2497,0
245493,5.818,8.095,-1.027,0.057,-0.006,-0.033,2497,0
245513,5.866,8.028,-1.027,0.049,-0.015,-0.017,2497,0
245533,5.868,7.946,-1.02,0.067,-0.013,-0.011,2497,0
245553,5.837,7.954,-1.077,0.075,-0.02,-0.011,2496,0
245573,5.806,7.982,-1.053,0.043,-0.03,-0.012,2496,0
245593,5.816,7.932,-1.025,0.011,-0.026,-0.006,2496,0
245613,5.78,7.851,-0.989,0.008,-0.015,-0.002,2497,0
245633,5.727,7.81,-0.931,0.024,-0.008,-0.008,2497,0
245653,5.744,7.831,-0.934,0.02,-0.024,-0.013,2496,0
245673,5.801,7.827,-0.934,0.009,-0.042,-0.015,2495,0
245693,5.789,7.817,-0.982,0.021,-0.053,-0.022,2497,0
245713,5.763,7.867,-1.077,0.03,-0.053,-0.022,2498,0
245733,5.76,7.896,-1.123,0.021,-0.043,-0.014,2497,0
245753,5.772,7.807,-1.123,0.014,-0.035,-0.005,2498,0
245773,5.796,7.788,-1.12,0.034,-0.04,-0.018,2497,0
245793,5.763,7.927,-1.101,0.038,-0.039,-0.031,2497,0
245813,5.72,8.011,-1.046,0.027,-0.042,-0.027,2497,0
245833,5.751,8.042,-0.974,0.034,-0.042,-0.012,2496,0
245853,5.801,8.021,-0.924,0.054,-0.034,-0.004,2497,0
245873,5.804,8.016,-0.924,0.054,-0.045,0.0,2496,0
245893,5.839,7.985,-0.974,0.019,-0.062,0.008,2496,0
245913,5.866,7.87,-0.977,-0.014,-0.056,0.014,2497,0
245933,5.873,7.755,-0.953,-0.005,-0.05,0.013,2496,0
245953,5.851,7.719,-1.058,0.018,-0.073,0.002,2498,0
245973,5.842,7.767,-1.307,0.009,-0.09,-0.009,2498,0
245993,5.856,7.75,-1.439,-0.022,-0.08,-0.01,2499,0
246013,5.816,7.772,-1.477,0.001,-0.061,-0.02,2496,0
246033,5.725,7.891,-1.547,0.036,-0.051,-0.02,2498,0
246053,5.705,7.951,-1.597,0.042,-0.03,-0.007,2497,0
246073,5.717,7.93,-1.561,0.04,-0.002,0.003,2497,0
246093,5.672,7.831,-1.508,0.07,0.011,0.0,2497,0
246113,5.641,7.853,-1.489,0.095,0.011,-0.003,2498,0
246133,5.71,7.889,-1.427,0.086,0.034,-0.006,2497,0
246153,5.725,7.843,-1.233,0.074,0.058,-0.009,2497,0
246173,5.734,7.851,-1.044,0.085,0.065,-0.014,2496,0
246193,5.765,7.834,-0.934,0.081,0.056,-0.023,2497,0
246213,5.823,7.843,-0.881,0.052,0.045,-0.034,2497,0
246233,5.854,7.829,-0.783,0.029,0.05,-0.044,2496,0
246253,5.851,7.896,-0.699,0.027,0.043,-0.054,2497,0
246273,5.816,8.045,-0.682,0.024,0.015,-0.056,2498,0
246293,5.818,8.112,-0.737,0.008,-0.009,-0.042,2499,0
246313,5.83,8.095,-0.702,0.005,-0.016,-0.024,2498,0
246333,5.813,8.028,-0.656,0.02,-0.008,-0.012,2497,0
246353,5.801,7.963,-0.646,0.035,-0.032,-0.01,2496,0
246373,5.83,7.966,-0.754,0.033,-0.073,-0.009,2496,0
246393,5.806,7.975,-0.812,0.027,-0.082,0.001,2496,0
246413,5.708,7.937,-0.929,0.044,-0.075,0.006,2496,0
246433,5.66,7.949,-0.986,0.054,-0.066,0.005,2497,0
246453,5.686,7.934,-1.039,0.025,-0.053,0.003,2496,0
246473,5.715,7.855,-1.032,0.009,-0.051,-0.004,2495,0
246493,5.713,7.846,-1.039,0.033,-0.051,-0.011,2496,0
246513,5.677,7.925,-1.097,0.053,-0.052,-0.012,2498,0
246533,5.66,7.999,-1.14,0.043,-0.052,-0.008,2498,0
246553,5.693,7.999,-1.125,0.029,-0.048,-0.005,2497,0
246573,5.71,8.001,-1.137,0.03,-0.037,0.0,2496,0
246593,5.765,7.946,-1.104,0.047,-0.03,0.004,2497,0
246613,5.799,7.903,-1.068,0.06,-0.035,0.002,2496,0
246633,5.851,7.994,-0.994,0.05,-0.026,0.004,2497,0
246653,5.816,8.013,-0.867,0.041,-0.025,0.011,2496,0
246673,5.801,8.021,-0.824,0.046,-0.05,0.018,2497,0
246693,5.811,7.994,-0.848,0.046,-0.065,0.02,2497,0
246713,5.825,7.942,-0.891,0.038,-0.074,0.027,2498,0
246733,5.818,7.93,-0.948,0.041,-0.081,0.033,2497,0
246753,5.813,7.915,-0.977,0.033,-0.075,0.03,2498,0
246773,5.784,7.889,-1.027,0.013,-0.077,0.031,2496,0
246793,5.765,7.858,-1.075,0.002,-0.085,0.027,2497,0
246813,5.734,7.851,-1.135,0.006,-0.084,0.026,2496,0
246833,5.681,7.891,-1.226,0.023,-0.08,0.025,2497,0
246853,5.646,7.93,-1.279,0.016,-0.064,0.027,2497,0
246873,5.636,7.894,-1.247,-0.004,-0.039,0.032,2496,0
246893,5.646,7.757,-1.149,0.0,-0.03,0.03,2497,0
246913,5.691,7.683,-1.18,0.022,-0.04,0.022,2497,0
246933,5.768,7.609,-1.267,0.032,-0.054,0.011,2496,0
246953,5.799,7.59,-1.348,0.036,-0.05,-0.003,2497,0
246973,5.787,7.733,-1.391,0.06,-0.037,-0.023,2496,0
246993,5.794,7.884,-1.403,0.066,-0.03,-0.027,2496,0
247013,5.806,7.954,-1.403,0.072,-0.031,-0.026,2496,0
247033,5.808,8.042,-1.444,0.082,-0.018,-0.03,2497,0
247053,5.844,8.143,-1.413,0.079,0.016,-0.026,2497,0
247073,5.897,8.174,-1.324,0.053,0.05,-0.012,2496,0
247093,5.95,8.15,-1.137,0.035,0.071,0.002,2497,0
247113,5.923,8.147,-0.953,0.023,0.075,0.016,2497,0
247133,5.895,8.085,-0.745,0.008,0.073,0.033,2496,0
247153,5.863,7.982,-0.606,0.006,0.058,0.04,2496,0
247173,5.911,7.872,-0.534,0.022,0.023,0.041,2497,0
247193,5.959,7.788,-0.584,0.034,-0.008,0.038,2497,0
247213,5.947,7.805,-0.668,0.03,-0.038,0.028,2496,0
247233,5.878,7.855,-0.792,0.01,-0.051,0.023,2496,0
247253,5.772,7.913,-0.905,-0.001,-0.054,0.025,2497,0
247273,5.748,7.922,-0.97,0.005,-0.036,0.031,2496,0
247293,5.756,7.884,-1.01,0.004,-0.013,0.041,2497,0
247313,5.756,7.791,-0.962,0.002,0.002,0.042,2497,0
247333,5.756,7.719,-0.883,0.002,0.009,0.041,2498,0
247353,5.765,7.628,-0.788,0.005,0.001,0.038,2496,0
247373,5.782,7.549,-0.776,0.024,-0.019,0.028,2496,0
247393,5.804,7.53,-0.855,0.037,-0.04,0.013,2496,0
247413,5.871,7.537,-0.867,0.035,-0.039,-0.001,2497,0
247433,5.856,7.59,-0.888,0.036,-0.037,-0.018,2496,0
247453,5.82,7.731,-0.864,0.046,-0.05,-0.029,2495,0
247473,5.82,7.788,-0.958,0.05,-0.065,-0.027,2497,0
247493,5.811,7.791,-1.092,0.058,-0.073,-0.025,2496,0
247513,5.823,7.86,-1.116,0.068,-0.059,-0.029,2496,0
247533,5.837,7.925,-1.097,0.068,-0.035,-0.023,2497,0
247553,5.851,7.908,-1.073,0.064,-0.026,-0.014,2496,0
247573,5.899,7.853,-1.051,0.068,-0.031,-0.014,2496,0
247593,5.906,7.855,-1.037,0.067,-0.029,-0.014,2496,0
247613,5.899,7.91,-1.008,0.061,-0.018,-0.019,2497,0
247633,5.873,7.985,-0.941,0.052,-0.014,-0.016,2497,0
247653,5.897,7.977,-0.883,0.043,-0.011,-0.009,2496,0
247673,5.933,7.951,-0.843,0.035,-0.004,-0.002,2496,0
247693,5.928,7.915,-0.776,0.037,-0.013,0.002,2498,0
247713,5.933,7.898,-0.783,0.043,-0.032,0.005,2497,0
247733,5.93,7.884,-0.84,0.045,-0.048,0.008,2497,0
247753,5.883,7.939,-0.922,0.049,-0.057,0.01,2496,0
247773,5.813,7.977,-0.95,0.043,-0.053,0.019,2497,0
247793,5.76,7.906,-0.943,0.04,-0.054,0.027,2496,0
247813,5.792,7.822,-1.003,0.039,-0.052,0.022,2496,0
247833,5.825,7.767,-1.039,0.038,-0.047,0.013,2497,0
247853,5.849,7.781,-1.03,0.038,-0.038,0.006,2497,0
247873,5.83,7.831,-1.027,0.031,-0.031,0.005,2495,0
247893,5.813,7.805,-0.984,0.026,-0.037,0.011,2495,0
247913,5.832,7.743,-1.013,0.037,-0.045,0.01,2495,0
247933,5.851,7.728,-1.053,0.048,-0.045,0.004,2496,0
247953,5.816,7.74,-1.073,0.047,-0.033,-0.002,2496,0
247973,5.818,7.769,-1.044,0.043,-0.027,-0.007,2497,0
247993,5.863,7.786,-1.03,0.033,-0.018,-0.007,2496,0
248013,5.904,7.736,-0.967,0.029,-0.011,-0.007,2495,0
248033,5.909,7.683,-0.895,0.03,-0.014,-0.014,2496,0
248053,5.895,7.721,-0.86,0.034,-0.023,-0.026,2496,0
248073,5.88,7.815,-0.9,0.041,-0.041,-0.033,2497,0
248093,5.88,7.913,-0.955,0.046,-0.056,-0.029,2497,0
248113,5.832,7.968,-1.008,0.047,-0.051,-0.02,2496,0
248133,5.801,7.985,-0.996,0.043,-0.038,-0.007,2496,0
248153,5.808,7.951,-0.97,0.043,-0.027,0.001,2496,0
248173,5.856,7.898,-0.936,0.042,-0.028,0.001,2497,0
248193,5.899,7.851,-0.91,0.04,-0.037,-0.0,2495,0
248213,5.904,7.824,-0.891,0.04,-0.042,-0.002,2496,0
248233,5.88,7.889,-0.836,0.04,-0.046,-0.004,2495,0
248253,5.863,7.903,-0.848,0.044,-0.059,-0.001,2495,0
248273,5.887,7.918,-0.912,0.045,-0.068,0.005,2496,0
248293,5.873,7.879,-1.001,0.046,-0.067,0.003,2496,0
248313,5.871,7.91,-1.051,0.039,-0.053,0.006,2496,0
248333,5.856,7.887,-1.03,0.034,-0.043,0.009,2496,0
248353,5.88,7.86,-1.02,0.031,-0.044,0.013,2495,0
248373,5.899,7.798,-1.056,0.032,-0.047,0.012,2495,0
248393,5.897,7.76,-1.082,0.037,-0.044,0.007,2496,0
248413,5.837,7.8,-1.061,0.036,-0.03,0.004,2495,0
248433,5.808,7.793,-1.039,0.033,-0.026,0.008,2495,0
248453,5.83,7.767,-0.991,0.031,-0.028,0.0,2496,0
248473,5.856,7.7,-1.001,0.039,-0.033,-0.003,2496,0
248493,5.863,7.731,-1.013,0.054,-0.034,-0.013,2496,0
248513,5.861,7.779,-1.01,0.048,-0.031,-0.018,2496,0
248533,5.844,7.817,-1.022,0.036,-0.032,-0.014,2496,0
248553,5.832,7.817,-0.955,0.034,-0.032,-0.013,2497,0
248573,5.868,7.822,-0.979,0.042,-0.032,-0.014,2495,0
248593,5.866,7.872,-1.015,0.048,-0.039,-0.014,2496,0
248613,5.873,7.882,-0.998,0.048,-0.04,-0.009,2494,0
248633,5.909,7.843,-0.974,0.045,-0.033,-0.006,2496,0
248653,5.902,7.834,-0.871,0.039,-0.034,-0.003,2495,0
248673,5.868,7.817,-0.867,0.041,-0.051,-0.002,2495,0
248693,5.859,7.817,-0.867,0.048,-0.068,-0.002,2496,0
248713,5.861,7.812,-0.86,0.042,-0.066,-0.004,2496,0
248733,5.835,7.81,-0.828,0.041,-0.071,-0.007,2495,0
248753,5.88,7.8,-0.821,0.035,-0.083,-0.01,2495,0
248773,5.914,7.776,-0.831,0.038,-0.084,-0.013,2497,0
248793,5.875,7.731,-0.831,0.064,-0.105,-0.022,2495,0
248813,5.854,7.894,-0.96,0.114,-0.117,-0.036,2495,0
248833,5.799,8.056,-1.125,0.078,-0.116,-0.024,2496,0
248853,5.787,8.001,-1.221,0.037,-0.112,-0.006,2496,0
248873,5.813,7.944,-1.269,0.042,-0.096,-0.004,2495,0
248893,5.775,7.942,-1.322,0.048,-0.076,-0.003,2495,0
248913,5.775,7.901,-1.336,0.042,-0.059,0.003,2495,0
248933,5.813,7.884,-1.336,0.036,-0.046,0.003,2495,0
248953,5.856,7.853,-1.271,0.032,-0.021,0.01,2495,0
248973,5.863,7.812,-1.18,0.026,-0.004,0.012,2495,0
248993,5.892,7.748,-1.077,0.029,-0.009,0.01,2497,0
249013,5.863,7.762,-0.998,0.032,-0.018,0.007,2496,0
249033,5.825,7.752,-0.991,0.045,-0.041,0.002,2496,0
249053,5.849,7.767,-1.063,0.058,-0.051,-0.002,2495,0
249073,5.827,7.781,-1.082,0.058,-0.046,-0.002,2495,0
249093,5.825,7.803,-1.13,0.056,-0.049,-0.008,2496,0
249113,5.789,7.824,-1.135,0.052,-0.053,-0.01,2496,0
249133,5.796,7.858,-1.188,0.05,-0.046,-0.01,2496,0
249153,5.842,7.853,-1.166,0.055,-0.035,-0.009,2496,0
249173,5.837,7.863,-1.171,0.054,-0.029,-0.007,2495,0
249193,5.832,7.858,-1.118,0.052,-0.034,-0.012,2496,0
249213,5.825,7.889,-1.171,0.048,-0.039,-0.012,2494,0
249233,5.844,7.894,-1.164,0.043,-0.026,-0.008,2495,0
249253,5.868,7.898,-1.08,0.037,-0.015,-0.005,2495,0
249273,5.849,7.839,-1.022,0.031,-0.011,-0.003,2495,0
249293,5.887,7.815,-0.982,0.037,-0.022,-0.002,2494,0
249313,5.892,7.853,-0.953,0.041,-0.033,-0.007,2495,0
249333,5.827,7.896,-0.953,0.043,-0.058,-0.004,2495,0
249353,5.825,7.906,-1.037,0.05,-0.072,0.003,2496,0
249373,5.866,7.86,-1.073,0.049,-0.063,0.005,2496,0
249393,5.883,7.846,-1.092,0.053,-0.066,0.002,2495,0
249413,5.859,7.865,-1.154,0.055,-0.076,0.003,2496,0
249433,5.837,7.865,-1.192,0.046,-0.067,0.006,2495,0
249453,5.792,7.872,-1.192,0.048,-0.059,0.006,2495,0
249473,5.784,7.867,-1.223,0.055,-0.051,0.009,2496,0
249493,5.772,7.824,-1.259,0.057,-0.057,0.014,2495,0
249513,5.856,7.726,-1.293,0.047,-0.046,0.007,2495,0
249533,5.863,7.726,-1.243,0.043,-0.032,-0.005,2494,0
249553,5.808,7.774,-1.223,0.049,-0.036,-0.011,2497,0
249573,5.808,7.86,-1.228,0.045,-0.037,-0.012,2495,0
249593,5.827,7.884,-1.209,0.043,-0.027,-0.006,2495,0
249613,5.835,7.824,-1.19,0.054,-0.025,-0.002,2495,0
249633,5.868,7.817,-1.192,0.062,-0.025,-0.005,2495,0
249653,5.902,7.793,-1.223,0.052,-0.027,-0.008,2494,0
249673,5.892,7.805,-1.202,0.048,-0.025,-0.008,2492,0
249693,5.904,7.748,-1.178,0.057,-0.026,-0.01,2494,0
249713,5.88,7.807,-1.176,0.063,-0.027,-0.015,2494,0
249733,5.885,7.817,-1.106,0.05,-0.036,-0.017,2495,0
249753,5.902,7.76,-1.137,0.059,-0.054,-0.016,2494,0
249773,5.916,7.752,-1.178,0.084,-0.063,-0.024,2494,0
249793,5.906,7.757,-1.228,0.088,-0.066,-0.021,2494,0
249813,5.904,7.702,-1.271,0.091,-0.078,-0.024,2494,0
249833,5.909,7.657,-1.329,0.107,-0.094,-0.039,2494,0
249853,5.974,7.669,-1.463,0.132,-0.113,-0.053,2492,0
249873,6.103,7.618,-1.635,0.155,-0.147,-0.058,2492,0
249893,6.213,7.575,-1.832,0.198,-0.213,-0.065,2492,0
249913,6.34,7.479,-2.093,0.268,-0.275,-0.065,2492,0
249933,6.385,7.434,-2.387,0.341,-0.327,-0.083,2491,0
249953,6.172,7.537,-2.772,0.44,-0.445,-0.102,2489,0
249973,5.914,7.834,-3.201,0.398,-0.614,-0.094,2484,0
249993,5.741,7.858,-4.053,0.409,-0.775,-0.059,2483,0
250013,5.65,7.633,-4.887,0.505,-0.985,-0.031,2481,0
250033,5.507,7.578,-5.897,0.61,-1.078,0.045,2482,0
250053,5.234,8.083,-6.768,0.512,-1.045,0.176,2484,0
250073,4.606,8.361,-7.336,0.251,-1.055,0.212,2497,0
250093,4.061,7.877,-7.096,0.273,-1.093,0.159,2512,0
250113,3.474,7.829,-8.035,0.48,-1.443,0.104,2525,0
250133,2.868,8.384,-9.491,0.617,-1.739,0.194,2534,0
250153,2.83,8.938,-9.847,0.499,-1.54,0.311,2542,0
250173,2.351,8.871,-9.438,0.477,-1.267,0.107,2544,0
250193,1.422,8.734,-10.467,0.877,-0.874,-0.37,2545,0
250213,0.651,9.443,-12.912,1.339,0.147,-0.858,2546,0
250233,-1.018,10.843,-13.757,1.678,1.857,-1.171,2545,0
250253,-2.61,12.285,-13.52,1.892,3.676,-1.375,2546,0
250273,-4.14,13.137,-11.966,2.082,5.669,-1.484,2542,0
250293,-5.428,13.417,-9.72,1.896,7.819,-1.304,2526,0
250313,-7.439,12.771,-6.706,1.541,8.731,-1.062,2509,0
250333,-9.56,11.061,-3.699,1.386,8.731,-0.953,2484,0
250353,-10.901,11.971,0.172,1.01,8.731,-0.624,2450,0
250373,-11.966,12.402,4.228,0.295,8.731,0.23,2417,0
250393,-11.806,10.453,6.009,0.337,8.731,0.957,2385,0
250413,-8.806,10.91,10.264,-0.021,7.223,1.458,2369,0
250433,-5.674,9.531,14.186,-0.693,6.29,1.658,2355,0
250453,-3.757,5.856,15.239,-0.392,4.979,1.473,2344,0
250473,-2.054,3.962,13.673,0.783,3.675,1.061,2336,0
250493,-0.555,5.708,12.534,1.571,3.243,0.794,2332,0
250513,-0.251,7.099,12.869,1.243,3.183,0.709,2331,0
250533,-0.223,6.373,12.639,0.8,2.592,0.616,2329,0
250553,-0.108,5.454,11.672,0.69,1.753,0.488,2334,0
250573,0.512,5.399,10.999,0.814,1.274,0.321,2341,0
250593,1.221,6.333,10.829,0.706,1.196,0.162,2352,0
250613,1.513,6.687,10.472,0.276,1.017,0.082,2352,0
250633,1.867,6.098,9.989,-0.032,0.63,0.028,2357,0
250653,2.444,5.581,9.416,0.051,0.251,-0.104,2363,0
250673,3.089,6.067,8.557,0.196,0.044,-0.262,2369,0
250693,3.469,6.79,7.851,0.153,-0.007,-0.36,2375,0
250713,3.419,6.979,7.374,0.075,-0.064,-0.404,2377,0
250733,3.294,7.053,6.764,0.123,-0.217,-0.442,2381,0
250753,3.402,7.53,5.981,0.154,-0.334,-0.45,2385,0
250773,3.534,8.169,5.557,0.048,-0.342,-0.404,2395,0
250793,3.5,8.344,5.444,-0.106,-0.304,-0.312,2399,0
250813,3.587,8.298,5.234,-0.192,-0.334,-0.201,2401,0
250833,3.859,7.887,4.98,-0.099,-0.341,-0.139,2405,0
250853,3.864,7.975,4.736,0.155,-0.291,-0.14,2408,0
250873,3.699,8.478,4.456,0.277,-0.231,-0.103,2409,0
250893,3.677,8.653,4.245,0.171,-0.184,-0.006,2411,0
250913,3.682,8.236,4.254,0.033,-0.128,0.064,2412,0
250933,3.673,7.819,4.525,0.055,-0.038,0.075,2411,0
250953,3.622,7.767,4.781,0.131,0.021,0.082,2411,0
250973,3.522,7.779,4.855,0.118,0.017,0.09,2411,0
250993,3.5,7.621,4.98,0.04,-0.009,0.093,2409,0
251013,3.476,7.329,5.16,-0.012,-0.007,0.089,2408,0
251033,3.524,7.271,5.392,0.028,0.041,0.063,2407,0
251053,3.445,7.338,5.473,0.068,0.03,0.038,2407,0
251073,3.421,7.355,5.464,0.05,-0.036,0.032,2406,0
251093,3.486,7.257,5.497,0.042,-0.074,0.018,2408,0
251113,3.512,7.369,5.368,0.047,-0.101,-0.013,2406,0
251133,3.534,7.489,5.246,0.022,-0.126,-0.026,2406,0
251153,3.496,7.472,5.164,0.025,-0.117,-0.029,2408,0
251173,3.376,7.475,5.078,0.07,-0.11,-0.032,2407,0
251193,3.476,7.547,4.961,0.098,-0.119,-0.026,2407,0
251213,3.587,7.47,4.922,0.087,-0.112,-0.025,2407,0
251233,3.622,7.477,4.803,0.058,-0.115,-0.034,2409,0
251253,3.601,7.491,4.791,0.034,-0.121,-0.028,2410,0
251273,3.651,7.537,4.831,0.047,-0.085,-0.028,2411,0
251293,3.663,7.628,4.937,0.053,-0.014,-0.04,2412,0
251313,3.618,7.81,4.968,0.047,0.015,-0.048,2413,0
251333,3.529,7.831,5.033,0.034,-0.002,-0.029,2412,0
251353,3.56,7.743,5.152,0.054,0.002,-0.009,2413,0
251373,3.625,7.693,5.162,0.074,0.002,-0.003,2412,0
251393,3.527,7.63,5.164,0.065,-0.017,0.003,2413,0
251413,3.421,7.558,5.171,0.063,-0.024,0.009,2411,0
251433,3.479,7.42,5.205,0.076,-0.037,0.006,2411,0
251453,3.577,7.427,5.104,0.088,-0.051,-0.006,2412,0
251473,3.546,7.453,5.104,0.07,-0.041,-0.021,2413,0
251493,3.433,7.554,5.212,0.071,-0.033,-0.043,2411,0
251513,3.464,7.681,5.274,0.065,-0.052,-0.042,2412,0
251533,3.565,7.678,5.195,0.037,-0.09,-0.031,2412,0
251553,3.654,7.558,5.155,0.023,-0.104,-0.035,2413,0
251573,3.613,7.592,5.133,0.033,-0.091,-0.054,2413,0
251593,3.539,7.695,5.037,0.033,-0.08,-0.057,2412,0
251613,3.613,7.76,5.004,0.011,-0.089,-0.051,2413,0
251633,3.62,7.803,5.069,-0.006,-0.079,-0.051,2414,0
251653,3.51,7.798,5.095,-0.005,-0.082,-0.05,2415,0
251673,3.493,7.779,5.025,0.005,-0.099,-0.039,2416,0
251693,3.555,7.796,4.999,0.03,-0.082,-0.027,2415,0
251713,3.512,7.836,4.99,0.021,-0.062,-0.02,2416,0
251733,3.527,7.784,4.958,-0.008,-0.068,-0.008,2416,0
251753,3.541,7.666,4.973,0.006,-0.066,0.001,2416,0
251773,3.517,7.74,5.018,0.028,-0.036,0.002,2417,0
251793,3.527,7.702,5.054,0.011,-0.024,0.013,2415,0
251813,3.558,7.58,5.03,0.001,-0.062,0.017,2416,0
251833,3.531,7.551,4.99,0.002,-0.081,0.013,2415,0
251853,3.503,7.503,5.001,0.006,-0.058,0.006,2416,0
251873,3.541,7.475,5.013,0.044,-0.045,-0.002,2416,0
251893,3.579,7.542,4.92,0.058,-0.052,-0.001,2416,0
251913,3.555,7.487,4.853,0.016,-0.058,-0.001,2418,0
251933,3.56,7.439,4.934,0.025,-0.044,-0.01,2417,0
251953,3.577,7.592,4.963,0.055,-0.042,-0.021,2420,0
251973,3.577,7.717,4.968,0.043,-0.042,-0.015,2420,0
251993,3.584,7.602,4.992,0.025,-0.025,-0.006,2421,0
252013,3.639,7.585,5.109,0.034,-0.006,-0.009,2421,0
252033,3.582,7.652,5.14,0.032,-0.025,-0.018,2419,0
252053,3.546,7.676,5.119,0.012,-0.05,-0.019,2422,0
252073,3.505,7.621,5.14,0.019,-0.046,-0.011,2422,0
252093,3.484,7.609,5.205,0.06,-0.034,-0.007,2422,0
252113,3.543,7.669,5.193,0.08,-0.046,-0.008,2422,0
252133,3.613,7.748,5.128,0.042,-0.059,0.0,2423,0
252153,3.555,7.743,5.121,-0.007,-0.059,0.002,2424,0
252173,3.529,7.767,5.116,-0.025,-0.059,-0.005,2421,0
252193,3.594,7.628,5.078,-0.023,-0.059,-0.003,2424,0
252213,3.608,7.652,5.064,0.007,-0.059,-0.004,2423,0
252233,3.534,7.738,5.102,-0.004,-0.052,-0.002,2424,0
252253,3.539,7.688,5.138,-0.024,-0.044,0.009,2422,0
252273,3.582,7.57,5.136,-0.016,-0.058,0.017,2424,0
252293,3.649,7.508,5.126,0.015,-0.061,0.011,2425,0
252313,3.601,7.503,5.1,0.033,-0.044,0.004,2425,0
252333,3.608,7.511,5.104,0.021,-0.042,0.005,2424,0
252353,3.598,7.487,5.078,0.002,-0.054,0.006,2426,0
252373,3.644,7.427,5.126,-0.001,-0.057,-0.001,2425,0
252393,3.625,7.36,5.121,0.018,-0.06,-0.013,2427,0
252413,3.663,7.422,5.076,0.054,-0.07,-0.022,2425,0
252433,3.61,7.547,5.009,0.05,-0.067,-0.028,2426,0
