964139,4.946,8.554,0.943,0.059,-0.07,-0.006,2401,0
964159,4.927,8.583,0.936,0.032,-0.058,-0.004,2403,0
964179,4.92,8.547,0.96,0.02,-0.035,0.005,2405,0
964199,4.922,8.49,0.962,0.045,-0.027,0.015,2406,0
964219,4.901,8.495,0.955,0.067,-0.041,0.027,2407,0
964239,4.872,8.526,0.931,0.052,-0.048,0.033,2405,0
964259,4.836,8.492,0.95,0.03,-0.035,0.029,2406,0
964279,4.879,8.401,1.001,0.03,-0.017,0.027,2406,0
964299,4.937,8.329,1.07,0.054,-0.006,0.036,2405,0
964319,4.951,8.253,1.075,0.071,-0.016,0.035,2406,0
964339,4.934,8.358,1.01,0.062,-0.05,0.017,2406,0
964359,4.946,8.377,0.972,0.015,-0.07,0.005,2405,0
964379,4.968,8.301,0.95,0.002,-0.074,-0.003,2406,0
964399,4.994,8.246,0.962,0.043,-0.053,-0.006,2406,0
964419,4.973,8.317,0.97,0.077,-0.033,-0.007,2406,0
964439,4.903,8.502,0.939,0.07,-0.038,-0.014,2405,0
964459,4.939,8.521,0.946,0.029,-0.06,-0.012,2406,0
964479,4.982,8.396,0.927,0.019,-0.066,-0.005,2406,0
964499,5.004,8.325,0.934,0.055,-0.06,-0.009,2408,0
964519,4.98,8.452,0.883,0.077,-0.052,-0.013,2411,0
964539,4.97,8.557,0.871,0.057,-0.032,-0.008,2412,0
964559,4.968,8.507,0.943,0.032,-0.015,-0.007,2413,0
964579,4.98,8.401,1.07,0.033,-0.013,-0.004,2414,0
964599,4.937,8.413,1.068,0.052,-0.027,-0.008,2413,0
964619,4.882,8.499,1.02,0.044,-0.045,-0.003,2413,0
964639,4.915,8.461,1.039,0.03,-0.048,0.009,2415,0
964659,4.915,8.332,0.986,0.049,-0.048,0.011,2415,0
964679,4.93,8.38,0.96,0.074,-0.059,0.003,2414,0
964699,4.927,8.358,0.941,0.07,-0.065,-0.001,2415,0
964719,4.939,8.365,0.862,0.077,-0.068,-0.002,2415,0
964739,4.978,8.425,0.871,0.09,-0.057,-0.002,2416,0
964759,4.99,8.444,0.879,0.088,-0.036,0.004,2418,0
964779,4.966,8.42,0.939,0.076,-0.018,0.005,2418,0
964799,4.922,8.442,0.965,0.074,-0.029,0.0,2420,0
964819,4.877,8.509,0.91,0.054,-0.059,-0.001,2419,0
964839,4.942,8.437,0.898,0.039,-0.069,0.003,2422,0
964859,4.987,8.365,0.874,0.05,-0.054,0.002,2425,0
964879,4.946,8.411,0.922,0.066,-0.038,0.004,2426,0
964899,4.949,8.471,0.977,0.063,-0.028,0.005,2427,0
964919,4.97,8.44,0.955,0.057,-0.044,0.001,2427,0
964939,4.978,8.43,0.91,0.05,-0.071,-0.004,2428,0
964959,4.956,8.442,0.876,0.051,-0.086,-0.004,2428,0
964979,4.956,8.49,0.838,0.048,-0.078,0.002,2431,0
964999,4.963,8.509,0.86,0.043,-0.051,0.008,2430,0
965019,4.973,8.473,0.929,0.04,-0.034,0.011,2430,0
965039,4.987,8.42,0.917,0.046,-0.048,0.009,2429,0
965059,4.97,8.406,0.946,0.048,-0.084,0.01,2428,0
965079,4.994,8.423,0.903,0.044,-0.097,0.011,2430,0
965099,4.997,8.444,0.898,0.032,-0.091,0.007,2430,0
965119,4.966,8.423,0.941,0.022,-0.091,0.002,2429,0
965139,4.963,8.449,0.958,0.024,-0.109,-0.001,2429,0
965159,4.922,8.528,0.931,0.016,-0.143,-0.003,2428,0
965179,4.932,8.566,0.986,-0.013,-0.171,0.004,2427,0
965199,4.915,8.461,1.08,-0.027,-0.179,0.012,2425,0
965219,4.951,8.356,1.142,-0.019,-0.201,0.02,2424,0
965239,4.942,8.375,1.14,-0.002,-0.263,0.019,2423,0
965259,4.92,8.545,1.132,-0.064,-0.347,0.007,2425,0
965279,4.899,8.705,1.214,-0.201,-0.394,0.002,2423,0
965299,4.968,8.607,1.235,-0.325,-0.485,0.016,2427,0
965319,5.028,8.588,1.235,-0.323,-0.621,0.03,2427,0
965339,5.033,8.748,1.204,-0.363,-0.787,0.041,2429,0
965359,5.023,8.861,1.231,-0.509,-0.97,0.072,2431,0
965379,5.083,8.83,1.391,-0.695,-1.138,0.13,2431,0
965399,5.227,8.461,1.204,-0.864,-1.31,0.149,2431,0
965419,5.195,8.334,1.192,-0.993,-1.522,0.137,2435,0
965439,5.351,8.703,1.547,-1.334,-1.808,0.141,2445,0
965459,5.442,8.464,1.092,-1.673,-1.936,0.157,2449,0
965479,5.145,8.229,0.898,-1.895,-2.022,0.198,2467,0
965499,5.282,8.138,1.255,-2.076,-2.204,0.214,2480,0
965519,5.428,7.59,1.073,-1.829,-2.119,0.218,2486,0
965539,5.626,7.305,1.307,-1.119,-1.8,0.222,2494,0
965559,5.514,7.602,1.214,-0.362,-1.552,0.238,2501,0
965579,5.385,7.791,0.757,0.163,-1.403,0.257,2508,0
965599,5.578,8.083,0.582,0.411,-1.356,0.245,2511,0
965619,5.772,8.167,0.414,0.376,-1.278,0.223,2513,0
965639,5.95,7.807,0.041,0.244,-1.169,0.184,2513,0
965659,6.043,7.372,-0.218,0.19,-1.02,0.127,2514,0
965679,6.282,7.391,-0.338,0.18,-0.823,0.079,2515,0
965699,6.306,7.372,-0.402,0.165,-0.586,0.035,2514,0
965719,6.182,7.329,-0.601,0.212,-0.377,-0.038,2515,0
965739,6.007,7.312,-0.687,0.272,-0.274,-0.119,2514,0
965759,5.918,7.458,-0.745,0.292,-0.249,-0.164,2516,0
965779,5.904,7.788,-0.749,0.221,-0.196,-0.137,2514,0
965799,5.866,7.867,-0.86,0.145,-0.119,-0.089,2514,0
965819,5.782,7.793,-0.867,0.16,-0.076,-0.074,2514,0
965839,5.89,7.803,-0.759,0.205,-0.11,-0.077,2514,0
965859,6.033,7.843,-0.69,0.226,-0.11,-0.076,2514,0
965879,6.031,7.863,-0.737,0.207,-0.042,-0.054,2514,0
965899,5.997,7.908,-0.725,0.176,-0.001,-0.022,2513,0
965919,5.99,7.879,-0.711,0.14,0.009,-0.013,2513,0
965939,5.993,7.889,-0.555,0.116,-0.015,-0.013,2512,0
965959,5.976,7.877,-0.474,0.095,-0.052,-0.001,2513,0
965979,6.091,7.879,-0.388,0.077,-0.072,0.021,2512,0
965999,6.17,7.8,-0.39,0.072,-0.022,0.036,2512,0
966019,6.098,7.784,-0.417,0.086,0.011,0.027,2512,0
966039,5.99,7.798,-0.453,0.102,0.009,0.007,2511,0
966059,5.933,7.915,-0.436,0.088,-0.007,0.014,2512,0
966079,6.031,7.903,-0.297,0.031,-0.039,0.05,2511,0
966099,6.081,7.807,-0.28,0.006,-0.043,0.06,2512,0
966119,6.038,7.745,-0.34,0.039,-0.037,0.044,2510,0
966139,5.981,7.76,-0.491,0.068,-0.016,0.037,2511,0
966159,5.959,7.786,-0.503,0.061,-0.011,0.04,2511,0
966179,5.974,7.695,-0.479,0.027,-0.022,0.046,2509,0
966199,5.988,7.645,-0.476,0.011,-0.038,0.044,2509,0
966219,6.055,7.57,-0.505,0.014,-0.035,0.038,2509,0
966239,6.067,7.551,-0.529,0.033,-0.012,0.021,2509,0
966259,6.012,7.602,-0.51,0.047,0.001,0.007,2509,0
966279,5.976,7.64,-0.52,0.04,0.014,0.005,2509,0
966299,6.021,7.638,-0.469,0.033,0.011,0.009,2509,0
966319,6.024,7.554,-0.395,0.031,0.005,0.003,2508,0
966339,6.043,7.58,-0.4,0.038,-0.02,-0.013,2507,0
966359,6.038,7.628,-0.46,0.04,-0.014,-0.025,2508,0
966379,5.993,7.755,-0.469,0.059,-0.003,-0.029,2506,0
966399,5.993,7.819,-0.543,0.074,-0.006,-0.018,2505,0
966419,6.021,7.846,-0.543,0.064,-0.004,-0.003,2506,0
966439,6.055,7.784,-0.498,0.04,0.019,0.009,2506,0
966459,6.065,7.681,-0.345,0.029,0.027,0.013,2505,0
966479,6.103,7.611,-0.278,0.041,0.018,0.004,2505,0
966499,6.124,7.558,-0.285,0.06,-0.006,-0.006,2503,0
966519,6.093,7.626,-0.373,0.069,-0.025,-0.01,2504,0
966539,6.1,7.664,-0.366,0.056,-0.039,-0.015,2502,0
966559,6.1,7.64,-0.414,0.046,-0.029,-0.026,2502,0
966579,6.072,7.683,-0.441,0.054,-0.008,-0.033,2502,0
966599,6.05,7.748,-0.481,0.061,-0.009,-0.03,2502,0
966619,6.017,7.784,-0.419,0.056,-0.016,-0.02,2502,0
966639,6.048,7.764,-0.345,0.054,-0.026,-0.011,2501,0
966659,6.05,7.748,-0.335,0.061,-0.031,-0.014,2505,0
966679,6.029,7.728,-0.402,0.075,-0.039,-0.02,2502,0
966699,6.048,7.781,-0.438,0.074,-0.039,-0.022,2501,0
966719,6.081,7.767,-0.405,0.055,-0.013,-0.017,2502,0
966739,6.112,7.721,-0.333,0.061,0.007,-0.018,2501,0
966759,6.127,7.714,-0.299,0.083,0.0,-0.022,2501,0
966779,6.093,7.752,-0.309,0.077,-0.026,-0.022,2500,0
966799,6.084,7.757,-0.373,0.051,-0.06,-0.018,2501,0
966819,6.072,7.776,-0.421,0.038,-0.06,-0.021,2502,0
966839,6.041,7.779,-0.414,0.052,-0.033,-0.021,2501,0
966859,5.993,7.755,-0.441,0.091,-0.031,-0.018,2504,0
966879,6.043,7.76,-0.496,0.114,-0.047,-0.017,2502,0
966899,6.019,7.767,-0.563,0.099,-0.039,-0.018,2503,0
966919,5.981,7.745,-0.618,0.073,-0.03,-0.012,2502,0
966939,5.974,7.762,-0.536,0.055,-0.008,-0.007,2505,0
966959,5.969,7.74,-0.529,0.05,-0.004,-0.009,2502,0
966979,5.962,7.705,-0.541,0.06,-0.03,-0.017,2502,0
966999,6.009,7.724,-0.608,0.063,-0.032,-0.015,2502,0
967019,6.031,7.724,-0.654,0.059,-0.01,-0.011,2504,0
967039,6.031,7.721,-0.512,0.058,0.013,-0.016,2504,0
967059,6.024,7.774,-0.429,0.054,0.022,-0.014,2502,0
967079,6.05,7.748,-0.39,0.049,0.008,-0.006,2502,0
967099,6.036,7.669,-0.405,0.047,-0.021,-0.002,2503,0
967119,6.117,7.621,-0.481,0.047,-0.037,-0.005,2502,0
967139,6.112,7.683,-0.431,0.056,-0.021,-0.022,2503,0
967159,6.036,7.786,-0.424,0.065,-0.003,-0.032,2505,0
967179,6.005,7.889,-0.424,0.068,-0.013,-0.026,2507,0
967199,5.993,7.851,-0.431,0.066,-0.037,-0.013,2504,0
967219,6.031,7.779,-0.453,0.074,-0.057,-0.009,2504,0
967239,6.055,7.788,-0.508,0.083,-0.052,-0.012,2505,0
967259,6.079,7.824,-0.508,0.07,-0.033,-0.01,2504,0
967279,6.062,7.788,-0.546,0.05,-0.025,-0.008,2505,0
967299,6.033,7.779,-0.575,0.042,-0.025,-0.005,2506,0
967319,6.005,7.762,-0.579,0.047,-0.025,-0.01,2507,0
967339,5.959,7.788,-0.488,0.059,-0.011,-0.009,2505,0
967359,5.971,7.848,-0.46,0.052,-0.002,0.004,2505,0
967379,6.024,7.755,-0.421,0.034,-0.014,0.01,2503,0
967399,6.026,7.721,-0.462,0.041,-0.042,-0.002,2506,0
967419,6.019,7.748,-0.527,0.051,-0.045,-0.014,2507,0
967439,5.997,7.784,-0.575,0.052,-0.03,-0.01,2505,0
967459,6.024,7.839,-0.522,0.042,-0.008,-0.001,2507,0
967479,5.997,7.796,-0.438,0.038,-0.004,0.002,2506,0
967499,6.009,7.757,-0.429,0.05,-0.029,0.003,2505,0
967519,6.038,7.721,-0.522,0.053,-0.049,-0.001,2505,0
967539,6.062,7.731,-0.575,0.05,-0.055,-0.007,2507,0
967559,6.05,7.712,-0.572,0.051,-0.046,-0.01,2507,0
967579,6.05,7.767,-0.591,0.056,-0.028,-0.009,2507,0
967599,6.088,7.75,-0.591,0.047,-0.008,-0.007,2507,0
967619,6.072,7.733,-0.517,0.052,-0.011,-0.01,2506,0
967639,6.045,7.769,-0.484,0.063,-0.036,-0.013,2506,0
967659,6.012,7.831,-0.476,0.067,-0.049,-0.01,2508,0
967679,6.012,7.829,-0.493,0.067,-0.044,-0.002,2507,0
967699,5.995,7.781,-0.57,0.063,-0.033,0.012,2509,0
967719,6.007,7.688,-0.575,0.056,-0.027,0.014,2508,0
967739,6.021,7.666,-0.548,0.051,-0.02,-0.001,2509,0
967759,5.978,7.671,-0.52,0.053,-0.013,-0.019,2509,0
967779,5.971,7.755,-0.532,0.056,-0.015,-0.026,2510,0
967799,5.981,7.784,-0.543,0.05,-0.015,-0.022,2509,0
967819,5.974,7.841,-0.476,0.046,-0.021,-0.016,2510,0
967839,6.017,7.819,-0.438,0.043,-0.016,-0.009,2510,0
967859,6.031,7.779,-0.417,0.044,-0.024,-0.006,2510,0
967879,6.041,7.745,-0.455,0.043,-0.039,-0.007,2510,0
967899,6.029,7.769,-0.52,0.046,-0.051,-0.013,2509,0
967919,6.024,7.829,-0.51,0.047,-0.054,-0.009,2511,0
967939,6.062,7.815,-0.534,0.038,-0.036,0.001,2510,0
967959,6.086,7.719,-0.462,0.04,-0.029,0.003,2511,0
967979,6.055,7.733,-0.5,0.053,-0.038,-0.006,2509,0
967999,6.041,7.803,-0.551,0.056,-0.059,-0.009,2511,0
968019,6.021,7.846,-0.634,0.053,-0.064,-0.002,2510,0
968039,6.014,7.831,-0.649,0.058,-0.052,0.007,2511,0
968059,6.021,7.81,-0.634,0.063,-0.036,0.011,2510,0
968079,6.017,7.8,-0.639,0.065,-0.032,0.015,2509,0
968099,5.997,7.776,-0.572,0.065,-0.049,0.018,2511,0
968119,5.966,7.728,-0.591,0.063,-0.056,0.02,2511,0
968139,5.997,7.705,-0.584,0.061,-0.045,0.02,2510,0
968159,6.005,7.685,-0.567,0.051,-0.024,0.018,2511,0
968179,5.993,7.626,-0.532,0.038,-0.025,0.006,2513,0
968199,5.986,7.614,-0.503,0.032,-0.038,-0.007,2511,0
968219,5.981,7.611,-0.45,0.037,-0.051,-0.017,2510,0
968239,6.002,7.695,-0.512,0.052,-0.055,-0.028,2511,0
968259,6.007,7.767,-0.584,0.048,-0.045,-0.024,2511,0
968279,6.036,7.748,-0.63,0.038,-0.045,-0.013,2510,0
968299,6.069,7.719,-0.637,0.029,-0.048,-0.015,2510,0
968319,6.06,7.724,-0.591,0.033,-0.045,-0.021,2511,0
968339,6.012,7.776,-0.618,0.041,-0.043,-0.023,2510,0
968359,6.007,7.793,-0.654,0.043,-0.037,-0.019,2510,0
968379,5.993,7.784,-0.694,0.045,-0.039,-0.023,2510,0
968399,6.038,7.805,-0.697,0.045,-0.041,-0.024,2510,0
968419,6.065,7.831,-0.697,0.041,-0.032,-0.021,2511,0
968439,6.05,7.896,-0.639,0.041,-0.017,-0.011,2509,0
968459,5.993,7.908,-0.577,0.04,-0.007,0.005,2511,0
968479,5.978,7.807,-0.52,0.031,-0.02,0.018,2511,0
968499,6.0,7.728,-0.52,0.035,-0.035,0.012,2510,0
968519,5.986,7.685,-0.546,0.048,-0.039,-0.001,2510,0
968539,5.964,7.709,-0.584,0.054,-0.038,-0.006,2509,0
968559,5.978,7.736,-0.589,0.038,-0.038,-0.001,2510,0
968579,6.029,7.695,-0.625,0.03,-0.045,-0.001,2508,0
968599,6.031,7.695,-0.622,0.038,-0.038,-0.009,2510,0
968619,5.993,7.733,-0.651,0.04,-0.033,-0.023,2511,0
968639,5.952,7.824,-0.651,0.041,-0.035,-0.023,2510,0
968659,5.976,7.855,-0.634,0.034,-0.038,-0.011,2511,0
968679,6.007,7.807,-0.618,0.038,-0.033,-0.004,2510,0
968699,6.031,7.755,-0.656,0.053,-0.03,-0.001,2509,0
968719,6.036,7.745,-0.68,0.054,-0.031,-0.005,2509,0
968739,6.05,7.796,-0.68,0.05,-0.026,-0.007,2509,0
968759,6.038,7.805,-0.654,0.048,-0.019,-0.003,2509,0
968779,5.995,7.863,-0.603,0.043,-0.017,0.007,2508,0
968799,6.005,7.836,-0.551,0.036,-0.014,0.012,2507,0
968819,6.024,7.767,-0.52,0.032,-0.006,0.016,2509,0
968839,6.045,7.702,-0.481,0.041,-0.011,0.008,2509,0
968859,6.014,7.74,-0.5,0.043,-0.023,-0.001,2508,0
968879,5.988,7.805,-0.505,0.038,-0.038,0.007,2508,0
968899,5.983,7.774,-0.555,0.032,-0.04,0.016,2507,0
968919,5.971,7.69,-0.529,0.037,-0.027,0.02,2509,0
968939,5.978,7.64,-0.522,0.039,-0.023,0.016,2509,0
968959,5.974,7.614,-0.493,0.038,-0.036,0.001,2508,0
968979,5.969,7.657,-0.529,0.044,-0.06,-0.015,2507,0
968999,6.012,7.719,-0.627,0.043,-0.059,-0.018,2509,0
969019,6.031,7.709,-0.682,0.036,-0.038,-0.014,2509,0
969039,6.043,7.7,-0.67,0.044,-0.027,-0.021,2507,0
969059,6.05,7.76,-0.632,0.053,-0.034,-0.023,2508,0
969079,6.019,7.819,-0.642,0.043,-0.04,-0.013,2506,0
969099,6.009,7.819,-0.601,0.036,-0.038,-0.003,2509,0
969119,6.029,7.788,-0.584,0.053,-0.034,-0.006,2508,0
969139,6.036,7.834,-0.589,0.068,-0.034,-0.007,2508,0
969159,6.038,7.807,-0.615,0.053,-0.039,0.003,2509,0
969179,6.062,7.762,-0.675,0.037,-0.037,0.014,2508,0
969199,6.062,7.712,-0.594,0.036,-0.024,0.009,2508,0
969219,6.017,7.745,-0.534,0.042,-0.015,0.0,2507,0
969239,5.993,7.772,-0.524,0.046,-0.031,-0.004,2508,0
969259,5.995,7.807,-0.56,0.044,-0.047,0.003,2508,0
969279,6.029,7.762,-0.596,0.04,-0.044,0.013,2508,0
969299,6.024,7.712,-0.572,0.035,-0.029,0.015,2508,0
969319,6.0,7.709,-0.532,0.03,-0.029,0.01,2507,0
969339,5.966,7.657,-0.539,0.042,-0.05,0.004,2509,0
969359,6.021,7.678,-0.608,0.062,-0.066,-0.001,2509,0
969379,6.024,7.709,-0.68,0.054,-0.055,0.001,2509,0
969399,5.969,7.757,-0.668,0.043,-0.052,0.001,2509,0
969419,5.978,7.793,-0.618,0.043,-0.046,-0.003,2510,0
969439,5.997,7.796,-0.625,0.05,-0.036,0.002,2508,0
969459,6.041,7.772,-0.603,0.048,-0.046,0.016,2509,0
969479,6.069,7.7,-0.594,0.037,-0.048,0.018,2508,0
969499,6.045,7.649,-0.555,0.04,-0.051,0.004,2509,0
969519,6.033,7.683,-0.555,0.055,-0.048,-0.004,2508,0
969539,6.033,7.681,-0.611,0.053,-0.051,-0.002,2507,0
969559,6.043,7.647,-0.637,0.037,-0.054,-0.004,2508,0
969579,6.043,7.654,-0.658,0.025,-0.06,-0.015,2509,0
969599,6.048,7.705,-0.663,0.034,-0.051,-0.025,2509,0
969619,6.041,7.75,-0.718,0.049,-0.049,-0.023,2509,0
969639,6.038,7.774,-0.73,0.047,-0.045,-0.015,2508,0
969659,6.031,7.733,-0.725,0.035,-0.029,-0.008,2508,0
969679,6.036,7.719,-0.656,0.031,-0.031,-0.011,2509,0
969699,6.017,7.781,-0.625,0.037,-0.038,-0.018,2508,0
969719,6.002,7.829,-0.632,0.043,-0.039,-0.015,2509,0
969739,5.986,7.827,-0.627,0.048,-0.033,-0.002,2509,0
969759,6.009,7.812,-0.711,0.046,-0.039,0.005,2509,0
969779,6.048,7.772,-0.661,0.027,-0.025,0.004,2509,0
969799,6.041,7.731,-0.565,0.016,-0.02,0.002,2508,0
969819,6.081,7.755,-0.546,0.03,-0.031,-0.006,2507,0
969839,6.057,7.822,-0.62,0.044,-0.045,-0.01,2507,0
969859,6.088,7.906,-0.73,0.036,-0.048,0.001,2508,0
969879,6.151,7.942,-0.682,0.01,-0.026,0.006,2508,0
969899,6.136,7.994,-0.486,-0.003,0.006,0.009,2506,0
969919,6.105,7.963,-0.402,-0.003,0.005,0.03,2507,0
969939,6.086,7.841,-0.436,-0.014,-0.03,0.054,2509,0
969959,6.155,7.659,-0.474,-0.034,-0.04,0.065,2508,0
969979,6.127,7.532,-0.431,-0.023,-0.039,0.051,2507,0
969999,6.019,7.53,-0.453,0.019,-0.071,0.034,2507,0
970019,5.971,7.539,-0.675,0.031,-0.112,0.032,2508,0
970039,6.014,7.496,-0.79,0.03,-0.123,0.03,2508,0
970059,6.038,7.434,-0.8,0.058,-0.112,0.01,2508,0
970079,5.954,7.535,-0.8,0.092,-0.09,-0.018,2507,0
970099,5.902,7.671,-0.855,0.083,-0.082,-0.029,2509,0
970119,5.954,7.678,-0.833,0.06,-0.062,-0.027,2509,0
970139,6.053,7.683,-0.735,0.05,-0.021,-0.034,2507,0
970159,6.096,7.717,-0.627,0.046,0.015,-0.037,2508,0
970179,6.096,7.726,-0.543,0.034,0.015,-0.038,2508,0
970199,6.158,7.791,-0.469,0.006,0.016,-0.037,2507,0
970219,6.103,7.836,-0.306,-0.004,0.031,-0.035,2505,0
970239,6.074,7.906,-0.151,0.018,0.002,-0.018,2506,0
970259,6.124,7.858,-0.192,0.014,-0.032,0.004,2507,0
970279,6.16,7.693,-0.208,-0.001,-0.06,0.012,2506,0
970299,6.136,7.616,-0.28,0.011,-0.081,0.003,2506,0
970319,6.062,7.666,-0.383,0.017,-0.09,0.001,2506,0
970339,6.019,7.657,-0.508,-0.004,-0.099,0.011,2508,0
970359,6.007,7.554,-0.572,-0.014,-0.114,0.012,2507,0
970379,6.002,7.477,-0.651,0.007,-0.131,0.001,2508,0
970399,6.014,7.494,-0.785,0.027,-0.137,-0.017,2507,0
970419,5.986,7.551,-0.929,0.026,-0.13,-0.028,2508,0
970439,5.983,7.554,-1.013,0.021,-0.112,-0.027,2508,0
970459,6.002,7.53,-1.049,0.034,-0.101,-0.037,2509,0
970479,5.974,7.614,-1.085,0.057,-0.094,-0.058,2508,0
970499,5.969,7.743,-1.173,0.077,-0.085,-0.067,2508,0
970519,5.99,7.87,-1.188,0.088,-0.065,-0.06,2509,0
970539,5.954,7.93,-1.197,0.102,-0.035,-0.055,2507,0
970559,5.928,7.98,-1.123,0.095,-0.011,-0.045,2508,0
970579,5.976,7.98,-1.049,0.08,0.015,-0.026,2508,0
970599,6.045,7.942,-0.912,0.084,0.035,-0.019,2508,0
970619,6.031,7.879,-0.778,0.09,0.055,-0.023,2508,0
970639,6.029,7.896,-0.651,0.082,0.052,-0.022,2507,0
970659,6.067,7.934,-0.532,0.06,0.055,-0.02,2507,0
970679,6.117,7.918,-0.4,0.05,0.054,-0.015,2507,0
970699,6.117,7.884,-0.397,0.047,0.042,-0.008,2507,0
970719,6.139,7.865,-0.441,0.03,0.023,-0.001,2506,0
970739,6.108,7.858,-0.438,0.018,0.017,0.006,2506,0
970759,6.057,7.86,-0.39,0.026,0.009,0.011,2505,0
970779,5.997,7.848,-0.457,0.025,-0.014,0.022,2506,0
970799,5.964,7.748,-0.524,0.007,-0.022,0.034,2507,0
970819,5.945,7.618,-0.548,0.007,-0.026,0.038,2506,0
970839,5.94,7.537,-0.611,0.024,-0.034,0.019,2507,0
970859,5.954,7.532,-0.699,0.027,-0.031,0.0,2508,0
970879,5.971,7.506,-0.783,0.025,-0.022,-0.016,2505,0
970899,6.005,7.535,-0.819,0.039,-0.002,-0.026,2507,0
970919,5.971,7.678,-0.754,0.052,0.008,-0.029,2506,0
970939,5.942,7.843,-0.62,0.047,0.005,-0.031,2507,0
970959,5.895,8.011,-0.498,0.043,-0.015,-0.03,2506,0
970979,5.88,8.1,-0.366,0.056,-0.017,-0.013,2505,0
970999,5.926,8.104,-0.318,0.071,-0.017,0.014,2505,0
971019,5.978,8.059,-0.218,0.048,-0.022,0.03,2505,0
971039,5.988,7.896,-0.156,-0.002,-0.029,0.041,2506,0
971059,6.05,7.659,-0.18,-0.035,-0.054,0.051,2507,0
971079,6.132,7.491,-0.261,-0.017,-0.087,0.039,2506,0
971099,6.17,7.434,-0.369,0.006,-0.103,0.016,2505,0
971119,6.081,7.537,-0.481,0.015,-0.124,-0.004,2505,0
971139,5.966,7.657,-0.666,0.001,-0.15,-0.003,2506,0
971159,5.954,7.671,-0.785,-0.003,-0.159,-0.0,2506,0
971179,5.974,7.664,-0.924,0.023,-0.149,-0.008,2507,0
971199,5.966,7.707,-1.092,0.052,-0.138,-0.011,2505,0
971219,5.966,7.705,-1.25,0.044,-0.13,-0.007,2507,0
971239,6.031,7.578,-1.41,0.018,-0.087,-0.006,2507,0
971259,6.1,7.544,-1.372,0.018,-0.017,-0.016,2508,0
971279,6.053,7.594,-1.221,0.043,0.027,-0.034,2507,0
971299,5.952,7.721,-1.111,0.069,0.023,-0.045,2506,0
971319,5.923,7.846,-1.077,0.072,0.029,-0.041,2506,0
971339,5.962,7.855,-0.95,0.071,0.068,-0.034,2506,0
971359,6.024,7.865,-0.812,0.067,0.106,-0.029,2504,0
971379,6.048,7.846,-0.608,0.056,0.105,-0.025,2506,0
971399,6.076,7.839,-0.467,0.036,0.096,-0.025,2505,0
971419,6.074,7.872,-0.354,0.032,0.1,-0.022,2505,0
971439,6.069,7.896,-0.268,0.044,0.095,-0.011,2505,0
971459,6.079,7.918,-0.158,0.041,0.084,-0.006,2506,0
971479,6.033,7.898,-0.103,0.019,0.051,-0.007,2506,0
971499,6.038,7.889,-0.11,0.013,0.021,-0.005,2504,0
971519,6.031,7.882,-0.182,0.03,0.003,0.004,2504,0
971539,6.029,7.884,-0.244,0.037,-0.001,0.02,2506,0
971559,5.986,7.812,-0.266,0.026,-0.007,0.025,2505,0
971579,5.906,7.76,-0.247,0.018,-0.019,0.024,2504,0
971599,5.868,7.764,-0.16,0.021,-0.028,0.023,2504,0
971619,5.921,7.681,-0.134,0.035,-0.05,0.028,2506,0
971639,5.997,7.604,-0.247,0.048,-0.074,0.019,2505,0
971659,6.021,7.515,-0.419,0.027,-0.077,0.004,2504,0
971679,6.076,7.458,-0.563,-0.006,-0.063,-0.008,2505,0
971699,6.076,7.446,-0.591,-0.012,-0.037,-0.024,2504,0
971719,6.033,7.561,-0.567,0.011,-0.038,-0.039,2503,0
971739,6.0,7.781,-0.603,0.028,-0.057,-0.038,2504,0
971759,5.916,7.906,-0.632,0.033,-0.066,-0.028,2505,0
971779,5.88,7.937,-0.613,0.055,-0.062,-0.015,2503,0
971799,5.911,7.87,-0.622,0.076,-0.051,0.005,2504,0
971819,6.031,7.728,-0.627,0.059,-0.055,0.016,2504,0
971839,6.093,7.642,-0.606,0.045,-0.06,-0.001,2502,0
971859,6.088,7.616,-0.589,0.062,-0.06,-0.021,2505,0
971879,6.079,7.752,-0.63,0.072,-0.042,-0.023,2504,0
971899,6.033,7.812,-0.615,0.052,-0.023,-0.011,2504,0
971919,6.019,7.757,-0.678,0.029,-0.032,-0.005,2505,0
971939,6.014,7.724,-0.783,0.025,-0.039,-0.012,2505,0
971959,6.019,7.748,-0.816,0.036,-0.014,-0.01,2504,0
971979,6.014,7.774,-0.685,0.063,0.015,-0.009,2504,0
971999,5.997,7.767,-0.587,0.08,0.011,-0.007,2505,0
972019,5.957,7.774,-0.572,0.074,-0.027,-0.005,2503,0
972039,6.002,7.676,-0.558,0.062,-0.035,-0.002,2505,0
972059,6.009,7.609,-0.448,0.084,-0.013,-0.021,2504,0
972079,5.947,7.776,-0.443,0.109,-0.009,-0.047,2503,0
972099,5.897,7.927,-0.524,0.084,-0.026,-0.047,2504,0
972119,5.964,7.922,-0.515,0.038,-0.022,-0.03,2505,0
972139,6.021,7.839,-0.405,0.035,0.005,-0.027,2503,0
972159,6.026,7.858,-0.326,0.055,0.019,-0.038,2502,0
972179,5.981,7.942,-0.297,0.037,0.004,-0.035,2504,0
972199,5.983,7.927,-0.266,0.01,-0.011,-0.023,2503,0
972219,6.026,7.841,-0.235,0.018,-0.015,-0.017,2502,0
972239,6.041,7.846,-0.242,0.041,-0.025,-0.021,2503,0
972259,6.005,7.915,-0.316,0.032,-0.033,-0.019,2501,0
972279,5.954,7.908,-0.35,0.008,-0.044,-0.009,2504,0
972299,5.945,7.865,-0.464,0.009,-0.053,-0.003,2505,0
972319,5.974,7.846,-0.455,0.003,-0.027,-0.001,2502,0
972339,5.94,7.748,-0.388,-0.02,-0.002,0.004,2503,0
972359,5.964,7.585,-0.287,-0.027,-0.017,0.004,2503,0
972379,5.947,7.558,-0.283,-0.013,-0.047,-0.007,2502,0
972399,5.863,7.563,-0.333,0.01,-0.072,-0.021,2502,0
972419,5.83,7.649,-0.433,0.024,-0.096,-0.023,2503,0
972439,5.871,7.712,-0.508,0.025,-0.105,-0.017,2503,0
972459,5.885,7.719,-0.551,0.024,-0.102,-0.022,2505,0
972479,5.866,7.788,-0.62,0.029,-0.105,-0.03,2501,0
972499,5.861,7.863,-0.713,0.035,-0.106,-0.027,2504,0
972519,5.847,7.887,-0.84,0.024,-0.104,-0.012,2504,0
972539,5.942,7.822,-0.915,0.003,-0.077,-0.001,2504,0
972559,5.978,7.714,-0.888,0.0,-0.044,-0.005,2504,0
972579,5.945,7.707,-0.905,0.031,-0.052,-0.026,2504,0
972599,5.966,7.738,-1.099,0.048,-0.084,-0.026,2504,0
972619,6.002,7.731,-1.288,0.048,-0.076,-0.017,2503,0
972639,6.012,7.745,-1.223,0.067,-0.029,-0.018,2501,0
972659,5.93,7.815,-1.149,0.114,-0.001,-0.032,2504,0
972679,5.887,7.903,-1.111,0.149,-0.011,-0.037,2503,0
972699,5.942,7.949,-1.132,0.167,-0.007,-0.033,2502,0
972719,6.021,7.951,-0.919,0.18,0.046,-0.029,2502,0
972739,6.019,8.033,-0.661,0.177,0.106,-0.031,2502,0
972759,6.017,8.078,-0.46,0.136,0.131,-0.021,2504,0
972779,6.093,8.033,-0.306,0.079,0.129,-0.004,2501,0
972799,6.108,7.954,-0.144,0.044,0.137,-0.007,2501,0
972819,6.031,8.047,0.101,0.046,0.153,-0.018,2501,0
972839,5.966,8.179,0.309,0.035,0.152,0.002,2501,0
972859,5.959,8.15,0.445,-0.0,0.101,0.034,2499,0
972879,5.976,7.963,0.445,-0.018,0.026,0.048,2498,0
972899,5.976,7.81,0.29,0.003,-0.039,0.039,2501,0
972919,5.974,7.788,0.036,0.022,-0.062,0.036,2498,0
972939,5.954,7.8,-0.127,0.024,-0.071,0.035,2500,0
972959,5.914,7.731,-0.273,0.014,-0.073,0.042,2501,0
972979,5.885,7.676,-0.419,-0.001,-0.076,0.047,2502,0
972999,5.878,7.59,-0.476,-0.009,-0.083,0.041,2501,0
973019,5.892,7.532,-0.565,0.009,-0.079,0.027,2501,0
973039,5.849,7.573,-0.625,0.045,-0.083,0.01,2500,0
973059,5.799,7.681,-0.725,0.058,-0.09,0.001,2500,0
973079,5.818,7.788,-0.797,0.045,-0.082,0.003,2501,0
973099,5.844,7.745,-0.819,0.042,-0.061,0.004,2502,0
973119,5.887,7.705,-0.742,0.05,-0.049,0.003,2502,0
973139,5.942,7.654,-0.721,0.063,-0.054,-0.005,2501,0
973159,5.947,7.652,-0.778,0.07,-0.06,-0.02,2501,0
973179,5.94,7.726,-0.814,0.075,-0.039,-0.027,2502,0
973199,5.95,7.788,-0.785,0.071,-0.002,-0.023,2502,0
973219,6.017,7.776,-0.697,0.063,0.014,-0.018,2502,0
973239,6.065,7.74,-0.615,0.052,0.017,-0.027,2500,0
973259,6.098,7.743,-0.56,0.051,0.02,-0.039,2502,0
973279,6.132,7.815,-0.529,0.057,0.03,-0.04,2501,0
973299,6.127,7.942,-0.46,0.051,0.047,-0.032,2501,0
973319,6.069,8.018,-0.345,0.037,0.048,-0.015,2502,0
973339,6.014,8.016,-0.275,0.031,0.026,-0.0,2501,0
973359,5.959,7.98,-0.22,0.043,0.005,0.01,2500,0
973379,5.938,7.987,-0.223,0.064,-0.011,0.017,2501,0
973399,5.926,7.966,-0.235,0.063,-0.014,0.029,2501,0
973419,5.945,7.865,-0.235,0.041,-0.02,0.038,2501,0
973439,5.995,7.714,-0.287,0.026,-0.032,0.034,2502,0
973459,6.033,7.618,-0.309,0.026,-0.034,0.02,2500,0
973479,5.997,7.64,-0.309,0.03,-0.035,0.002,2501,0
973499,5.942,7.757,-0.297,0.032,-0.044,-0.006,2501,0
973519,5.95,7.831,-0.333,0.024,-0.066,0.005,2501,0
973539,5.971,7.755,-0.429,0.018,-0.085,0.011,2500,0
973559,6.005,7.712,-0.5,0.026,-0.082,0.002,2500,0
973579,5.962,7.772,-0.532,0.044,-0.072,-0.003,2502,0
973599,5.957,7.827,-0.591,0.052,-0.071,0.003,2501,0
973619,5.986,7.776,-0.694,0.039,-0.073,0.014,2500,0
973639,6.019,7.659,-0.721,0.032,-0.064,0.012,2501,0
973659,6.002,7.673,-0.668,0.047,-0.042,-0.006,2500,0
973679,5.942,7.796,-0.615,0.056,-0.03,-0.012,2500,0
973699,5.957,7.877,-0.591,0.054,-0.039,0.0,2502,0
973719,5.993,7.858,-0.603,0.047,-0.035,0.01,2501,0
973739,6.021,7.757,-0.579,0.051,-0.015,0.011,2501,0
973759,6.029,7.757,-0.529,0.058,-0.004,0.011,2501,0
973779,6.021,7.731,-0.431,0.047,0.004,0.009,2501,0
973799,6.007,7.64,-0.441,0.036,-0.002,0.012,2501,0
973819,6.055,7.582,-0.474,0.048,-0.017,-0.001,2500,0
973839,6.057,7.623,-0.431,0.051,-0.018,-0.022,2501,0
973859,5.99,7.788,-0.433,0.044,-0.02,-0.028,2501,0
973879,5.945,7.855,-0.469,0.041,-0.023,-0.02,2500,0
973899,5.935,7.87,-0.486,0.047,-0.024,-0.01,2500,0
973919,5.971,7.851,-0.488,0.056,-0.025,0.002,2501,0
973939,6.014,7.8,-0.512,0.059,-0.023,0.006,2501,0
973959,5.966,7.8,-0.5,0.054,-0.013,0.004,2500,0
973979,5.962,7.803,-0.524,0.048,-0.005,0.005,2500,0
973999,5.976,7.76,-0.469,0.043,-0.009,0.006,2499,0
974019,6.017,7.733,-0.431,0.042,-0.009,0.007,2500,0
974039,6.038,7.69,-0.453,0.052,-0.009,0.002,2500,0
974059,6.038,7.709,-0.453,0.053,-0.01,-0.007,2499,0
974079,6.019,7.74,-0.448,0.04,-0.009,-0.013,2499,0
974099,5.993,7.757,-0.426,0.037,-0.025,-0.013,2501,0
974119,6.005,7.776,-0.457,0.047,-0.033,-0.008,2500,0
974139,6.012,7.803,-0.453,0.057,-0.021,-0.005,2502,0
974159,5.995,7.824,-0.51,0.052,-0.015,-0.004,2501,0
974179,5.99,7.784,-0.508,0.036,-0.016,0.003,2500,0
974199,6.0,7.717,-0.46,0.033,-0.02,0.001,2500,0
974219,5.988,7.695,-0.462,0.049,-0.025,-0.007,2500,0
974239,5.976,7.781,-0.457,0.059,-0.026,-0.013,2500,0
974259,5.976,7.853,-0.505,0.046,-0.018,-0.01,2501,0
974279,5.971,7.853,-0.467,0.031,-0.012,-0.002,2500,0
974299,5.997,7.824,-0.436,0.034,-0.015,0.001,2499,0
974319,6.0,7.752,-0.45,0.04,-0.016,0.005,2500,0
974339,6.017,7.714,-0.464,0.04,-0.015,0.004,2500,0
974359,6.017,7.714,-0.433,0.038,-0.01,-0.003,2501,0
974379,5.983,7.736,-0.352,0.032,-0.009,0.001,2502,0
974399,5.99,7.683,-0.362,0.027,-0.03,-0.001,2500,0
974419,5.99,7.652,-0.412,0.036,-0.044,-0.019,2500,0
974439,6.012,7.717,-0.445,0.053,-0.039,-0.034,2499,0
974459,6.002,7.81,-0.484,0.054,-0.028,-0.027,2502,0
974479,5.981,7.817,-0.481,0.035,-0.018,-0.013,2501,0
974499,5.959,7.774,-0.421,0.023,-0.023,-0.005,2499,0
974519,5.988,7.702,-0.419,0.033,-0.033,-0.008,2499,0
974539,5.976,7.714,-0.443,0.047,-0.027,-0.021,2500,0
974559,5.95,7.8,-0.455,0.055,-0.023,-0.023,2500,0
974579,5.938,7.87,-0.431,0.04,-0.019,-0.013,2500,0
974599,6.0,7.8,-0.369,0.029,-0.027,-0.007,2502,0
974619,6.036,7.685,-0.333,0.035,-0.039,-0.007,2499,0
974639,6.05,7.693,-0.34,0.047,-0.058,-0.021,2499,0
974659,6.043,7.788,-0.357,0.042,-0.055,-0.029,2499,0
974679,5.99,7.829,-0.35,0.037,-0.051,-0.022,2498,0
974699,6.021,7.805,-0.338,0.034,-0.068,-0.009,2499,0
974719,6.06,7.724,-0.419,0.028,-0.08,-0.01,2500,0
974739,6.017,7.709,-0.426,0.042,-0.085,-0.021,2498,0
974759,5.978,7.788,-0.486,0.06,-0.084,-0.028,2498,0
974779,5.986,7.863,-0.515,0.052,-0.081,-0.02,2499,0
974799,5.983,7.788,-0.579,0.026,-0.082,-0.012,2500,0
974819,5.986,7.709,-0.627,0.027,-0.08,-0.02,2497,0
974839,5.966,7.736,-0.622,0.046,-0.074,-0.03,2498,0
974859,5.964,7.824,-0.594,0.053,-0.06,-0.034,2501,0
974879,5.914,7.822,-0.611,0.048,-0.052,-0.029,2500,0
974899,5.921,7.776,-0.589,0.049,-0.052,-0.019,2497,0
974919,5.969,7.762,-0.601,0.053,-0.054,-0.022,2498,0
974939,5.938,7.788,-0.498,0.045,-0.044,-0.03,2502,0
974959,5.909,7.851,-0.5,0.045,-0.036,-0.024,2498,0
974979,5.911,7.807,-0.503,0.051,-0.046,-0.022,2499,0
974999,5.964,7.769,-0.491,0.057,-0.056,-0.029,2496,0
975019,5.957,7.896,-0.51,0.066,-0.057,-0.034,2498,0
975039,5.933,7.97,-0.522,0.066,-0.067,-0.029,2497,0
975059,5.954,7.966,-0.575,0.067,-0.075,-0.013,2498,0
975079,5.995,7.882,-0.615,0.056,-0.08,0.001,2497,0
975099,6.002,7.858,-0.57,0.039,-0.103,-0.002,2496,0
975119,6.0,7.846,-0.548,0.045,-0.086,-0.01,2496,0
975139,5.976,7.836,-0.613,0.09,-0.066,-0.001,2495,0
975159,5.969,7.865,-0.699,0.098,-0.058,0.005,2495,0
975179,5.866,7.91,-0.709,0.062,-0.044,0.002,2494,0
975199,5.772,7.906,-0.68,0.049,-0.032,-0.0,2494,0
975219,5.813,7.927,-0.644,0.043,-0.029,0.017,2494,0
975239,5.871,7.839,-0.62,0.029,-0.022,0.021,2494,0
975259,5.904,7.714,-0.524,0.032,-0.024,0.006,2493,0
975279,5.883,7.76,-0.464,0.05,-0.027,0.0,2493,0
975299,5.878,7.793,-0.472,0.052,-0.027,-0.001,2493,0
975319,5.899,7.805,-0.472,0.038,-0.039,0.003,2494,0
975339,5.942,7.781,-0.5,0.029,-0.059,0.002,2492,0
975359,5.928,7.769,-0.563,0.041,-0.061,-0.008,2493,0
975379,5.892,7.829,-0.644,0.055,-0.055,-0.011,2495,0
975399,5.897,7.879,-0.699,0.04,-0.042,-0.007,2495,0
975419,5.93,7.839,-0.687,0.015,-0.034,-0.001,2493,0
975461,5.99,7.824,-0.527,0.03,-0.034,-0.005,2494,0
975472,5.997,7.829,-0.515,0.038,-0.041,-0.003,2494,0
975484,5.997,7.841,-0.57,0.043,-0.046,-0.001,2495,0
975499,5.971,7.843,-0.673,0.049,-0.051,0.003,2494,0
975519,5.957,7.817,-0.706,0.048,-0.046,0.009,2493,0
975539,6.017,7.752,-0.694,0.039,-0.043,0.013,2494,0
975559,6.017,7.705,-0.654,0.034,-0.036,-0.002,2494,0
975579,5.957,7.719,-0.618,0.048,-0.047,-0.017,2493,0
975599,5.962,7.767,-0.675,0.063,-0.056,-0.018,2492,0
975619,5.976,7.788,-0.73,0.062,-0.047,-0.015,2493,0
975639,5.962,7.772,-0.702,0.057,-0.035,-0.016,2493,0
975659,5.914,7.791,-0.67,0.057,-0.02,-0.013,2492,0
975679,5.854,7.788,-0.644,0.061,-0.026,-0.011,2492,0
975699,5.897,7.75,-0.594,0.053,-0.044,-0.012,2493,0
975719,5.902,7.75,-0.572,0.05,-0.064,-0.02,2492,0
975739,5.863,7.767,-0.57,0.057,-0.064,-0.027,2492,0
975759,5.873,7.788,-0.56,0.05,-0.054,-0.023,2493,0
975779,5.909,7.719,-0.584,0.057,-0.055,-0.026,2492,0
975799,5.93,7.642,-0.668,0.059,-0.077,-0.038,2492,0
975819,5.935,7.623,-0.718,0.057,-0.103,-0.051,2492,0
975839,5.938,7.621,-0.742,0.079,-0.163,-0.071,2492,0
975859,6.038,7.8,-0.833,0.079,-0.207,-0.075,2492,0
975879,6.098,7.793,-1.046,0.119,-0.181,-0.078,2491,0
975899,6.021,7.731,-1.403,0.213,-0.181,-0.088,2491,0
975919,6.088,7.817,-1.784,0.241,-0.286,-0.088,2492,0
975939,6.122,7.889,-2.428,0.251,-0.339,-0.079,2492,0
975959,5.878,8.09,-2.94,0.254,-0.408,-0.068,2492,0
975979,5.981,8.152,-3.153,0.268,-0.497,-0.022,2492,0
975999,6.069,7.819,-3.654,0.393,-0.548,-0.013,2494,0
976019,5.6,7.558,-4.853,0.64,-0.78,-0.027,2495,0
976039,4.647,7.76,-5.737,0.715,-1.266,-0.012,2500,0
976059,4.805,8.677,-5.248,0.589,-1.893,0.025,2503,0
976079,5.088,8.231,-4.645,0.365,-2.137,-0.103,2505,0
976099,4.817,8.03,-6.009,0.659,-1.848,-0.333,2512,0
976119,3.61,8.645,-7.786,1.015,-1.666,-0.499,2513,0
976139,2.825,9.349,-8.662,1.19,-1.571,-0.609,2521,0
976159,1.829,10.259,-9.979,1.111,-1.057,-0.736,2529,0
976179,1.142,10.525,-11.789,0.908,0.261,-0.832,2532,0
976199,0.678,10.671,-12.007,1.062,2.113,-0.717,2534,0
976219,-0.285,10.704,-11.662,1.502,4.003,-0.701,2532,0
976239,-2.059,10.333,-11.111,2.016,5.847,-0.876,2526,0
976259,-3.311,9.821,-10.3,2.43,7.889,-1.241,2519,0
976279,-4.829,10.23,-7.623,2.34,8.731,-1.591,2511,0
976299,-6.285,10.805,-4.839,1.711,8.731,-1.568,2486,0
976319,-8.885,10.489,-2.574,1.001,8.731,-1.143,2449,0
976339,-10.752,10.776,-0.869,0.512,8.731,-0.556,2422,0
976359,-9.864,11.234,3.666,-0.072,8.731,0.164,2415,0
976379,-7.396,10.862,8.267,-0.932,8.077,0.857,2403,0
976399,-5.672,8.27,11.59,-1.111,7.679,1.318,2381,0
976419,-4.597,5.847,11.684,-0.576,6.061,1.123,2353,0
976439,-4.077,5.952,11.645,0.467,4.616,0.677,2340,0
976459,-2.708,7.24,12.045,0.561,3.455,0.334,2336,0
976479,-2.049,7.58,12.21,0.084,2.749,0.26,2338,0
976499,-1.908,6.984,11.784,-0.297,2.131,0.26,2338,0
976519,-1.647,6.62,11.528,-0.357,1.719,0.26,2337,0
976539,-1.101,6.084,11.037,-0.221,1.244,0.185,2337,0
976559,-0.543,6.05,10.293,0.101,0.758,0.033,2339,0
976579,0.132,6.718,9.402,0.251,0.392,-0.103,2344,0
976599,0.646,7.362,8.847,0.047,0.241,-0.156,2345,0
976619,1.041,7.501,8.428,-0.363,0.123,-0.187,2344,0
976639,1.499,6.883,8.112,-0.464,-0.014,-0.262,2348,0
976659,2.033,6.649,7.755,-0.129,-0.14,-0.365,2350,0
976679,2.389,7.321,7.298,0.225,-0.192,-0.405,2355,0
976699,2.301,8.162,6.649,0.232,-0.228,-0.331,2353,0
976719,2.442,8.368,6.096,0.02,-0.312,-0.25,2353,0
976739,2.794,8.317,5.825,-0.132,-0.375,-0.224,2356,0
976759,2.84,8.44,5.562,-0.087,-0.383,-0.221,2363,0
976779,2.631,8.528,5.377,-0.026,-0.344,-0.144,2365,0
976799,2.416,8.38,5.205,-0.01,-0.264,-0.002,2367,0
976819,2.471,8.011,5.138,0.033,-0.157,0.095,2368,0
976839,2.715,7.812,5.2,0.07,-0.079,0.111,2367,0
976859,2.679,7.776,5.25,0.073,-0.116,0.1,2368,0
976879,2.543,7.585,5.296,0.023,-0.159,0.104,2368,0
976899,2.342,7.312,5.351,0.026,-0.13,0.1,2369,0
976919,2.21,7.288,5.452,0.062,-0.06,0.083,2369,0
976939,2.195,7.195,5.516,0.08,-0.036,0.054,2368,0
976959,2.172,7.049,5.526,0.105,-0.06,0.022,2368,0
976979,2.217,7.039,5.619,0.11,-0.074,-0.019,2369,0
976999,2.401,7.101,5.665,0.069,-0.055,-0.062,2368,0
977019,2.495,7.269,5.653,0.026,-0.056,-0.11,2368,0
977039,2.464,7.494,5.636,-0.01,-0.079,-0.144,2369,0
977059,2.406,7.697,5.78,-0.02,-0.08,-0.155,2369,0
977079,2.385,7.831,5.875,0.001,-0.083,-0.146,2372,0
977099,2.392,7.87,5.847,0.031,-0.098,-0.121,2373,0
977119,2.433,7.961,5.827,0.061,-0.116,-0.098,2373,0
977139,2.421,8.049,5.801,0.049,-0.128,-0.084,2373,0
977159,2.344,8.064,5.734,-0.018,-0.152,-0.064,2373,0
977179,2.385,7.786,5.72,-0.052,-0.163,-0.043,2373,0
977199,2.425,7.628,5.732,0.003,-0.124,-0.039,2375,0
977219,2.421,7.714,5.713,0.048,-0.096,-0.036,2377,0
977239,2.356,7.721,5.681,0.043,-0.109,-0.029,2378,0
977259,2.32,7.633,5.679,0.031,-0.132,-0.017,2379,0
977279,2.368,7.563,5.641,0.05,-0.129,-0.017,2380,0
977299,2.478,7.592,5.598,0.074,-0.121,-0.021,2381,0
977319,2.456,7.611,5.533,0.066,-0.125,-0.025,2382,0
977339,2.435,7.638,5.543,0.069,-0.12,-0.032,2382,0
977359,2.478,7.676,5.571,0.101,-0.114,-0.032,2382,0
977379,2.49,7.784,5.459,0.095,-0.132,-0.025,2383,0
977399,2.476,7.803,5.454,0.063,-0.141,-0.02,2384,0
977419,2.411,7.769,5.452,0.065,-0.132,-0.021,2384,0
977439,2.452,7.807,5.435,0.079,-0.121,-0.01,2384,0
977459,2.476,7.719,5.339,0.09,-0.107,-0.003,2384,0
977479,2.435,7.793,5.373,0.085,-0.091,-0.004,2384,0
977499,2.428,7.769,5.425,0.062,-0.074,-0.007,2385,0
977519,2.502,7.669,5.464,0.049,-0.068,-0.005,2385,0
977539,2.538,7.618,5.545,0.049,-0.049,-0.009,2384,0
977559,2.471,7.604,5.626,0.067,-0.039,-0.02,2386,0
977579,2.459,7.683,5.612,0.08,-0.069,-0.026,2385,0
977599,2.543,7.788,5.511,0.061,-0.085,-0.023,2385,0
977619,2.49,7.803,5.509,0.018,-0.064,-0.017,2383,0
977639,2.397,7.673,5.595,0.01,-0.068,-0.019,2386,0
977659,2.435,7.618,5.511,0.053,-0.09,-0.021,2385,0
977679,2.535,7.767,5.476,0.082,-0.075,-0.024,2387,0
977699,2.523,7.867,5.44,0.063,-0.056,-0.026,2389,0
977719,2.5,7.796,5.466,0.025,-0.066,-0.015,2390,0
977739,2.442,7.681,5.528,0.029,-0.083,-0.017,2393,0
977759,2.471,7.745,5.495,0.043,-0.078,-0.025,2391,0
977779,2.535,7.769,5.478,0.028,-0.072,-0.017,2393,0
977799,2.509,7.673,5.461,0.035,-0.062,-0.01,2394,0
977819,2.471,7.683,5.48,0.052,-0.047,-0.011,2394,0
977839,2.421,7.702,5.538,0.045,-0.061,-0.013,2395,0
977859,2.552,7.649,5.483,0.047,-0.086,-0.014,2395,0
977879,2.612,7.664,5.428,0.061,-0.075,-0.026,2395,0
977899,2.552,7.767,5.404,0.048,-0.061,-0.036,2397,0
977919,2.454,7.721,5.447,0.035,-0.076,-0.035,2397,0
977939,2.49,7.728,5.476,0.06,-0.068,-0.035,2398,0
977959,2.5,7.872,5.38,0.066,-0.058,-0.035,2399,0
977979,2.509,7.951,5.387,0.032,-0.066,-0.026,2401,0
977999,2.502,7.855,5.322,0.027,-0.069,-0.015,2401,0
978019,2.528,7.796,5.346,0.051,-0.048,-0.009,2403,0
978039,2.588,7.776,5.358,0.072,-0.019,-0.008,2404,0
978059,2.595,7.848,5.344,0.07,-0.027,-0.007,2404,0
978079,2.519,7.86,5.382,0.067,-0.035,-0.008,2404,0
978099,2.452,7.966,5.437,0.075,-0.017,0.0,2404,0
978119,2.423,7.985,5.461,0.045,-0.015,0.014,2406,0
978139,2.38,7.812,5.502,0.032,-0.026,0.026,2404,0
978159,2.354,7.769,5.528,0.028,-0.023,0.022,2404,0
978179,2.413,7.676,5.622,0.013,-0.017,0.014,2405,0
978199,2.509,7.551,5.619,0.025,-0.045,0.004,2406,0
