461215,-3.127,2.643,-9.203,0.075,-0.055,0.0,2623,0
461234,-3.127,2.626,-9.325,0.006,-0.078,-0.014,2624,0
461254,-3.074,2.447,-9.311,-0.005,-0.042,-0.013,2625,0
461275,-3.072,2.461,-9.237,0.056,0.005,-0.022,2624,0
461294,-3.136,2.641,-9.184,0.092,0.015,-0.026,2624,0
461314,-3.146,2.806,-9.12,0.069,-0.005,-0.006,2624,0
461334,-3.065,2.715,-9.124,0.015,-0.032,0.003,2625,0
461355,-3.014,2.574,-9.088,-0.008,-0.04,-0.003,2624,0
461374,-3.045,2.516,-9.048,0.014,-0.048,-0.025,2624,0
461395,-3.112,2.531,-9.1,0.054,-0.064,-0.04,2624,0
461415,-3.065,2.729,-9.086,0.082,-0.059,-0.027,2625,0
461435,-3.105,2.828,-9.194,0.032,-0.053,-0.007,2624,0
461454,-3.115,2.684,-9.127,-0.035,-0.06,0.003,2624,0
461475,-3.146,2.531,-9.16,-0.009,-0.069,-0.017,2624,0
461494,-3.17,2.703,-9.194,0.023,-0.058,-0.025,2625,0
461515,-3.146,2.732,-9.203,0.004,-0.031,0.008,2625,0
461534,-3.072,2.66,-9.153,-0.002,-0.03,0.017,2626,0
461555,-2.981,2.658,-9.103,-0.012,-0.06,0.001,2626,0
461575,-2.983,2.631,-9.153,0.024,-0.062,-0.016,2625,0
461595,-2.976,2.729,-9.225,0.063,-0.044,-0.01,2627,0
461614,-2.938,2.727,-9.201,0.106,-0.002,-0.004,2625,0
461634,-3.014,2.813,-9.096,0.168,0.018,0.008,2625,0
461654,-3.077,2.768,-9.194,0.199,-0.033,0.022,2625,0
461674,-2.974,2.677,-9.203,0.172,-0.056,0.021,2625,0
461694,-3.017,2.468,-9.258,0.14,-0.051,-0.008,2625,0
461714,-3.136,2.466,-9.268,0.09,-0.067,-0.026,2623,0
461734,-3.218,2.574,-9.285,-0.004,-0.089,-0.016,2624,0
461755,-3.1,2.449,-9.258,-0.054,-0.091,-0.025,2624,0
461774,-3.057,2.531,-9.21,-0.014,-0.066,-0.048,2624,0
461795,-3.156,2.789,-9.22,-0.003,-0.047,-0.024,2624,0
461814,-3.158,2.909,-9.246,-0.043,-0.025,0.03,2624,0
461835,-3.136,2.727,-9.215,-0.08,-0.024,0.055,2623,0
461855,-3.115,2.646,-9.1,-0.056,-0.053,0.034,2625,0
461875,-3.112,2.634,-9.108,-0.018,-0.06,0.025,2624,0
461894,-3.11,2.684,-9.163,-0.004,-0.049,0.015,2625,0
461914,-3.134,2.679,-9.093,-0.043,-0.046,0.012,2625,0
461934,-3.156,2.595,-8.971,-0.059,-0.06,0.016,2624,0
461954,-3.158,2.559,-8.935,-0.011,-0.091,0.009,2624,0
461974,-3.086,2.614,-9.014,0.023,-0.095,-0.005,2624,0
461995,-3.108,2.641,-9.041,0.03,-0.077,-0.011,2624,0
462015,-3.182,2.61,-9.096,0.066,-0.064,-0.021,2623,0
462035,-3.254,2.787,-9.146,0.111,-0.054,-0.023,2624,0
462054,-3.237,2.923,-9.199,0.057,-0.045,-0.0,2624,0
462074,-3.244,2.708,-9.093,-0.007,-0.046,0.014,2623,0
462094,-3.213,2.629,-9.11,0.008,-0.068,-0.004,2623,0
462115,-3.153,2.729,-9.134,0.026,-0.069,-0.008,2624,0
462134,-3.144,2.739,-9.158,0.015,-0.047,-0.008,2622,0
462155,-3.218,2.727,-9.218,0.007,-0.04,-0.017,2623,0
462174,-3.179,2.811,-9.232,0.002,-0.033,-0.009,2623,0
462194,-3.177,2.907,-9.227,-0.026,-0.023,0.015,2623,0
462215,-3.16,2.787,-9.12,-0.032,-0.031,0.009,2623,0
462235,-3.179,2.751,-9.093,-0.002,-0.035,0.004,2623,0
462254,-3.215,2.835,-9.072,0.004,-0.035,0.016,2623,0
462274,-3.242,2.78,-9.093,-0.006,-0.042,0.017,2624,0
462295,-3.17,2.883,-9.088,-0.011,-0.027,0.011,2624,0
462314,-3.184,2.907,-9.06,-0.059,-0.032,0.024,2623,0
462335,-3.189,2.705,-8.99,-0.048,-0.048,0.027,2624,0
462354,-3.17,2.775,-9.055,0.029,-0.042,0.007,2623,0
462374,-3.134,2.966,-9.043,0.035,-0.016,0.003,2623,0
462394,-3.223,3.024,-9.026,-0.019,-0.029,0.011,2622,0
462415,-3.273,2.935,-9.026,-0.059,-0.062,0.033,2623,0
462434,-3.165,2.744,-9.033,-0.021,-0.051,0.033,2624,0
462454,-3.115,2.825,-9.036,0.031,-0.035,0.004,2622,0
462474,-3.153,2.962,-9.007,0.01,-0.045,0.001,2624,0
462495,-3.206,2.974,-9.007,-0.047,-0.074,0.018,2622,0
462514,-3.223,2.828,-9.057,-0.073,-0.078,0.027,2623,0
462535,-3.105,2.847,-9.06,-0.016,-0.024,0.019,2624,0
462554,-3.129,2.907,-8.985,0.042,0.009,0.013,2623,0
462574,-3.196,2.974,-8.952,0.052,-0.035,0.006,2623,0
462594,-3.187,2.988,-8.988,0.025,-0.076,0.007,2625,0
462614,-3.208,2.962,-9.014,-0.009,-0.065,0.02,2625,0
462634,-3.189,2.851,-9.024,-0.019,-0.035,0.034,2625,0
462655,-3.16,2.763,-8.942,0.033,-0.022,0.005,2624,0
462674,-3.199,2.899,-8.985,0.089,-0.05,-0.031,2624,0
462694,-3.17,3.072,-9.072,0.055,-0.064,-0.021,2624,0
462714,-3.175,3.098,-9.052,0.003,-0.051,0.001,2626,0
462734,-3.225,3.057,-9.038,-0.008,-0.055,0.004,2626,0
462754,-3.247,3.021,-9.074,0.001,-0.075,0.003,2626,0
462775,-3.206,3.002,-9.088,0.021,-0.066,0.001,2625,0
462794,-3.225,3.053,-9.055,0.017,-0.047,-0.002,2624,0
462815,-3.259,3.067,-9.019,-0.006,-0.03,0.022,2625,0
462835,-3.261,2.981,-8.964,-0.016,-0.028,0.035,2624,0
462854,-3.23,2.952,-8.94,0.025,-0.042,0.006,2625,0
462874,-3.237,3.069,-8.966,0.036,-0.071,-0.014,2625,0
462895,-3.215,3.096,-8.976,0.001,-0.056,-0.008,2626,0
462914,-3.263,3.074,-8.921,-0.015,-0.037,0.009,2626,0
462935,-3.285,3.077,-8.952,0.001,-0.057,0.018,2626,0
462955,-3.211,3.084,-9.021,0.042,-0.057,0.017,2627,0
462974,-3.196,3.132,-9.029,0.049,-0.041,0.015,2628,0
462995,-3.196,3.122,-9.009,0.016,-0.047,0.013,2627,0
463014,-3.266,3.055,-9.024,-0.015,-0.066,0.012,2628,0
463035,-3.235,3.024,-9.031,0.01,-0.052,0.026,2628,0
463055,-3.206,3.053,-9.057,0.042,-0.031,0.018,2628,0
463075,-3.213,3.11,-9.0,0.036,-0.034,0.002,2631,0
463094,-3.242,3.098,-9.005,0.012,-0.044,0.013,2629,0
463114,-3.225,3.057,-8.938,-0.009,-0.05,0.029,2629,0
463134,-3.199,2.962,-9.007,0.003,-0.054,0.024,2630,0
463155,-3.194,2.993,-9.007,0.041,-0.041,0.007,2628,0
463174,-3.254,3.098,-8.923,0.037,-0.023,-0.008,2630,0
463195,-3.306,3.112,-8.875,0.021,-0.046,-0.003,2631,0
463214,-3.23,3.06,-8.897,0.02,-0.054,0.017,2631,0
463234,-3.189,2.993,-8.954,0.033,-0.044,0.009,2631,0
463254,-3.203,3.062,-8.938,0.047,-0.038,-0.011,2632,0
463275,-3.235,3.158,-8.961,0.034,-0.057,-0.009,2635,0
463294,-3.239,3.136,-8.985,0.011,-0.063,-0.003,2632,0
463315,-3.211,3.11,-9.002,0.014,-0.047,-0.007,2632,0
463334,-3.28,3.163,-8.985,0.032,-0.027,-0.013,2633,0
463355,-3.299,3.22,-8.969,0.038,-0.032,-0.001,2633,0
463374,-3.232,3.203,-8.957,0.022,-0.031,0.013,2634,0
463395,-3.259,3.067,-8.928,-0.006,-0.038,0.008,2632,0
463414,-3.268,3.072,-8.894,-0.002,-0.038,0.003,2632,0
463434,-3.266,3.122,-8.885,0.022,-0.034,-0.001,2633,0
463454,-3.242,3.144,-8.904,0.025,-0.044,-0.011,2631,0
463474,-3.268,3.146,-8.911,0.011,-0.07,-0.016,2631,0
463494,-3.287,3.156,-8.897,0.023,-0.073,-0.013,2632,0
463515,-3.256,3.261,-8.981,0.036,-0.039,-0.001,2631,0
463534,-3.261,3.247,-8.918,0.021,-0.026,0.009,2630,0
463554,-3.297,3.189,-8.868,0.002,-0.054,0.014,2632,0
463574,-3.311,3.175,-8.899,0.008,-0.078,0.011,2629,0
463594,-3.275,3.17,-8.959,0.014,-0.068,0.016,2631,0
463614,-3.218,3.144,-8.964,-0.006,-0.043,0.014,2629,0
463634,-3.251,3.158,-8.899,-0.03,-0.037,0.002,2629,0
463654,-3.287,3.215,-8.902,-0.013,-0.064,-0.014,2629,0
463674,-3.28,3.297,-8.899,0.016,-0.073,-0.013,2630,0
463694,-3.256,3.299,-8.93,0.014,-0.062,0.018,2632,0
463714,-3.292,3.254,-8.957,0.01,-0.048,0.019,2631,0
463734,-3.354,3.242,-8.969,0.018,-0.058,0.007,2632,0
463754,-3.357,3.208,-8.988,0.006,-0.055,0.013,2630,0
463775,-3.278,3.168,-8.928,-0.009,-0.036,0.022,2629,0
463795,-3.306,3.156,-8.847,-0.004,-0.027,0.01,2631,0
463814,-3.326,3.223,-8.842,0.02,-0.041,-0.01,2630,0
463835,-3.318,3.306,-8.904,0.037,-0.044,-0.007,2630,0
463854,-3.28,3.318,-8.882,0.016,-0.038,0.005,2630,0
463875,-3.287,3.275,-8.83,-0.01,-0.051,0.001,2630,0
463894,-3.345,3.268,-8.847,-0.019,-0.07,-0.007,2632,0
463914,-3.311,3.294,-8.887,0.011,-0.056,0.002,2632,0
463935,-3.29,3.309,-8.887,0.025,-0.03,0.006,2633,0
463954,-3.314,3.311,-8.83,0.017,-0.025,0.005,2630,0
463975,-3.338,3.314,-8.72,0.003,-0.042,0.007,2632,0
463994,-3.345,3.232,-8.765,0.016,-0.055,0.01,2632,0
464015,-3.345,3.194,-8.808,0.044,-0.05,0.011,2629,0
464034,-3.316,3.187,-8.882,0.053,-0.042,0.002,2631,0
464055,-3.292,3.266,-8.83,0.034,-0.03,-0.009,2632,0
464074,-3.328,3.354,-8.787,0.017,-0.036,-0.018,2630,0
464095,-3.342,3.314,-8.859,0.012,-0.05,-0.014,2632,0
464115,-3.29,3.268,-8.897,0.026,-0.052,-0.007,2631,0
464135,-3.28,3.266,-8.894,0.046,-0.035,-0.003,2631,0
464154,-3.364,3.311,-8.964,0.051,-0.034,-0.009,2631,0
464175,-3.364,3.402,-8.899,0.027,-0.045,-0.005,2632,0
464195,-3.335,3.316,-8.914,0.014,-0.058,0.0,2631,0
464214,-3.294,3.338,-8.892,0.021,-0.043,0.002,2631,0
464234,-3.357,3.361,-8.866,0.033,-0.032,-0.002,2629,0
464255,-3.4,3.326,-8.885,0.041,-0.042,0.001,2629,0
464274,-3.311,3.364,-8.88,0.036,-0.032,-0.002,2630,0
464295,-3.28,3.347,-8.815,0.027,-0.024,-0.009,2629,0
464314,-3.345,3.426,-8.698,0.018,-0.047,-0.013,2629,0
464335,-3.402,3.402,-8.753,0.033,-0.082,0.004,2628,0
464354,-3.321,3.431,-8.796,0.059,-0.084,0.026,2630,0
464374,-3.311,3.424,-8.83,0.048,-0.072,0.027,2628,0
464394,-3.366,3.347,-8.827,0.017,-0.069,0.027,2628,0
464414,-3.397,3.227,-8.878,0.025,-0.067,0.022,2629,0
464434,-3.347,3.266,-8.923,0.048,-0.033,0.006,2629,0
464454,-3.354,3.326,-8.89,0.03,-0.027,-0.008,2630,0
464475,-3.361,3.371,-8.803,-0.003,-0.043,-0.005,2630,0
464494,-3.366,3.349,-8.772,0.01,-0.048,0.003,2628,0
464515,-3.364,3.361,-8.837,0.027,-0.04,-0.001,2629,0
464534,-3.364,3.342,-8.839,0.023,-0.029,-0.003,2628,0
464555,-3.369,3.342,-8.782,0.011,-0.03,-0.003,2628,0
464574,-3.424,3.33,-8.751,0.011,-0.047,-0.002,2627,0
464595,-3.378,3.369,-8.72,0.022,-0.056,0.006,2627,0
464615,-3.34,3.345,-8.701,0.033,-0.059,0.006,2628,0
464634,-3.354,3.376,-8.703,0.024,-0.063,-0.001,2628,0
464654,-3.438,3.347,-8.724,0.014,-0.076,-0.006,2628,0
464675,-3.407,3.352,-8.768,0.011,-0.067,-0.002,2628,0
464695,-3.409,3.369,-8.782,0.018,-0.054,0.001,2626,0
464715,-3.383,3.4,-8.753,0.033,-0.059,-0.005,2628,0
464735,-3.419,3.421,-8.758,0.042,-0.071,-0.007,2628,0
464755,-3.405,3.409,-8.823,0.051,-0.072,-0.003,2628,0
464774,-3.366,3.373,-8.815,0.046,-0.043,0.004,2628,0
464795,-3.4,3.376,-8.82,0.043,-0.038,-0.005,2629,0
464814,-3.438,3.402,-8.854,0.039,-0.057,-0.012,2628,0
464834,-3.385,3.371,-8.902,0.042,-0.044,-0.008,2628,0
464854,-3.39,3.4,-8.878,0.046,-0.019,-0.007,2627,0
464874,-3.397,3.46,-8.789,0.034,-0.017,-0.012,2627,0
464895,-3.436,3.474,-8.794,0.029,-0.04,-0.007,2628,0
464914,-3.376,3.438,-8.818,0.03,-0.039,-0.001,2631,0
464935,-3.39,3.369,-8.796,0.04,-0.021,-0.006,2628,0
464955,-3.448,3.378,-8.792,0.043,-0.013,-0.003,2627,0
464974,-3.45,3.4,-8.748,0.035,-0.021,-0.002,2627,0
464995,-3.412,3.371,-8.724,0.035,-0.034,-0.008,2629,0
465014,-3.395,3.424,-8.724,0.04,-0.037,-0.014,2630,0
465034,-3.412,3.457,-8.732,0.025,-0.031,-0.009,2630,0
465054,-3.438,3.419,-8.753,0.021,-0.038,-0.005,2633,0
465074,-3.421,3.431,-8.837,0.041,-0.041,-0.005,2634,0
465094,-3.452,3.467,-8.847,0.048,-0.027,-0.002,2632,0
465115,-3.496,3.469,-8.768,0.036,-0.015,0.009,2630,0
465134,-3.469,3.407,-8.72,0.018,-0.016,0.011,2632,0
465154,-3.445,3.381,-8.684,0.029,-0.022,0.009,2632,0
465174,-3.443,3.345,-8.672,0.038,-0.026,0.01,2631,0
465194,-3.421,3.33,-8.657,0.033,-0.039,0.004,2630,0
465214,-3.438,3.333,-8.636,0.018,-0.058,-0.005,2630,0
465235,-3.448,3.376,-8.672,0.021,-0.067,-0.011,2630,0
465254,-3.436,3.412,-8.691,0.016,-0.06,-0.014,2630,0
465274,-3.491,3.424,-8.691,-0.001,-0.089,-0.017,2632,0
465294,-3.519,3.424,-8.684,-0.038,-0.118,-0.01,2632,0
465315,-3.563,3.352,-8.746,-0.02,-0.108,-0.001,2632,0
465334,-3.496,3.385,-8.775,0.02,-0.078,0.009,2635,0
465355,-3.448,3.44,-8.758,0.037,-0.047,0.009,2636,0
465375,-3.44,3.433,-8.717,0.032,-0.051,0.006,2638,0
465395,-3.417,3.438,-8.712,0.033,-0.066,-0.012,2637,0
465414,-3.412,3.488,-8.744,0.039,-0.064,-0.013,2638,0
465434,-3.4,3.582,-8.763,0.039,-0.056,-0.005,2639,0
465454,-3.426,3.62,-8.758,0.027,-0.057,-0.001,2639,0
465475,-3.491,3.584,-8.787,0.03,-0.073,0.003,2639,0
465494,-3.46,3.536,-8.827,0.05,-0.066,0.009,2639,0
465515,-3.472,3.534,-8.847,0.05,-0.043,0.012,2638,0
465534,-3.543,3.5,-8.808,0.04,-0.043,0.017,2639,0
465554,-3.548,3.472,-8.78,0.021,-0.055,0.016,2639,0
465574,-3.512,3.424,-8.777,0.009,-0.055,0.005,2640,0
465595,-3.51,3.385,-8.748,0.004,-0.045,-0.005,2639,0
465615,-3.519,3.431,-8.71,0.015,-0.04,0.002,2640,0
465634,-3.457,3.527,-8.674,0.03,-0.037,0.013,2639,0
465654,-3.443,3.551,-8.679,0.036,-0.027,0.011,2639,0
465675,-3.474,3.512,-8.662,0.031,-0.04,0.009,2639,0
465694,-3.505,3.467,-8.71,0.025,-0.064,0.006,2640,0
465715,-3.5,3.452,-8.744,0.044,-0.047,0.009,2638,0
465734,-3.539,3.493,-8.736,0.051,-0.015,0.014,2639,0
465755,-3.551,3.51,-8.624,0.043,-0.022,0.013,2639,0
465775,-3.519,3.462,-8.59,0.028,-0.048,0.013,2640,0
465794,-3.486,3.395,-8.614,0.017,-0.064,0.003,2639,0
465814,-3.534,3.373,-8.669,0.013,-0.067,-0.01,2638,0
465835,-3.527,3.419,-8.677,0.019,-0.051,-0.018,2639,0
465854,-3.543,3.508,-8.638,0.024,-0.046,-0.015,2639,0
465874,-3.488,3.563,-8.629,0.025,-0.058,-0.008,2639,0
465894,-3.493,3.534,-8.693,0.038,-0.069,-0.002,2639,0
465915,-3.524,3.491,-8.787,0.063,-0.065,-0.001,2639,0
465934,-3.508,3.531,-8.873,0.069,-0.054,0.002,2639,0
465954,-3.496,3.565,-8.856,0.047,-0.035,0.005,2640,0
465974,-3.505,3.505,-8.806,0.037,-0.028,0.004,2640,0
465995,-3.539,3.443,-8.78,0.047,-0.033,-0.003,2639,0
466015,-3.481,3.519,-8.803,0.041,-0.029,-0.007,2640,0
466035,-3.508,3.551,-8.772,0.016,-0.021,-0.008,2640,0
466055,-3.551,3.567,-8.705,0.013,-0.026,-0.013,2639,0
466075,-3.587,3.577,-8.712,0.031,-0.034,-0.005,2640,0
466094,-3.551,3.603,-8.77,0.044,-0.017,0.008,2639,0
466115,-3.555,3.634,-8.708,0.037,-0.001,0.011,2638,0
466134,-3.589,3.622,-8.636,0.025,-0.004,0.013,2639,0
466155,-3.541,3.546,-8.588,0.021,-0.018,0.017,2639,0
466174,-3.496,3.491,-8.614,0.034,-0.022,0.019,2639,0
466194,-3.474,3.558,-8.6,0.048,-0.027,0.013,2639,0
466214,-3.531,3.649,-8.593,0.037,-0.034,0.009,2639,0
466235,-3.553,3.567,-8.638,0.02,-0.046,0.015,2640,0
466254,-3.484,3.491,-8.638,0.018,-0.034,0.022,2639,0
466275,-3.462,3.469,-8.624,0.019,-0.032,0.01,2639,0
466294,-3.498,3.512,-8.583,0.017,-0.047,0.0,2639,0
466315,-3.476,3.536,-8.566,0.029,-0.043,0.005,2639,0
466335,-3.515,3.515,-8.598,0.043,-0.05,0.017,2637,0
466354,-3.476,3.45,-8.641,0.044,-0.06,0.022,2639,0
466374,-3.505,3.412,-8.693,0.044,-0.056,0.009,2639,0
466395,-3.527,3.472,-8.71,0.051,-0.048,-0.011,2639,0
466414,-3.529,3.539,-8.729,0.049,-0.046,-0.006,2639,0
466435,-3.498,3.551,-8.701,0.047,-0.032,0.004,2640,0
466454,-3.472,3.534,-8.66,0.047,-0.028,0.001,2640,0
466474,-3.515,3.565,-8.614,0.051,-0.038,-0.006,2640,0
466494,-3.555,3.563,-8.756,0.058,-0.058,-0.003,2640,0
466515,-3.512,3.553,-8.787,0.053,-0.052,0.001,2640,0
466535,-3.5,3.548,-8.744,0.044,-0.023,-0.002,2640,0
466555,-3.522,3.548,-8.657,0.034,-0.022,-0.008,2640,0
466574,-3.539,3.553,-8.626,0.046,-0.046,-0.004,2641,0
466595,-3.51,3.529,-8.756,0.063,-0.052,0.003,2641,0
466614,-3.503,3.548,-8.775,0.069,-0.028,0.004,2643,0
466634,-3.524,3.546,-8.703,0.041,-0.015,0.003,2644,0
466654,-3.563,3.515,-8.641,0.037,-0.022,0.001,2643,0
466674,-3.534,3.539,-8.643,0.05,-0.032,-0.003,2644,0
466694,-3.546,3.579,-8.681,0.044,-0.028,-0.001,2644,0
466714,-3.57,3.575,-8.638,0.032,-0.03,0.005,2644,0
466734,-3.555,3.543,-8.593,0.039,-0.037,0.009,2646,0
466754,-3.56,3.517,-8.605,0.049,-0.045,0.005,2646,0
466775,-3.539,3.512,-8.653,0.045,-0.045,0.001,2647,0
466795,-3.529,3.539,-8.636,0.033,-0.038,-0.003,2647,0
466814,-3.572,3.577,-8.633,0.042,-0.042,-0.007,2646,0
466835,-3.522,3.654,-8.691,0.06,-0.047,0.0,2647,0
466855,-3.508,3.63,-8.768,0.048,-0.037,0.013,2646,0
466875,-3.515,3.558,-8.66,0.024,-0.032,0.019,2647,0
466894,-3.515,3.45,-8.645,0.021,-0.035,0.007,2647,0
466915,-3.553,3.464,-8.665,0.05,-0.041,0.003,2646,0
466934,-3.517,3.579,-8.674,0.063,-0.037,0.007,2646,0
466955,-3.527,3.551,-8.633,0.053,-0.026,0.015,2647,0
466974,-3.531,3.448,-8.65,0.047,-0.04,0.016,2645,0
466994,-3.457,3.409,-8.677,0.046,-0.046,0.003,2646,0
467015,-3.476,3.44,-8.681,0.04,-0.037,-0.009,2646,0
467034,-3.508,3.51,-8.66,0.041,-0.037,-0.009,2647,0
467055,-3.481,3.498,-8.633,0.053,-0.039,-0.001,2646,0
467074,-3.457,3.445,-8.686,0.054,-0.051,-0.006,2647,0
467094,-3.496,3.438,-8.772,0.044,-0.06,-0.017,2645,0
467115,-3.567,3.431,-8.803,0.046,-0.057,-0.021,2647,0
467134,-3.551,3.443,-8.832,0.057,-0.034,-0.018,2646,0
467155,-3.536,3.486,-8.794,0.061,-0.013,-0.02,2645,0
467174,-3.529,3.476,-8.732,0.049,-0.006,-0.02,2646,0
467195,-3.534,3.469,-8.636,0.036,-0.022,-0.025,2645,0
467214,-3.524,3.512,-8.624,0.033,-0.031,-0.03,2646,0
467235,-3.476,3.539,-8.624,0.041,-0.025,-0.023,2645,0
467254,-3.548,3.594,-8.631,0.042,-0.027,-0.026,2644,0
467275,-3.606,3.606,-8.631,0.039,-0.03,-0.027,2645,0
467294,-3.627,3.625,-8.65,0.025,-0.035,-0.018,2645,0
467314,-3.606,3.541,-8.631,0.015,-0.035,-0.016,2644,0
467334,-3.613,3.508,-8.6,0.03,-0.031,-0.008,2645,0
467355,-3.519,3.496,-8.6,0.03,-0.035,-0.002,2647,0
467375,-3.517,3.431,-8.624,0.037,-0.044,-0.017,2645,0
467395,-3.505,3.476,-8.65,0.045,-0.052,-0.023,2644,0
467414,-3.467,3.503,-8.636,0.044,-0.039,-0.014,2645,0
467434,-3.464,3.467,-8.684,0.052,-0.042,-0.01,2645,0
467455,-3.519,3.445,-8.744,0.05,-0.062,-0.011,2646,0
467475,-3.512,3.388,-8.799,0.042,-0.057,-0.013,2644,0
467494,-3.531,3.338,-8.775,0.05,-0.032,-0.017,2644,0
467515,-3.57,3.349,-8.712,0.057,-0.017,-0.018,2644,0
467534,-3.589,3.352,-8.669,0.056,-0.033,-0.023,2644,0
467555,-3.493,3.321,-8.665,0.061,-0.039,-0.03,2645,0
467574,-3.543,3.347,-8.667,0.062,-0.036,-0.04,2645,0
467594,-3.598,3.424,-8.696,0.058,-0.045,-0.043,2644,0
467614,-3.591,3.455,-8.734,0.051,-0.041,-0.044,2644,0
467634,-3.582,3.484,-8.722,0.055,-0.023,-0.044,2644,0
467654,-3.553,3.536,-8.698,0.059,-0.015,-0.041,2643,0
467674,-3.603,3.567,-8.629,0.053,-0.03,-0.036,2645,0
467694,-3.608,3.627,-8.717,0.049,-0.047,-0.035,2644,0
467714,-3.615,3.637,-8.739,0.038,-0.033,-0.029,2644,0
467734,-3.589,3.601,-8.739,0.034,-0.022,-0.02,2645,0
467755,-3.598,3.608,-8.732,0.027,-0.023,-0.018,2644,0
467775,-3.594,3.651,-8.703,0.03,-0.033,-0.015,2645,0
467795,-3.577,3.706,-8.744,0.022,-0.039,-0.014,2643,0
467814,-3.596,3.716,-8.739,0.012,-0.028,-0.001,2644,0
467835,-3.615,3.699,-8.729,0.018,-0.018,0.014,2646,0
467855,-3.62,3.682,-8.674,0.029,-0.006,0.023,2644,0
467874,-3.601,3.654,-8.619,0.021,-0.01,0.034,2645,0
467894,-3.606,3.627,-8.566,0.011,-0.034,0.035,2644,0
467915,-3.587,3.539,-8.636,0.016,-0.041,0.038,2643,0
467934,-3.536,3.476,-8.672,0.02,-0.02,0.041,2644,0
467955,-3.512,3.457,-8.633,0.013,-0.018,0.033,2642,0
467974,-3.515,3.476,-8.586,0.006,-0.037,0.026,2643,0
467995,-3.479,3.472,-8.641,0.013,-0.05,0.031,2643,0
468014,-3.484,3.412,-8.717,0.023,-0.038,0.035,2644,0
468034,-3.527,3.347,-8.751,0.03,-0.024,0.032,2642,0
468054,-3.582,3.34,-8.746,0.033,-0.024,0.019,2644,0
468075,-3.551,3.381,-8.71,0.046,-0.006,0.018,2641,0
468095,-3.534,3.371,-8.61,0.05,0.004,0.024,2642,0
468115,-3.515,3.316,-8.523,0.042,-0.018,0.014,2641,0
468134,-3.551,3.304,-8.564,0.052,-0.051,-0.006,2642,0
468155,-3.512,3.381,-8.677,0.062,-0.045,-0.014,2642,0
468174,-3.531,3.436,-8.677,0.061,-0.028,-0.015,2643,0
468194,-3.56,3.436,-8.657,0.047,-0.023,-0.014,2642,0
468214,-3.558,3.474,-8.605,0.046,-0.029,-0.021,2641,0
468235,-3.558,3.515,-8.607,0.052,-0.044,-0.024,2642,0
468254,-3.558,3.527,-8.629,0.054,-0.042,-0.017,2643,0
468275,-3.582,3.51,-8.665,0.055,-0.047,-0.013,2642,0
468294,-3.563,3.524,-8.669,0.054,-0.039,-0.016,2642,0
468315,-3.56,3.558,-8.648,0.045,-0.04,-0.019,2641,0
468334,-3.541,3.57,-8.657,0.037,-0.054,-0.017,2642,0
468354,-3.551,3.563,-8.643,0.037,-0.057,-0.008,2642,0
468374,-3.512,3.534,-8.631,0.038,-0.049,-0.005,2642,0
468395,-3.546,3.512,-8.66,0.042,-0.052,-0.013,2643,0
468414,-3.591,3.589,-8.696,0.045,-0.069,-0.011,2641,0
468435,-3.579,3.596,-8.732,0.036,-0.059,0.0,2641,0
468454,-3.584,3.484,-8.748,0.033,-0.048,0.008,2641,0
468475,-3.579,3.445,-8.76,0.033,-0.046,0.001,2642,0
468494,-3.57,3.462,-8.739,0.043,-0.05,-0.011,2642,0
468515,-3.551,3.563,-8.734,0.048,-0.043,-0.006,2642,0
468535,-3.558,3.546,-8.729,0.04,-0.031,-0.0,2642,0
468555,-3.539,3.488,-8.734,0.032,-0.03,0.001,2641,0
468574,-3.503,3.505,-8.677,0.03,-0.032,-0.003,2642,0
468595,-3.534,3.558,-8.667,0.032,-0.03,-0.006,2641,0
468614,-3.575,3.613,-8.667,0.042,-0.033,0.0,2642,0
468634,-3.577,3.601,-8.724,0.046,-0.038,0.011,2641,0
468654,-3.594,3.539,-8.722,0.038,-0.022,0.02,2643,0
468675,-3.579,3.445,-8.643,0.039,-0.007,0.019,2642,0
468694,-3.551,3.431,-8.557,0.036,-0.015,0.009,2641,0
468715,-3.546,3.462,-8.545,0.037,-0.04,0.004,2640,0
468734,-3.56,3.539,-8.574,0.043,-0.051,0.001,2640,0
468755,-3.579,3.543,-8.624,0.028,-0.057,0.002,2641,0
468774,-3.553,3.531,-8.686,0.029,-0.05,0.005,2642,0
468795,-3.594,3.548,-8.686,0.041,-0.039,0.005,2641,0
468814,-3.563,3.558,-8.662,0.043,-0.026,0.011,2642,0
468835,-3.563,3.503,-8.59,0.032,-0.03,0.011,2641,0
468854,-3.553,3.474,-8.61,0.025,-0.058,0.005,2641,0
468874,-3.56,3.467,-8.653,0.043,-0.065,0.005,2641,0
468895,-3.565,3.496,-8.729,0.049,-0.041,0.007,2641,0
468914,-3.567,3.498,-8.674,0.041,-0.035,0.003,2641,0
468934,-3.543,3.479,-8.619,0.034,-0.041,0.004,2640,0
468954,-3.57,3.438,-8.677,0.051,-0.052,0.0,2640,0
468974,-3.539,3.534,-8.677,0.053,-0.042,-0.003,2642,0
468994,-3.582,3.539,-8.648,0.047,-0.03,0.003,2640,0
469014,-3.63,3.515,-8.619,0.057,-0.046,0.01,2640,0
469034,-3.572,3.496,-8.684,0.064,-0.049,0.012,2641,0
469054,-3.589,3.433,-8.71,0.057,-0.039,0.007,2641,0
469074,-3.539,3.464,-8.669,0.052,-0.035,-0.005,2640,0
469095,-3.587,3.488,-8.667,0.043,-0.04,-0.013,2640,0
469115,-3.608,3.555,-8.686,0.05,-0.05,-0.007,2641,0
469135,-3.575,3.565,-8.751,0.059,-0.042,-0.002,2641,0
469154,-3.584,3.572,-8.763,0.041,-0.035,-0.001,2641,0
469174,-3.63,3.553,-8.746,0.038,-0.032,0.002,2641,0
469195,-3.639,3.531,-8.732,0.044,-0.031,0.008,2641,0
469215,-3.625,3.584,-8.758,0.047,-0.008,0.007,2640,0
469235,-3.637,3.627,-8.638,0.034,-0.007,0.005,2640,0
469254,-3.668,3.658,-8.576,0.037,-0.028,0.02,2640,0
469274,-3.615,3.598,-8.645,0.044,-0.037,0.03,2640,0
469295,-3.577,3.527,-8.65,0.01,-0.025,0.03,2640,0
469314,-3.565,3.436,-8.564,-0.009,-0.021,0.026,2640,0
469335,-3.572,3.405,-8.545,0.023,-0.029,0.016,2640,0
469354,-3.488,3.388,-8.564,0.034,-0.038,0.022,2642,0
469374,-3.445,3.299,-8.569,0.02,-0.052,0.016,2640,0
469394,-3.493,3.287,-8.619,0.031,-0.058,0.004,2640,0
469414,-3.603,3.318,-8.705,0.049,-0.072,-0.004,2640,0
469434,-3.661,3.292,-8.777,0.047,-0.068,-0.014,2639,0
469454,-3.785,3.354,-8.803,0.049,-0.067,-0.027,2641,0
469475,-3.857,3.563,-8.844,0.042,-0.071,-0.039,2640,0
469494,-3.883,3.689,-8.899,0.025,-0.058,-0.028,2641,0
469514,-3.821,3.785,-8.871,0.029,-0.023,-0.015,2639,0
469534,-3.754,3.9,-8.71,0.038,0.023,-0.005,2640,0
469554,-3.713,3.962,-8.49,0.055,0.019,0.022,2641,0
469574,-3.649,3.972,-8.413,0.079,-0.027,0.043,2639,0
469594,-3.608,3.876,-8.519,0.087,-0.048,0.07,2640,0
469614,-3.543,3.766,-8.576,0.091,-0.041,0.083,2640,0
469635,-3.548,3.704,-8.617,0.1,-0.026,0.069,2640,0
469654,-3.527,3.745,-8.571,0.106,-0.022,0.078,2640,0
469675,-3.467,3.625,-8.586,0.094,-0.035,0.088,2640,0
469695,-3.457,3.467,-8.636,0.087,-0.045,0.079,2640,0
469715,-3.491,3.438,-8.732,0.09,-0.038,0.063,2640,0
469734,-3.467,3.503,-8.78,0.069,-0.023,0.052,2640,0
469754,-3.426,3.472,-8.741,0.062,-0.002,0.053,2640,0
469774,-3.433,3.366,-8.691,0.058,0.0,0.053,2640,0
469795,-3.402,3.239,-8.665,0.035,-0.012,0.031,2640,0
469814,-3.397,3.223,-8.703,0.01,-0.014,0.0,2640,0
469835,-3.443,3.28,-8.674,0.016,-0.01,-0.016,2642,0
469854,-3.426,3.361,-8.648,0.037,-0.004,-0.015,2640,0
469874,-3.345,3.311,-8.629,0.045,0.006,-0.02,2640,0
469894,-3.294,3.194,-8.638,0.016,-0.004,-0.033,2640,0
469915,-3.251,3.122,-8.655,-0.035,-0.026,-0.067,2640,0
469934,-3.211,3.144,-8.638,-0.032,-0.03,-0.095,2640,0
469954,-3.299,3.316,-8.645,0.008,-0.032,-0.098,2640,0
469974,-3.426,3.323,-8.748,0.013,-0.051,-0.097,2640,0
469995,-3.44,3.321,-8.882,0.01,-0.045,-0.094,2641,0
470015,-3.548,3.333,-8.856,0.036,-0.02,-0.107,2641,0
470035,-3.701,3.4,-8.928,0.059,-0.022,-0.099,2640,0
470054,-3.802,3.359,-9.076,0.05,-0.033,-0.091,2640,0
470074,-3.759,3.376,-9.033,0.052,0.01,-0.099,2640,0
470094,-3.68,3.598,-8.796,0.066,0.077,-0.094,2641,0
470114,-3.666,3.701,-8.559,0.059,0.053,-0.076,2640,0
470135,-3.565,3.67,-8.528,0.061,0.001,-0.06,2640,0
470154,-3.486,3.713,-8.528,0.077,0.007,-0.05,2640,0
470174,-3.496,3.85,-8.425,0.082,0.016,-0.039,2639,0
470195,-3.527,3.852,-8.356,0.086,-0.013,-0.006,2640,0
470214,-3.498,3.718,-8.413,0.106,-0.031,0.013,2640,0
470235,-3.496,3.692,-8.413,0.11,-0.027,0.011,2640,0
470254,-3.464,3.745,-8.444,0.092,-0.04,0.017,2640,0
470274,-3.412,3.685,-8.459,0.082,-0.046,0.033,2640,0
470294,-3.443,3.587,-8.456,0.092,-0.056,0.038,2639,0
470314,-3.402,3.601,-8.502,0.076,-0.07,0.033,2640,0
470334,-3.443,3.496,-8.59,0.038,-0.079,0.039,2640,0
470355,-3.383,3.342,-8.679,0.031,-0.077,0.041,2640,0
470374,-3.326,3.227,-8.722,0.032,-0.059,0.029,2640,0
470394,-3.369,3.146,-8.669,0.016,-0.068,0.01,2640,0
470414,-3.335,3.05,-8.729,0.007,-0.087,-0.003,2640,0
470434,-3.292,3.036,-8.849,0.026,-0.078,-0.021,2640,0
470454,-3.347,3.084,-8.909,0.052,-0.066,-0.039,2640,0
470475,-3.421,3.091,-8.954,0.057,-0.064,-0.038,2639,0
470495,-3.402,2.995,-9.048,0.049,-0.043,-0.042,2640,0
470514,-3.417,2.957,-8.976,0.053,-0.021,-0.067,2640,0
470534,-3.45,3.029,-8.911,0.061,-0.03,-0.084,2640,0
470554,-3.462,3.026,-8.947,0.066,-0.032,-0.087,2641,0
470574,-3.481,3.017,-9.081,0.071,-0.025,-0.101,2640,0
470594,-3.563,3.084,-9.12,0.064,-0.02,-0.12,2639,0
470615,-3.634,3.184,-9.163,0.065,-0.021,-0.125,2640,0
470635,-3.663,3.235,-9.208,0.06,0.015,-0.12,2639,0
470654,-3.685,3.27,-9.155,0.053,0.063,-0.12,2639,0
470674,-3.742,3.376,-8.978,0.057,0.083,-0.116,2639,0
470695,-3.773,3.522,-8.825,0.071,0.057,-0.099,2640,0
470714,-3.836,3.57,-8.806,0.062,0.047,-0.084,2639,0
470734,-3.888,3.555,-8.751,0.063,0.054,-0.069,2640,0
470754,-3.874,3.563,-8.59,0.057,0.071,-0.052,2639,0
470774,-3.802,3.622,-8.483,0.058,0.054,-0.041,2639,0
470794,-3.768,3.63,-8.404,0.052,0.013,-0.029,2640,0
470814,-3.682,3.68,-8.425,0.043,-0.005,-0.017,2639,0
470835,-3.687,3.668,-8.485,0.024,-0.01,-0.003,2638,0
470854,-3.661,3.752,-8.447,0.015,-0.033,0.013,2638,0
470874,-3.685,3.802,-8.531,0.02,-0.047,0.024,2639,0
470895,-3.634,3.785,-8.523,0.02,-0.047,0.061,2639,0
470914,-3.572,3.646,-8.487,0.01,-0.049,0.088,2639,0
470934,-3.519,3.431,-8.504,0.002,-0.07,0.087,2638,0
470954,-3.505,3.381,-8.583,0.016,-0.099,0.076,2640,0
470975,-3.503,3.361,-8.784,0.011,-0.116,0.074,2639,0
470994,-3.464,3.275,-8.921,-0.016,-0.11,0.078,2640,0
471015,-3.426,3.225,-9.014,-0.018,-0.087,0.066,2639,0
471035,-3.369,3.259,-8.964,-0.027,-0.056,0.059,2639,0
471054,-3.373,3.249,-8.938,-0.011,-0.067,0.062,2640,0
471074,-3.397,3.203,-8.973,0.016,-0.07,0.065,2639,0
471095,-3.373,3.139,-8.961,0.034,-0.048,0.062,2640,0
471114,-3.34,3.134,-8.914,0.027,-0.027,0.055,2638,0
471134,-3.378,3.153,-8.811,0.037,-0.035,0.043,2638,0
471155,-3.445,3.208,-8.854,0.059,-0.071,0.032,2639,0
471174,-3.457,3.282,-8.952,0.065,-0.065,0.025,2639,0
471194,-3.493,3.297,-8.921,0.044,-0.027,0.022,2640,0
471214,-3.565,3.311,-8.811,0.034,-0.021,0.019,2639,0
471234,-3.613,3.424,-8.784,0.048,-0.034,0.007,2639,0
471254,-3.632,3.515,-8.806,0.055,-0.026,0.019,2640,0
471275,-3.615,3.498,-8.815,0.046,-0.015,0.035,2639,0
471294,-3.57,3.388,-8.734,0.045,-0.01,0.036,2638,0
471314,-3.5,3.426,-8.66,0.057,-0.008,0.035,2638,0
471335,-3.426,3.464,-8.595,0.052,-0.015,0.027,2637,0
471354,-3.426,3.433,-8.578,0.046,-0.041,0.024,2639,0
471374,-3.397,3.426,-8.607,0.048,-0.041,0.025,2639,0
471394,-3.373,3.438,-8.657,0.051,-0.038,0.024,2640,0
471415,-3.349,3.436,-8.679,0.042,-0.05,0.026,2639,0
471434,-3.342,3.395,-8.722,0.033,-0.043,0.022,2640,0
471455,-3.395,3.383,-8.698,0.028,-0.024,0.017,2639,0
471475,-3.445,3.342,-8.655,0.02,-0.032,0.01,2639,0
471494,-3.46,3.342,-8.662,0.036,-0.04,0.008,2640,0
471515,-3.486,3.364,-8.705,0.06,-0.033,0.009,2639,0
471535,-3.498,3.345,-8.722,0.073,-0.026,0.006,2639,0
471554,-3.503,3.345,-8.748,0.053,-0.037,-0.001,2639,0
471575,-3.474,3.34,-8.792,0.04,-0.039,-0.011,2639,0
471594,-3.433,3.333,-8.772,0.047,-0.005,-0.011,2639,0
471614,-3.388,3.369,-8.624,0.048,0.018,-0.01,2639,0
471634,-3.33,3.316,-8.55,0.034,-0.004,-0.013,2639,0
471655,-3.321,3.215,-8.583,0.023,-0.044,-0.02,2639,0
471674,-3.311,3.132,-8.698,0.045,-0.056,-0.027,2640,0
471695,-3.34,3.194,-8.808,0.059,-0.053,-0.043,2639,0
471714,-3.395,3.261,-8.88,0.047,-0.052,-0.061,2639,0
471734,-3.409,3.285,-8.904,0.047,-0.033,-0.061,2640,0
471754,-3.342,3.28,-8.902,0.062,0.001,-0.045,2639,0
471775,-3.29,3.172,-8.837,0.071,-0.004,-0.046,2639,0
471794,-3.347,3.136,-8.892,0.078,-0.033,-0.068,2639,0
471815,-3.359,3.146,-8.978,0.081,-0.018,-0.081,2639,0
471834,-3.373,3.129,-9.019,0.078,0.014,-0.086,2640,0
471855,-3.385,3.103,-8.954,0.052,0.016,-0.103,2639,0
471874,-3.431,3.196,-8.856,0.052,0.011,-0.123,2639,0
471894,-3.481,3.318,-8.894,0.074,0.01,-0.131,2640,0
471915,-3.428,3.39,-8.866,0.064,0.03,-0.118,2639,0
471935,-3.424,3.364,-8.782,0.051,0.026,-0.116,2640,0
471955,-3.479,3.424,-8.775,0.054,0.002,-0.128,2640,0
471974,-3.613,3.541,-8.799,0.068,-0.01,-0.13,2640,0
471994,-3.618,3.565,-8.863,0.065,-0.002,-0.12,2640,0
472014,-3.534,3.493,-8.835,0.077,-0.003,-0.113,2640,0
472035,-3.486,3.359,-8.66,0.087,-0.02,-0.108,2642,0
472055,-3.402,3.165,-8.614,0.178,-0.06,-0.137,2641,0
472074,-3.476,3.335,-8.554,0.316,-0.126,-0.193,2650,0
472095,-3.405,3.194,-8.583,0.354,-0.216,-0.249,2659,0
472114,-3.515,2.823,-8.552,0.43,-0.27,-0.31,2718,0
472135,-3.625,2.794,-8.703,0.45,-0.336,-0.34,2750,0
472155,-4.029,2.938,-8.784,0.47,-0.363,-0.284,2771,0
472174,-4.085,2.866,-8.827,0.351,-0.466,-0.249,2788,0
472194,-3.95,2.667,-8.736,0.384,-0.444,-0.229,2801,0
472214,-3.867,2.818,-8.681,0.397,-0.462,-0.229,2827,0
472235,-4.384,2.775,-8.981,0.146,-0.29,-0.153,2847,0
472255,-4.468,2.729,-8.823,0.074,-0.314,-0.072,2858,0
472275,-4.475,2.646,-8.796,0.058,-0.321,0.006,2881,0
472294,-3.802,2.825,-7.748,0.268,-0.325,0.006,2919,0
472314,-4.254,2.854,-7.951,0.396,-0.433,0.073,2958,0
472334,-4.697,2.844,-8.612,0.36,-0.484,0.025,2972,0
472354,-4.645,2.478,-8.882,0.088,-0.458,0.032,2989,0
472375,-4.779,1.717,-9.134,-0.317,-0.592,0.002,3006,2422
472394,-4.755,2.284,-7.784,-0.205,-0.694,-0.04,3024,3520
472414,-5.042,2.298,-8.217,-0.364,-0.854,-0.098,3045,3834
472434,-4.717,2.081,-8.502,-0.406,-0.901,-0.298,3055,4080
472455,-4.429,1.889,-8.624,-0.236,-0.614,-0.388,3057,4095
472475,-5.246,2.801,-8.691,0.021,-0.407,-0.226,3059,4095
472494,-5.1,3.019,-8.571,-0.03,-0.244,-0.096,3062,4095
472515,-5.715,2.804,-8.578,-0.121,-0.331,-0.123,3058,4095
472534,-4.97,2.559,-8.408,-0.179,-0.288,-0.158,3056,4095
472554,-5.162,2.677,-8.837,-0.143,-0.222,-0.184,3054,4095
472575,-5.136,2.538,-8.803,-0.14,0.032,-0.133,3055,4095
472594,-5.356,2.739,-8.672,-0.15,0.152,-0.151,3053,4095
472614,-5.806,2.698,-8.224,-0.171,0.067,-0.112,3049,4095
472634,-5.126,3.096,-8.31,-0.23,-0.084,-0.11,3042,4095
472654,-5.303,2.99,-8.298,-0.347,-0.098,-0.068,3037,4095
472674,-4.511,3.134,-8.626,-0.497,0.041,-0.122,3034,4095
472694,-5.171,3.057,-8.629,-0.616,0.166,-0.169,3033,4095
472714,-5.045,3.213,-8.246,-0.779,0.265,-0.271,3030,4095
472734,-6.419,5.236,-8.21,-1.073,-0.049,-0.123,3025,4095
472754,-5.071,5.14,-8.83,-1.96,-0.242,0.148,3024,4095
472775,-5.112,5.16,-9.222,-2.56,-0.074,0.416,3024,4095
472794,-4.638,4.164,-9.122,-3.061,0.294,0.516,3024,4095
472814,-5.224,3.754,-8.423,-2.964,0.651,0.3,3025,4095
472834,-6.783,6.062,-7.111,-3.033,0.482,0.079,3023,4095
472855,-7.369,10.618,-7.707,-4.334,-0.526,0.589,3022,4095
472874,-6.721,11.411,-8.768,-6.157,-1.108,1.839,3022,4095
472894,-5.186,10.484,-9.44,-8.081,-0.952,2.881,3023,4095
472914,-4.724,7.168,-8.289,-8.731,-0.452,3.005,3022,4095
472934,-4.147,5.531,-6.201,-8.731,-0.124,2.476,3018,4095
472954,-4.803,6.246,-3.431,-8.731,-0.696,1.948,3010,4095
472975,-4.118,6.11,-1.051,-8.731,-1.753,1.951,3007,4095
472994,-2.509,6.132,0.225,-8.731,-2.317,1.913,3008,4095
473014,-0.795,3.333,1.226,-8.731,-1.961,1.804,3007,4095
473034,0.007,-0.831,4.429,-8.506,-1.055,1.273,3007,4095
473054,-0.306,-1.951,8.279,-5.731,-0.533,0.758,3006,4095
473074,-1.369,0.187,10.281,-2.845,-0.456,0.299,3002,4095
473095,-1.683,3.345,9.974,-1.69,-0.736,0.193,2996,4095
473114,-0.977,3.043,9.122,-1.402,-0.695,0.221,2992,4095
473134,-0.642,2.219,8.842,-0.84,-0.234,0.063,2992,4095
473155,-1.195,3.675,8.921,-0.323,0.054,-0.014,2992,4095
473175,-1.173,3.455,8.825,-0.16,0.079,0.03,2991,4095
473195,-1.077,3.608,8.861,0.107,0.099,-0.011,2989,4095
473215,-0.931,3.994,8.849,0.078,0.095,0.029,2986,4095
473234,-0.888,3.663,8.875,0.032,0.188,0.036,2983,4095
473255,-1.164,4.192,9.155,-0.164,0.13,0.051,2982,4095
473274,-0.929,3.373,9.33,-0.315,-0.005,0.086,2978,4095
473294,-0.742,2.899,9.416,-0.008,0.008,0.044,2976,4095
473314,-0.838,3.498,9.23,0.17,0.067,0.029,2976,4095
473335,-0.886,3.905,9.148,0.035,0.099,0.06,2972,4095
473354,-1.022,3.85,9.388,-0.242,0.042,0.112,2972,4095
473374,-0.807,3.081,9.527,-0.284,-0.042,0.145,2972,4095
473395,-0.654,2.808,9.395,-0.064,-0.006,0.1,2971,4095
473414,-0.737,3.129,9.244,0.122,0.113,0.059,2966,4095
473434,-1.01,3.776,9.273,0.04,0.106,0.071,2964,4095
473454,-0.996,3.646,9.426,-0.235,-0.043,0.133,2963,4095
473474,-1.216,3.407,9.483,-0.292,-0.157,0.168,2962,4095
473494,-0.57,2.804,9.234,-0.256,-0.135,0.156,2961,4095
473514,-1.164,3.201,9.321,-0.154,-0.106,0.163,2959,4095
473535,-0.603,2.78,9.371,-0.095,-0.093,0.178,2958,4095
473554,-0.994,3.323,9.251,-0.106,-0.133,0.167,2958,4095
473574,-1.365,3.776,9.625,-0.286,-0.3,0.242,2955,4095
473594,-0.539,2.931,9.507,-0.507,-0.458,0.276,2953,4095
473615,-0.788,3.079,9.318,-0.481,-0.531,0.29,2951,4095
473634,-0.575,2.682,9.531,-0.351,-0.491,0.349,2946,4095
473654,-0.165,2.454,9.61,-0.298,-0.475,0.345,2941,4095
473674,-1.082,2.94,9.917,-0.27,-0.689,0.358,2933,4095
473695,-0.979,2.636,10.226,-0.325,-1.1,0.437,2924,4095
473714,-0.172,2.648,10.07,-0.384,-1.468,0.419,2905,4095
473735,0.089,2.559,9.646,-0.39,-1.674,0.463,2880,4095
473754,1.408,1.662,9.153,-0.409,-1.43,0.454,2852,4095
473775,1.398,1.611,8.753,-0.317,-1.07,0.289,2831,4095
473794,0.79,1.501,9.175,-0.067,-1.051,0.192,2808,4076
473815,0.211,2.085,9.756,0.178,-1.406,0.179,2784,3742
473834,1.144,2.421,7.781,0.497,-1.386,0.365,2736,2622
473854,2.373,2.806,6.792,0.449,-0.512,0.433,2677,0
473874,1.293,2.282,3.606,0.706,0.849,0.463,2559,0
473895,3.223,2.059,4.913,0.068,3.115,0.717,2470,0
473914,2.622,1.997,15.955,-2.091,2.586,0.59,2428,0
473934,1.865,-2.514,12.543,-1.186,1.18,-0.084,2385,0
473954,0.397,-0.433,8.303,0.68,1.165,-0.64,2359,0
473974,-0.321,3.44,9.024,1.069,1.356,-0.628,2332,0
473994,-0.694,3.682,9.74,0.246,0.989,-0.362,2318,0
474015,-0.84,2.808,9.534,-0.527,0.694,-0.123,2312,0
474034,-0.725,1.877,10.06,-0.605,0.493,-0.07,2306,0
474054,-0.704,1.47,10.491,-0.193,0.229,-0.101,2304,0
474074,-0.766,1.793,10.106,0.141,0.079,-0.087,2305,0
474095,-0.654,2.097,9.948,0.211,0.089,-0.059,2304,0
474114,-0.558,2.162,9.787,0.126,0.123,-0.055,2304,0
474134,-0.627,2.203,9.759,0.03,0.111,-0.068,2306,0
474154,-0.584,2.002,10.127,0.002,0.027,-0.05,2305,0
474175,-0.455,1.867,10.029,0.114,0.005,-0.028,2306,0
474194,-0.441,1.882,9.874,0.18,0.066,-0.046,2306,0
474215,-0.567,2.126,9.929,0.131,0.074,-0.068,2309,0
474234,-0.62,2.073,9.828,0.044,0.014,-0.051,2310,0
474254,-0.637,2.131,9.826,0.01,-0.05,-0.026,2310,0
474274,-0.582,2.121,9.84,-0.019,-0.109,-0.004,2312,0
474295,-0.5,1.896,9.716,0.027,-0.1,-0.007,2314,0
474314,-0.599,1.963,9.582,0.107,-0.039,-0.021,2316,0
474334,-0.608,2.021,9.452,0.164,0.017,-0.029,2316,0
474354,-0.632,2.131,9.335,0.189,0.071,-0.027,2318,0
474375,-0.766,2.267,9.335,0.204,0.063,-0.026,2319,0
474394,-0.862,2.449,9.335,0.146,0.002,-0.012,2318,0
474415,-0.622,2.258,9.323,0.039,-0.021,0.033,2319,0
474434,-0.414,1.997,9.292,0.075,0.023,0.063,2320,0
474454,-1.221,1.968,9.761,0.063,-0.005,0.037,2320,0
474474,-0.326,2.126,9.28,0.167,-0.009,0.015,2320,0
474494,-0.958,1.925,9.61,0.127,-0.036,0.021,2323,0
474514,-0.589,2.272,9.345,0.124,0.042,-0.004,2324,0
474535,-0.929,1.918,9.73,0.089,-0.002,0.049,2327,0
474554,-0.618,2.157,9.471,0.115,0.068,0.015,2331,0
474574,-0.804,1.879,9.749,0.106,0.022,0.039,2332,0
474594,-0.73,2.145,9.572,0.094,0.047,-0.012,2334,0
474614,-0.713,1.901,9.728,0.07,-0.033,0.041,2334,0
474634,-0.704,2.095,9.591,0.065,0.027,-0.001,2338,0
474654,-0.764,1.822,9.735,0.09,0.001,0.038,2339,0
474674,-0.893,2.191,9.661,0.084,0.05,-0.022,2342,0
474695,-1.159,1.978,9.874,0.073,-0.035,-0.008,2345,0
474714,-0.903,2.301,9.562,0.085,-0.005,-0.057,2347,0
474735,-1.164,2.105,9.699,0.046,-0.054,-0.017,2350,0
474754,-0.515,2.279,9.28,0.076,-0.003,-0.025,2353,0
474774,-1.154,1.99,9.708,0.052,-0.053,0.009,2355,0
474795,-0.441,2.284,9.251,0.128,0.021,-0.008,2356,0
474814,-1.195,2.169,9.656,0.085,-0.007,0.012,2358,0
474835,-0.546,2.38,9.347,0.12,0.042,0.007,2359,0
474854,-1.295,2.102,9.752,0.086,-0.023,0.019,2359,0
474875,-0.577,2.322,9.359,0.133,-0.01,-0.013,2361,0
474894,-0.797,2.195,9.594,0.107,-0.067,0.003,2364,0
474914,-0.965,2.382,9.378,0.091,-0.039,-0.007,2366,0
474935,-0.958,2.315,9.467,0.048,-0.05,0.001,2367,0
474954,-0.907,2.212,9.412,0.066,-0.054,0.021,2368,0
474975,-0.881,2.184,9.457,0.107,-0.041,0.025,2371,0
474994,-0.886,2.255,9.452,0.084,-0.041,0.011,2372,0
475014,-0.84,2.191,9.503,0.035,-0.057,0.003,2371,0
475035,-0.809,2.138,9.503,0.042,-0.06,0.001,2373,0
475054,-0.781,2.162,9.443,0.083,-0.055,-0.009,2376,0
475074,-0.773,2.215,9.388,0.115,-0.043,-0.016,2377,0
475094,-0.783,2.339,9.431,0.116,-0.025,-0.014,2377,0
475115,-0.812,2.38,9.471,0.084,-0.011,-0.014,2378,0
475135,-0.848,2.433,9.534,0.055,-0.018,-0.017,2379,0
475154,-0.848,2.488,9.538,0.043,-0.038,-0.011,2379,0
475175,-0.824,2.478,9.491,0.046,-0.056,0.001,2382,0
475194,-0.831,2.533,9.452,0.051,-0.064,0.01,2381,0
475214,-0.857,2.497,9.431,0.047,-0.076,0.025,2383,0
475235,-0.848,2.401,9.431,0.056,-0.077,0.037,2383,0
475254,-0.754,2.322,9.431,0.091,-0.074,0.02,2387,0
475274,-0.788,2.409,9.364,0.119,-0.063,-0.006,2384,0
475295,-0.802,2.485,9.39,0.104,-0.052,-0.003,2385,0
475314,-0.778,2.428,9.402,0.11,-0.038,0.015,2386,0
475335,-0.721,2.377,9.467,0.138,-0.028,0.013,2387,0
475354,-0.764,2.461,9.445,0.142,-0.021,-0.001,2387,0
475375,-0.776,2.483,9.471,0.083,-0.037,-0.004,2390,0
475394,-0.735,2.423,9.481,0.054,-0.041,0.013,2390,0
475414,-0.783,2.368,9.5,0.075,-0.031,0.021,2390,0
475434,-0.809,2.401,9.486,0.116,-0.025,0.01,2390,0
475454,-0.838,2.507,9.45,0.119,-0.034,-0.002,2391,0
475475,-0.86,2.521,9.455,0.074,-0.045,0.002,2391,0
475494,-0.85,2.468,9.483,0.033,-0.055,0.014,2393,0
475514,-0.785,2.43,9.407,0.044,-0.065,0.014,2394,0
475535,-0.737,2.444,9.357,0.083,-0.053,0.005,2395,0
475554,-0.754,2.476,9.325,0.098,-0.018,-0.002,2395,0
475575,-0.814,2.509,9.39,0.075,0.001,-0.007,2396,0
475594,-0.773,2.497,9.495,0.037,-0.025,-0.005,2396,0
475615,-0.757,2.478,9.486,0.029,-0.047,-0.008,2395,0
475634,-0.804,2.507,9.543,0.048,-0.043,-0.014,2396,0
475654,-0.824,2.523,9.467,0.077,-0.042,-0.017,2397,0
475675,-0.802,2.617,9.342,0.082,-0.055,-0.017,2398,0
475694,-0.733,2.619,9.373,0.06,-0.046,-0.017,2398,0
475715,-0.781,2.607,9.404,0.059,-0.023,-0.014,2398,0
475734,-0.824,2.636,9.436,0.056,-0.025,-0.012,2399,0
475755,-0.8,2.602,9.416,0.049,-0.045,-0.002,2400,0
475775,-0.752,2.583,9.352,0.078,-0.047,-0.003,2400,0
475795,-0.752,2.576,9.402,0.102,-0.027,-0.018,2401,0
475815,-0.836,2.658,9.385,0.079,-0.028,-0.02,2402,0
475834,-0.84,2.665,9.354,0.035,-0.045,-0.003,2401,0
475855,-0.792,2.631,9.304,0.042,-0.045,0.008,2403,0
475874,-0.792,2.643,9.335,0.082,-0.021,0.006,2404,0
475894,-0.802,2.713,9.294,0.076,0.0,0.006,2403,0
475914,-0.771,2.67,9.318,0.039,-0.002,0.014,2403,0
475934,-0.733,2.569,9.416,0.021,-0.001,0.019,2403,0
475955,-0.74,2.528,9.491,0.041,0.011,0.006,2402,0
475975,-0.771,2.55,9.498,0.072,0.003,-0.009,2401,0
475994,-0.821,2.665,9.519,0.066,-0.01,-0.003,2403,0
476014,-0.84,2.629,9.517,0.04,-0.018,0.018,2403,0
476034,-0.802,2.531,9.476,0.031,-0.044,0.023,2402,0
476054,-0.761,2.533,9.412,0.049,-0.069,0.005,2404,0
476074,-0.773,2.55,9.369,0.063,-0.052,-0.017,2404,0
476094,-0.809,2.607,9.388,0.086,-0.021,-0.022,2405,0
476114,-0.86,2.672,9.388,0.092,-0.009,-0.013,2405,0
476135,-0.864,2.708,9.402,0.057,-0.023,-0.001,2406,0
476154,-0.828,2.61,9.424,0.018,-0.039,0.002,2406,0
476175,-0.776,2.562,9.419,0.027,-0.049,-0.005,2407,0
476194,-0.745,2.533,9.369,0.052,-0.035,-0.014,2405,0
476215,-0.785,2.626,9.388,0.058,-0.015,-0.015,2406,0
476235,-0.809,2.691,9.392,0.035,-0.015,-0.009,2406,0
476254,-0.804,2.667,9.395,0.017,-0.037,-0.002,2405,0
476274,-0.778,2.626,9.412,0.018,-0.039,-0.008,2406,0
476294,-0.783,2.626,9.438,0.044,-0.024,-0.013,2405,0
476314,-0.819,2.708,9.392,0.075,-0.017,-0.006,2405,0
