598134,-1.132,3.036,9.287,0.043,-0.036,0.012,2463,0
598155,-1.113,2.926,9.294,0.017,-0.031,0.021,2464,0
598174,-1.104,2.887,9.33,0.039,-0.037,0.021,2464,0
598194,-1.104,2.849,9.371,0.051,-0.034,0.022,2466,0
598215,-1.116,2.844,9.376,0.058,-0.034,0.022,2463,0
598234,-1.147,2.895,9.385,0.067,-0.048,0.023,2463,0
598254,-1.159,2.933,9.297,0.05,-0.065,0.029,2464,0
598274,-1.135,2.907,9.258,0.029,-0.076,0.039,2465,0
598294,-1.087,2.751,9.304,0.033,-0.063,0.034,2465,0
598314,-1.039,2.696,9.306,0.062,-0.049,0.014,2465,0
598335,-1.075,2.761,9.301,0.091,-0.035,0.005,2465,0
598354,-1.135,2.902,9.285,0.099,-0.039,0.012,2465,0
598374,-1.092,3.01,9.246,0.068,-0.07,0.026,2466,0
598394,-1.013,2.931,9.337,-0.002,-0.093,0.029,2466,0
598414,-0.941,2.77,9.412,-0.006,-0.079,0.015,2466,0
598435,-0.974,2.756,9.395,0.067,-0.058,0.002,2468,0
598454,-0.977,2.871,9.297,0.137,-0.052,0.0,2468,0
598474,-0.989,3.043,9.199,0.111,-0.046,0.003,2468,0
598495,-1.006,3.06,9.239,0.021,-0.066,0.009,2469,0
598514,-0.958,2.94,9.313,-0.026,-0.077,0.013,2469,0
598535,-0.929,2.77,9.392,0.026,-0.061,0.015,2469,0
598554,-0.95,2.854,9.33,0.11,-0.043,0.003,2467,0
598574,-0.986,3.069,9.239,0.101,-0.043,0.006,2469,0
598595,-0.991,3.124,9.184,0.013,-0.054,0.018,2470,0
598615,-0.943,2.909,9.306,-0.03,-0.074,0.025,2468,0
598635,-0.922,2.744,9.38,0.022,-0.054,0.028,2469,0
598655,-0.967,2.761,9.306,0.102,-0.044,0.007,2469,0
598674,-1.001,2.959,9.175,0.107,-0.055,-0.004,2470,0
598694,-1.013,3.045,9.124,0.036,-0.052,0.004,2469,0
598714,-1.006,2.966,9.208,0.002,-0.035,0.015,2469,0
598734,-0.972,2.837,9.22,0.025,-0.019,0.018,2469,0
598754,-0.929,2.823,9.225,0.059,-0.018,0.01,2470,0
598774,-0.915,2.854,9.254,0.059,-0.015,0.007,2471,0
598794,-0.917,2.847,9.313,0.045,-0.007,-0.003,2468,0
598815,-0.994,2.919,9.345,0.046,-0.022,-0.009,2469,0
598835,-1.001,3.019,9.285,0.03,-0.037,0.003,2469,0
598854,-0.991,2.95,9.321,0.011,-0.033,0.011,2468,0
598874,-0.982,2.907,9.361,0.041,-0.031,0.001,2469,0
598894,-1.037,2.95,9.278,0.075,-0.047,-0.005,2469,0
598914,-1.022,3.043,9.155,0.068,-0.055,0.005,2470,0
598935,-0.941,2.976,9.148,0.05,-0.042,0.009,2470,0
598954,-0.931,2.933,9.175,0.051,-0.018,0.003,2469,0
598975,-0.948,2.897,9.239,0.064,-0.016,0.006,2468,0
598994,-0.917,2.904,9.215,0.068,-0.031,0.009,2469,0
599015,-0.874,2.895,9.191,0.061,-0.013,0.013,2470,0
599034,-0.919,2.909,9.304,0.064,0.018,0.009,2468,0
599054,-1.003,2.962,9.357,0.059,0.01,-0.002,2469,0
599074,-1.006,3.002,9.436,0.039,-0.018,-0.004,2469,0
599094,-1.001,3.021,9.376,0.024,-0.036,-0.002,2469,0
599114,-0.996,2.957,9.388,0.025,-0.041,-0.001,2468,0
599134,-0.95,2.899,9.33,0.066,-0.032,0.005,2467,0
599154,-0.97,2.99,9.256,0.096,-0.011,-0.005,2469,0
599175,-1.001,3.045,9.278,0.056,-0.017,0.001,2469,0
599194,-0.994,2.923,9.352,0.03,-0.039,0.016,2469,0
599215,-0.986,2.832,9.357,0.056,-0.056,0.005,2469,0
599234,-0.974,2.873,9.28,0.072,-0.064,-0.013,2470,0
599255,-0.946,2.897,9.167,0.073,-0.046,-0.019,2470,0
599274,-1.006,3.002,9.179,0.1,-0.029,-0.025,2470,0
599294,-1.065,3.139,9.131,0.071,-0.025,-0.017,2468,0
599314,-1.022,3.065,9.213,0.024,-0.026,0.004,2471,0
599335,-0.95,2.933,9.249,0.046,-0.015,0.004,2469,0
599354,-0.941,2.892,9.263,0.096,-0.011,-0.014,2469,0
599374,-0.979,3.019,9.27,0.105,-0.017,-0.018,2469,0
599394,-0.965,3.0,9.299,0.079,-0.028,-0.015,2470,0
599415,-1.013,3.01,9.318,0.082,-0.038,-0.021,2470,0
599434,-1.068,3.108,9.359,0.085,-0.054,-0.017,2469,0
599455,-1.097,2.897,9.505,0.119,-0.066,-0.012,2470,0
599475,-1.111,2.854,9.641,0.245,-0.1,-0.031,2471,0
599494,-1.123,3.057,9.613,0.371,-0.141,-0.054,2471,0
599515,-1.192,3.191,9.627,0.469,-0.172,-0.043,2472,0
599535,-1.238,3.218,9.883,0.678,-0.233,0.02,2476,0
599554,-1.149,2.969,10.278,1.131,-0.399,0.114,2480,0
599574,-0.943,2.588,10.252,1.878,-0.567,0.22,2486,0
599594,-0.881,2.856,9.878,2.838,-0.571,0.261,2510,0
599615,-0.898,2.818,9.68,3.956,-0.498,0.192,2528,0
599634,-0.821,3.189,9.136,5.214,-0.407,0.018,2543,0
599655,-1.051,4.793,7.479,6.217,-0.443,-0.222,2552,0
599674,-0.915,5.854,5.928,6.706,-0.359,-0.39,2559,0
599694,-0.589,6.39,4.542,7.05,-0.376,-0.606,2579,0
599714,-0.479,6.711,2.722,7.205,-0.371,-0.916,2594,0
599734,-0.072,6.879,0.828,7.577,-0.182,-1.177,2609,0
599754,-0.62,7.108,-0.953,7.989,0.266,-1.471,2612,0
599775,-0.764,7.513,-2.686,8.3,0.77,-1.556,2610,0
599794,-0.986,7.508,-4.152,8.62,1.208,-1.579,2614,0
599814,-1.65,7.736,-6.091,8.731,1.578,-1.533,2610,0
599834,-2.265,7.283,-7.106,8.726,1.622,-1.136,2604,0
599855,-2.169,7.01,-7.827,8.279,1.391,-0.716,2594,0
599874,-1.985,7.01,-8.487,7.452,1.017,-0.49,2586,0
599894,-2.263,6.175,-8.753,6.166,0.402,-0.188,2582,0
599914,-2.119,6.211,-8.918,4.553,-0.342,0.21,2583,0
599935,-2.497,5.16,-9.342,2.718,-1.009,0.458,2589,0
599955,-2.263,3.148,-9.677,1.383,-1.318,0.515,2603,0
599975,-2.128,1.607,-9.905,0.853,-1.181,0.329,2614,0
599994,-2.418,1.252,-10.178,0.822,-0.962,0.072,2621,0
600014,-2.799,1.767,-10.321,0.83,-0.808,-0.104,2626,0
600034,-3.002,2.308,-10.247,0.604,-0.727,-0.155,2631,0
600055,-3.053,2.43,-10.173,0.254,-0.65,-0.147,2639,0
600074,-3.108,2.461,-10.051,0.005,-0.572,-0.108,2646,0
600095,-3.077,2.679,-9.989,-0.122,-0.505,-0.064,2656,0
600114,-2.945,2.686,-9.792,-0.153,-0.414,-0.078,2662,0
600135,-2.952,2.725,-9.641,-0.057,-0.296,-0.096,2667,0
600154,-3.026,2.863,-9.55,0.05,-0.211,-0.067,2668,0
600174,-3.136,2.95,-9.644,0.063,-0.196,0.007,2666,0
600194,-3.194,2.749,-9.716,0.034,-0.227,0.053,2666,0
600214,-3.187,2.629,-9.706,0.062,-0.227,0.037,2667,0
600235,-3.11,2.653,-9.67,0.081,-0.158,0.015,2670,0
600255,-3.134,2.588,-9.543,0.092,-0.054,0.035,2669,0
600275,-3.282,2.682,-9.464,0.09,-0.026,0.029,2671,0
600295,-3.414,2.772,-9.424,0.069,-0.073,-0.012,2670,0
600314,-3.474,2.679,-9.467,0.089,-0.113,-0.009,2672,0
600335,-3.328,2.749,-9.421,0.128,-0.059,0.035,2678,0
600354,-3.393,2.729,-9.428,0.119,-0.008,0.05,2679,0
600374,-3.522,2.658,-9.421,0.079,0.023,0.049,2679,0
600394,-3.488,2.521,-9.359,0.071,0.026,0.062,2682,0
600414,-3.357,2.495,-9.297,0.103,0.058,0.073,2682,0
600435,-3.304,2.547,-9.263,0.114,0.114,0.067,2682,0
600454,-3.27,2.682,-9.103,0.089,0.145,0.046,2680,0
600475,-3.254,2.665,-8.894,0.032,0.088,0.033,2680,0
600494,-3.184,2.492,-8.866,-0.013,-0.01,0.046,2678,0
600514,-3.081,2.334,-8.966,0.006,-0.059,0.066,2681,0
600534,-2.94,2.382,-9.045,0.026,-0.007,0.062,2682,0
600555,-3.012,2.397,-9.024,0.022,0.063,0.026,2680,0
600575,-3.151,2.373,-8.923,0.061,0.055,0.007,2679,0
600594,-3.182,2.337,-9.036,0.094,-0.024,0.02,2681,0
600614,-3.108,2.327,-9.074,0.071,-0.064,0.026,2682,0
600634,-3.065,2.313,-9.079,0.012,-0.03,0.028,2682,0
600655,-3.158,2.246,-9.084,-0.023,-0.011,0.01,2682,0
600674,-3.242,2.239,-9.052,0.012,-0.03,-0.019,2682,0
600694,-3.227,2.356,-9.122,0.058,-0.034,-0.018,2684,0
600714,-3.098,2.454,-9.012,0.056,-0.042,0.004,2684,0
600735,-3.103,2.282,-9.057,0.043,-0.071,0.008,2684,0
600755,-3.069,2.33,-9.096,0.07,-0.073,-0.002,2685,0
600774,-3.074,2.409,-9.151,0.08,-0.052,-0.019,2686,0
600795,-3.168,2.423,-9.143,0.045,-0.053,-0.023,2684,0
600814,-3.172,2.327,-9.136,0.025,-0.097,-0.014,2686,0
600834,-3.136,2.291,-9.158,0.018,-0.116,-0.018,2686,0
600854,-3.124,2.418,-9.194,0.037,-0.101,-0.032,2688,0
600875,-3.124,2.468,-9.222,0.03,-0.076,-0.039,2687,0
600895,-3.256,2.473,-9.227,0.033,-0.078,-0.033,2687,0
600914,-3.187,2.49,-9.237,0.029,-0.103,-0.025,2687,0
600934,-3.196,2.456,-9.246,0.009,-0.108,-0.018,2689,0
600955,-3.232,2.495,-9.182,0.012,-0.118,-0.03,2689,0
600974,-3.314,2.437,-9.242,0.023,-0.106,-0.025,2689,0
600994,-3.302,2.435,-9.29,0.049,-0.077,-0.003,2690,0
601014,-3.333,2.389,-9.328,0.053,-0.068,-0.009,2690,0
601034,-3.318,2.464,-9.318,0.026,-0.082,-0.031,2691,0
601054,-3.335,2.528,-9.268,-0.022,-0.108,-0.042,2692,0
601074,-3.278,2.471,-9.227,-0.042,-0.115,-0.007,2691,0
601094,-3.23,2.435,-9.213,-0.027,-0.1,0.023,2692,0
601115,-3.251,2.337,-9.273,0.013,-0.067,0.001,2693,0
601135,-3.364,2.38,-9.354,0.049,-0.046,-0.031,2694,0
601155,-3.388,2.435,-9.364,0.043,-0.026,-0.029,2695,0
601174,-3.361,2.456,-9.278,0.005,0.001,-0.007,2694,0
601195,-3.328,2.418,-9.108,-0.021,-0.001,-0.001,2694,0
601214,-3.352,2.303,-9.096,-0.008,-0.024,-0.006,2693,0
601234,-3.373,2.301,-9.21,0.053,-0.028,-0.027,2694,0
601254,-3.352,2.382,-9.246,0.061,0.009,-0.042,2696,0
601274,-3.373,2.418,-9.187,0.026,0.035,-0.044,2695,0
601294,-3.397,2.368,-9.091,0.022,0.033,-0.046,2694,0
601315,-3.352,2.433,-9.021,0.047,0.017,-0.051,2694,0
601334,-3.268,2.533,-8.938,0.052,0.01,-0.051,2693,0
601354,-3.227,2.588,-8.859,0.03,0.004,-0.043,2691,0
601374,-3.299,2.533,-8.808,0.01,-0.021,-0.045,2692,0
601395,-3.371,2.516,-8.914,0.03,-0.068,-0.053,2693,0
601414,-3.39,2.598,-9.0,0.061,-0.072,-0.05,2693,0
601434,-3.409,2.674,-9.045,0.054,-0.06,-0.044,2692,0
601454,-3.414,2.614,-8.971,0.028,-0.064,-0.032,2694,0
601475,-3.388,2.6,-8.947,0.029,-0.072,-0.021,2691,0
601494,-3.443,2.571,-9.005,0.041,-0.084,-0.026,2691,0
601514,-3.426,2.622,-9.088,0.06,-0.104,-0.024,2690,0
601535,-3.414,2.646,-9.139,0.043,-0.095,-0.001,2691,0
601554,-3.407,2.571,-9.103,0.016,-0.08,0.008,2689,0
601575,-3.369,2.514,-9.026,0.018,-0.076,-0.002,2690,0
601594,-3.376,2.533,-9.088,0.03,-0.095,-0.015,2690,0
601615,-3.354,2.557,-9.167,0.056,-0.096,-0.009,2690,0
601634,-3.421,2.6,-9.27,0.059,-0.086,0.001,2690,0
601654,-3.488,2.638,-9.268,0.022,-0.08,0.009,2690,0
601674,-3.469,2.528,-9.266,0.013,-0.07,0.014,2691,0
601694,-3.438,2.488,-9.201,0.044,-0.036,0.025,2693,0
601714,-3.407,2.495,-9.115,0.07,-0.014,0.027,2689,0
601734,-3.498,2.523,-9.088,0.07,-0.037,0.03,2689,0
601754,-3.536,2.497,-9.131,0.053,-0.065,0.027,2690,0
601775,-3.56,2.44,-9.196,0.034,-0.064,0.03,2689,0
601794,-3.486,2.38,-9.158,0.036,-0.02,0.035,2689,0
601814,-3.508,2.387,-9.009,0.035,0.001,0.029,2689,0
601835,-3.56,2.404,-8.957,0.048,-0.033,0.021,2688,0
601854,-3.503,2.449,-9.021,0.068,-0.052,0.016,2688,0
601874,-3.505,2.509,-9.105,0.073,-0.049,0.017,2689,0
601895,-3.524,2.478,-9.124,0.07,-0.02,0.025,2688,0
601914,-3.591,2.488,-9.129,0.083,-0.015,0.023,2688,0
601934,-3.546,2.564,-9.12,0.07,-0.047,0.013,2688,0
601954,-3.455,2.6,-9.105,0.03,-0.059,0.013,2687,0
601975,-3.376,2.535,-9.062,0.002,-0.046,0.017,2688,0
601994,-3.369,2.478,-9.031,0.016,-0.042,0.026,2688,0
602015,-3.345,2.523,-9.026,0.032,-0.051,0.034,2688,0
602034,-3.378,2.535,-9.0,0.035,-0.056,0.036,2687,0
602054,-3.352,2.49,-9.021,0.031,-0.066,0.041,2687,0
602074,-3.354,2.392,-9.036,0.034,-0.078,0.047,2688,0
602094,-3.352,2.27,-8.985,0.025,-0.059,0.049,2687,0
602114,-3.407,2.219,-8.928,0.031,-0.066,0.033,2688,0
602135,-3.488,2.241,-8.961,0.042,-0.1,0.009,2687,0
602155,-3.577,2.392,-9.127,0.06,-0.122,-0.003,2686,0
602174,-3.572,2.543,-9.165,0.064,-0.086,0.001,2687,0
602194,-3.62,2.6,-9.057,0.05,-0.063,0.022,2685,0
602215,-3.615,2.586,-8.928,0.052,-0.074,0.036,2687,0
602234,-3.625,2.617,-8.904,0.072,-0.106,0.03,2685,0
602254,-3.658,2.667,-8.971,0.102,-0.106,0.037,2686,0
602274,-3.699,2.674,-8.978,0.135,-0.105,0.063,2686,0
602295,-3.644,2.638,-9.093,0.137,-0.106,0.071,2687,0
602314,-3.548,2.567,-9.041,0.117,-0.099,0.068,2686,0
602334,-3.515,2.416,-9.019,0.132,-0.116,0.075,2686,0
602354,-3.527,2.253,-9.124,0.178,-0.123,0.078,2686,0
602374,-3.529,2.162,-9.278,0.21,-0.104,0.066,2684,0
602394,-3.452,2.095,-9.352,0.178,-0.071,0.039,2685,0
602415,-3.402,2.073,-9.213,0.12,-0.017,0.008,2685,0
602434,-3.388,1.987,-9.096,0.101,-0.012,-0.016,2685,0
602455,-3.39,1.903,-9.06,0.105,-0.043,-0.032,2683,0
602475,-3.452,1.851,-9.194,0.135,-0.067,-0.064,2685,0
602494,-3.431,2.016,-9.323,0.159,-0.035,-0.09,2685,0
602515,-3.474,2.081,-9.354,0.132,-0.017,-0.087,2684,0
602534,-3.436,1.882,-9.34,0.091,-0.021,-0.091,2685,0
602554,-3.333,1.879,-9.266,0.079,0.008,-0.132,2685,0
602574,-3.29,2.121,-9.167,0.094,0.039,-0.163,2685,0
602594,-3.323,2.318,-9.143,0.084,0.041,-0.149,2684,0
602614,-3.412,2.21,-9.103,0.067,0.022,-0.123,2682,0
602634,-3.486,2.057,-9.134,0.075,0.009,-0.124,2685,0
602655,-3.548,2.093,-9.122,0.067,0.005,-0.14,2684,0
602674,-3.613,2.112,-9.165,0.063,-0.011,-0.137,2684,0
602695,-3.694,2.138,-9.146,0.086,-0.003,-0.127,2685,0
602714,-3.809,2.219,-9.127,0.097,0.004,-0.128,2684,0
602734,-3.833,2.332,-9.062,0.087,-0.015,-0.124,2685,0
602754,-3.843,2.433,-9.134,0.074,-0.024,-0.097,2685,0
602775,-3.795,2.409,-9.033,0.052,-0.015,-0.068,2684,0
602795,-3.776,2.401,-8.973,0.053,-0.028,-0.059,2685,0
602814,-3.792,2.461,-9.045,0.068,-0.06,-0.045,2684,0
602834,-3.78,2.545,-9.084,0.063,-0.062,-0.018,2684,0
602854,-3.783,2.514,-9.05,0.05,-0.039,0.006,2684,0
602874,-3.737,2.473,-8.981,0.056,-0.037,0.022,2683,0
602895,-3.706,2.404,-9.052,0.071,-0.049,0.038,2684,0
602915,-3.61,2.284,-9.127,0.07,-0.026,0.052,2683,0
602935,-3.522,2.234,-9.012,0.028,0.016,0.051,2680,0
602954,-3.479,2.176,-8.835,-0.025,0.012,0.037,2683,0
602974,-3.373,2.119,-8.768,-0.05,-0.049,0.035,2682,0
602995,-3.321,1.951,-8.868,-0.052,-0.078,0.036,2682,0
603014,-3.256,1.781,-8.957,-0.033,-0.066,0.035,2682,0
603035,-3.29,1.686,-9.069,-0.005,-0.05,0.015,2681,0
603054,-3.352,1.681,-9.1,0.024,-0.052,-0.007,2682,0
603074,-3.445,1.638,-9.194,0.034,-0.082,-0.02,2682,0
603094,-3.436,1.592,-9.335,0.025,-0.077,-0.042,2682,0
603114,-3.469,1.583,-9.364,0.028,-0.041,-0.064,2684,0
603135,-3.524,1.712,-9.361,0.06,-0.04,-0.078,2681,0
603154,-3.529,1.805,-9.455,0.079,-0.056,-0.085,2679,0
603174,-3.577,1.899,-9.558,0.094,-0.047,-0.089,2681,0
603195,-3.608,2.004,-9.481,0.087,-0.013,-0.084,2680,0
603214,-3.63,1.911,-9.481,0.074,0.006,-0.077,2680,0
603234,-3.608,1.832,-9.452,0.083,0.01,-0.081,2684,0
603254,-3.646,1.887,-9.445,0.093,0.022,-0.106,2679,0
603274,-3.723,2.025,-9.402,0.075,0.044,-0.117,2680,0
603294,-3.677,2.124,-9.337,0.035,0.055,-0.1,2682,0
603315,-3.625,2.018,-9.256,0.026,0.049,-0.098,2679,0
603335,-3.563,2.057,-9.244,0.026,0.036,-0.112,2680,0
603354,-3.577,2.193,-9.227,0.003,0.03,-0.123,2680,0
603374,-3.673,2.282,-9.275,-0.034,0.021,-0.106,2680,0
603394,-3.668,2.344,-9.232,-0.046,0.015,-0.091,2681,0
603414,-3.644,2.437,-9.105,-0.049,0.045,-0.086,2679,0
603435,-3.728,2.543,-8.966,-0.051,0.037,-0.06,2679,0
603454,-3.747,2.504,-8.976,-0.046,-0.007,-0.027,2678,0
603474,-3.74,2.476,-9.084,-0.037,-0.026,-0.008,2680,0
603494,-3.814,2.442,-9.206,-0.023,-0.02,-0.005,2681,0
603514,-3.8,2.509,-9.251,-0.017,0.021,0.021,2679,0
603534,-3.728,2.495,-9.151,-0.022,0.054,0.055,2679,0
603554,-3.598,2.397,-9.0,-0.027,0.038,0.073,2680,0
603574,-3.558,2.286,-8.938,-0.017,0.016,0.072,2679,0
603594,-3.512,2.212,-9.002,0.0,0.011,0.074,2679,0
603614,-3.419,2.231,-9.005,0.008,0.032,0.08,2679,0
603635,-3.419,2.241,-8.875,0.003,0.019,0.072,2678,0
603654,-3.397,2.265,-8.849,-0.016,-0.025,0.073,2680,0
603675,-3.34,2.186,-8.892,-0.042,-0.047,0.077,2678,0
603695,-3.321,2.073,-8.973,-0.044,-0.05,0.066,2678,0
603715,-3.359,2.112,-9.033,-0.019,-0.061,0.044,2679,0
603734,-3.4,2.195,-9.045,-0.01,-0.058,0.044,2679,0
603755,-3.426,2.186,-9.086,-0.035,-0.068,0.05,2677,0
603774,-3.369,2.023,-9.105,-0.058,-0.084,0.047,2678,0
603794,-3.297,1.853,-9.158,0.0,-0.07,0.048,2678,0
603814,-3.316,1.906,-9.218,0.068,-0.043,0.033,2679,0
603835,-3.378,2.025,-9.234,0.069,-0.042,0.002,2678,0
603854,-3.349,2.066,-9.227,0.03,-0.051,-0.008,2677,0
603875,-3.302,2.045,-9.215,0.032,-0.037,-0.014,2678,0
603894,-3.366,2.121,-9.21,0.065,-0.039,-0.027,2677,0
603915,-3.44,2.27,-9.258,0.071,-0.048,-0.035,2678,0
603934,-3.5,2.387,-9.34,0.067,-0.057,-0.043,2678,0
603955,-3.464,2.502,-9.337,0.041,-0.032,-0.033,2678,0
603974,-3.474,2.485,-9.21,-0.006,-0.011,-0.02,2678,0
603995,-3.472,2.413,-9.143,-0.01,-0.022,-0.006,2678,0
604014,-3.452,2.514,-9.151,0.021,-0.044,0.006,2677,0
604035,-3.462,2.581,-9.261,0.046,-0.057,0.01,2678,0
604055,-3.496,2.579,-9.357,0.04,-0.034,0.024,2677,0
604075,-3.5,2.516,-9.325,0.01,0.006,0.036,2678,0
604094,-3.438,2.435,-9.278,-0.004,0.013,0.041,2677,0
604114,-3.364,2.492,-9.134,0.027,0.033,0.047,2677,0
604134,-3.333,2.5,-9.029,0.047,0.043,0.054,2676,0
604155,-3.311,2.421,-8.981,0.038,0.016,0.061,2677,0
604174,-3.251,2.263,-8.993,0.017,-0.008,0.063,2676,0
604194,-3.294,2.195,-8.99,0.022,-0.015,0.055,2678,0
604214,-3.314,2.215,-8.988,0.039,-0.015,0.035,2677,0
604235,-3.354,2.258,-9.029,0.038,-0.027,0.027,2675,0
604254,-3.282,2.207,-9.048,0.018,-0.033,0.026,2676,0
604275,-3.194,2.124,-8.976,0.011,-0.005,0.029,2676,0
604294,-3.213,2.03,-8.911,0.023,-0.036,0.015,2676,0
604314,-3.263,1.982,-9.081,0.043,-0.105,-0.011,2677,0
604334,-3.33,2.095,-9.28,0.053,-0.101,-0.023,2676,0
604355,-3.397,2.14,-9.349,0.021,-0.054,-0.035,2677,0
604374,-3.431,2.069,-9.325,0.001,-0.017,-0.041,2675,0
604394,-3.436,2.097,-9.222,0.035,-0.029,-0.045,2678,0
604414,-3.349,2.176,-9.222,0.047,-0.043,-0.062,2676,0
604435,-3.388,2.327,-9.155,0.036,-0.025,-0.071,2679,0
604454,-3.469,2.466,-9.129,0.041,-0.025,-0.064,2675,0
604474,-3.519,2.466,-9.129,0.052,-0.037,-0.048,2675,0
604494,-3.479,2.43,-9.187,0.07,-0.049,-0.044,2675,0
604515,-3.445,2.382,-9.191,0.066,-0.039,-0.034,2675,0
604534,-3.364,2.351,-9.105,0.024,-0.023,-0.032,2675,0
604555,-3.292,2.31,-8.916,-0.016,-0.008,-0.049,2675,0
604575,-3.256,2.354,-8.782,-0.02,-0.027,-0.06,2675,0
604595,-3.177,2.365,-8.744,-0.005,-0.068,-0.051,2675,0
604614,-3.17,2.253,-8.806,0.005,-0.108,-0.051,2674,0
604635,-3.278,2.219,-8.961,0.029,-0.14,-0.083,2675,0
604654,-3.354,2.356,-9.093,0.022,-0.133,-0.104,2674,0
604675,-3.431,2.418,-9.16,-0.007,-0.121,-0.087,2676,0
604694,-3.519,2.33,-9.155,0.017,-0.134,-0.074,2675,0
604714,-3.491,2.274,-9.254,0.048,-0.136,-0.074,2675,0
604734,-3.438,2.236,-9.261,0.028,-0.124,-0.071,2676,0
604755,-3.369,2.217,-9.321,0.003,-0.093,-0.075,2676,0
604775,-3.405,2.215,-9.239,0.001,-0.077,-0.096,2675,0
604794,-3.508,2.334,-9.222,0.004,-0.092,-0.11,2678,0
604815,-3.503,2.418,-9.249,-0.006,-0.124,-0.118,2676,0
604834,-3.491,2.452,-9.301,0.005,-0.118,-0.113,2678,0
604854,-3.519,2.492,-9.282,-0.005,-0.082,-0.114,2678,0
604875,-3.57,2.449,-9.227,-0.026,-0.058,-0.114,2684,0
604895,-3.661,2.459,-9.12,-0.01,-0.07,-0.103,2689,0
604915,-3.632,2.689,-9.103,0.014,-0.081,-0.115,2689,0
604935,-3.558,2.749,-8.942,0.01,-0.092,-0.174,2691,0
604954,-3.745,2.334,-8.863,-0.031,-0.213,-0.248,2696,0
604974,-3.587,2.373,-8.679,-0.035,-0.363,-0.242,2704,0
604994,-3.548,2.693,-8.916,-0.032,-0.373,-0.273,2709,0
605014,-3.618,2.535,-8.854,-0.062,-0.36,-0.399,2718,0
605034,-3.68,2.629,-8.471,-0.109,-0.419,-0.435,2727,0
605055,-4.003,2.784,-8.327,-0.14,-0.597,-0.379,2735,0
605075,-3.967,2.315,-8.255,-0.153,-0.733,-0.359,2753,0
605094,-3.843,2.523,-8.006,-0.011,-0.733,-0.341,2781,0
605114,-4.209,2.617,-8.14,0.009,-0.788,-0.317,2808,0
605135,-4.719,1.772,-8.705,-0.039,-0.81,-0.29,2836,0
605154,-4.511,2.593,-7.944,-0.076,-0.886,-0.267,2856,0
605175,-4.113,2.993,-7.156,-0.4,-1.223,-0.366,2881,0
605194,-5.258,1.276,-8.176,-0.669,-1.422,-0.581,2906,0
605215,-6.206,1.607,-7.992,-0.255,-1.342,-0.712,2933,0
605234,-6.503,2.296,-8.772,-0.266,-1.285,-0.421,2977,0
605254,-6.314,4.492,-7.903,-0.175,-1.085,-0.032,3023,0
605274,-6.349,4.087,-7.391,-0.818,-1.089,0.172,3084,0
605294,-7.137,3.4,-8.294,-1.228,-1.075,0.175,3109,0
605314,-7.051,2.969,-8.023,-1.46,-0.996,0.201,3128,1748
605335,-6.393,3.934,-7.537,-1.88,-0.793,0.159,3142,3565
605354,-6.613,3.29,-7.389,-2.005,-0.655,0.34,3154,3980
605375,-6.527,3.663,-6.646,-1.902,-0.601,0.385,3153,4095
605395,-6.697,4.252,-6.246,-1.816,-0.726,0.437,3155,4095
605414,-6.053,4.089,-6.328,-1.867,-0.644,0.377,3157,4095
605434,-6.596,3.862,-5.988,-1.543,-0.485,0.326,3152,4095
605454,-6.639,4.341,-5.598,-1.33,-0.428,0.156,3147,4095
605474,-6.558,5.933,-6.148,-1.401,-0.431,0.163,3141,4095
605495,-7.479,6.776,-5.976,-1.92,-0.497,0.447,3135,4095
605514,-6.833,6.828,-5.964,-2.318,-0.475,0.614,3131,4095
605535,-7.582,7.851,-5.574,-2.635,-0.364,0.715,3128,4095
605555,-6.807,10.029,-6.122,-3.621,-0.372,1.098,3130,4095
605575,-7.171,12.775,-7.044,-5.591,-0.344,1.869,3127,4095
605595,-9.242,12.359,-6.397,-8.168,-0.455,2.852,3123,4095
605615,-10.47,11.406,-5.171,-8.731,-1.563,3.638,3121,4095
605634,-9.179,9.567,-6.29,-8.731,-2.751,4.068,3120,4095
605655,-5.729,4.487,-5.136,-8.731,-2.909,3.741,3120,4095
605675,-3.29,3.871,-3.826,-8.731,-2.283,2.999,3120,4095
605695,-3.249,1.475,-0.488,-8.731,-1.324,2.68,3120,4095
605714,-3.256,-2.265,5.672,-8.731,-0.972,2.257,3120,4095
605735,-2.109,-2.203,7.994,-6.799,-1.206,1.682,3120,4095
605754,-0.874,-3.247,8.157,-4.794,-0.788,1.413,3120,4095
605774,-0.962,-2.981,8.961,-3.183,-0.096,0.957,3120,4095
605795,-1.702,-1.075,9.486,-2.377,0.079,0.725,3119,4095
605815,-2.064,-1.006,9.919,-2.054,-0.109,0.693,3118,4095
605834,-2.14,-1.053,10.331,-1.712,-0.376,0.512,3116,4095
605854,-1.415,-1.702,9.644,-1.385,-0.347,0.37,3115,4095
605874,-0.809,-2.672,9.304,-0.547,0.1,0.209,3114,4095
605895,-1.839,-0.627,9.874,0.073,0.321,0.041,3113,4095
605915,-2.404,0.864,10.18,-0.332,-0.102,0.05,3111,4095
605934,-1.678,-0.074,9.644,-0.862,-0.513,0.114,3108,4095
605954,-0.618,-2.006,8.655,-0.611,-0.203,0.066,3105,4095
605975,-0.955,-1.999,9.098,0.276,0.333,-0.023,3105,4095
605995,-1.987,0.11,9.785,0.533,0.37,-0.034,3103,4095
606014,-2.579,0.843,10.333,-0.042,-0.017,0.083,3100,4095
606034,-1.944,-0.39,10.116,-0.481,-0.412,0.126,3098,4095
606055,-1.262,-1.607,9.548,-0.265,-0.343,0.124,3096,4095
606074,-1.152,-1.719,9.507,0.229,-0.064,0.102,3093,4095
606094,-1.405,-0.711,9.699,0.323,0.034,0.079,3091,4095
606114,-1.568,-0.637,9.996,0.025,-0.122,0.062,3087,4095
606134,-1.827,-0.867,10.168,-0.201,-0.413,0.029,3086,4095
606154,-1.647,-1.056,9.981,-0.234,-0.707,0.135,3076,4095
606175,-1.657,-1.595,9.862,-0.049,-0.826,0.199,3063,3959
606195,-1.736,-1.085,10.159,0.224,-0.985,0.184,3050,3018
606214,-1.549,-0.35,9.967,0.179,-1.177,0.29,3003,0
606234,-1.168,-1.307,9.081,0.104,-1.278,0.319,2937,0
606254,0.067,-1.592,8.581,0.299,-0.843,0.256,2824,0
606274,0.204,-0.948,7.329,0.646,0.161,0.107,2707,0
606294,-0.721,-0.95,6.44,0.944,1.038,0.169,2583,0
606315,0.366,0.204,10.436,0.509,1.637,0.371,2509,0
606334,0.354,-0.883,12.914,-0.425,0.6,0.274,2459,0
606354,-0.529,-3.148,9.364,0.019,0.304,-0.166,2419,0
606374,-0.649,-0.948,9.017,0.804,0.745,-0.457,2388,0
606395,-1.149,0.053,9.263,1.065,0.88,-0.308,2371,0
606414,-1.853,0.862,9.177,0.648,0.798,-0.218,2359,0
606434,-1.834,0.819,9.5,0.25,0.53,-0.066,2353,0
606454,-2.119,0.338,10.051,-0.137,0.188,-0.043,2351,0
606474,-1.638,-0.426,9.867,0.038,-0.03,0.057,2352,0
606494,-2.071,0.038,9.759,0.135,0.019,-0.015,2353,0
606515,-1.674,0.117,9.637,0.186,0.013,0.047,2353,0
606535,-1.872,0.175,9.833,-0.002,0.005,0.023,2355,0
606555,-1.573,-0.294,10.003,0.112,-0.051,0.077,2359,0
606574,-1.745,0.084,9.797,0.143,-0.031,-0.008,2360,0
606594,-1.65,-0.091,9.665,0.208,-0.067,0.056,2363,0
606614,-1.741,0.33,9.639,0.126,-0.061,0.023,2364,0
606634,-1.63,-0.091,9.792,0.076,-0.119,0.083,2366,0
606654,-1.575,0.271,9.689,0.046,-0.079,0.061,2369,0
606674,-1.702,-0.062,9.637,0.122,-0.065,0.126,2372,0
606695,-1.664,0.333,9.491,0.132,-0.009,0.069,2374,0
606715,-1.872,-0.148,9.742,0.117,-0.062,0.08,2378,0
606735,-1.463,0.187,9.424,0.123,-0.026,0.022,2380,0
606754,-1.92,-0.05,9.732,0.16,-0.053,0.079,2382,0
606774,-1.899,0.194,9.608,0.188,-0.023,0.088,2384,0
606794,-1.724,0.067,9.773,0.236,-0.035,0.103,2384,0
606815,-1.712,0.23,9.591,0.2,-0.062,0.056,2385,0
606834,-1.697,0.335,9.548,0.052,-0.089,0.043,2386,0
606854,-1.724,0.196,9.555,-0.019,-0.064,0.077,2389,0
606874,-1.674,-0.053,9.718,0.041,-0.023,0.104,2389,0
606894,-1.621,-0.074,9.819,0.131,-0.007,0.074,2389,0
606914,-1.551,0.06,9.764,0.128,-0.027,0.01,2391,0
606935,-1.611,0.211,9.744,0.048,-0.052,-0.004,2392,0
606954,-1.64,0.196,9.72,-0.007,-0.047,0.032,2394,0
606974,-1.597,0.199,9.759,0.016,-0.024,0.076,2395,0
606994,-1.568,0.124,9.764,0.071,-0.026,0.079,2395,0
607015,-1.508,0.065,9.708,0.099,-0.035,0.051,2398,0
607034,-1.518,0.101,9.718,0.087,-0.017,0.028,2397,0
607055,-1.559,0.239,9.732,0.042,-0.037,0.017,2397,0
607074,-1.602,0.304,9.787,0.004,-0.043,0.026,2398,0
607094,-1.688,0.266,9.713,0.015,-0.056,0.049,2402,0
607114,-1.669,0.268,9.713,0.053,-0.069,0.054,2399,0
607135,-1.595,0.263,9.685,0.056,-0.063,0.029,2402,0
607155,-1.609,0.254,9.632,0.075,-0.064,0.001,2402,0
607174,-1.618,0.273,9.603,0.107,-0.077,0.006,2404,0
607194,-1.645,0.309,9.627,0.122,-0.079,0.02,2404,0
607214,-1.621,0.338,9.596,0.092,-0.076,0.031,2404,0
607235,-1.595,0.376,9.519,0.084,-0.068,0.037,2406,0
607254,-1.621,0.364,9.503,0.113,-0.059,0.034,2405,0
607275,-1.616,0.395,9.56,0.133,-0.032,0.029,2403,0
607294,-1.822,0.488,9.641,0.046,-0.056,0.022,2406,0
607314,-2.09,0.409,9.847,-0.041,-0.087,0.035,2406,0
607335,-1.348,0.292,9.476,0.034,-0.08,0.027,2408,0
607354,-1.506,-0.005,9.685,0.14,-0.097,0.037,2410,0
607374,-1.753,0.352,9.515,0.127,-0.027,-0.024,2410,0
607394,-1.171,0.321,9.359,0.122,-0.032,0.038,2410,0
607414,-2.045,0.426,9.675,-0.043,-0.008,0.003,2412,0
607435,-1.022,0.05,9.505,0.042,-0.0,0.044,2411,0
607454,-2.172,0.16,10.001,0.076,0.001,-0.021,2412,0
607475,-0.958,0.314,9.39,0.2,0.002,-0.005,2413,0
607494,-2.2,0.532,9.799,0.069,0.0,-0.014,2412,0
607514,-1.111,0.515,9.467,0.023,0.009,0.011,2412,0
607534,-2.167,0.249,9.974,-0.037,-0.039,-0.003,2414,0
607554,-1.046,0.431,9.476,0.055,-0.036,-0.023,2414,0
607574,-2.018,0.354,9.811,0.038,-0.047,-0.004,2413,0
607594,-1.183,0.522,9.457,0.076,0.022,0.002,2415,0
607615,-1.954,0.251,9.886,0.071,-0.014,0.005,2415,0
607635,-1.211,0.582,9.479,0.079,-0.027,-0.058,2416,0
607654,-1.836,0.397,9.766,0.039,-0.085,-0.024,2415,0
607675,-1.362,0.596,9.428,0.038,-0.026,-0.041,2416,0
607695,-1.841,0.388,9.697,0.09,-0.038,0.002,2415,0
607714,-1.475,0.754,9.438,0.118,0.022,-0.022,2416,0
607735,-1.724,0.527,9.589,0.104,0.0,0.018,2416,0
607755,-1.499,0.8,9.543,0.035,0.014,-0.039,2415,0
607774,-1.417,0.441,9.735,0.026,-0.043,0.005,2417,0
607795,-1.575,0.455,9.675,0.042,-0.031,0.021,2416,0
607814,-1.602,0.505,9.718,0.094,-0.013,0.033,2417,0
607835,-1.597,0.57,9.598,0.09,-0.031,0.025,2416,0
607855,-1.595,0.503,9.629,0.043,-0.055,0.009,2417,0
607875,-1.578,0.393,9.685,0.037,-0.06,0.002,2418,0
607895,-1.638,0.45,9.622,0.086,-0.053,-0.002,2419,0
607914,-1.69,0.603,9.5,0.078,-0.037,0.014,2417,0
607934,-1.686,0.632,9.5,0.034,-0.033,0.034,2418,0
607955,-1.561,0.441,9.606,0.024,-0.033,0.03,2419,0
607974,-1.535,0.354,9.615,0.05,-0.023,0.019,2419,0
607995,-1.561,0.345,9.62,0.07,-0.015,0.006,2419,0
608015,-1.616,0.46,9.644,0.064,-0.017,0.003,2419,0
608035,-1.626,0.529,9.704,0.031,-0.028,0.001,2421,0
