2689105,3.038,8.885,0.910,3.639,-0.145,-1.495,2400,0
2689125,3.613,9.436,0.441,3.235,-0.213,-1.262,2405,0
2689145,3.170,9.507,0.287,2.835,-0.245,-1.116,2407,0
2689165,2.619,9.400,-0.359,2.612,-0.219,-1.042,2407,0
2689185,2.624,9.491,-0.919,2.356,-0.086,-1.049,2413,0
2689205,3.156,10.187,-1.185,2.151,-0.126,-0.966,2418,0
2689225,2.670,10.776,-1.211,1.721,-0.238,-0.815,2425,0
2689245,1.506,10.544,-1.360,1.200,-0.273,-0.564,2427,0
2689265,1.657,10.127,-1.932,0.885,-0.213,-0.363,2429,0
2689285,2.593,10.611,-1.820,0.643,-0.228,-0.263,2429,0
2689305,2.351,10.865,-1.853,0.362,-0.275,-0.156,2434,0
2689325,1.674,10.053,-2.121,0.019,-0.289,0.003,2439,0
2689345,2.200,9.766,-2.057,-0.028,-0.178,-0.022,2441,0
2689365,2.265,9.426,-1.750,-0.197,-0.100,-0.034,2438,0
2689385,2.102,9.347,-1.760,-0.113,-0.037,-0.066,2437,0
2689405,2.207,9.428,-1.575,-0.015,-0.033,-0.044,2435,0
2689425,2.243,9.522,-1.410,0.046,-0.008,-0.029,2436,0
2689445,2.157,9.445,-1.408,0.073,0.009,-0.049,2438,0
2689465,2.069,9.412,-1.331,0.056,0.007,-0.084,2435,0
2689485,2.035,9.359,-1.369,0.042,-0.017,-0.092,2435,0
2689505,2.090,9.486,-1.422,0.095,-0.046,-0.087,2434,0
2689525,2.069,9.512,-1.537,0.139,-0.027,-0.085,2433,0
2689545,2.009,9.445,-1.578,0.140,-0.021,-0.096,2434,0
2689565,2.004,9.440,-1.535,0.092,-0.035,-0.083,2435,0
2689585,2.002,9.498,-1.542,0.088,-0.036,-0.054,2433,0
2689605,2.071,9.498,-1.539,0.121,-0.037,-0.037,2432,0
2689625,2.052,9.455,-1.602,0.147,-0.007,-0.048,2435,0
2689645,2.040,9.474,-1.607,0.179,0.003,-0.078,2432,0
2689665,2.035,9.495,-1.580,0.195,0.003,-0.097,2433,0
2689685,2.009,9.519,-1.568,0.199,-0.012,-0.100,2433,0
2689705,1.932,9.555,-1.645,0.152,-0.024,-0.080,2431,0
2689725,1.832,9.867,-1.772,0.034,-0.072,-0.013,2431,0
2689745,1.884,9.969,-1.693,-0.167,-0.115,0.068,2432,0
2689765,1.882,9.759,-1.525,-0.392,-0.173,0.136,2431,0
2689785,1.863,9.476,-1.513,-0.481,-0.186,0.152,2432,0
2689805,1.975,9.297,-1.456,-0.367,-0.153,0.112,2430,0
2689825,2.150,9.120,-1.494,-0.108,-0.107,0.080,2430,0
2689845,2.231,9.210,-1.492,0.151,-0.020,0.025,2430,0
2689865,2.145,9.215,-1.432,0.257,0.050,-0.050,2429,0
2689885,2.033,9.359,-1.386,0.304,0.084,-0.124,2430,0
2689905,2.035,9.440,-1.441,0.324,0.099,-0.158,2430,0
2689925,1.997,9.440,-1.563,0.364,0.102,-0.152,2430,0
2689945,2.011,9.395,-1.650,0.387,0.107,-0.132,2430,0
2689965,1.951,9.471,-1.676,0.361,0.119,-0.140,2430,0
2689985,1.944,9.565,-1.640,0.328,0.112,-0.172,2429,0
2690005,1.894,9.632,-1.654,0.299,0.088,-0.157,2428,0
2690025,1.846,9.629,-1.765,0.278,0.075,-0.112,2429,0
2690045,1.820,9.646,-1.870,0.256,0.056,-0.072,2430,0
2690065,1.815,9.694,-1.913,0.210,0.036,-0.059,2429,0
2690085,1.810,9.711,-1.935,0.181,0.033,-0.056,2427,0
2690105,1.793,9.601,-1.961,0.158,0.032,-0.021,2429,0
2690125,1.803,9.627,-1.951,0.147,0.024,0.023,2429,0
2690145,1.796,9.541,-2.004,0.129,0.024,0.042,2428,0
2690165,1.784,9.555,-2.016,0.122,0.021,0.034,2427,0
2690185,1.791,9.507,-2.018,0.102,0.021,0.021,2427,0
2690205,1.822,9.512,-1.975,0.076,0.005,0.031,2428,0
2690225,1.851,9.510,-1.925,0.047,0.000,0.043,2429,0
2690245,1.858,9.491,-1.891,0.029,0.001,0.046,2428,0
2690265,1.882,9.414,-1.896,0.007,-0.001,0.042,2427,0
2690285,1.913,9.369,-1.872,-0.004,-0.008,0.032,2426,0
2690305,1.958,9.359,-1.889,-0.025,-0.010,0.047,2431,0
2690325,1.901,9.359,-1.856,-0.044,-0.018,0.043,2430,0
2690345,1.829,9.376,-1.824,-0.047,-0.035,0.026,2431,0
2690365,1.812,9.448,-1.863,-0.014,-0.061,0.016,2429,0
2690385,1.877,9.445,-1.884,0.033,-0.070,0.028,2429,0
2690405,1.970,9.376,-1.822,0.055,-0.068,0.059,2430,0
2690425,1.980,9.337,-1.738,0.028,-0.066,0.064,2431,0
2690445,1.961,9.285,-1.647,-0.022,-0.094,0.043,2431,0
2690465,1.891,9.278,-1.662,-0.053,-0.118,-0.013,2431,0
2690485,1.760,9.340,-1.851,-0.044,-0.126,-0.027,2430,0
2690505,1.688,9.572,-2.021,-0.094,-0.136,0.028,2431,0
2690525,1.750,9.606,-2.016,-0.204,-0.161,0.101,2432,0
2690545,1.851,9.546,-1.851,-0.278,-0.159,0.094,2432,0
2690565,1.982,9.378,-1.745,-0.265,-0.133,0.024,2432,0
2690585,2.018,9.246,-1.628,-0.174,-0.092,-0.019,2433,0
2690605,2.023,9.258,-1.595,0.013,-0.057,-0.053,2433,0
2690625,1.968,9.481,-1.669,0.186,-0.043,-0.064,2434,0
2690645,2.016,9.589,-1.688,0.262,-0.035,-0.064,2433,0
2690665,2.002,9.613,-1.638,0.246,-0.019,-0.073,2436,0
2690685,1.951,9.570,-1.650,0.171,-0.020,-0.075,2434,0
2690705,1.911,9.606,-1.697,0.116,-0.044,-0.048,2435,0
2690725,1.915,9.629,-1.822,0.078,-0.071,-0.034,2436,0
2690745,1.915,9.560,-1.899,0.022,-0.082,-0.023,2434,0
2690765,1.942,9.519,-1.906,0.013,-0.062,-0.026,2435,0
2690785,1.896,9.527,-1.903,0.024,-0.049,-0.028,2433,0
2690805,1.858,9.586,-1.872,0.056,-0.046,-0.018,2434,0
2690825,1.899,9.620,-1.856,0.059,-0.062,0.007,2434,0
2690845,1.935,9.515,-1.798,0.027,-0.066,0.019,2433,0
2690865,1.930,9.457,-1.808,-0.000,-0.065,0.019,2434,0
2690885,1.949,9.457,-1.753,0.013,-0.074,0.017,2434,0
2690905,1.875,9.527,-1.776,0.013,-0.088,0.025,2435,0
2690925,1.834,9.644,-1.820,-0.067,-0.129,0.053,2434,0
2690945,1.891,9.615,-1.769,-0.173,-0.157,0.074,2433,0
2690965,1.908,9.469,-1.750,-0.246,-0.140,0.074,2434,0
2690985,1.966,9.371,-1.669,-0.213,-0.121,0.058,2436,0
2691005,2.018,9.287,-1.645,-0.103,-0.087,0.033,2436,0
2691025,1.980,9.232,-1.602,0.040,-0.066,-0.000,2435,0
2691045,1.951,9.400,-1.683,0.143,-0.053,-0.020,2436,0
2691065,1.978,9.507,-1.693,0.165,-0.054,-0.021,2436,0
2691085,2.016,9.493,-1.681,0.145,-0.041,-0.028,2434,0
2691105,1.990,9.424,-1.580,0.126,-0.028,-0.040,2434,0
2691125,1.992,9.383,-1.551,0.137,-0.021,-0.050,2436,0
2691145,1.975,9.304,-1.642,0.175,-0.012,-0.063,2433,0
2691165,1.853,9.416,-1.731,0.230,-0.009,-0.087,2436,0
2691185,1.877,9.507,-1.839,0.274,0.004,-0.109,2435,0
2691205,1.863,9.558,-1.915,0.288,0.016,-0.108,2435,0
2691225,1.860,9.596,-1.966,0.247,0.027,-0.087,2434,0
2691245,1.769,9.608,-1.939,0.169,0.021,-0.069,2435,0
2691265,1.721,9.606,-1.937,0.094,-0.008,-0.054,2434,0
2691285,1.731,9.622,-1.927,0.078,-0.032,-0.045,2434,0
2691305,1.779,9.531,-1.973,0.099,-0.041,-0.018,2434,0
2691325,1.779,9.574,-2.009,0.137,-0.030,-0.001,2435,0
2691345,1.733,9.591,-2.040,0.135,-0.014,-0.003,2435,0
2691365,1.772,9.558,-2.042,0.107,-0.013,-0.004,2435,0
2691385,1.836,9.567,-2.028,0.069,-0.014,0.004,2435,0
2691405,1.832,9.498,-1.987,0.037,-0.010,0.011,2435,0
2691425,1.851,9.457,-1.982,0.025,-0.002,0.009,2435,0
2691445,1.858,9.476,-1.966,0.037,0.012,0.013,2434,0
2691465,1.848,9.474,-1.956,0.046,0.010,0.019,2434,0
2691485,1.832,9.491,-1.956,0.048,-0.007,0.020,2436,0
2691505,1.791,9.505,-1.980,0.041,-0.018,0.022,2435,0
2691525,1.774,9.512,-2.028,0.039,-0.021,0.034,2435,0
2691545,1.781,9.553,-2.071,0.045,-0.019,0.037,2435,0
2691565,1.776,9.491,-2.064,0.039,-0.021,0.044,2435,0
2691585,1.820,9.421,-1.987,0.030,-0.027,0.042,2436,0
2691605,1.901,9.285,-1.968,0.006,-0.032,0.028,2435,0
2691625,1.925,9.275,-1.956,0.016,-0.016,0.007,2434,0
2691645,1.891,9.340,-1.975,0.031,0.007,-0.003,2435,0
2691665,1.853,9.479,-2.004,0.040,0.016,-0.007,2435,0
2691685,1.827,9.440,-2.002,0.018,0.015,-0.003,2435,0
2691705,1.911,9.347,-1.949,0.005,0.002,-0.005,2436,0
2691725,1.956,9.328,-1.841,0.016,0.002,-0.026,2434,0
2691745,1.944,9.354,-1.853,0.042,-0.008,-0.028,2434,0
2691765,1.853,9.517,-1.865,0.070,-0.027,-0.030,2434,0
2691785,1.793,9.598,-2.006,0.074,-0.041,-0.023,2433,0
2691805,1.817,9.582,-2.004,0.044,-0.044,-0.001,2434,0
2691825,1.841,9.579,-1.954,0.017,-0.040,0.002,2436,0
2691845,1.841,9.428,-1.865,0.005,-0.038,-0.006,2434,0
2691865,1.851,9.414,-1.877,0.009,-0.047,-0.017,2434,0
2691885,1.867,9.395,-1.901,0.010,-0.046,-0.018,2435,0
2691905,1.841,9.385,-1.899,0.010,-0.035,-0.024,2435,0
2691925,1.844,9.440,-1.946,0.008,-0.028,-0.034,2433,0
2691945,1.839,9.436,-1.954,0.009,-0.024,-0.025,2434,0
2691965,1.836,9.426,-1.946,0.019,-0.019,-0.031,2433,0
2691985,1.762,9.421,-1.894,0.045,-0.028,-0.035,2436,0
2692005,1.729,9.462,-1.877,0.058,-0.045,-0.029,2435,0
2692025,1.726,9.565,-1.882,0.070,-0.065,-0.019,2435,0
2692045,1.748,9.634,-1.925,0.071,-0.068,-0.012,2436,0
2692065,1.793,9.584,-1.903,0.044,-0.062,-0.009,2433,0
2692085,1.791,9.519,-1.829,0.015,-0.060,0.002,2434,0
2692105,1.834,9.462,-1.860,0.005,-0.059,-0.003,2433,0
2692125,1.832,9.488,-1.851,0.016,-0.056,-0.010,2435,0
2692145,1.822,9.481,-1.944,0.018,-0.047,-0.016,2433,0
2692165,1.781,9.529,-1.994,0.014,-0.037,-0.016,2434,0
2692185,1.779,9.560,-2.021,-0.005,-0.034,-0.008,2433,0
2692205,1.719,9.541,-1.987,0.002,-0.022,0.006,2433,0
2692225,1.803,9.548,-1.918,0.011,-0.035,0.031,2433,0
2692245,1.820,9.469,-1.887,0.009,-0.031,0.019,2434,0
2692265,1.839,9.450,-1.836,0.005,-0.054,0.010,2433,0
2692285,1.872,9.459,-1.784,0.003,-0.054,-0.006,2433,0
2692305,1.834,9.424,-1.757,0.015,-0.049,0.002,2434,0
2692325,1.832,9.538,-1.717,0.028,-0.057,0.002,2433,0
2692345,1.851,9.536,-1.796,0.025,-0.056,-0.003,2433,0
2692365,1.858,9.495,-1.846,0.021,-0.057,0.011,2432,0
2692385,1.887,9.534,-1.827,0.003,-0.059,0.009,2434,0
2692405,1.836,9.443,-1.877,-0.013,-0.058,0.003,2434,0
2692425,1.827,9.469,-1.879,-0.011,-0.056,0.014,2433,0
2692445,1.760,9.491,-1.963,0.008,-0.037,0.008,2433,0
2692465,1.774,9.553,-1.975,0.040,-0.029,0.013,2434,0
2692485,1.774,9.574,-1.942,0.061,-0.026,0.029,2433,0
2692505,1.808,9.546,-1.815,0.050,-0.038,0.046,2434,0
2692525,1.827,9.503,-1.786,0.029,-0.052,0.046,2432,0
2692545,1.824,9.412,-1.769,0.006,-0.046,0.033,2433,0
2692565,1.846,9.390,-1.827,0.002,-0.038,0.025,2433,0
2692585,1.899,9.380,-1.800,0.001,-0.032,0.005,2433,0
2692605,1.889,9.412,-1.741,0.015,-0.010,-0.012,2434,0
2692625,1.896,9.483,-1.812,0.030,-0.016,-0.009,2434,0
2692645,1.899,9.481,-1.836,0.019,-0.014,-0.014,2432,0
2692665,1.860,9.448,-1.846,0.020,-0.016,-0.015,2432,0
2692685,1.829,9.517,-1.839,0.038,-0.014,-0.005,2432,0
2692705,1.810,9.529,-1.901,0.066,-0.028,0.011,2433,0
2692725,1.848,9.471,-1.815,0.074,-0.032,0.013,2432,0
2692745,1.841,9.507,-1.798,0.076,-0.031,0.002,2433,0
2692765,1.860,9.543,-1.765,0.054,-0.032,-0.009,2432,0
2692785,1.863,9.479,-1.798,0.051,-0.038,-0.009,2432,0
2692805,1.918,9.488,-1.800,0.057,-0.038,-0.005,2434,0
2692825,1.954,9.464,-1.796,0.052,-0.029,-0.010,2432,0
2692845,1.966,9.462,-1.757,0.041,-0.016,-0.018,2431,0
2692865,1.930,9.483,-1.709,0.022,-0.014,-0.023,2432,0
2692885,1.879,9.483,-1.743,0.017,-0.025,-0.021,2431,0
2692905,1.817,9.428,-1.776,0.020,-0.030,-0.013,2431,0
2692925,1.733,9.464,-1.841,0.038,-0.034,-0.011,2433,0
2692945,1.721,9.562,-1.956,0.066,-0.044,-0.008,2433,0
2692965,1.798,9.553,-1.951,0.082,-0.044,-0.000,2433,0
2692985,1.834,9.493,-1.896,0.069,-0.035,-0.002,2433,0
2693005,1.805,9.505,-1.810,0.048,-0.021,-0.019,2431,0
2693025,1.846,9.527,-1.666,0.026,-0.025,-0.022,2432,0
2693045,1.817,9.534,-1.681,0.028,-0.030,-0.017,2432,0
2693065,1.865,9.522,-1.693,0.027,-0.046,0.000,2431,0
2693085,1.858,9.524,-1.697,0.028,-0.043,-0.002,2431,0
2693105,1.863,9.443,-1.738,0.012,-0.054,0.003,2433,0
2693125,1.808,9.488,-1.788,0.022,-0.050,-0.009,2433,0
2693145,1.741,9.536,-1.908,0.047,-0.045,-0.006,2432,0
2693165,1.788,9.699,-1.879,0.072,-0.050,0.006,2431,0
2693185,1.776,9.625,-1.918,0.054,-0.038,0.021,2432,0
2693205,1.879,9.610,-1.784,0.033,-0.038,0.043,2433,0
2693225,1.891,9.493,-1.736,0.019,-0.028,0.042,2433,0
2693245,1.963,9.349,-1.724,0.012,-0.036,0.033,2431,0
2693265,1.958,9.345,-1.690,0.022,-0.037,0.015,2432,0
2693285,1.899,9.409,-1.712,0.039,-0.037,0.005,2432,0
2693305,1.812,9.493,-1.712,0.038,-0.034,-0.000,2432,0
2693325,1.798,9.409,-1.788,0.014,-0.050,0.004,2431,0
2693345,1.872,9.364,-1.784,0.013,-0.058,-0.010,2432,0
2693365,1.896,9.383,-1.772,0.025,-0.054,-0.024,2431,0
2693385,1.829,9.428,-1.781,0.049,-0.050,-0.031,2431,0
2693405,1.717,9.567,-1.786,0.067,-0.048,-0.031,2431,0
2693425,1.671,9.692,-1.891,0.072,-0.051,-0.019,2432,0
2693445,1.726,9.811,-1.958,0.068,-0.052,0.017,2431,0
2693465,1.805,9.768,-1.987,0.054,-0.035,0.042,2431,0
2693485,1.882,9.651,-1.992,0.052,-0.010,0.049,2431,0
2693505,1.899,9.586,-1.856,0.049,0.008,0.049,2430,0
2693525,1.975,9.479,-1.683,0.031,-0.009,0.056,2431,0
2693545,2.025,9.361,-1.563,0.026,-0.017,0.049,2431,0
2693565,1.961,9.376,-1.635,0.044,-0.013,0.029,2431,0
2693585,1.879,9.500,-1.688,0.054,-0.030,0.034,2431,0
2693605,1.844,9.541,-1.743,0.043,-0.048,0.038,2431,0
2693625,1.815,9.493,-1.832,0.006,-0.051,0.047,2431,0
2693645,1.827,9.428,-1.798,-0.029,-0.048,0.055,2431,0
2693665,1.891,9.347,-1.776,-0.039,-0.047,0.053,2429,0
2693685,1.932,9.220,-1.760,-0.009,-0.052,0.032,2432,0
2693705,1.951,9.313,-1.671,0.055,-0.064,0.011,2431,0
2693725,1.973,9.397,-1.774,0.084,-0.062,-0.003,2431,0
2693745,1.973,9.529,-1.762,0.079,-0.071,-0.004,2432,0
2693765,1.990,9.503,-1.834,0.036,-0.062,-0.001,2431,0
2693785,1.978,9.527,-1.834,0.013,-0.060,0.002,2431,0
2693805,2.088,9.459,-1.781,0.005,-0.066,0.007,2431,0
2693825,2.088,9.412,-1.765,0.035,-0.060,0.001,2431,0
2693845,2.009,9.479,-1.779,0.063,-0.046,-0.007,2430,0
2693865,1.920,9.534,-1.856,0.052,-0.044,-0.002,2431,0
2693885,1.906,9.543,-1.879,0.030,-0.057,0.003,2431,0
2693905,1.985,9.471,-1.846,0.019,-0.056,0.005,2432,0
2693925,2.035,9.400,-1.779,0.033,-0.038,-0.002,2432,0
2693945,1.999,9.383,-1.726,0.047,-0.026,-0.008,2431,0
2693965,1.944,9.433,-1.686,0.046,-0.037,-0.016,2431,0
2693985,1.923,9.445,-1.721,0.037,-0.052,-0.004,2432,0
2694005,1.896,9.529,-1.731,0.050,-0.049,0.003,2432,0
2694025,1.839,9.584,-1.834,0.059,-0.042,0.006,2431,0
2694045,1.822,9.627,-1.894,0.068,-0.043,0.007,2432,0
2694065,1.856,9.598,-1.992,0.070,-0.030,0.018,2431,0
2694085,1.939,9.620,-2.016,0.070,-0.015,0.031,2432,0
2694105,2.045,9.553,-1.963,0.057,0.015,0.031,2431,0
2694125,2.054,9.464,-1.817,0.047,0.031,0.033,2431,0
2694145,2.066,9.392,-1.683,0.039,0.031,0.034,2431,0
2694165,2.016,9.392,-1.626,0.051,0.014,0.032,2430,0
2694185,2.047,9.445,-1.659,0.063,-0.005,0.035,2432,0
2694205,2.014,9.448,-1.755,0.074,-0.015,0.047,2432,0
2694225,2.030,9.378,-1.853,0.062,-0.021,0.042,2432,0
2694245,2.028,9.345,-1.870,0.045,-0.024,0.028,2430,0
2694265,2.035,9.297,-1.822,0.037,-0.022,0.014,2431,0
2694285,2.033,9.366,-1.851,0.044,-0.028,-0.006,2431,0
2694305,2.047,9.457,-1.899,0.048,-0.013,-0.026,2430,0
2694325,2.047,9.483,-1.918,0.046,-0.006,-0.027,2431,0
2694345,2.052,9.495,-1.899,0.026,0.007,-0.033,2431,0
2694365,2.093,9.476,-1.803,0.028,0.006,-0.018,2432,0
2694385,2.085,9.433,-1.719,0.050,0.012,-0.011,2430,0
2694405,2.035,9.450,-1.640,0.068,0.003,-0.001,2431,0
2694425,1.978,9.436,-1.662,0.064,-0.009,0.009,2431,0
2694445,1.999,9.424,-1.724,0.059,-0.035,0.002,2432,0
2694465,2.057,9.366,-1.757,0.059,-0.038,-0.005,2431,0
2694485,2.066,9.333,-1.741,0.064,-0.025,-0.013,2431,0
2694505,2.035,9.364,-1.772,0.059,-0.020,-0.027,2432,0
2694525,1.982,9.455,-1.714,0.063,-0.021,-0.037,2431,0
2694545,1.968,9.560,-1.798,0.072,-0.018,-0.030,2431,0
2694565,1.942,9.622,-1.803,0.068,-0.025,-0.011,2430,0
2694585,1.973,9.570,-1.853,0.043,-0.034,-0.007,2429,0
2694605,2.028,9.500,-1.829,0.035,-0.029,-0.002,2430,0
2694625,2.035,9.491,-1.796,0.041,-0.015,0.002,2432,0
2694645,2.006,9.519,-1.810,0.041,-0.011,0.002,2431,0
2694665,1.930,9.529,-1.781,0.036,-0.014,0.000,2432,0
2694685,1.999,9.505,-1.743,0.029,-0.034,0.017,2432,0
2694705,1.992,9.471,-1.745,0.030,-0.042,0.019,2431,0
2694725,2.023,9.436,-1.767,0.027,-0.050,0.024,2430,0
2694745,1.994,9.357,-1.810,0.030,-0.051,0.032,2431,0
2694765,2.025,9.354,-1.824,0.042,-0.062,0.028,2431,0
2694785,1.951,9.357,-1.882,0.048,-0.051,0.009,2431,0
2694805,1.951,9.474,-1.999,0.065,-0.048,0.014,2431,0
2694825,1.958,9.577,-1.982,0.057,-0.032,0.026,2432,0
2694845,2.018,9.510,-1.884,0.028,-0.032,0.030,2430,0
2694865,2.090,9.395,-1.796,0.010,-0.026,0.027,2431,0
2694885,2.116,9.354,-1.776,0.014,-0.027,0.015,2431,0
2694905,2.148,9.337,-1.702,0.025,-0.033,0.002,2430,0
2694925,2.128,9.378,-1.688,0.046,-0.030,-0.008,2431,0
2694945,2.042,9.524,-1.736,0.060,-0.026,-0.012,2430,0
2694965,1.961,9.598,-1.772,0.042,-0.044,0.000,2431,0
2694985,2.037,9.550,-1.853,0.020,-0.064,0.010,2431,0
2695005,2.116,9.364,-1.844,0.017,-0.053,0.009,2431,0
2695025,2.097,9.373,-1.786,0.046,-0.035,0.003,2429,0
2695045,1.999,9.388,-1.750,0.050,-0.023,-0.010,2430,0
2695065,2.004,9.457,-1.748,0.055,-0.058,0.009,2432,0
2695085,2.083,9.385,-1.729,0.041,-0.058,0.006,2432,0
2695105,2.057,9.316,-1.748,0.030,-0.049,-0.009,2432,0
2695125,2.002,9.404,-1.791,0.025,-0.047,-0.020,2431,0
2695145,1.992,9.459,-1.791,0.048,-0.063,-0.007,2431,0
2695165,2.021,9.488,-1.848,0.082,-0.063,0.011,2430,0
2695185,2.081,9.541,-1.839,0.080,-0.064,0.019,2430,0
2695205,2.131,9.510,-1.793,0.032,-0.056,0.011,2430,0
2695225,2.131,9.404,-1.738,0.005,-0.051,0.000,2431,0
2695245,2.064,9.412,-1.772,0.026,-0.052,-0.006,2431,0
2695265,2.057,9.450,-1.834,0.064,-0.053,0.003,2430,0
2695285,2.006,9.548,-1.884,0.080,-0.051,0.017,2431,0
2695305,2.002,9.562,-1.891,0.037,-0.053,0.015,2429,0
2695325,2.042,9.481,-1.820,-0.008,-0.063,0.020,2430,0
2695345,2.064,9.347,-1.717,-0.019,-0.065,0.017,2430,0
2695365,2.037,9.306,-1.736,0.010,-0.081,0.021,2429,0
2695385,2.049,9.306,-1.793,0.042,-0.091,0.011,2431,0
2695405,2.078,9.340,-1.891,0.060,-0.076,-0.013,2429,0
2695425,2.047,9.436,-1.923,0.053,-0.047,-0.027,2431,0
2695445,1.978,9.529,-1.954,0.044,-0.031,-0.034,2430,0
2695465,1.997,9.560,-1.894,0.044,-0.032,-0.019,2430,0
2695485,2.028,9.531,-1.870,0.068,-0.035,0.008,2430,0
2695505,2.093,9.469,-1.836,0.088,-0.034,0.022,2429,0
2695525,2.081,9.421,-1.810,0.077,-0.039,0.013,2431,0
2695545,2.152,9.400,-1.817,0.062,-0.043,0.005,2430,0
2695565,2.162,9.359,-1.762,0.043,-0.041,-0.001,2429,0
2695585,2.143,9.335,-1.774,0.033,-0.029,-0.019,2428,0
2695605,2.064,9.424,-1.793,0.048,-0.031,-0.019,2430,0
2695625,2.049,9.486,-1.872,0.056,-0.033,-0.018,2431,0
2695645,2.076,9.459,-1.884,0.054,-0.030,-0.009,2430,0
2695665,2.066,9.457,-1.899,0.045,-0.026,-0.009,2431,0
2695685,2.042,9.467,-1.848,0.041,-0.033,-0.013,2431,0
2695705,2.059,9.440,-1.808,0.044,-0.050,-0.006,2431,0
2695725,2.078,9.407,-1.808,0.054,-0.058,-0.002,2430,0
2695745,2.064,9.452,-1.853,0.058,-0.048,-0.007,2430,0
2695765,1.992,9.553,-1.867,0.051,-0.039,-0.004,2430,0
2695785,2.030,9.493,-1.867,0.021,-0.048,0.005,2430,0
2695805,2.093,9.342,-1.796,0.006,-0.046,0.002,2429,0
2695825,2.081,9.280,-1.741,0.018,-0.041,-0.011,2433,0
2695845,2.071,9.330,-1.781,0.040,-0.043,-0.016,2431,0
2695865,2.037,9.340,-1.856,0.054,-0.046,-0.022,2430,0
2695885,1.985,9.409,-1.899,0.067,-0.048,-0.029,2430,0
2695905,1.954,9.510,-2.002,0.061,-0.038,-0.036,2430,0
2695925,1.975,9.529,-1.985,0.054,-0.039,-0.018,2429,0
2695945,2.018,9.510,-1.937,0.055,-0.039,-0.012,2430,0
2695965,2.085,9.414,-1.930,0.061,-0.030,-0.015,2430,0
2695985,2.095,9.445,-1.877,0.071,-0.019,-0.022,2430,0
2696005,2.059,9.505,-1.800,0.054,-0.015,-0.029,2431,0
2696025,2.066,9.493,-1.779,0.036,-0.024,-0.021,2430,0
2696045,2.028,9.479,-1.805,0.035,-0.017,-0.017,2430,0
2696065,1.997,9.498,-1.870,0.049,-0.022,-0.018,2429,0
2696085,2.035,9.493,-1.982,0.068,-0.022,-0.021,2430,0
2696105,2.025,9.572,-1.999,0.084,-0.013,-0.016,2428,0
2696125,2.014,9.603,-1.939,0.076,0.003,-0.005,2429,0
2696145,1.990,9.596,-1.882,0.058,-0.002,0.016,2429,0
2696165,2.014,9.560,-1.800,0.039,-0.021,0.029,2429,0
2696185,2.018,9.407,-1.822,0.034,-0.034,0.035,2430,0
2696205,2.018,9.369,-1.856,0.043,-0.038,0.031,2430,0
2696225,2.016,9.380,-1.853,0.050,-0.038,0.023,2427,0
2696245,2.037,9.373,-1.841,0.047,-0.032,0.019,2430,0
2696265,2.047,9.400,-1.796,0.029,-0.032,0.010,2430,0
2696285,2.085,9.364,-1.798,-0.015,-0.041,0.007,2430,0
2696305,2.116,9.237,-1.750,-0.043,-0.037,-0.004,2431,0
2696325,2.054,9.287,-1.832,-0.010,-0.027,-0.021,2430,0
2696345,1.994,9.380,-1.923,0.045,-0.026,-0.017,2430,0
2696365,1.925,9.512,-1.970,0.082,-0.033,-0.007,2429,0
2696385,1.992,9.534,-1.911,0.069,-0.036,-0.003,2430,0
2696405,1.999,9.481,-1.863,0.041,-0.041,0.002,2431,0
2696425,1.992,9.471,-1.820,0.037,-0.046,-0.005,2430,0
2696445,1.999,9.481,-1.810,0.059,-0.050,-0.002,2430,0
2696465,1.970,9.527,-1.791,0.070,-0.059,0.011,2429,0
2696485,2.045,9.546,-1.784,0.057,-0.067,0.010,2430,0
2696505,1.997,9.426,-1.815,0.034,-0.049,0.005,2429,0
2696525,2.052,9.400,-1.822,0.024,-0.041,0.007,2429,0
2696545,2.018,9.349,-1.820,0.018,-0.027,-0.003,2429,0
2696565,1.992,9.316,-1.810,0.025,-0.037,-0.005,2428,0
2696585,1.994,9.290,-1.870,0.030,-0.049,-0.011,2429,0
2696605,1.987,9.266,-2.016,0.041,-0.059,-0.038,2429,0
2696625,2.054,9.304,-2.081,0.056,-0.043,-0.056,2429,0
2696645,2.025,9.395,-2.006,0.073,-0.010,-0.058,2431,0
2696665,1.954,9.479,-1.913,0.067,-0.009,-0.048,2428,0
2696685,1.970,9.488,-1.808,0.062,-0.037,-0.031,2429,0
2696705,2.002,9.409,-1.776,0.068,-0.060,-0.019,2429,0
2696725,2.004,9.424,-1.856,0.088,-0.074,-0.012,2429,0
2696745,2.021,9.457,-1.915,0.089,-0.067,-0.015,2430,0
2696765,2.052,9.486,-1.911,0.092,-0.051,-0.017,2431,0
2696785,2.016,9.503,-1.867,0.086,-0.033,-0.017,2430,0
2696805,2.030,9.543,-1.853,0.063,-0.035,-0.012,2430,0
2696825,2.057,9.483,-1.865,0.039,-0.036,-0.022,2430,0
2696845,2.014,9.486,-1.937,0.043,-0.033,-0.030,2430,0
2696865,2.011,9.534,-2.035,0.039,-0.025,-0.025,2429,0
2696885,2.016,9.582,-2.014,0.033,-0.031,-0.017,2430,0
2696905,1.946,9.620,-1.899,0.066,-0.029,-0.005,2429,0
2696925,1.920,9.610,-1.846,0.066,-0.050,0.010,2430,0
2696945,1.901,9.634,-1.853,0.066,-0.059,0.017,2429,0
2696965,1.930,9.570,-1.891,0.037,-0.070,0.032,2429,0
2696985,1.992,9.503,-1.923,0.004,-0.065,0.037,2430,0
2697005,2.009,9.373,-1.932,-0.006,-0.056,0.034,2430,0
2697025,1.985,9.313,-1.946,-0.002,-0.047,0.025,2429,0
2697045,1.985,9.301,-1.954,-0.007,-0.040,0.005,2428,0
2697065,1.966,9.301,-1.932,-0.008,-0.030,-0.007,2430,0
2697085,1.949,9.361,-1.925,0.005,-0.031,-0.001,2428,0
2697105,1.944,9.376,-1.925,0.022,-0.031,-0.002,2429,0
2697125,1.915,9.373,-1.978,0.048,-0.048,-0.007,2428,0
2697145,1.970,9.464,-1.987,0.074,-0.057,-0.011,2427,0
2697165,1.992,9.431,-2.004,0.067,-0.046,-0.012,2429,0
2697185,2.076,9.436,-1.872,0.055,-0.042,-0.004,2430,0
2697205,2.042,9.469,-1.844,0.045,-0.018,-0.015,2427,0
2697225,2.045,9.488,-1.832,0.048,-0.017,-0.008,2427,0
2697245,2.049,9.548,-1.817,0.037,-0.022,-0.009,2429,0
2697265,2.018,9.421,-1.829,0.009,-0.022,-0.008,2428,0
2697285,2.040,9.380,-1.858,0.018,-0.017,-0.013,2430,0
2697305,1.954,9.433,-1.918,0.039,-0.006,-0.020,2429,0
2697325,1.951,9.426,-1.932,0.043,-0.012,-0.017,2429,0
2697345,1.946,9.455,-1.980,0.035,-0.007,-0.026,2429,0
2697365,1.939,9.445,-1.925,0.033,-0.006,-0.022,2428,0
2697385,1.958,9.452,-1.882,0.037,-0.011,0.000,2428,0
2697405,1.918,9.483,-1.824,0.064,-0.012,-0.001,2429,0
2697425,1.920,9.469,-1.844,0.071,-0.020,-0.003,2429,0
2697445,1.908,9.534,-1.810,0.058,-0.039,0.001,2429,0
2697465,1.925,9.448,-1.848,0.036,-0.053,0.006,2430,0
2697485,1.987,9.371,-1.856,0.039,-0.054,0.012,2430,0
2697505,1.946,9.361,-1.846,0.054,-0.046,-0.001,2428,0
2697525,1.935,9.383,-1.891,0.056,-0.041,-0.017,2428,0
2697545,1.903,9.457,-1.946,0.048,-0.041,-0.019,2428,0
2697565,1.963,9.414,-1.925,0.017,-0.039,-0.022,2429,0
2697585,1.966,9.371,-1.939,0.022,-0.034,-0.031,2428,0
2697605,1.956,9.428,-1.946,0.054,-0.035,-0.033,2428,0
2697625,1.935,9.483,-1.985,0.087,-0.045,-0.023,2428,0
2697645,1.997,9.380,-2.006,0.091,-0.046,-0.019,2427,0
2697665,2.014,9.373,-2.028,0.098,-0.040,-0.015,2427,0
2697685,2.018,9.474,-1.939,0.076,-0.026,-0.024,2428,0
2697705,2.028,9.450,-1.882,0.056,-0.025,-0.030,2427,0
2697725,2.033,9.471,-1.822,0.039,-0.015,-0.035,2428,0
2697745,1.994,9.531,-1.834,0.030,-0.015,-0.027,2427,0
2697765,1.944,9.519,-1.891,0.038,-0.012,-0.020,2428,0
2697785,1.913,9.558,-1.956,0.043,-0.017,-0.010,2427,0
2697805,1.877,9.527,-1.999,0.034,-0.019,0.001,2426,0
2697825,1.889,9.512,-1.944,0.037,-0.021,0.009,2426,0
2697845,1.867,9.438,-1.911,0.049,-0.023,0.019,2427,0
2697865,1.839,9.414,-1.920,0.063,-0.033,0.016,2425,0
2697885,1.894,9.366,-1.896,0.065,-0.052,0.012,2426,0
2697905,1.946,9.318,-1.877,0.063,-0.051,0.005,2429,0
2697925,1.937,9.323,-1.875,0.054,-0.036,-0.014,2428,0
2697945,1.879,9.366,-1.867,0.047,-0.031,-0.027,2427,0
2697965,1.848,9.481,-1.882,0.049,-0.039,-0.031,2427,0
2697985,1.844,9.510,-1.937,0.040,-0.058,-0.019,2427,0
2698005,1.887,9.462,-1.990,0.039,-0.066,-0.011,2426,0
2698025,1.911,9.376,-1.975,0.046,-0.061,-0.004,2427,0
2698045,1.848,9.440,-1.970,0.063,-0.053,-0.010,2427,0
2698065,1.839,9.534,-1.994,0.074,-0.056,-0.007,2426,0
2698085,1.911,9.512,-2.014,0.059,-0.064,0.004,2427,0
2698105,2.023,9.400,-1.954,0.034,-0.057,-0.005,2426,0
2698125,2.081,9.254,-1.851,0.024,-0.050,-0.019,2426,0
2698145,1.970,9.337,-1.748,0.014,-0.064,-0.026,2428,0
2698165,1.856,9.424,-1.731,-0.010,-0.083,-0.027,2427,0
2698185,1.796,9.531,-1.908,-0.009,-0.096,-0.043,2428,0
2698205,1.858,9.620,-2.037,0.022,-0.085,-0.041,2427,0
2698225,1.908,9.577,-1.985,0.033,-0.066,-0.023,2427,0
2698245,1.954,9.546,-1.891,0.023,-0.060,-0.017,2427,0
2698265,1.879,9.560,-1.884,0.007,-0.057,-0.023,2426,0
2698285,1.844,9.594,-1.925,0.019,-0.063,-0.014,2428,0
2698305,1.834,9.572,-2.014,0.050,-0.067,0.006,2426,0
2698325,1.808,9.538,-2.081,0.068,-0.061,0.011,2426,0
2698345,1.820,9.553,-2.128,0.063,-0.051,0.022,2428,0
2698365,1.884,9.474,-2.021,0.036,-0.042,0.032,2426,0
2698385,1.884,9.340,-1.946,0.022,-0.037,0.018,2427,0
2698405,1.865,9.373,-1.939,0.036,-0.026,-0.004,2427,0
2698425,1.767,9.531,-2.042,0.047,-0.022,-0.004,2428,0
2698445,1.731,9.694,-2.107,0.035,-0.032,0.022,2426,0
2698465,1.829,9.699,-2.131,0.012,-0.029,0.043,2427,0
2698485,1.908,9.567,-2.066,0.001,-0.014,0.063,2428,0
2698505,1.975,9.448,-1.951,0.011,-0.009,0.078,2426,0
2698525,2.014,9.373,-1.812,0.027,-0.011,0.072,2427,0
2698545,1.987,9.325,-1.781,0.037,-0.017,0.051,2426,0
2698565,2.009,9.325,-1.776,0.040,-0.026,0.035,2427,0
2698585,1.997,9.345,-1.798,0.041,-0.025,0.020,2428,0
2698605,1.958,9.450,-1.891,0.045,-0.019,0.012,2426,0
2698625,1.994,9.464,-1.951,0.022,-0.023,0.013,2427,0
2698645,2.014,9.390,-1.882,0.010,-0.018,0.005,2427,0
2698665,1.987,9.380,-1.839,0.023,-0.010,0.004,2425,0
2698685,1.963,9.424,-1.832,0.043,-0.017,0.011,2427,0
2698705,1.939,9.426,-1.865,0.051,-0.038,0.014,2426,0
2698725,2.018,9.373,-1.865,0.042,-0.050,0.007,2425,0
2698745,2.061,9.330,-1.844,0.033,-0.041,-0.006,2426,0
2698765,2.002,9.335,-1.805,0.041,-0.035,-0.016,2426,0
2698785,1.935,9.431,-1.786,0.052,-0.046,-0.026,2424,0
2698805,1.896,9.524,-1.889,0.067,-0.052,-0.027,2427,0
2698825,1.879,9.608,-2.040,0.070,-0.040,-0.015,2428,0
2698845,1.906,9.637,-2.061,0.055,-0.033,0.008,2426,0
2698865,1.944,9.522,-2.006,0.032,-0.025,0.014,2427,0
2698885,1.930,9.476,-1.908,0.033,-0.026,0.014,2425,0
2698905,1.990,9.433,-1.839,0.040,-0.034,0.020,2427,0
2698925,2.021,9.383,-1.793,0.047,-0.037,0.018,2427,0
2698945,2.006,9.359,-1.786,0.044,-0.036,0.011,2427,0
2698965,1.985,9.361,-1.798,0.031,-0.048,0.002,2426,0
2698985,1.954,9.378,-1.834,0.024,-0.054,-0.015,2426,0
2699005,1.954,9.433,-1.918,0.039,-0.056,-0.010,2426,0
2699025,1.944,9.467,-1.982,0.044,-0.043,-0.005,2426,0
2699045,1.932,9.436,-1.973,0.044,-0.043,-0.001,2427,0
2699065,1.966,9.392,-1.956,0.038,-0.053,0.008,2427,0
2699085,2.011,9.342,-1.901,0.047,-0.047,-0.012,2426,0
2699105,2.009,9.297,-1.882,0.060,-0.044,-0.023,2427,0
2699125,2.006,9.323,-1.772,0.055,-0.067,-0.029,2426,0
2699145,2.009,9.316,-1.978,0.067,-0.065,-0.022,2425,0
2699165,1.990,9.357,-1.420,0.081,-0.111,-0.019,2430,0
2699185,1.891,9.577,-1.721,0.085,-0.241,0.023,2444,0
2699205,2.064,9.172,-1.427,0.102,-0.349,-0.015,2448,0
2699225,1.963,9.105,-2.021,0.134,-0.311,-0.010,2446,0
2699245,1.889,9.337,-2.176,0.144,-0.295,0.009,2443,0
2699265,1.863,9.701,-1.920,0.065,-0.296,-0.018,2438,0
2699285,1.853,9.828,-1.810,0.019,-0.413,0.020,2432,0
2699305,1.882,9.682,-1.982,-0.042,-0.490,0.060,2424,0
2699325,2.102,9.287,-1.963,-0.095,-0.435,0.035,2410,0
2699345,2.014,9.529,-2.265,-0.078,-0.356,0.040,2402,0
2699365,1.954,9.969,-2.176,-0.076,-0.334,0.059,2397,0
2699385,1.908,10.161,-2.133,-0.196,-0.402,0.051,4095,0
2699405,2.078,10.254,-2.662,-0.418,-0.314,0.096,2408,0
2699425,2.057,10.364,-2.231,-0.603,-0.280,0.065,2390,0
2699445,2.327,10.003,-2.006,-1.003,-0.305,0.199,2391,0
2699465,1.302,9.984,-1.609,-1.325,-0.343,0.444,2391,2556
2699485,2.617,10.659,-1.425,-1.289,-0.414,0.546,2391,3108
2699505,1.616,11.270,-1.267,-1.458,-0.493,0.798,2394,3495
2699525,2.344,11.334,-1.372,-1.935,-0.455,1.022,2394,3588
2699545,3.019,10.453,-1.252,-2.117,-0.483,1.127,2395,3724
2699565,2.124,11.475,-0.785,-2.623,-0.470,1.328,2399,3791
2699585,1.810,11.461,-0.871,-3.311,-0.579,1.731,2402,3897
2699605,2.978,10.072,-0.804,-3.900,-0.615,2.064,2405,3925
2699625,3.871,9.330,-0.419,-4.307,-0.506,2.362,2413,3950
2699694,4.061,5.409,2.878,-5.510,-0.105,3.018,2421,3964
2699703,4.326,5.018,3.254,-5.421,0.027,3.014,2422,3973
2699713,4.946,4.276,3.582,-5.326,0.148,3.034,2421,3963
2699723,4.803,3.402,3.974,-5.246,0.180,3.124,2424,3961
2699732,4.247,3.177,4.523,-5.154,0.284,3.091,2422,3958
2699745,5.114,2.114,5.104,-4.778,0.288,3.023,2425,3970
2699765,5.816,2.148,5.744,-4.403,0.341,2.955,2422,3973
2699785,5.368,0.776,6.108,-4.217,0.405,2.905,2422,3989
2699805,5.320,-1.350,6.649,-3.681,0.471,2.730,2421,3999
2699825,5.990,-2.684,7.381,-2.721,0.662,2.317,2420,4009
2699845,6.622,-3.017,8.049,-1.732,0.766,1.689,2418,4009
2699865,6.373,-2.258,8.159,-0.978,0.714,1.162,2416,4006
2699885,5.696,-2.217,8.102,-0.575,0.613,0.829,2416,4017
2699905,6.172,-1.872,8.626,-0.187,0.488,0.543,2415,4024
2699925,6.177,-1.647,8.665,0.060,0.401,0.366,2415,4026
2699945,6.103,-1.140,8.535,0.153,0.256,0.202,2415,4035
2699965,6.086,-1.032,8.404,0.070,0.135,0.074,2414,4036
2699985,5.945,-1.149,8.399,0.050,0.015,-0.020,2415,4036
2700005,5.851,-1.049,8.135,0.138,-0.103,-0.084,2413,4042
2700025,5.873,-0.680,7.685,0.210,-0.173,-0.116,2414,4047
2700045,5.952,-0.455,7.446,0.140,-0.173,-0.083,2413,4057
2700065,6.002,-0.812,7.542,0.078,-0.109,-0.056,2413,4053
2700085,5.890,-1.046,7.621,0.153,-0.075,-0.057,2412,4049
2700105,5.866,-0.864,7.582,0.182,-0.075,-0.055,2412,4044
2700125,5.873,-0.723,7.645,0.132,-0.050,-0.027,2410,4041
2700145,5.880,-0.821,7.819,0.083,-0.038,-0.013,2410,4041
2700165,5.954,-1.034,7.918,0.108,-0.043,-0.031,2410,4044
2700185,5.957,-0.986,7.858,0.171,-0.024,-0.069,2411,4049
2700205,5.813,-0.821,7.839,0.185,-0.022,-0.065,2411,4047
2700225,5.784,-0.699,7.870,0.151,-0.055,-0.023,2410,4056
2700245,5.921,-0.723,7.822,0.117,-0.061,0.010,2410,4064
2700265,5.945,-0.871,7.796,0.096,-0.037,-0.009,2409,4068
2700285,5.904,-0.874,7.848,0.132,-0.018,-0.033,2409,4070
2700305,5.787,-0.718,7.863,0.152,-0.028,-0.033,2409,4071
2700325,5.737,-0.512,7.812,0.080,-0.066,0.001,2408,4073
2700345,5.753,-0.615,7.908,0.014,-0.094,0.041,2408,4061
2700365,5.851,-0.797,7.908,0.071,-0.098,0.023,2408,4059
2700385,5.827,-0.634,7.748,0.113,-0.085,0.004,2407,4069
2700405,5.756,-0.725,7.604,0.081,-0.088,0.027,2406,4071
2700425,6.115,-0.704,8.169,0.069,-0.072,-0.005,2406,4079
2700445,6.050,-0.970,8.016,0.062,-0.047,-0.005,2407,4088
2700465,5.605,-0.754,7.542,0.121,-0.063,0.011,2405,4095
2700485,6.239,-0.639,7.853,0.066,0.037,-0.034,2403,4095
2700505,5.665,-0.627,7.590,0.085,-0.049,-0.012,2405,4095
2700525,5.674,-1.152,7.774,0.044,-0.014,0.009,2406,4095
2700545,6.519,-0.445,7.977,0.104,-0.066,-0.032,2405,4095
2700565,5.521,-0.886,7.542,0.063,-0.025,-0.036,2405,4095
2700585,6.012,-0.776,7.875,0.054,0.056,-0.052,2405,4095
2700605,6.048,-0.225,7.887,0.101,-0.066,-0.031,2404,4095
2700625,5.397,-0.965,7.602,0.025,-0.059,0.018,2405,4095
2700645,6.371,-0.670,8.045,0.039,-0.002,-0.024,2404,4095
2700665,6.057,-0.306,7.824,0.116,-0.052,-0.070,2404,4095
2700685,5.286,-0.804,7.561,0.024,-0.007,-0.005,2405,4095
2700705,6.347,-0.402,8.100,-0.007,-0.026,0.035,2406,4095
2700725,6.005,-0.546,7.853,0.070,-0.103,0.005,2404,4095
2700745,5.550,-1.152,7.570,0.075,-0.018,-0.002,2404,4095
2700765,6.369,-0.455,7.884,0.062,0.002,-0.020,2405,4095
2700785,5.799,-0.340,7.661,0.043,-0.086,-0.015,2404,4095
2700805,5.454,-1.094,7.702,-0.028,-0.043,0.023,2405,4095
2700825,6.462,-0.570,8.083,0.064,-0.007,-0.023,2403,4095
2700845,5.938,-0.232,7.659,0.139,-0.072,-0.037,2407,4095
2700865,5.397,-0.905,7.482,0.014,-0.027,0.015,2404,4095
2700885,6.373,-0.529,7.951,-0.007,-0.026,0.021,2403,4095
2700905,5.914,-0.788,7.731,-0.004,-0.064,0.058,2403,4095
2700925,5.959,-0.606,7.877,0.038,-0.080,-0.007,2402,4095
2700945,5.954,-0.733,7.705,0.084,-0.029,-0.029,2401,4095
2700965,5.871,-0.453,7.623,0.116,-0.021,-0.035,2401,4095
2700985,5.942,-0.318,7.649,0.004,-0.032,0.013,2401,4095
2701005,5.983,-0.575,7.839,-0.064,-0.028,0.041,2400,4095
2701025,5.993,-0.783,7.920,0.011,-0.022,0.021,2401,4095
2701045,5.914,-0.797,7.863,0.130,-0.040,-0.018,2400,4095
2701065,5.890,-0.599,7.635,0.153,-0.077,-0.021,2400,4095
2701085,5.950,-0.467,7.561,0.040,-0.090,0.018,2400,4095
2701105,5.990,-0.613,7.736,-0.023,-0.070,0.025,2401,4095
2701125,5.964,-0.733,7.807,0.047,-0.052,-0.000,2399,4095
2701145,5.883,-0.644,7.714,0.110,-0.050,-0.016,2399,4095
2701165,5.856,-0.524,7.733,0.102,-0.079,0.004,2399,4095
2701185,5.962,-0.572,7.776,0.064,-0.086,0.027,2399,4095
2701205,6.038,-0.603,7.752,0.050,-0.068,0.015,2398,4095
2701225,6.043,-0.682,7.733,0.063,-0.040,-0.006,2399,4095
2701245,5.971,-0.711,7.755,0.094,-0.026,-0.020,2398,4095
2701265,5.890,-0.558,7.664,0.083,-0.054,-0.000,2399,4095
2701285,5.983,-0.587,7.721,0.028,-0.078,0.028,2399,4095
2701305,6.098,-0.699,7.731,0.027,-0.056,0.009,2398,4095
2701325,5.986,-0.685,7.736,0.057,-0.019,-0.021,2399,4095
2701345,5.768,-0.541,7.731,0.046,-0.058,-0.025,2399,4095
2701365,5.861,-0.457,7.772,-0.008,-0.147,-0.005,2399,4095
2701385,6.069,-0.646,7.752,-0.008,-0.172,-0.021,2398,4092
2701405,6.211,-0.644,7.752,0.048,-0.111,-0.062,2401,4094
2701425,5.713,-0.807,7.302,0.092,-0.042,0.009,2398,4095
2701445,5.686,-0.378,7.389,0.124,-0.117,0.048,2398,4092
2701465,6.565,-0.194,7.776,0.022,-0.101,0.008,2397,4095
2701485,5.648,-1.015,7.508,-0.027,-0.085,0.063,2398,4095
2701505,6.606,-0.582,7.839,0.063,-0.023,-0.036,2398,4095
2701525,5.610,-0.541,7.386,0.128,-0.081,-0.016,2398,4095
2701545,6.098,-0.824,7.669,0.006,-0.023,0.027,2397,4095
2701565,6.431,-0.120,7.647,0.083,-0.081,0.002,2396,4095
2701585,5.605,-0.960,7.496,0.047,-0.023,0.045,2397,4095
2701605,6.620,-0.505,7.757,0.087,0.002,-0.003,2398,4095
2701625,5.734,-0.431,7.468,0.116,-0.078,0.015,2398,4095
2701645,5.777,-1.104,7.676,0.007,-0.039,0.073,2398,4095
2701665,6.761,-0.280,7.791,0.075,-0.076,0.014,2397,4095
2701685,5.689,-0.716,7.484,0.076,-0.045,-0.019,2397,4095
2701705,6.256,-0.958,7.791,0.017,0.047,-0.057,2397,4094
2701725,6.397,-0.065,7.642,0.080,-0.041,-0.120,2398,4091
2701745,5.327,-0.962,7.575,-0.006,-0.020,-0.049,2398,4093
2701765,6.402,-0.584,8.023,0.045,-0.002,-0.026,2398,4095
2701785,5.993,-0.122,7.453,0.159,-0.081,-0.012,2396,4093
2701805,5.665,-0.848,7.511,0.014,-0.017,0.058,2393,4086
2701825,6.675,-0.340,7.693,0.047,-0.024,0.032,2398,4093
2701845,5.768,-0.680,7.333,0.076,-0.028,0.043,2397,4095
2701865,6.072,-1.106,7.774,0.029,0.055,0.039,2396,4094
2701885,6.572,-0.124,7.731,0.106,-0.033,-0.012,2397,4094
2701905,6.232,-0.673,8.045,0.018,-0.002,-0.013,2397,4095
2701925,6.009,-0.460,7.628,0.047,-0.025,-0.010,2398,4095
2701945,6.041,-0.433,7.685,0.044,-0.031,0.009,2398,4095
2701965,6.069,-0.546,7.750,0.047,-0.035,0.010,2397,4095
