2654425,3.316,9.426,0.589,4.953,0.220,-1.699,2439,0
2654445,3.266,8.993,-0.160,4.252,0.275,-1.580,2440,0
2654465,2.859,9.167,-0.453,3.541,0.280,-1.423,2441,0
2654485,2.689,9.864,-0.943,2.972,0.091,-1.289,2438,0
2654505,2.655,10.206,-1.140,2.627,-0.007,-1.078,2437,0
2654525,2.576,9.981,-1.523,2.213,-0.095,-0.944,2435,0
2654545,2.284,9.857,-2.049,1.847,-0.133,-0.859,2432,0
2654565,2.181,9.993,-2.251,1.521,-0.130,-0.787,2433,0
2654585,1.997,10.283,-2.375,1.212,-0.189,-0.680,2437,0
2654605,2.009,10.508,-2.354,1.054,-0.257,-0.496,2444,0
2654625,1.903,10.139,-2.655,0.752,-0.276,-0.371,2446,0
2654645,1.772,9.974,-3.069,0.527,-0.262,-0.274,2448,0
2654665,1.638,10.048,-3.266,0.373,-0.222,-0.211,2450,0
2654685,1.678,10.295,-3.194,0.268,-0.207,-0.133,2449,0
2654705,1.803,10.171,-3.124,0.137,-0.252,-0.006,2449,0
2654725,1.946,9.790,-3.144,-0.036,-0.250,0.072,2450,0
2654745,2.016,9.416,-3.110,-0.179,-0.183,0.069,2450,0
2654765,2.052,9.299,-2.895,-0.236,-0.141,0.035,2450,0
2654785,2.071,9.163,-2.804,-0.175,-0.092,0.021,2451,0
2654805,2.083,9.115,-2.684,-0.064,-0.077,0.022,2451,0
2654825,1.920,9.191,-2.746,-0.014,-0.048,0.003,2451,0
2654845,1.750,9.227,-2.761,-0.026,-0.031,-0.003,2456,0
2654865,1.729,9.395,-2.727,-0.017,-0.076,0.017,2457,0
2654885,1.844,9.436,-2.744,0.017,-0.082,0.049,2458,0
2654905,1.891,9.376,-2.658,0.033,-0.083,0.085,2461,0
2654925,1.870,9.340,-2.648,0.025,-0.072,0.097,2462,0
2654945,1.834,9.347,-2.713,0.026,-0.071,0.088,2462,0
2654965,1.841,9.299,-2.732,0.027,-0.090,0.100,2460,0
2654985,1.942,9.191,-2.727,0.033,-0.112,0.124,2461,0
2655005,2.040,9.194,-2.636,0.028,-0.099,0.113,2462,0
2655025,2.030,9.074,-2.650,0.006,-0.052,0.068,2461,0
2655045,2.054,9.084,-2.638,-0.006,-0.018,0.019,2461,0
2655065,1.944,9.120,-2.622,-0.003,0.007,-0.019,2462,0
2655085,1.865,9.237,-2.602,0.008,-0.024,0.005,2461,0
2655105,1.968,9.347,-2.581,0.041,-0.052,0.028,2461,0
2655125,1.999,9.285,-2.598,0.038,-0.036,0.009,2461,0
2655145,1.994,9.218,-2.602,-0.007,-0.007,0.001,2460,0
2655165,1.990,9.242,-2.595,-0.030,0.001,0.008,2462,0
2655185,1.939,9.213,-2.593,-0.028,0.003,-0.013,2462,0
2655205,1.961,9.196,-2.579,0.013,0.002,-0.031,2460,0
2655225,1.918,9.184,-2.591,0.029,0.006,-0.042,2461,0
2655245,1.930,9.189,-2.600,0.030,0.017,-0.042,2459,0
2655265,1.951,9.340,-2.598,0.037,0.017,-0.037,2460,0
2655285,1.918,9.428,-2.557,0.041,0.010,-0.038,2459,0
2655305,1.879,9.471,-2.581,0.042,0.005,-0.026,2460,0
2655325,1.865,9.397,-2.574,0.035,0.003,-0.005,2460,0
2655345,1.923,9.352,-2.497,0.013,-0.000,0.009,2462,0
2655365,1.970,9.304,-2.389,-0.014,-0.005,0.015,2461,0
2655385,1.961,9.237,-2.406,-0.013,-0.010,0.009,2460,0
2655405,1.935,9.263,-2.433,0.006,0.001,-0.013,2460,0
2655425,1.915,9.347,-2.502,0.050,0.004,-0.020,2457,0
2655445,1.903,9.421,-2.504,0.070,0.003,0.005,2459,0
2655465,1.939,9.433,-2.495,0.048,-0.001,0.021,2459,0
2655485,1.944,9.325,-2.471,0.005,-0.002,0.002,2459,0
2655505,1.911,9.273,-2.466,-0.016,-0.008,-0.017,2458,0
2655525,1.911,9.258,-2.440,-0.010,-0.006,-0.022,2459,0
2655545,1.867,9.335,-2.330,0.040,-0.018,0.001,2459,0
2655565,1.903,9.342,-2.277,0.054,-0.004,-0.001,2457,0
2655585,1.875,9.321,-2.274,0.038,-0.020,-0.013,2459,0
2655605,1.920,9.290,-2.368,0.007,-0.039,-0.020,2458,0
2655625,1.966,9.239,-2.377,0.002,-0.054,-0.015,2458,0
2655645,2.011,9.254,-2.342,0.014,-0.051,-0.015,2458,0
2655665,2.018,9.318,-2.337,0.043,-0.031,-0.019,2458,0
2655685,1.906,9.455,-2.449,0.060,-0.020,-0.022,2457,0
2655705,1.867,9.507,-2.545,0.054,-0.030,-0.011,2458,0
2655725,1.894,9.424,-2.543,0.042,-0.049,0.013,2457,0
2655745,2.011,9.361,-2.471,0.055,-0.050,0.013,2457,0
2655765,2.016,9.323,-2.423,0.068,-0.044,-0.002,2457,0
2655785,1.946,9.366,-2.435,0.063,-0.041,-0.001,2458,0
2655805,1.908,9.440,-2.428,0.058,-0.053,0.003,2457,0
2655825,1.937,9.357,-2.490,0.044,-0.045,0.023,2456,0
2655845,1.980,9.345,-2.430,0.054,-0.046,0.034,2457,0
2655865,2.021,9.294,-2.365,0.048,-0.032,0.017,2457,0
2655885,1.987,9.325,-2.377,0.033,-0.037,0.003,2455,0
2655905,2.004,9.306,-2.401,0.009,-0.042,-0.003,2456,0
2655925,2.002,9.258,-2.456,0.012,-0.041,0.010,2457,0
2655945,1.970,9.369,-2.459,0.041,-0.027,0.019,2456,0
2655965,1.896,9.438,-2.502,0.058,-0.025,0.010,2455,0
2655985,1.875,9.471,-2.519,0.058,-0.036,0.007,2455,0
2656005,1.915,9.395,-2.504,0.030,-0.046,0.009,2455,0
2656025,2.028,9.313,-2.464,0.030,-0.034,0.020,2457,0
2656045,2.021,9.330,-2.351,0.049,-0.031,0.022,2457,0
2656065,1.944,9.409,-2.363,0.064,-0.041,0.022,2455,0
2656085,1.980,9.416,-2.382,0.043,-0.053,0.031,2454,0
2656105,2.052,9.270,-2.385,0.006,-0.057,0.042,2455,0
2656125,2.131,9.220,-2.404,-0.001,-0.038,0.035,2455,0
2656145,2.100,9.258,-2.375,0.015,-0.033,0.016,2456,0
2656165,2.037,9.333,-2.368,0.029,-0.035,-0.002,2452,0
2656185,2.014,9.380,-2.480,0.027,-0.043,0.001,2453,0
2656205,2.009,9.404,-2.485,0.021,-0.040,0.005,2452,0
2656225,1.954,9.416,-2.478,0.017,-0.027,0.020,2452,0
2656245,1.908,9.407,-2.449,0.021,-0.049,0.041,2453,0
2656265,1.932,9.373,-2.401,0.025,-0.074,0.039,2455,0
2656285,2.030,9.256,-2.409,0.027,-0.090,0.047,2452,0
2656305,2.095,9.254,-2.416,0.028,-0.092,0.056,2452,0
2656325,2.105,9.220,-2.418,0.027,-0.069,0.042,2453,0
2656345,2.097,9.199,-2.421,0.034,-0.050,0.018,2453,0
2656365,2.107,9.177,-2.425,0.024,-0.050,0.007,2453,0
2656385,2.090,9.177,-2.373,0.017,-0.043,-0.007,2452,0
2656405,2.073,9.160,-2.394,0.011,-0.033,-0.018,2452,0
2656425,1.963,9.266,-2.423,0.032,-0.030,-0.017,2453,0
2656445,1.915,9.409,-2.454,0.050,-0.033,-0.020,2452,0
2656465,1.918,9.354,-2.466,0.055,-0.043,-0.006,2453,0
2656485,1.978,9.309,-2.430,0.049,-0.057,0.015,2452,0
2656505,2.059,9.268,-2.373,0.044,-0.048,-0.003,2451,0
2656525,2.069,9.249,-2.382,0.056,-0.046,-0.013,2450,0
2656545,2.073,9.251,-2.387,0.068,-0.044,-0.026,2451,0
2656565,2.095,9.258,-2.356,0.059,-0.037,-0.044,2452,0
2656585,2.081,9.306,-2.342,0.024,-0.035,-0.046,2452,0
2656605,2.073,9.357,-2.332,0.009,-0.041,-0.032,2454,0
2656625,2.059,9.345,-2.363,0.004,-0.038,-0.019,2452,0
2656645,2.004,9.304,-2.468,0.008,-0.037,-0.032,2451,0
2656665,2.052,9.335,-2.480,0.021,-0.041,-0.048,2451,0
2656685,2.069,9.294,-2.471,0.040,-0.036,-0.037,2451,0
2656705,2.047,9.400,-2.387,0.057,-0.035,-0.016,2451,0
2656725,1.987,9.483,-2.442,0.065,-0.038,-0.003,2451,0
2656745,1.975,9.455,-2.483,0.052,-0.039,0.006,2452,0
2656765,1.987,9.366,-2.488,0.038,-0.038,0.012,2452,0
2656785,2.021,9.342,-2.492,0.035,-0.032,-0.001,2451,0
2656805,2.078,9.306,-2.473,0.039,-0.021,0.003,2451,0
2656825,2.100,9.261,-2.428,0.037,-0.012,0.009,2452,0
2656845,2.057,9.323,-2.418,0.055,0.017,-0.010,2452,0
2656865,1.997,9.407,-2.368,0.067,0.014,-0.018,2451,0
2656885,2.016,9.452,-2.322,0.047,-0.010,-0.009,2451,0
2656905,2.100,9.347,-2.301,0.033,-0.022,0.014,2452,0
2656925,2.073,9.251,-2.334,0.047,-0.018,0.016,2450,0
2656945,2.004,9.345,-2.478,0.086,0.002,0.011,2449,0
2656965,1.963,9.428,-2.459,0.079,-0.011,0.021,2448,0
2656985,1.958,9.357,-2.485,0.052,-0.031,0.030,2447,0
2657005,2.016,9.340,-2.476,0.060,-0.026,0.026,2446,0
2657025,2.054,9.325,-2.500,0.073,-0.016,0.032,2445,0
2657045,2.028,9.325,-2.516,0.106,0.005,0.030,2443,0
2657065,2.018,9.325,-2.466,0.102,0.037,0.008,2443,0
2657085,1.966,9.313,-2.468,0.084,0.046,0.009,2443,0
2657105,2.004,9.371,-2.397,0.047,0.024,0.012,2443,0
2657125,2.025,9.282,-2.346,0.045,0.015,0.018,2443,0
2657145,2.069,9.234,-2.265,0.066,0.012,0.016,2443,0
2657165,2.028,9.242,-2.327,0.059,0.016,0.015,2444,0
2657185,2.042,9.297,-2.286,0.046,-0.002,0.013,2444,0
2657205,2.023,9.335,-2.442,0.048,-0.017,-0.002,2443,0
2657225,2.064,9.306,-2.492,0.061,-0.014,0.019,2445,0
2657245,2.160,9.275,-2.454,0.073,0.006,0.006,2447,0
2657265,2.107,9.292,-2.416,0.053,0.015,-0.018,2449,0
2657285,2.057,9.316,-2.404,0.043,0.023,-0.034,2449,0
2657305,1.997,9.419,-2.442,0.049,0.010,-0.013,2450,0
2657325,2.018,9.481,-2.478,0.036,-0.014,0.016,2451,0
2657345,2.073,9.476,-2.433,0.036,-0.030,0.028,2455,0
2657365,2.198,9.316,-2.435,0.041,-0.021,0.030,2461,0
2657385,2.184,9.208,-2.368,0.019,-0.001,0.022,2461,0
2657405,2.088,9.234,-2.416,0.038,0.012,0.011,2463,0
2657425,2.021,9.337,-2.461,0.042,0.006,0.006,2462,0
2657445,2.030,9.352,-2.468,0.036,-0.021,0.022,2465,0
2657465,2.121,9.366,-2.346,0.025,-0.036,0.031,2471,0
2657485,2.150,9.249,-2.253,-0.005,-0.050,0.044,2477,0
2657505,2.193,9.201,-2.294,-0.028,-0.071,0.052,2480,0
2657525,2.138,9.246,-2.344,0.023,-0.065,0.036,2480,0
2657545,2.112,9.335,-2.490,0.057,-0.056,0.020,2480,0
2657565,2.157,9.342,-2.516,0.059,-0.067,0.031,2480,0
2657585,2.207,9.318,-2.490,0.030,-0.052,0.029,2483,0
2657605,2.219,9.263,-2.466,0.011,-0.037,0.017,2484,0
2657625,2.179,9.292,-2.473,0.036,-0.012,0.015,2485,0
2657645,2.200,9.335,-2.444,0.071,-0.021,0.028,2485,0
2657665,2.286,9.301,-2.342,0.081,-0.023,0.025,2488,0
2657685,2.332,9.251,-2.409,0.077,-0.012,0.023,2488,0
2657705,2.346,9.340,-2.411,0.046,0.006,0.029,2490,0
2657725,2.301,9.543,-2.502,0.051,0.034,0.021,2488,0
2657745,2.263,9.675,-2.555,0.064,0.035,0.034,2491,0
2657765,2.291,9.658,-2.564,0.052,0.048,0.044,2493,0
2657785,2.310,9.541,-2.483,-0.000,0.052,0.066,2498,0
2657805,2.277,9.361,-2.339,-0.085,0.031,0.090,2505,0
2657825,2.325,9.122,-2.239,-0.120,-0.013,0.126,2505,0
2657845,2.253,9.084,-2.298,-0.062,-0.021,0.117,2505,0
2657865,2.212,9.072,-2.365,0.006,-0.014,0.082,2505,0
2657885,2.243,9.098,-2.413,0.043,-0.017,0.071,2508,0
2657905,2.277,9.000,-2.370,0.037,-0.010,0.064,2512,0
2657925,2.284,8.890,-2.385,0.002,0.004,0.052,2513,0
2657945,2.222,8.921,-2.411,-0.021,-0.007,0.040,2515,0
2657965,2.207,9.036,-2.375,0.025,0.005,0.003,2513,0
2657985,2.267,8.914,-2.346,0.047,0.000,-0.026,2514,0
2658005,2.308,8.832,-2.296,0.074,0.005,-0.043,2516,0
2658025,2.344,8.861,-2.251,0.071,0.014,-0.076,2516,0
2658045,2.296,9.067,-2.279,0.079,0.023,-0.117,2517,0
2658065,2.140,9.134,-2.346,0.099,0.016,-0.151,2516,0
2658085,2.107,9.244,-2.339,0.118,-0.009,-0.126,2517,0
2658105,2.222,9.301,-2.253,0.118,-0.039,-0.084,2519,0
2658125,2.320,9.299,-2.210,0.110,-0.045,-0.069,2518,0
2658145,2.365,9.340,-2.164,0.086,-0.040,-0.095,2519,0
2658165,2.322,9.436,-2.291,0.078,-0.043,-0.114,2520,0
2658185,2.279,9.443,-2.401,0.080,-0.043,-0.101,2521,0
2658205,2.279,9.500,-2.406,0.081,-0.044,-0.066,2521,0
2658225,2.294,9.548,-2.428,0.077,-0.033,-0.060,2521,0
2658245,2.306,9.507,-2.394,0.071,-0.028,-0.061,2521,0
2658265,2.217,9.431,-2.365,0.050,-0.030,-0.051,2523,0
2658285,2.095,9.464,-2.413,0.043,-0.043,-0.028,2523,0
2658305,2.169,9.500,-2.471,0.072,-0.058,-0.008,2522,0
2658325,2.229,9.349,-2.437,0.092,-0.038,-0.004,2521,0
2658345,2.277,9.222,-2.413,0.074,-0.027,-0.007,2522,0
2658365,2.205,9.249,-2.392,0.050,-0.017,-0.012,2523,0
2658385,2.157,9.361,-2.430,0.025,-0.025,-0.006,2521,0
2658405,2.191,9.316,-2.401,0.024,-0.034,-0.002,2522,0
2658425,2.227,9.244,-2.485,0.040,-0.018,-0.016,2523,0
2658445,2.186,9.256,-2.480,0.061,-0.005,-0.027,2520,0
2658465,2.143,9.321,-2.500,0.072,-0.011,-0.023,2521,0
2658485,2.097,9.357,-2.478,0.065,-0.026,-0.013,2522,0
2658505,2.121,9.316,-2.440,0.064,-0.028,-0.007,2521,0
2658525,2.148,9.268,-2.397,0.064,-0.022,-0.003,2523,0
2658545,2.078,9.251,-2.425,0.066,-0.015,-0.006,2523,0
2658565,2.057,9.294,-2.437,0.067,-0.033,-0.010,2522,0
2658585,2.078,9.268,-2.428,0.069,-0.042,-0.007,2522,0
2658605,2.112,9.199,-2.480,0.054,-0.041,-0.007,2523,0
2658625,2.093,9.246,-2.502,0.055,-0.027,-0.015,2522,0
2658645,2.114,9.251,-2.516,0.050,-0.026,-0.010,2523,0
2658665,2.172,9.285,-2.492,0.065,-0.025,-0.017,2522,0
2658685,2.150,9.349,-2.531,0.065,-0.013,-0.030,2523,0
2658705,2.167,9.412,-2.456,0.067,-0.022,-0.028,2523,0
2658725,2.114,9.433,-2.473,0.052,-0.019,-0.025,2523,0
2658745,2.105,9.380,-2.471,0.050,-0.043,-0.001,2523,0
2658765,2.140,9.333,-2.476,0.045,-0.046,0.005,2523,0
2658785,2.195,9.218,-2.464,0.050,-0.046,0.012,2523,0
2658805,2.203,9.251,-2.423,0.060,-0.024,0.003,2523,0
2658825,2.076,9.347,-2.440,0.043,-0.014,-0.009,2523,0
2658845,2.059,9.359,-2.452,0.020,-0.027,-0.004,2523,0
2658865,2.126,9.323,-2.500,0.019,-0.035,0.011,2523,0
2658885,2.203,9.254,-2.466,0.035,-0.023,0.014,2523,0
2658905,2.133,9.294,-2.500,0.039,-0.004,0.000,2523,0
2658925,2.090,9.404,-2.447,0.031,-0.017,-0.008,2522,0
2658945,2.069,9.385,-2.471,0.018,-0.037,0.002,2523,0
2658965,2.088,9.292,-2.454,0.027,-0.047,0.016,2522,0
2658985,2.109,9.316,-2.526,0.046,-0.041,0.031,2522,0
2659005,2.140,9.340,-2.483,0.055,-0.041,0.034,2522,0
2659025,2.184,9.246,-2.440,0.047,-0.045,0.025,2521,0
2659045,2.212,9.170,-2.377,0.026,-0.043,0.007,2522,0
2659065,2.193,9.184,-2.421,0.003,-0.036,-0.007,2523,0
2659085,2.172,9.256,-2.442,-0.001,-0.032,0.008,2522,0
2659105,2.131,9.335,-2.461,0.001,-0.026,0.003,2523,0
2659125,2.088,9.330,-2.478,0.014,-0.031,-0.008,2521,0
2659145,2.073,9.297,-2.519,0.023,-0.036,-0.010,2521,0
2659165,2.107,9.292,-2.476,0.046,-0.038,0.005,2522,0
2659185,2.114,9.313,-2.488,0.051,-0.047,0.008,2521,0
2659205,2.107,9.325,-2.500,0.049,-0.060,0.008,2522,0
2659225,2.181,9.292,-2.476,0.054,-0.059,0.018,2521,0
2659245,2.248,9.220,-2.444,0.060,-0.060,0.024,2521,0
2659265,2.246,9.232,-2.433,0.059,-0.047,0.019,2520,0
2659285,2.229,9.268,-2.387,0.046,-0.050,0.014,2519,0
2659305,2.191,9.304,-2.433,0.033,-0.043,-0.002,2521,0
2659325,2.207,9.249,-2.468,0.025,-0.047,0.003,2520,0
2659345,2.227,9.273,-2.456,0.025,-0.035,-0.007,2520,0
2659365,2.174,9.309,-2.478,0.022,-0.026,-0.008,2519,0
2659385,2.145,9.301,-2.466,0.028,-0.022,0.001,2519,0
2659405,2.124,9.222,-2.437,0.016,-0.039,0.006,2520,0
2659425,2.143,9.187,-2.442,0.019,-0.051,-0.008,2519,0
2659445,2.164,9.218,-2.490,0.047,-0.054,-0.015,2518,0
2659465,2.176,9.285,-2.468,0.082,-0.046,-0.007,2519,0
2659485,2.169,9.352,-2.502,0.091,-0.042,0.005,2521,0
2659505,2.179,9.366,-2.471,0.061,-0.037,0.012,2519,0
2659525,2.246,9.230,-2.361,0.018,-0.052,0.024,2518,0
2659545,2.270,9.155,-2.354,0.025,-0.042,0.007,2518,0
2659565,2.172,9.249,-2.459,0.051,-0.035,-0.019,2519,0
2659585,2.150,9.347,-2.514,0.073,-0.048,-0.009,2517,0
2659605,2.145,9.400,-2.490,0.060,-0.041,-0.002,2519,0
2659625,2.121,9.304,-2.521,0.023,-0.024,-0.003,2519,0
2659645,2.150,9.282,-2.485,0.023,-0.026,0.003,2519,0
2659665,2.188,9.210,-2.440,0.032,-0.025,0.005,2519,0
2659685,2.198,9.122,-2.399,0.054,-0.035,-0.006,2520,0
2659705,2.162,9.237,-2.401,0.064,-0.034,-0.030,2519,0
2659725,2.119,9.330,-2.447,0.057,-0.039,-0.034,2519,0
2659745,2.090,9.371,-2.512,0.046,-0.046,-0.017,2520,0
2659765,2.128,9.287,-2.483,0.039,-0.044,-0.002,2520,0
2659785,2.188,9.189,-2.461,0.051,-0.033,0.013,2519,0
2659805,2.172,9.222,-2.365,0.041,-0.039,0.016,2520,0
2659825,2.157,9.333,-2.523,0.064,-0.058,0.003,2517,0
2659845,2.198,9.292,-2.550,0.066,-0.066,0.009,2519,0
2659865,2.188,9.258,-2.567,0.075,-0.047,0.005,2520,0
2659885,2.198,9.299,-2.583,0.066,-0.036,0.002,2520,0
2659905,2.195,9.261,-2.612,0.050,-0.028,0.011,2519,0
2659925,2.239,9.239,-2.528,0.052,-0.033,0.008,2518,0
2659945,2.239,9.167,-2.504,0.047,-0.017,-0.007,2517,0
2659965,2.227,9.110,-2.456,0.037,-0.018,-0.019,2517,0
2659985,2.217,9.096,-2.423,0.038,-0.009,-0.043,2520,0
2660005,2.116,9.177,-2.476,0.024,-0.012,-0.055,2517,0
2660025,2.107,9.366,-2.480,0.047,-0.015,-0.063,2518,0
2660045,2.052,9.457,-2.461,0.059,-0.001,-0.052,2518,0
2660065,2.057,9.469,-2.433,0.077,-0.003,-0.030,2517,0
2660085,2.071,9.467,-2.406,0.046,-0.020,-0.009,2519,0
2660105,2.090,9.359,-2.433,0.017,-0.050,0.006,2518,0
2660125,2.172,9.215,-2.483,-0.006,-0.058,-0.005,2517,0
2660145,2.191,9.129,-2.495,0.035,-0.046,-0.028,2518,0
2660165,2.162,9.230,-2.581,0.079,-0.023,-0.035,2517,0
2660185,2.093,9.361,-2.545,0.083,-0.022,-0.031,2518,0
2660205,2.105,9.409,-2.552,0.051,-0.030,-0.023,2518,0
2660225,2.148,9.366,-2.509,0.028,-0.027,-0.016,2518,0
2660245,2.172,9.309,-2.504,0.030,-0.013,-0.007,2518,0
2660265,2.150,9.328,-2.437,0.053,-0.016,-0.001,2519,0
2660285,2.121,9.318,-2.428,0.063,-0.024,0.000,2518,0
2660305,2.112,9.256,-2.430,0.046,-0.034,-0.001,2518,0
2660325,2.107,9.258,-2.468,0.032,-0.043,0.009,2519,0
2660345,2.100,9.263,-2.516,0.041,-0.035,0.020,2519,0
2660365,2.059,9.304,-2.607,0.062,-0.034,0.025,2517,0
2660385,2.097,9.301,-2.547,0.068,-0.033,0.018,2516,0
2660405,2.119,9.249,-2.509,0.056,-0.027,0.007,2517,0
2660425,2.164,9.194,-2.483,0.046,-0.023,0.002,2519,0
2660445,2.150,9.218,-2.454,0.050,-0.016,-0.004,2518,0
2660465,2.107,9.282,-2.464,0.048,-0.023,-0.007,2518,0
2660485,2.083,9.330,-2.504,0.055,-0.038,-0.003,2519,0
2660505,2.059,9.383,-2.485,0.064,-0.042,0.009,2520,0
2660525,2.093,9.366,-2.488,0.058,-0.039,0.023,2519,0
2660545,2.136,9.299,-2.464,0.048,-0.046,0.025,2518,0
2660565,2.145,9.275,-2.497,0.041,-0.051,0.003,2518,0
2660585,2.164,9.301,-2.514,0.051,-0.050,-0.006,2518,0
2660605,2.191,9.301,-2.543,0.060,-0.032,0.000,2518,0
2660625,2.160,9.342,-2.464,0.056,-0.017,0.007,2519,0
2660645,2.157,9.378,-2.461,0.028,-0.018,0.009,2518,0
2660665,2.124,9.301,-2.480,-0.000,-0.036,0.014,2519,0
2660685,2.136,9.256,-2.507,0.007,-0.050,0.014,2517,0
2660705,2.131,9.273,-2.519,0.041,-0.049,0.015,2519,0
2660725,2.121,9.345,-2.535,0.071,-0.045,0.022,2520,0
2660745,2.136,9.301,-2.576,0.055,-0.042,0.032,2517,0
2660765,2.162,9.282,-2.540,0.021,-0.039,0.026,2518,0
2660785,2.181,9.218,-2.512,0.005,-0.026,0.021,2518,0
2660805,2.229,9.218,-2.495,0.033,-0.025,0.021,2517,0
2660825,2.162,9.290,-2.483,0.047,-0.021,0.010,2518,0
2660845,2.128,9.313,-2.521,0.051,-0.032,0.012,2518,0
2660865,2.157,9.254,-2.538,0.034,-0.037,0.028,2519,0
2660885,2.164,9.249,-2.476,0.029,-0.036,0.033,2521,0
2660905,2.181,9.263,-2.552,0.032,-0.039,0.019,2518,0
2660925,2.176,9.256,-2.543,0.039,-0.058,0.020,2518,0
2660945,2.179,9.194,-2.531,0.043,-0.066,0.027,2518,0
2660965,2.198,9.155,-2.519,0.050,-0.058,0.028,2519,0
2660985,2.152,9.170,-2.547,0.051,-0.049,0.019,2519,0
2661005,2.167,9.213,-2.557,0.044,-0.050,0.005,2519,0
2661025,2.246,9.148,-2.571,0.036,-0.045,-0.002,2518,0
2661045,2.263,9.081,-2.526,0.032,-0.035,-0.010,2518,0
2661065,2.224,9.120,-2.495,0.039,-0.019,-0.021,2519,0
2661085,2.203,9.239,-2.488,0.050,-0.026,-0.024,2517,0
2661105,2.205,9.309,-2.473,0.066,-0.024,-0.025,2518,0
2661125,2.207,9.311,-2.492,0.057,-0.030,-0.032,2518,0
2661145,2.210,9.323,-2.526,0.045,-0.039,-0.041,2518,0
2661165,2.234,9.290,-2.507,0.045,-0.044,-0.020,2519,0
2661185,2.274,9.325,-2.444,0.078,-0.043,-0.002,2517,0
2661205,2.184,9.412,-2.440,0.079,-0.041,-0.011,2516,0
2661225,2.174,9.436,-2.528,0.059,-0.056,-0.001,2518,0
2661245,2.219,9.321,-2.535,0.026,-0.059,0.019,2517,0
2661265,2.251,9.182,-2.540,0.006,-0.039,0.022,2519,0
2661285,2.224,9.215,-2.538,0.021,-0.034,0.012,2517,0
2661305,2.207,9.239,-2.547,0.050,-0.032,0.005,2517,0
2661325,2.195,9.268,-2.533,0.058,-0.033,-0.002,2517,0
2661345,2.148,9.275,-2.538,0.035,-0.031,-0.003,2517,0
2661365,2.157,9.292,-2.559,0.023,-0.040,0.010,2515,0
2661385,2.181,9.225,-2.567,0.026,-0.043,0.013,2516,0
2661405,2.186,9.201,-2.576,0.044,-0.043,0.006,2516,0
2661425,2.236,9.194,-2.567,0.060,-0.036,0.002,2517,0
2661445,2.241,9.179,-2.555,0.064,-0.029,0.002,2517,0
2661465,2.207,9.179,-2.497,0.050,-0.027,-0.008,2517,0
2661485,2.162,9.163,-2.569,0.039,-0.036,-0.013,2517,0
2661505,2.169,9.199,-2.581,0.052,-0.035,-0.018,2516,0
2661525,2.179,9.254,-2.579,0.063,-0.035,-0.019,2515,0
2661545,2.160,9.251,-2.535,0.060,-0.026,-0.016,2515,0
2661565,2.140,9.313,-2.557,0.064,-0.031,-0.008,2516,0
2661585,2.140,9.328,-2.569,0.066,-0.034,-0.013,2514,0
2661605,2.138,9.340,-2.502,0.072,-0.041,-0.020,2515,0
2661625,2.191,9.342,-2.516,0.062,-0.047,-0.017,2516,0
2661645,2.219,9.342,-2.512,0.046,-0.039,-0.017,2515,0
2661665,2.176,9.385,-2.490,0.019,-0.024,-0.021,2514,0
2661685,2.109,9.457,-2.504,0.008,-0.014,-0.020,2516,0
2661705,2.097,9.342,-2.516,-0.028,-0.015,-0.010,2514,0
2661725,2.174,9.177,-2.430,-0.029,-0.029,-0.010,2515,0
2661745,2.227,9.141,-2.387,-0.006,-0.037,-0.024,2514,0
2661765,2.188,9.141,-2.413,0.017,-0.034,-0.030,2516,0
2661785,2.121,9.210,-2.476,0.032,-0.046,-0.019,2514,0
2661805,2.133,9.244,-2.512,0.023,-0.052,-0.018,2516,0
2661825,2.112,9.251,-2.564,0.020,-0.067,-0.009,2515,0
2661845,2.097,9.290,-2.626,0.033,-0.066,-0.000,2516,0
2661865,2.121,9.278,-2.607,0.048,-0.069,0.026,2517,0
2661885,2.181,9.213,-2.591,0.088,-0.069,0.047,2514,0
2661905,2.246,9.261,-2.612,0.094,-0.057,0.073,2514,0
2661925,2.310,9.313,-2.559,0.097,-0.041,0.067,2515,0
2661945,2.267,9.340,-2.579,0.064,-0.032,0.046,2515,0
2661965,2.279,9.330,-2.552,0.061,-0.039,0.027,2513,0
2661985,2.243,9.278,-2.598,0.053,-0.024,0.026,2513,0
2662005,2.243,9.218,-2.559,0.060,-0.020,0.030,2514,0
2662025,2.229,9.268,-2.507,0.058,-0.019,0.038,2513,0
2662045,2.193,9.306,-2.488,0.064,-0.026,0.037,2513,0
2662065,2.210,9.251,-2.538,0.046,-0.038,0.039,2515,0
2662085,2.184,9.155,-2.598,0.030,-0.047,0.057,2513,0
2662105,2.195,9.117,-2.579,0.032,-0.044,0.051,2513,0
2662125,2.203,9.189,-2.567,0.050,-0.041,0.039,2512,0
2662145,2.251,9.187,-2.552,0.065,-0.036,0.024,2512,0
2662165,2.265,9.184,-2.612,0.067,-0.029,0.006,2514,0
2662185,2.193,9.199,-2.641,0.052,-0.025,-0.009,2513,0
2662205,2.195,9.141,-2.643,0.032,-0.044,-0.002,2512,0
2662225,2.253,9.096,-2.614,0.045,-0.054,0.002,2512,0
2662245,2.255,9.120,-2.658,0.069,-0.040,-0.011,2513,0
2662265,2.243,9.091,-2.658,0.090,-0.023,-0.016,2513,0
2662285,2.210,9.163,-2.670,0.062,-0.038,-0.018,2512,0
2662305,2.248,9.208,-2.720,0.013,-0.064,-0.021,2513,0
2662325,2.227,9.244,-2.693,-0.032,-0.080,-0.005,2512,0
2662345,2.222,9.311,-2.667,-0.016,-0.064,-0.011,2512,0
2662365,2.160,9.328,-2.646,0.016,-0.052,-0.014,2513,0
2662385,2.090,9.474,-2.756,0.071,-0.057,0.017,2513,0
2662405,2.107,9.594,-2.772,0.063,-0.114,0.098,2514,0
2662425,2.229,9.416,-2.847,-0.010,-0.158,0.165,2514,0
2662445,2.346,9.191,-2.811,-0.078,-0.170,0.193,2514,0
2662465,2.409,9.155,-2.753,-0.066,-0.140,0.178,2513,0
2662485,2.452,9.076,-2.593,0.004,-0.121,0.172,2513,0
2662505,2.461,9.196,-2.543,0.052,-0.132,0.190,2515,0
2662525,2.456,9.215,-2.507,-0.051,-0.155,0.214,2515,0
2662545,2.485,9.189,-2.538,-0.139,-0.175,0.223,2517,0
2662565,2.643,9.064,-2.342,-0.232,-0.184,0.208,2514,0
2662585,2.670,9.115,-2.248,-0.255,-0.175,0.181,2514,0
2662605,2.631,9.117,-2.239,-0.276,-0.176,0.168,2515,0
2662625,2.636,8.904,-2.164,-0.310,-0.226,0.192,2517,0
2662645,2.768,8.796,-2.289,-0.297,-0.212,0.222,2515,0
2662665,2.672,8.887,-2.294,-0.310,-0.175,0.237,2518,0
2662685,2.574,9.316,-2.179,-0.261,-0.113,0.133,2524,0
2662705,2.488,9.304,-2.195,-0.197,-0.048,-0.003,2527,0
2662725,2.531,9.112,-2.179,-0.054,-0.001,-0.046,2529,0
2662745,2.801,8.938,-1.999,0.078,-0.016,0.033,2532,0
2662765,2.591,9.227,-2.069,0.330,0.042,0.038,2531,0
2662785,2.770,9.268,-1.908,0.368,0.035,0.006,2531,0
2662805,2.569,9.199,-2.344,0.336,0.096,-0.079,2532,0
2662825,2.629,9.266,-2.040,0.309,0.105,-0.117,2533,0
2662845,2.974,9.531,-1.750,0.077,0.178,-0.085,2531,0
2662865,2.519,9.318,-1.935,0.058,0.029,-0.073,2532,0
2662885,2.641,9.378,-2.069,0.075,0.060,-0.035,2530,0
2662905,3.146,9.519,-1.767,0.067,0.017,-0.024,2532,0
2662925,2.892,9.589,-1.846,0.013,0.042,-0.010,2532,0
2662945,2.653,9.503,-2.059,0.019,0.132,-0.069,2534,0
2662965,2.708,9.778,-1.999,-0.107,0.014,-0.002,2532,0
2662985,2.365,9.440,-2.188,-0.182,-0.093,0.072,2535,0
2663005,2.200,9.036,-2.574,0.028,-0.088,0.086,2534,0
2663025,2.545,8.859,-2.488,0.211,0.006,0.058,2536,0
2663045,2.368,8.942,-2.550,0.212,0.074,0.028,2535,0
2663065,2.411,8.930,-2.274,0.186,0.104,-0.033,2533,0
2663085,2.428,8.957,-2.006,0.091,0.090,-0.056,2530,0
2663105,2.394,8.945,-2.037,0.047,0.051,-0.046,2529,0
2663125,2.452,8.765,-2.088,0.023,0.043,-0.051,2527,0
2663145,2.547,8.626,-2.198,0.085,0.109,-0.114,2522,0
2663165,2.650,8.543,-2.703,0.322,0.352,-0.273,2512,0
2663185,2.741,8.993,-1.932,0.505,0.404,-0.312,2489,0
2663205,2.902,9.433,-1.906,0.513,0.311,-0.223,2464,0
2663225,2.619,9.471,-2.890,0.334,0.263,-0.127,2446,0
2663245,2.612,9.457,-2.945,0.200,0.229,-0.035,2429,0
2663265,2.825,9.644,-2.990,0.110,0.219,0.001,2410,0
2663285,2.856,9.613,-2.772,0.062,0.199,-0.019,2400,0
2663305,2.600,9.306,-2.658,0.092,0.220,0.030,2395,0
2663325,2.935,9.383,-2.521,0.100,0.269,0.135,2390,0
2663345,2.672,9.574,-2.552,0.103,0.295,0.128,2388,0
2663365,2.892,9.445,-2.138,0.036,0.222,0.102,2386,0
2663385,3.019,8.906,-2.076,0.091,0.165,0.116,2385,0
2663405,3.093,8.497,-1.994,0.185,0.091,0.130,2383,0
2663425,2.938,8.866,-2.313,0.260,0.064,0.055,2378,0
2663445,2.717,8.938,-2.531,0.260,0.011,-0.083,2375,0
2663465,2.643,8.947,-2.595,0.221,-0.055,-0.130,2370,0
2663485,2.682,8.897,-2.837,0.174,-0.061,-0.110,2369,0
2663505,2.749,8.871,-2.868,0.163,0.008,-0.165,2369,0
2663525,2.737,8.849,-2.825,0.213,0.063,-0.286,2366,0
2663545,2.571,8.744,-2.897,0.286,0.095,-0.303,2364,0
2663565,2.559,8.849,-2.701,0.356,0.092,-0.271,2361,0
2663585,2.512,9.534,-2.804,0.372,0.070,-0.160,2360,0
2663605,2.624,9.974,-2.658,0.188,0.026,-0.099,2356,0
2663625,2.734,9.924,-2.758,-0.028,-0.006,-0.029,2355,0
2663645,2.875,9.792,-2.638,-0.133,-0.005,0.075,2355,0
2663665,2.840,9.809,-2.523,-0.230,-0.024,0.131,2363,0
2663685,2.813,9.701,-2.562,-0.374,-0.013,0.145,2365,0
2663705,2.571,9.622,-2.528,-0.532,-0.026,0.111,2375,0
2663725,2.550,9.225,-2.521,-0.469,-0.068,0.128,2384,0
2663745,2.550,9.179,-2.217,-0.410,-0.040,0.107,2388,0
2663765,2.576,9.021,-2.028,-0.203,-0.060,0.087,2392,0
2663785,2.708,9.194,-2.128,-0.100,-0.147,0.059,2399,0
2663805,2.559,9.210,-2.236,-0.081,-0.341,0.065,2406,0
2663825,2.454,9.158,-2.516,-0.063,-0.258,0.120,2412,0
2663845,2.670,9.055,-2.306,-0.045,-0.129,0.133,2416,0
2663865,2.727,9.041,-2.227,-0.059,-0.088,0.115,2417,0
2663885,2.717,9.048,-2.210,-0.118,-0.082,0.083,2420,0
2663905,2.715,9.052,-2.174,-0.082,-0.056,0.075,2422,0
2663925,2.744,8.993,-2.061,-0.041,-0.067,0.080,2424,0
2663945,2.770,8.950,-2.059,0.005,-0.071,0.070,2424,0
2663965,2.772,8.921,-2.025,0.003,-0.066,0.062,2423,0
2663985,2.777,9.000,-2.049,-0.033,-0.080,0.037,2423,0
2664005,2.772,9.052,-2.059,-0.064,-0.092,0.001,2425,0
2664025,2.732,9.014,-2.081,-0.063,-0.093,-0.031,2424,0
2664045,2.729,8.950,-2.140,-0.043,-0.081,-0.035,2426,0
2664065,2.739,9.024,-2.121,-0.040,-0.094,-0.035,2425,0
2664085,2.799,8.940,-2.128,-0.049,-0.101,-0.059,2426,0
2664105,2.828,8.878,-2.121,-0.035,-0.107,-0.082,2424,0
2664125,2.859,8.789,-2.119,-0.008,-0.087,-0.100,2426,0
2664145,2.885,8.808,-2.136,0.047,-0.085,-0.100,2427,0
2664165,2.938,8.815,-2.124,0.113,-0.075,-0.135,2427,0
2664185,2.799,9.031,-2.200,0.167,-0.043,-0.203,2428,0
2664205,2.526,9.359,-2.394,0.165,-0.005,-0.262,2430,0
2664225,2.289,9.337,-2.428,0.177,-0.021,-0.226,2433,0
2664245,2.435,9.840,-2.325,0.096,-0.041,-0.179,2432,0
2664265,2.440,9.692,-2.260,0.004,-0.019,-0.099,2432,0
2664285,2.392,9.582,-2.162,-0.033,0.007,-0.087,2432,0
2664305,2.356,9.598,-1.990,-0.044,-0.007,-0.075,2431,0
2664325,2.358,9.560,-1.954,0.006,-0.041,-0.031,2433,0
2664345,2.411,9.507,-1.961,0.070,-0.067,0.006,2435,0
2664365,2.411,9.421,-2.033,0.090,-0.075,0.010,2437,0
2664385,2.468,9.311,-2.105,0.075,-0.072,0.014,2437,0
2664405,2.586,9.292,-2.186,0.072,-0.083,0.023,2439,0
2664425,2.638,9.170,-2.219,0.078,-0.074,0.019,2438,0
2664445,2.696,9.050,-2.210,0.105,-0.073,0.023,2439,0
2664465,2.674,9.199,-2.193,0.113,-0.076,-0.000,2436,0
2664485,2.617,9.160,-2.243,0.102,-0.014,-0.062,2435,0
2664505,2.397,9.141,-2.387,0.042,0.033,-0.109,2435,0
2664525,2.332,9.170,-2.217,-0.034,0.050,-0.098,2436,0
2664545,2.363,9.249,-2.090,-0.086,0.025,-0.088,2436,0
2664565,2.382,9.187,-2.107,-0.090,0.015,-0.116,2438,0
2664585,2.373,9.194,-2.081,-0.039,-0.004,-0.152,2440,0
2664605,2.318,9.225,-2.028,0.024,-0.019,-0.165,2440,0
2664625,2.150,9.261,-2.143,0.032,-0.025,-0.137,2439,0
2664645,2.105,9.400,-2.174,0.020,-0.038,-0.084,2439,0
2664665,2.126,9.567,-2.097,0.048,-0.073,-0.046,2438,0
2664685,2.160,9.457,-2.090,0.077,-0.094,-0.036,2440,0
2664705,2.150,9.254,-2.114,0.102,-0.090,-0.008,2440,0
2664725,2.243,9.244,-2.049,0.106,-0.092,-0.001,2440,0
2664745,2.282,9.210,-1.987,0.067,-0.087,-0.032,2439,0
2664765,2.282,9.285,-2.042,0.042,-0.095,-0.074,2439,0
2664785,2.212,9.139,-2.152,0.002,-0.075,-0.090,2438,0
2664805,2.193,9.220,-2.212,0.020,-0.054,-0.058,2438,0
2664825,2.274,9.436,-2.069,0.043,-0.054,-0.056,2438,0
2664845,2.296,9.436,-2.131,0.047,-0.054,-0.083,2438,0
2664865,2.279,9.476,-2.114,0.051,-0.064,-0.103,2439,0
2664885,2.219,9.431,-2.174,0.024,-0.070,-0.093,2440,0
2664905,2.251,9.481,-2.215,0.042,-0.076,-0.043,2439,0
2664925,2.291,9.548,-2.231,0.076,-0.062,-0.018,2442,0
2664945,2.219,9.586,-2.241,0.085,-0.052,-0.015,2440,0
2664965,2.263,9.538,-2.267,0.069,-0.072,-0.003,2442,0
2664985,2.354,9.371,-2.394,0.015,-0.063,0.025,2438,0
2665005,2.397,9.345,-2.464,0.037,-0.054,0.062,2437,0
2665025,2.399,9.402,-2.449,0.104,-0.029,0.069,2435,0
2665045,2.294,9.388,-2.413,0.146,0.006,0.053,2433,0
2665065,2.241,9.292,-2.291,0.133,0.020,0.058,2433,0
2665085,2.188,9.249,-2.143,0.091,0.016,0.071,2431,0
2665105,2.133,9.306,-2.109,0.056,0.022,0.054,2433,0
2665125,2.109,9.335,-2.100,0.047,0.011,0.022,2431,0
2665145,2.119,9.376,-2.100,0.062,-0.008,0.013,2432,0
2665165,2.112,9.294,-2.037,0.085,-0.011,0.032,2432,0
2665185,2.107,9.287,-1.963,0.079,-0.010,0.059,2432,0
2665205,2.157,9.364,-1.939,0.068,-0.019,0.044,2432,0
2665225,2.145,9.357,-1.937,0.021,-0.044,0.021,2432,0
2665245,2.176,9.301,-1.997,-0.002,-0.076,0.011,2433,0
2665265,2.212,9.225,-2.045,-0.009,-0.080,0.004,2433,0
2665285,2.207,9.182,-2.061,-0.011,-0.073,0.013,2432,0
2665305,2.207,9.357,-2.085,0.015,-0.084,0.001,2432,0
2665325,2.236,9.424,-2.152,0.005,-0.093,-0.023,2433,0
2665345,2.224,9.436,-2.258,0.009,-0.116,-0.023,2432,0
2665365,2.229,9.452,-2.224,-0.002,-0.139,0.002,2432,0
2665385,2.255,9.392,-2.241,0.016,-0.142,0.034,2431,0
2665405,2.310,9.366,-2.255,0.042,-0.137,0.048,2433,0
2665425,2.330,9.278,-2.272,0.044,-0.135,0.043,2434,0
2665445,2.377,9.194,-2.219,0.029,-0.124,0.029,2433,0
2665465,2.389,9.139,-2.193,0.012,-0.118,0.017,2432,0
2665485,2.385,9.131,-2.267,0.009,-0.098,0.025,2431,0
2665505,2.365,9.278,-2.274,0.027,-0.078,0.018,2432,0
2665525,2.298,9.388,-2.322,0.011,-0.060,-0.006,2432,0
2665545,2.284,9.421,-2.354,-0.006,-0.064,-0.014,2433,0
2665565,2.260,9.404,-2.320,-0.014,-0.063,-0.003,2433,0
2665585,2.310,9.404,-2.286,0.029,-0.064,0.025,2434,0
2665605,2.327,9.364,-2.234,0.054,-0.059,0.037,2433,0
2665625,2.325,9.297,-2.255,0.055,-0.062,0.041,2434,0
2665645,2.354,9.287,-2.267,0.051,-0.062,0.025,2434,0
2665665,2.351,9.273,-2.260,0.052,-0.058,0.026,2435,0
2665685,2.401,9.301,-2.239,0.062,-0.046,0.038,2433,0
2665705,2.397,9.321,-2.217,0.066,-0.036,0.039,2434,0
2665725,2.358,9.278,-2.186,0.039,-0.031,0.029,2433,0
2665745,2.306,9.232,-2.251,0.011,-0.035,0.030,2434,0
2665765,2.308,9.230,-2.217,0.006,-0.038,0.027,2435,0
2665785,2.320,9.239,-2.205,0.038,-0.033,0.020,2434,0
2665805,2.279,9.206,-2.191,0.063,-0.026,0.011,2434,0
2665825,2.298,9.210,-2.181,0.056,-0.035,0.007,2431,0
2665845,2.318,9.203,-2.210,0.032,-0.039,0.005,2433,0
2665865,2.315,9.242,-2.203,0.037,-0.046,-0.006,2433,0
2665885,2.351,9.227,-2.167,0.059,-0.044,-0.020,2433,0
2665905,2.382,9.318,-2.138,0.074,-0.040,-0.035,2434,0
2665925,2.354,9.340,-2.124,0.049,-0.045,-0.037,2436,0
2665945,2.354,9.359,-1.978,0.032,-0.083,-0.014,2434,0
2665965,2.380,9.467,-1.932,0.059,-0.160,0.010,2434,0
2665985,2.409,9.471,-1.721,0.083,-0.279,0.037,2431,0
2666005,2.512,9.620,-1.712,0.138,-0.410,0.097,2426,0
2666025,2.454,9.546,-2.330,0.030,-0.457,0.142,2421,0
2666045,2.375,9.402,-2.423,-0.084,-0.449,0.105,2426,0
2666065,2.282,9.349,-2.224,-0.148,-0.484,0.087,2433,0
2666085,2.248,9.744,-2.155,-0.090,-0.610,0.139,2438,0
2666105,2.325,9.998,-2.418,-0.102,-0.686,0.260,2443,0
2666125,2.315,9.759,-2.799,-0.274,-0.633,0.297,2455,0
2666145,2.274,9.127,-2.746,-0.475,-0.500,0.230,2465,0
2666165,2.507,9.452,-2.471,-0.429,-0.416,0.161,2463,0
2666185,2.691,9.766,-2.444,-0.536,-0.371,0.155,2455,2155
2666205,2.265,9.230,-2.114,-0.433,-0.298,0.202,2450,2653
2666225,2.258,9.596,-1.908,-0.497,-0.225,0.294,2449,2704
2666245,2.545,10.302,-1.970,-0.486,-0.362,0.414,2449,2855
2666265,2.677,10.518,-2.011,-0.820,-0.380,0.546,2446,3319
2666285,2.634,11.174,-2.442,-1.273,-0.491,0.809,2444,3541
2666305,2.703,11.238,-2.191,-2.072,-0.522,1.114,2444,3677
2666325,2.861,10.484,-1.573,-2.750,-0.494,1.320,2442,3751
2666345,3.084,10.688,-1.190,-3.138,-0.477,1.564,2444,3809
2666365,3.184,11.207,-1.097,-3.686,-0.557,1.899,2444,3830
2666385,3.476,10.760,-1.195,-4.441,-0.686,2.308,2447,3866
2666405,3.982,9.227,0.026,-5.134,-0.542,2.686,2447,3893
2666425,4.221,7.633,0.651,-5.339,-0.467,3.005,2447,3894
2666445,4.286,6.397,1.654,-5.535,-0.209,3.063,2443,3899
2666465,4.966,5.780,2.401,-5.381,-0.084,3.141,2444,3894
2666485,4.903,4.470,2.971,-5.497,-0.026,3.149,2441,3906
2666505,4.922,2.916,3.352,-5.372,-0.065,3.236,2440,3902
2666525,5.976,0.982,4.470,-4.793,-0.188,3.158,2433,3913
2666545,6.488,-0.788,5.737,-4.052,0.269,2.936,2432,3921
2666565,6.965,-2.040,6.505,-2.780,0.497,2.243,2426,3922
2666585,6.828,-1.659,6.756,-1.509,0.536,1.588,2423,3927
2666605,6.713,-0.857,6.539,-0.819,0.488,1.205,2419,3934
2666625,6.816,-0.711,6.692,-0.547,0.456,0.952,2416,3918
2666645,6.958,-1.032,7.137,-0.216,0.462,0.691,2416,3885
2666665,7.108,-0.484,7.207,0.151,0.495,0.408,2416,3869
2666685,6.788,0.433,7.068,0.115,0.508,0.236,2413,3876
2666705,6.642,0.043,7.432,-0.006,0.400,0.173,2412,3867
2666725,6.744,-0.108,7.652,0.079,0.232,0.111,2411,3888
2666745,6.974,-0.002,7.585,0.169,0.144,0.016,2410,3867
2666765,6.986,0.105,7.487,0.259,0.114,-0.099,2410,3873
2666785,6.752,0.462,7.252,0.287,0.056,-0.165,2409,3867
2666805,6.582,0.752,7.077,0.156,-0.038,-0.112,2408,3872
2666825,6.728,0.462,7.233,0.064,-0.103,-0.004,2405,3876
2666845,7.010,0.043,7.324,0.157,-0.075,-0.023,2405,3869
2666865,6.883,0.335,7.061,0.208,-0.015,-0.057,2405,3858
2666885,6.716,0.455,6.970,0.111,-0.033,-0.040,2404,3856
2666905,6.764,0.194,7.140,0.052,-0.067,-0.013,2404,3857
2666925,6.867,0.192,7.207,0.062,-0.060,-0.006,2404,3835
2666945,6.907,0.120,7.312,0.107,-0.016,-0.050,2403,3823
2666965,6.740,0.297,7.250,0.170,-0.003,-0.082,2403,3805
2666985,6.567,0.536,7.137,0.182,-0.046,-0.063,2403,3823
2667005,6.613,0.639,7.149,0.122,-0.094,-0.031,2402,3811
2667025,6.744,0.536,7.149,0.080,-0.073,-0.013,2401,3827
2667045,6.675,0.460,7.199,0.092,-0.031,-0.036,2402,3827
2667065,6.584,0.546,7.087,0.097,-0.042,-0.044,2402,3834
2667085,6.548,0.431,7.149,0.099,-0.072,-0.020,2402,3825
2667105,6.653,0.527,7.075,0.123,-0.104,-0.001,2402,3791
2667125,6.776,0.479,7.022,0.123,-0.066,-0.014,2402,3791
2667145,6.656,0.445,6.974,0.149,-0.022,-0.023,2402,3789
2667165,6.551,0.543,6.955,0.126,-0.037,-0.009,2402,3788
2667185,6.673,0.491,7.123,0.049,-0.050,0.019,2399,3791
2667205,6.783,0.364,7.230,0.077,-0.023,-0.021,2403,3765
2667225,6.728,0.532,7.125,0.104,0.004,-0.050,2403,3770
2667245,6.663,0.579,7.135,0.080,0.007,-0.044,2402,3774
2667265,6.639,0.500,7.195,0.088,-0.036,-0.016,2402,3779
2667285,6.752,0.582,7.207,0.089,-0.062,-0.007,2400,3770
2667305,6.812,0.520,7.204,0.091,-0.037,-0.028,2403,3775
2667325,6.754,0.577,7.149,0.114,-0.019,-0.057,2402,3774
2667345,6.615,0.757,7.065,0.073,-0.032,-0.042,2400,3782
2667365,6.673,0.675,7.166,0.007,-0.072,-0.005,2401,3778
2667385,6.780,0.541,7.151,0.051,-0.088,-0.005,2401,3775
2667405,6.828,0.524,7.039,0.103,-0.054,-0.039,2400,3767
2667425,6.653,0.611,6.958,0.134,-0.035,-0.059,2401,3738
2667445,6.579,0.833,6.929,0.064,-0.059,-0.020,2400,3733
2667465,6.740,0.718,7.137,0.003,-0.065,0.019,2400,3734
2667485,6.766,0.512,7.228,0.049,-0.041,0.004,2400,3729
2667505,6.651,0.646,7.058,0.088,-0.038,-0.005,2402,3719
2667525,6.668,0.694,6.960,0.040,-0.049,0.007,2400,3720
2667545,6.778,0.599,7.022,0.007,-0.053,0.012,2401,3723
2667565,6.867,0.481,7.180,0.028,-0.018,-0.022,2401,3729
2667585,6.656,0.476,7.226,0.112,-0.001,-0.063,2401,3718
2667605,6.479,0.785,7.037,0.110,-0.067,-0.048,2401,3673
2667625,6.723,0.864,7.017,-0.029,-0.124,-0.018,2400,3678
2667645,6.914,0.500,7.104,-0.055,-0.068,-0.047,2399,3700
2667665,6.807,0.429,6.991,0.015,0.020,-0.069,2400,3724
2667685,6.594,0.591,6.986,0.080,0.031,-0.033,2399,3718
2667705,6.622,0.797,7.008,0.080,-0.019,0.012,2398,3708
2667725,6.754,0.788,7.089,0.020,-0.049,0.012,2398,3710
