4318266,3.352,9.828,0.759,0.472,0.051,-0.071,2358,0
4318276,3.297,10.491,1.348,0.448,0.022,0.075,2364,0
4318286,2.746,10.084,0.783,0.314,-0.047,0.114,2367,0
4318295,3.002,10.226,1.032,0.243,-0.031,0.094,2368,0
4318305,2.990,10.259,0.572,0.057,-0.039,0.045,2372,0
4318315,2.957,9.874,1.022,-0.081,-0.020,-0.009,2375,0
4318325,3.057,9.756,0.721,-0.244,-0.081,-0.044,2377,0
4318334,2.926,9.515,0.826,-0.271,-0.087,-0.037,2380,0
4318345,2.935,9.407,0.919,-0.285,-0.103,-0.020,2382,0
4318364,3.038,9.318,1.190,-0.221,-0.120,0.028,2384,0
4318383,3.100,9.299,1.269,-0.180,-0.097,0.038,2388,0
4318404,3.065,9.026,1.269,-0.156,-0.059,0.014,2394,0
4318423,3.060,9.072,1.156,-0.088,-0.037,0.009,2396,0
4318443,3.041,9.060,1.235,0.015,-0.026,0.036,2398,0
4318463,3.031,9.189,1.240,0.077,-0.026,0.043,2402,0
4318483,3.060,9.153,1.231,0.036,-0.026,0.017,2407,0
4318503,3.012,9.151,1.176,0.021,-0.007,-0.000,2410,0
4318523,3.014,9.237,1.216,0.047,0.026,-0.016,2412,0
4318543,3.026,9.301,1.322,0.029,0.038,-0.021,2415,0
4318563,2.981,9.268,1.408,0.012,0.037,-0.023,2416,0
4318583,2.907,9.309,1.463,0.018,0.015,-0.022,2417,0
4318603,2.938,9.402,1.590,-0.006,-0.025,-0.022,2420,0
4318623,2.966,9.299,1.516,-0.056,-0.055,-0.011,2422,0
4318643,2.945,9.158,1.434,-0.006,-0.050,0.015,2426,0
4318663,2.928,9.170,1.377,0.085,-0.046,0.021,2429,0
4318683,2.976,9.263,1.295,0.104,-0.047,0.019,2431,0
4318703,2.966,9.328,1.288,0.055,-0.050,0.018,2433,0
4318723,2.993,9.263,1.271,0.019,-0.051,0.008,2435,0
4318743,3.014,9.189,1.271,0.022,-0.048,0.010,2434,0
4318763,3.029,9.194,1.346,0.069,-0.046,0.021,2438,0
4318783,3.060,9.316,1.319,0.102,-0.045,0.024,2438,0
4318803,3.033,9.304,1.288,0.083,-0.045,0.027,2439,0
4318823,3.074,9.275,1.231,0.061,-0.048,0.025,2442,0
4318843,3.096,9.203,1.195,0.026,-0.038,0.014,2445,0
4318864,3.148,9.084,1.207,0.014,-0.031,-0.001,2445,0
4318883,3.120,9.084,1.245,0.054,-0.013,-0.004,2447,0
4318903,3.077,9.134,1.192,0.095,0.001,-0.007,2447,0
4318923,3.043,9.134,1.130,0.103,0.013,-0.007,2447,0
4318943,3.007,9.246,1.245,0.084,0.000,-0.004,2446,0
4318963,2.986,9.215,1.281,0.049,-0.007,-0.015,2443,0
4318984,2.950,9.194,1.300,0.045,-0.014,-0.022,2445,0
4319003,2.974,9.179,1.264,0.058,-0.014,-0.021,2445,0
4319024,2.950,9.189,1.259,0.050,-0.017,-0.023,2446,0
4319043,2.950,9.117,1.264,0.031,-0.027,-0.027,2449,0
4319063,3.038,9.098,1.274,0.031,-0.035,-0.032,2448,0
4319083,3.074,9.153,1.235,0.037,-0.024,-0.036,2450,0
4319103,3.067,9.261,1.286,0.046,-0.015,-0.041,2449,0
4319123,3.041,9.318,1.307,0.036,-0.015,-0.046,2451,0
4319143,3.038,9.318,1.300,0.024,-0.031,-0.047,2455,0
4319163,3.067,9.330,1.211,0.027,-0.032,-0.043,2456,0
4319183,3.072,9.378,1.168,0.037,-0.011,-0.046,2459,0
4319203,3.038,9.433,1.219,0.052,0.006,-0.027,2460,0
4319223,3.029,9.433,1.283,0.056,0.014,-0.008,2462,0
4319243,3.000,9.402,1.300,0.025,0.004,-0.007,2461,0
4319263,2.969,9.309,1.322,-0.010,-0.003,-0.015,2463,0
4319283,2.957,9.230,1.389,-0.013,-0.014,-0.021,2464,0
4319303,2.981,9.251,1.417,0.022,-0.018,-0.015,2464,0
4319323,2.983,9.321,1.377,0.045,-0.011,-0.006,2465,0
4319343,2.928,9.397,1.324,0.053,-0.010,-0.003,2464,0
4319363,2.919,9.383,1.310,0.012,-0.029,0.001,2465,0
4319383,3.026,9.299,1.298,-0.013,-0.042,0.008,2463,0
4319403,3.069,9.234,1.238,-0.017,-0.028,0.009,2463,0
4319423,3.012,9.242,1.262,0.008,-0.009,0.001,2464,0
4319443,3.024,9.318,1.295,0.024,0.004,0.001,2464,0
4319463,2.962,9.366,1.336,0.010,0.013,0.006,2469,0
4319483,2.890,9.313,1.444,0.012,0.016,0.013,2471,0
4319503,2.844,9.282,1.492,0.022,-0.000,0.028,2470,0
4319523,2.890,9.160,1.484,0.022,-0.007,0.025,2471,0
4319543,2.911,9.067,1.468,0.061,-0.003,0.022,2472,0
4319563,2.962,9.163,1.420,0.087,0.012,0.009,2472,0
4319583,2.911,9.246,1.408,0.079,0.021,-0.006,2474,0
4319603,2.880,9.325,1.441,0.059,0.009,-0.003,2477,0
4319623,2.904,9.376,1.441,0.023,-0.013,-0.002,2478,0
4319643,2.928,9.297,1.381,-0.009,-0.035,-0.000,2479,0
4319664,2.988,9.218,1.341,0.000,-0.040,0.003,2479,0
4319683,3.007,9.301,1.271,0.020,-0.021,0.003,2480,0
4319703,3.005,9.345,1.255,0.012,-0.002,0.010,2479,0
4319723,2.947,9.299,1.343,0.001,0.010,0.024,2480,0
4319743,2.969,9.175,1.403,-0.010,0.007,0.029,2480,0
4319763,2.933,9.086,1.516,-0.012,0.003,0.019,2480,0
4319783,2.916,8.981,1.592,-0.018,-0.015,0.013,2480,0
4319804,2.935,8.914,1.583,0.025,-0.024,0.018,2481,0
4319823,2.978,8.995,1.516,0.049,-0.025,0.007,2480,0
4319843,2.990,9.050,1.501,0.017,-0.024,-0.021,2480,0
4319863,3.000,9.076,1.506,0.026,-0.016,-0.033,2481,0
4319883,3.000,9.187,1.470,0.065,-0.015,-0.019,2483,0
4319903,2.964,9.330,1.403,0.075,-0.018,-0.018,2483,0
4319923,2.933,9.404,1.403,0.045,-0.024,-0.015,2483,0
4319943,2.962,9.409,1.475,0.039,-0.022,-0.007,2484,0
4319963,2.935,9.407,1.496,0.053,-0.013,0.004,2484,0
4319984,2.931,9.361,1.441,0.060,-0.020,0.018,2486,0
4320004,2.964,9.366,1.437,0.059,-0.030,0.025,2486,0
4320024,2.952,9.294,1.446,0.043,-0.019,0.027,2485,0
4320043,2.959,9.237,1.472,0.046,-0.013,0.026,2487,0
4320063,2.978,9.146,1.451,0.039,-0.012,0.025,2489,0
4320083,2.986,9.103,1.434,0.046,-0.002,0.014,2489,0
4320104,2.966,9.170,1.626,0.038,-0.011,0.006,2487,0
4320123,2.986,9.055,1.666,0.028,-0.024,-0.006,2486,0
4320143,3.002,8.964,1.621,0.064,-0.025,-0.005,2485,0
4320163,2.954,9.041,1.549,0.124,-0.011,0.006,2486,0
4320183,2.892,9.218,1.499,0.138,-0.010,0.002,2487,0
4320203,2.923,9.285,1.501,0.082,-0.030,-0.002,2487,0
4320224,2.933,9.268,1.453,0.023,-0.049,-0.015,2488,0
4320243,2.947,9.232,1.417,0.007,-0.054,-0.021,2491,0
4320263,2.919,9.191,1.422,0.039,-0.048,-0.013,2490,0
4320283,2.933,9.258,1.420,0.067,-0.055,0.011,2488,0
4320303,2.962,9.330,1.367,0.056,-0.044,0.001,2483,0
4320323,2.983,9.304,1.403,-0.004,-0.044,-0.018,2480,0
4320343,3.026,9.242,1.487,-0.026,-0.044,-0.017,2478,0
4320363,3.017,9.153,1.535,0.009,-0.043,-0.015,2473,0
4320383,3.017,9.153,1.475,0.061,-0.043,-0.012,2475,0
4320403,3.024,9.290,1.405,0.077,-0.038,-0.010,2475,0
4320423,3.010,9.397,1.384,0.048,-0.030,-0.008,2477,0
4320443,2.964,9.359,1.472,0.027,-0.029,0.003,2477,0
4320464,2.978,9.239,1.492,0.031,-0.041,0.021,2478,0
4320483,2.986,9.115,1.415,0.048,-0.042,0.018,2478,0
4320503,3.045,9.098,1.353,0.054,-0.036,0.004,2479,0
4320523,3.010,9.129,1.334,0.051,-0.025,-0.002,2478,0
4320543,2.986,9.136,1.379,0.056,-0.017,0.001,2479,0
4320563,2.990,9.120,1.362,0.060,-0.013,-0.001,2479,0
4320583,2.938,9.141,1.408,0.062,-0.007,-0.012,2478,0
4320603,2.885,9.170,1.432,0.053,-0.013,-0.014,2477,0
4320624,2.871,9.148,1.441,0.047,-0.022,-0.020,2479,0
4320643,2.938,9.175,1.480,0.045,-0.026,-0.017,2480,0
4320663,2.969,9.182,1.525,0.052,-0.018,-0.017,2480,0
4320683,3.010,9.199,1.611,0.064,-0.024,-0.019,2481,0
4320704,2.983,9.261,1.609,0.068,-0.034,-0.021,2481,0
4320723,2.976,9.357,1.523,0.055,-0.047,-0.025,2481,0
4320743,2.971,9.395,1.446,0.030,-0.049,-0.018,2481,0
4320763,2.954,9.378,1.446,0.024,-0.047,-0.014,2483,0
4320783,2.957,9.359,1.446,0.035,-0.047,-0.008,2483,0
4320803,3.000,9.357,1.405,0.040,-0.044,0.005,2485,0
4320823,3.043,9.294,1.369,0.038,-0.042,0.011,2486,0
4320843,3.012,9.213,1.379,0.036,-0.035,0.009,2486,0
4320864,3.007,9.191,1.422,0.050,-0.037,0.013,2485,0
4320883,3.012,9.191,1.396,0.064,-0.036,0.017,2485,0
4320903,2.995,9.189,1.358,0.057,-0.030,0.014,2485,0
4320923,2.995,9.167,1.377,0.036,-0.025,0.004,2486,0
4320943,2.954,9.146,1.429,0.025,-0.022,-0.002,2488,0
4320964,2.909,9.153,1.494,0.047,-0.025,-0.003,2488,0
4320983,2.942,9.203,1.487,0.069,-0.033,0.001,2489,0
4321003,2.969,9.206,1.403,0.057,-0.035,0.001,2490,0
4321023,2.959,9.175,1.410,0.049,-0.036,-0.005,2491,0
4321044,2.959,9.165,1.453,0.053,-0.033,-0.003,2488,0
4321063,2.914,9.187,1.472,0.056,-0.034,-0.013,2491,0
4321083,2.947,9.189,1.437,0.047,-0.040,-0.021,2491,0
4321103,3.010,9.237,1.468,0.047,-0.038,-0.030,2493,0
4321123,2.986,9.297,1.492,0.055,-0.041,-0.025,2491,0
4321143,2.952,9.342,1.508,0.059,-0.051,-0.010,2491,0
4321163,2.947,9.313,1.408,0.053,-0.058,-0.002,2491,0
4321183,3.007,9.275,1.329,0.042,-0.051,-0.002,2492,0
4321203,3.038,9.196,1.336,0.040,-0.043,-0.004,2493,0
4321223,3.081,9.184,1.326,0.050,-0.029,-0.005,2493,0
4321243,3.007,9.234,1.360,0.044,-0.019,-0.015,2494,0
4321263,2.995,9.263,1.393,0.025,-0.021,-0.020,2495,0
4321283,2.914,9.258,1.494,0.034,-0.024,-0.003,2495,0
4321303,2.904,9.254,1.508,0.078,-0.033,0.014,2495,0
4321323,2.942,9.220,1.439,0.068,-0.052,0.014,2494,0
4321343,3.002,9.215,1.358,0.044,-0.049,-0.002,2495,0
4321363,2.983,9.249,1.384,0.040,-0.033,-0.010,2496,0
4321384,2.940,9.278,1.398,0.042,-0.025,-0.009,2496,0
4321403,2.921,9.246,1.453,0.040,-0.033,-0.001,2496,0
4321423,2.938,9.225,1.403,0.050,-0.033,0.003,2496,0
4321443,2.976,9.194,1.420,0.042,-0.035,-0.002,2499,0
4321463,2.978,9.165,1.439,0.033,-0.038,-0.014,2497,0
4321483,2.986,9.177,1.410,0.041,-0.043,-0.016,2496,0
4321504,2.995,9.220,1.353,0.048,-0.040,-0.017,2496,0
4321523,2.966,9.249,1.355,0.050,-0.030,-0.015,2496,0
4321544,2.962,9.242,1.367,0.055,-0.027,-0.013,2495,0
4321563,2.998,9.234,1.384,0.052,-0.026,-0.015,2496,0
4321583,3.012,9.254,1.386,0.054,-0.030,-0.016,2496,0
4321603,2.978,9.306,1.396,0.065,-0.031,-0.010,2496,0
4321623,2.947,9.340,1.384,0.059,-0.031,-0.003,2497,0
4321643,2.940,9.275,1.322,0.051,-0.030,0.000,2496,0
4321663,2.974,9.206,1.293,0.046,-0.022,-0.001,2497,0
4321683,2.978,9.179,1.384,0.043,-0.013,-0.007,2497,0
4321703,2.957,9.208,1.499,0.042,-0.018,-0.012,2496,0
4321723,2.909,9.222,1.499,0.047,-0.033,-0.006,2497,0
4321743,2.909,9.199,1.398,0.053,-0.046,-0.007,2496,0
4321763,2.954,9.227,1.322,0.045,-0.044,-0.017,2498,0
4321783,2.969,9.292,1.322,0.035,-0.030,-0.023,2498,0
4321803,2.899,9.328,1.420,0.029,-0.023,-0.019,2498,0
4321823,2.887,9.304,1.475,0.038,-0.037,-0.007,2498,0
4321843,2.947,9.266,1.439,0.047,-0.049,0.001,2497,0
4321863,2.995,9.208,1.369,0.048,-0.051,-0.002,2498,0
4321883,3.005,9.218,1.336,0.054,-0.038,-0.006,2500,0
4321904,2.995,9.282,1.372,0.054,-0.028,-0.005,2498,0
4321923,2.942,9.292,1.393,0.040,-0.024,-0.009,2500,0
4321943,2.931,9.290,1.372,0.026,-0.030,-0.013,2500,0
4321963,2.919,9.266,1.458,0.026,-0.030,-0.007,2502,0
4321983,2.861,9.158,1.561,0.101,-0.058,0.018,2503,0
4322003,2.921,9.249,1.458,0.186,-0.086,0.054,2505,0
4322023,2.964,9.333,1.362,0.152,-0.108,0.053,2509,0
4322043,2.981,9.301,1.223,0.074,-0.100,0.036,2509,0
4322063,3.019,9.210,1.252,0.029,-0.075,0.004,2508,0
4322083,3.005,9.179,1.276,0.041,-0.044,-0.007,2508,0
4322103,2.966,9.254,1.274,0.067,-0.021,-0.001,2506,0
4322123,2.962,9.297,1.231,0.038,-0.019,-0.007,2507,0
4322143,2.911,9.292,1.276,0.002,-0.019,-0.021,2505,0
4322163,2.964,9.199,1.276,-0.002,-0.020,-0.016,2508,0
4322183,3.019,9.189,1.274,0.034,-0.015,-0.009,2507,0
4322203,3.031,9.251,1.302,0.041,-0.009,-0.012,2508,0
4322223,2.988,9.263,1.341,0.030,-0.008,-0.013,2507,0
4322243,2.957,9.268,1.384,0.027,-0.014,-0.010,2507,0
4322264,2.974,9.268,1.401,0.027,-0.028,-0.007,2507,0
4322283,2.974,9.237,1.410,0.039,-0.034,-0.007,2506,0
4322303,2.990,9.285,1.365,0.055,-0.031,-0.003,2508,0
4322323,2.966,9.304,1.346,0.047,-0.031,0.001,2506,0
4322343,2.945,9.282,1.365,0.033,-0.032,0.004,2505,0
4322364,2.933,9.175,1.358,0.038,-0.035,0.003,2505,0
4322383,2.942,9.201,1.362,0.053,-0.037,0.000,2506,0
4322403,2.868,9.167,1.458,0.072,-0.056,0.009,2506,0
4322423,2.842,9.208,1.475,0.153,-0.101,0.039,2507,0
4322443,2.952,9.335,1.343,0.132,-0.132,0.057,2508,0
4322463,3.069,9.261,1.240,0.075,-0.118,0.039,2507,0
4322483,3.091,9.175,1.152,0.085,-0.078,0.016,2508,0
4322503,3.098,9.270,1.152,0.093,-0.042,0.009,2507,0
4322523,3.041,9.261,1.185,0.096,-0.024,0.001,2508,0
4322543,3.010,9.263,1.161,0.055,-0.023,-0.009,2507,0
4322564,3.043,9.230,1.176,0.021,-0.023,-0.018,2509,0
4322583,3.050,9.220,1.219,0.009,-0.018,-0.028,2506,0
4322603,3.048,9.230,1.257,0.020,-0.010,-0.027,2507,0
4322623,3.005,9.256,1.259,0.039,-0.009,-0.021,2506,0
4322643,2.969,9.316,1.317,0.042,-0.020,-0.012,2508,0
4322663,2.964,9.333,1.336,0.037,-0.034,-0.001,2509,0
4322683,2.998,9.266,1.329,0.029,-0.043,0.007,2506,0
4322703,3.000,9.184,1.262,0.039,-0.039,0.001,2506,0
4322723,3.019,9.208,1.207,0.043,-0.036,-0.004,2506,0
4322743,3.007,9.237,1.197,0.037,-0.026,-0.010,2507,0
4322763,2.945,9.242,1.279,0.029,-0.029,-0.011,2505,0
4322783,2.957,9.213,1.279,0.039,-0.035,-0.005,2507,0
4322803,2.998,9.172,1.264,0.053,-0.034,-0.001,2507,0
4322823,3.019,9.206,1.233,0.054,-0.029,-0.010,2507,0
4322843,2.978,9.256,1.262,0.043,-0.022,-0.014,2507,0
4322864,2.986,9.256,1.343,0.038,-0.027,-0.011,2507,0
4322883,3.005,9.218,1.346,0.044,-0.030,-0.014,2507,0
4322903,2.995,9.268,1.319,0.048,-0.032,-0.018,2506,0
4322923,2.990,9.275,1.274,0.040,-0.034,-0.013,2508,0
4322943,2.974,9.256,1.314,0.038,-0.036,-0.009,2507,0
4322963,2.983,9.261,1.269,0.045,-0.036,-0.006,2507,0
4322983,2.990,9.273,1.219,0.046,-0.034,-0.011,2508,0
4323003,2.959,9.254,1.274,0.082,-0.032,-0.012,2508,0
4323023,2.990,9.261,1.257,0.092,-0.035,-0.013,2511,0
4323043,3.005,9.285,1.293,0.074,-0.035,-0.008,2510,0
4323063,2.959,9.292,1.322,0.062,-0.036,-0.000,2509,0
4323083,2.957,9.318,1.274,0.047,-0.042,0.003,2511,0
4323103,2.952,9.268,1.247,0.015,-0.047,-0.002,2510,0
4323123,2.957,9.201,1.226,0.025,-0.049,0.001,2511,0
4323143,2.959,9.232,1.171,0.038,-0.045,-0.009,2510,0
4323163,2.998,9.268,1.159,0.031,-0.034,-0.012,2510,0
4323183,2.986,9.263,1.271,0.027,-0.025,-0.012,2509,0
4323203,2.952,9.222,1.300,0.041,-0.027,-0.008,2510,0
4323224,2.978,9.268,1.317,0.047,-0.039,-0.002,2510,0
4323243,3.014,9.218,1.226,0.043,-0.046,-0.006,2510,0
4323263,3.026,9.230,1.197,0.036,-0.036,-0.011,2510,0
4323283,2.986,9.234,1.250,0.036,-0.021,-0.014,2511,0
4323303,2.964,9.282,1.274,0.037,-0.020,-0.018,2509,0
4323323,2.974,9.299,1.300,0.033,-0.024,-0.015,2510,0
4323343,2.954,9.306,1.314,0.042,-0.031,-0.014,2508,0
4323363,2.931,9.292,1.350,0.090,-0.039,-0.001,2510,0
4323384,2.954,9.313,1.250,0.087,-0.051,0.003,2511,0
4323403,2.988,9.244,1.159,0.051,-0.048,-0.002,2512,0
4323423,2.981,9.210,1.161,0.030,-0.036,-0.008,2511,0
4323443,2.959,9.263,1.204,0.019,-0.028,-0.012,2511,0
4323463,2.957,9.251,1.255,0.007,-0.026,-0.012,2511,0
4323484,2.947,9.242,1.252,0.014,-0.027,-0.016,2512,0
4323503,2.931,9.292,1.286,0.021,-0.030,-0.014,2512,0
4323523,2.897,9.328,1.293,0.024,-0.035,-0.009,2511,0
4323543,2.916,9.285,1.264,0.041,-0.043,-0.001,2512,0
4323563,2.983,9.246,1.211,0.042,-0.042,0.004,2511,0
4323583,3.031,9.177,1.192,0.029,-0.027,-0.006,2511,0
4323603,2.990,9.194,1.293,0.033,-0.018,-0.019,2512,0
4323623,2.940,9.210,1.362,0.060,-0.021,-0.017,2512,0
4323643,2.940,9.239,1.283,0.056,-0.033,-0.015,2511,0
4323663,2.974,9.199,1.221,0.029,-0.034,-0.027,2512,0
4323683,2.971,9.234,1.190,0.020,-0.027,-0.030,2514,0
4323703,2.964,9.290,1.267,0.005,-0.013,-0.034,2514,0
4323723,2.902,9.330,1.343,0.030,-0.011,-0.026,2515,0
4323743,2.847,9.443,1.360,0.066,-0.023,-0.006,2514,0
4323763,2.842,9.486,1.305,0.050,-0.040,-0.003,2514,0
4323783,2.875,9.407,1.281,0.020,-0.041,-0.003,2513,0
4323803,2.895,9.292,1.346,0.011,-0.027,0.003,2515,0
4323823,2.863,9.179,1.482,0.027,-0.023,0.008,2514,0
4323843,2.883,9.158,1.578,0.037,-0.043,0.006,2515,0
4323863,2.899,9.115,1.511,0.029,-0.066,-0.003,2515,0
4323883,2.935,9.048,1.403,0.036,-0.084,-0.013,2514,0
4323903,2.988,9.122,1.281,0.052,-0.078,-0.023,2516,0
4323923,2.964,9.182,1.298,0.050,-0.069,-0.029,2515,0
4323943,2.962,9.208,1.336,0.084,-0.077,-0.021,2517,0
4323964,2.952,9.232,1.334,0.155,-0.109,0.002,2527,0
4323983,3.069,9.239,1.425,0.244,-0.150,0.017,2542,0
4324003,3.151,9.239,1.911,0.365,-0.207,0.007,2581,0
4324023,3.431,8.514,2.801,0.888,-0.435,-0.059,2667,0
4324043,4.408,7.061,1.549,1.205,-0.565,-0.439,2804,0
4324063,5.624,5.069,-0.891,2.595,-0.018,-0.865,2952,0
4324083,4.590,3.151,-4.954,5.481,0.785,-0.401,3089,0
4324104,0.848,14.696,-6.189,6.898,1.252,0.036,3163,0
4324123,-5.332,32.027,-7.056,2.536,0.153,1.334,3210,2725
4324143,-2.169,30.483,-12.570,-8.731,-1.206,1.795,3264,3662
4324163,2.023,15.495,-20.827,-8.731,-1.887,1.346,3283,3983
4324183,2.614,8.035,-18.634,-8.731,-1.813,1.767,3273,4095
4324203,3.364,-6.211,-8.552,-8.731,-1.203,1.527,3265,4095
4324224,4.530,-20.652,6.962,-8.731,-0.578,0.217,3259,4095
4324244,5.569,-14.743,11.624,-2.632,0.025,-0.247,3259,4095
4324263,4.142,1.808,9.404,1.641,0.457,1.198,3249,4095
4324283,3.946,-1.820,9.309,0.440,-0.187,1.089,3242,4095
4324303,5.916,-3.821,7.944,0.843,-0.679,0.599,3224,4095
4324323,7.070,-0.316,5.571,0.518,-0.349,0.238,3227,4095
4324344,5.983,-0.330,6.297,-0.164,0.293,-0.022,3225,4095
4324363,4.520,-1.508,7.604,0.186,0.361,-0.060,3221,4095
4324383,4.286,-0.903,8.286,0.796,-0.006,-0.011,3214,4095
4324403,5.140,0.891,7.484,0.682,-0.063,-0.074,3210,4095
4324423,4.228,2.863,7.772,0.356,0.389,-0.221,3209,4095
4324443,2.598,4.243,8.947,0.072,0.283,-0.249,3203,4095
4324463,2.658,3.309,9.354,0.125,-0.270,-0.119,3202,4095
4324483,4.439,2.322,8.428,0.413,-0.466,-0.007,3201,4095
4324503,5.059,3.515,7.594,0.528,0.056,0.018,3197,4095
4324524,4.130,3.886,8.241,0.330,0.249,0.040,3196,4095
4324544,3.888,2.456,8.507,0.200,0.037,0.027,3195,4095
4324563,4.858,2.057,8.514,0.050,-0.167,0.115,3191,4095
4324584,5.167,2.176,8.270,0.095,-0.064,0.101,3191,4095
4324603,4.539,2.423,8.557,0.171,0.157,-0.009,3190,4095
4324623,4.214,2.409,8.808,0.115,0.131,-0.071,3188,4095
4324643,4.056,2.648,8.818,0.071,-0.084,-0.038,3187,4095
4324663,4.398,2.500,8.449,-0.062,-0.246,-0.018,3184,4095
4324683,4.638,2.442,8.224,0.013,-0.071,-0.056,3184,4095
4324703,4.207,2.950,8.468,-0.014,0.104,-0.099,3184,4095
4324723,3.812,2.983,8.808,-0.086,0.014,-0.066,3183,4095
4324743,4.061,2.387,8.839,-0.111,-0.208,-0.044,3182,4095
4324763,4.824,1.317,8.423,-0.015,-0.232,-0.114,3179,4095
4324783,4.836,1.616,8.147,0.172,-0.015,-0.200,3179,4095
4324803,4.398,2.444,8.140,0.139,-0.009,-0.234,3179,4095
4324824,4.180,2.715,8.102,-0.013,-0.122,-0.200,3177,4095
4324843,4.266,2.777,7.937,-0.008,-0.183,-0.126,3174,4095
4324863,4.492,2.974,7.666,0.138,0.005,-0.058,3174,4095
4324883,4.156,3.397,7.903,0.156,0.199,-0.009,3173,4095
4324904,4.037,2.933,8.356,0.017,0.115,0.016,3173,4095
4324924,4.113,2.715,8.574,0.021,0.005,0.030,3173,4095
4324943,4.314,2.306,8.610,-0.003,-0.038,0.017,3172,4095
4324963,4.441,2.188,8.547,0.120,0.023,-0.011,3172,4095
4324983,4.286,2.710,8.483,0.168,0.059,-0.018,3169,4095
4325003,4.190,2.851,8.550,0.064,0.011,-0.011,3170,4095
4325023,4.274,2.569,8.617,-0.014,-0.067,0.003,3169,4095
4325043,4.396,2.452,8.564,0.035,-0.042,-0.001,3168,4095
4325063,4.487,2.143,8.521,0.102,0.016,-0.032,3166,4095
4325083,4.341,2.605,8.418,0.196,0.063,-0.047,3167,4095
4325103,4.063,3.120,8.435,0.078,-0.013,-0.024,3166,4095
4325124,3.881,2.859,8.351,0.018,-0.130,-0.012,3163,4095
4325143,4.039,2.322,8.382,0.065,-0.117,0.010,3165,4095
4325163,4.377,1.772,8.298,0.262,-0.001,-0.030,3162,4095
4325183,4.515,1.872,8.332,0.267,0.076,-0.047,3161,4095
4325203,4.556,2.162,8.399,0.130,0.031,-0.018,3159,4095
4325223,4.420,2.804,8.478,0.031,-0.055,0.016,3159,4095
4325244,4.345,3.239,8.432,-0.022,-0.059,0.011,3159,4095
4325263,4.061,3.505,8.329,0.045,0.062,-0.017,3159,4095
4325283,3.816,3.249,8.413,0.085,0.089,-0.054,3157,4095
4325303,3.912,2.246,8.669,0.039,-0.030,-0.067,3157,4095
4325323,4.396,1.451,8.581,0.102,-0.108,-0.080,3157,4095
4325343,4.738,1.549,8.356,0.266,0.009,-0.058,3158,4095
4325364,4.353,3.342,8.262,0.305,0.113,-0.017,3159,4095
4325383,3.941,3.915,8.329,-0.038,0.014,-0.044,3156,4095
4325403,3.874,3.278,8.315,-0.114,-0.110,-0.075,3154,4095
4325423,4.111,2.624,8.064,0.059,-0.071,-0.106,3149,4095
4325443,4.147,2.155,8.174,0.221,0.087,-0.111,3156,4095
4325463,4.149,2.425,8.432,0.181,0.085,-0.067,3154,4095
4325483,4.389,2.725,8.420,0.002,0.024,-0.025,3154,4095
4325503,4.269,3.421,8.401,-0.024,0.102,-0.014,3155,4095
4325523,3.886,3.812,8.516,0.022,0.154,-0.018,3154,4095
4325543,3.627,3.438,8.593,0.098,0.072,-0.013,3153,4095
