138599,2.543,8.645,-4.286,0.056,-0.017,0.009,2477,0
138619,2.538,8.614,-4.221,0.049,-0.01,0.007,2476,0
138639,2.562,8.535,-4.211,0.035,-0.008,0.01,2475,0
138659,2.567,8.511,-4.18,0.033,-0.015,0.005,2476,0
138679,2.555,8.509,-4.144,0.04,-0.023,0.001,2476,0
138699,2.492,8.545,-4.13,0.035,-0.036,0.002,2476,0
138719,2.476,8.562,-4.166,0.034,-0.037,0.003,2476,0
138739,2.495,8.593,-4.171,0.039,-0.042,-0.002,2477,0
138759,2.483,8.588,-4.202,0.033,-0.041,-0.006,2477,0
138779,2.483,8.614,-4.19,0.034,-0.046,-0.001,2477,0
138799,2.509,8.607,-4.204,0.043,-0.047,-0.001,2477,0
138819,2.545,8.578,-4.192,0.051,-0.047,-0.007,2477,0
138839,2.571,8.507,-4.161,0.043,-0.056,-0.007,2478,0
138859,2.631,8.449,-4.173,0.035,-0.061,0.001,2477,0
138879,2.614,8.531,-4.25,0.058,-0.061,0.003,2478,0
138899,2.607,8.605,-4.343,0.047,-0.064,0.009,2478,0
138919,2.581,8.624,-4.353,0.038,-0.057,0.02,2477,0
138939,2.557,8.619,-4.338,0.047,-0.037,0.024,2478,0
138959,2.504,8.617,-4.302,0.051,-0.033,0.029,2478,0
138979,2.492,8.624,-4.195,0.056,-0.025,0.046,2478,0
138999,2.516,8.531,-4.125,0.066,-0.03,0.055,2478,0
139019,2.555,8.473,-4.087,0.09,-0.048,0.049,2478,0
139039,2.638,8.483,-4.161,0.093,-0.067,0.026,2478,0
139059,2.701,8.49,-4.266,0.064,-0.076,0.006,2478,0
139079,2.727,8.509,-4.324,0.034,-0.068,-0.013,2477,0
139099,2.693,8.61,-4.331,0.005,-0.041,-0.027,2477,0
139119,2.626,8.631,-4.374,-0.016,-0.025,-0.029,2478,0
139139,2.631,8.576,-4.36,-0.018,-0.026,-0.019,2479,0
139159,2.638,8.526,-4.367,-0.001,-0.025,-0.012,2478,0
139179,2.622,8.519,-4.336,0.012,-0.03,-0.007,2478,0
139199,2.593,8.464,-4.355,0.015,-0.036,-0.002,2478,0
139219,2.552,8.432,-4.398,0.018,-0.033,-0.003,2478,0
139239,2.55,8.363,-4.329,0.015,-0.023,-0.009,2479,0
139259,2.528,8.349,-4.257,0.023,-0.015,-0.022,2479,0
139279,2.543,8.37,-4.221,0.027,-0.01,-0.034,2479,0
139299,2.535,8.449,-4.202,0.037,-0.005,-0.035,2479,0
139319,2.502,8.492,-4.07,0.056,0.009,-0.025,2479,0
139339,2.471,8.449,-3.948,0.092,0.014,-0.008,2478,0
139359,2.488,8.423,-3.9,0.128,-0.022,-0.008,2478,0
139379,2.571,8.507,-4.027,0.123,-0.075,-0.029,2477,0
139399,2.658,8.614,-4.192,0.087,-0.098,-0.055,2478,0
139419,2.662,8.763,-4.413,0.044,-0.077,-0.076,2479,0
139439,2.614,8.894,-4.511,0.013,-0.035,-0.078,2479,0
139459,2.55,8.923,-4.544,-0.014,0.002,-0.06,2479,0
139479,2.485,8.897,-4.539,-0.03,0.024,-0.041,2478,0
139499,2.483,8.744,-4.458,-0.021,0.032,-0.022,2478,0
139519,2.473,8.545,-4.341,0.005,0.031,-0.002,2481,0
139539,2.488,8.387,-4.243,0.019,0.022,0.008,2478,0
139559,2.488,8.308,-4.185,0.026,0.004,0.01,2477,0
139579,2.459,8.279,-4.094,0.025,-0.005,0.009,2480,0
139599,2.433,8.291,-4.094,0.049,-0.016,0.004,2479,0
139619,2.425,8.394,-4.111,0.075,-0.032,0.002,2480,0
139639,2.468,8.399,-4.065,0.097,-0.032,0.011,2480,0
139659,2.492,8.363,-4.046,0.116,-0.035,0.006,2480,0
139679,2.569,8.459,-4.087,0.121,-0.049,-0.015,2480,0
139699,2.653,8.689,-4.204,0.09,-0.055,-0.035,2479,0
139719,2.662,8.856,-4.238,0.038,-0.051,-0.047,2480,0
139739,2.636,8.966,-4.329,0.014,-0.047,-0.048,2480,0
139759,2.598,9.024,-4.448,0.024,-0.031,-0.031,2480,0
139779,2.55,9.076,-4.494,0.034,-0.011,-0.014,2480,0
139799,2.5,8.966,-4.444,0.002,0.005,0.006,2480,0
139819,2.521,8.76,-4.36,-0.028,0.007,0.027,2479,0
139839,2.528,8.626,-4.214,-0.026,-0.004,0.03,2479,0
139859,2.502,8.528,-4.18,-0.004,-0.006,0.031,2479,0
139879,2.471,8.432,-4.137,-0.003,-0.023,0.038,2480,0
139899,2.464,8.382,-4.149,-0.013,-0.036,0.035,2480,0
139919,2.471,8.329,-4.137,-0.018,-0.034,0.019,2480,0
139939,2.447,8.332,-4.185,-0.018,-0.041,0.009,2480,0
139959,2.442,8.337,-4.18,0.006,-0.044,0.008,2480,0
139979,2.425,8.361,-4.202,0.041,-0.047,-0.0,2480,0
139999,2.456,8.334,-4.216,0.069,-0.044,-0.01,2481,0
140019,2.512,8.277,-4.226,0.13,-0.037,-0.031,2479,0
140039,2.619,8.289,-4.245,0.259,-0.002,-0.071,2480,0
140059,2.674,8.689,-4.386,0.358,0.021,-0.102,2481,0
140079,2.667,9.052,-4.511,0.306,0.031,-0.091,2479,0
140099,2.593,9.246,-4.563,0.16,0.041,-0.067,2480,0
140119,2.526,9.141,-4.513,-0.025,0.06,-0.036,2480,0
140139,2.512,8.827,-4.374,-0.11,0.082,0.009,2480,0
140159,2.535,8.531,-4.216,-0.037,0.102,0.027,2480,0
140179,2.49,8.502,-4.075,0.031,0.098,0.015,2480,0
140199,2.435,8.447,-4.008,0.042,0.068,0.012,2480,0
140219,2.478,8.315,-3.883,0.017,0.022,0.013,2480,0
140239,2.564,8.248,-3.903,0.013,-0.003,-0.004,2480,0
140259,2.571,8.327,-3.953,0.016,-0.011,-0.032,2480,0
140279,2.576,8.341,-4.003,0.004,-0.036,-0.046,2480,0
140299,2.588,8.43,-4.049,0.005,-0.064,-0.046,2479,0
140319,2.626,8.509,-4.125,0.015,-0.073,-0.044,2480,0
140339,2.614,8.619,-4.25,0.027,-0.074,-0.033,2480,0
140359,2.6,8.715,-4.307,0.032,-0.067,-0.005,2480,0
140379,2.55,8.705,-4.288,0.035,-0.061,0.023,2480,0
140399,2.519,8.612,-4.271,0.061,-0.058,0.046,2480,0
140419,2.514,8.519,-4.257,0.071,-0.057,0.052,2481,0
140439,2.519,8.468,-4.269,0.062,-0.054,0.04,2481,0
140459,2.516,8.44,-4.254,0.055,-0.055,0.025,2480,0
140479,2.495,8.507,-4.276,0.05,-0.054,0.005,2480,0
140499,2.5,8.535,-4.266,0.047,-0.041,-0.008,2480,0
140519,2.528,8.566,-4.271,0.042,-0.029,-0.018,2479,0
140539,2.588,8.557,-4.245,0.038,-0.018,-0.024,2480,0
140559,2.588,8.617,-4.211,0.031,-0.007,-0.034,2480,0
140579,2.555,8.689,-4.245,0.01,-0.007,-0.039,2480,0
140599,2.55,8.693,-4.233,-0.004,-0.012,-0.033,2479,0
140619,2.547,8.693,-4.19,0.0,-0.004,-0.032,2481,0
140639,2.533,8.729,-4.116,0.003,0.003,-0.04,2480,0
140659,2.509,8.76,-4.044,-0.003,-0.009,-0.041,2481,0
140679,2.49,8.789,-4.037,-0.015,-0.032,-0.032,2479,0
140699,2.5,8.78,-4.075,-0.007,-0.062,-0.013,2480,0
140719,2.504,8.65,-4.089,0.005,-0.067,0.006,2480,0
140739,2.54,8.578,-4.061,0.032,-0.058,0.015,2480,0
140759,2.574,8.564,-4.073,0.028,-0.066,0.016,2479,0
140779,2.576,8.461,-4.029,0.007,-0.077,0.033,2480,0
140799,2.586,8.327,-3.984,0.018,-0.091,0.05,2480,0
140819,2.55,8.339,-4.065,0.05,-0.1,0.049,2480,0
140839,2.514,8.394,-4.125,0.063,-0.11,0.052,2480,0
140859,2.54,8.337,-4.171,0.068,-0.127,0.062,2480,0
140879,2.569,8.234,-4.235,0.091,-0.13,0.055,2480,0
140899,2.591,8.31,-4.439,0.128,-0.119,0.023,2480,0
140919,2.555,8.425,-4.518,0.176,-0.076,0.001,2480,0
140939,2.519,8.882,-4.736,0.174,-0.028,0.003,2480,0
140959,2.526,9.067,-4.779,0.108,0.013,0.062,2480,0
140979,2.509,9.017,-4.635,0.088,0.07,0.135,2480,0
140999,2.456,8.693,-4.329,0.171,0.15,0.185,2480,0
141019,2.435,8.332,-4.046,0.289,0.187,0.207,2480,0
141039,2.581,7.98,-3.852,0.377,0.132,0.182,2479,0
141059,2.682,7.841,-3.922,0.378,0.048,0.09,2480,0
141079,2.744,7.824,-4.008,0.26,-0.012,-0.034,2480,0
141099,2.887,8.006,-4.199,0.13,-0.041,-0.152,2479,0
141119,3.026,8.243,-4.381,0.037,-0.034,-0.243,2479,0
141139,3.045,8.547,-4.59,-0.018,-0.019,-0.293,2480,0
141159,2.962,8.878,-4.705,-0.046,-0.009,-0.286,2480,0
141179,2.806,9.067,-4.671,-0.09,0.013,-0.243,2480,0
141199,2.66,9.148,-4.628,-0.134,0.032,-0.172,2480,0
141219,2.5,9.146,-4.523,-0.128,0.025,-0.074,2480,0
141239,2.363,9.05,-4.439,-0.1,-0.007,0.024,2480,0
141259,2.274,8.808,-4.281,-0.048,-0.052,0.116,2480,0
141279,2.27,8.416,-4.214,0.03,-0.105,0.18,2480,0
141299,2.344,8.073,-4.149,0.102,-0.145,0.193,2480,0
141319,2.456,7.796,-4.144,0.158,-0.178,0.171,2480,0
141339,2.557,7.53,-4.156,0.27,-0.168,0.115,2479,0
141359,2.653,7.429,-4.211,0.373,-0.169,0.02,2480,0
141379,2.698,7.594,-4.422,0.459,-0.167,-0.074,2479,0
141399,2.722,7.87,-4.685,0.487,-0.163,-0.144,2480,0
141419,2.679,8.121,-4.86,0.424,-0.146,-0.195,2480,0
141439,2.581,8.32,-4.987,0.29,-0.098,-0.253,2480,0
141459,2.485,8.516,-5.09,0.135,-0.055,-0.292,2480,0
141479,2.485,8.72,-4.987,-0.095,-0.029,-0.319,2480,0
141499,2.514,8.617,-4.618,-0.286,-0.01,-0.347,2479,0
141519,2.32,8.667,-4.336,-0.369,0.015,-0.394,2479,0
141539,1.985,9.117,-4.391,-0.418,0.007,-0.43,2479,0
141559,1.662,9.481,-4.456,-0.461,-0.036,-0.406,2479,0
141579,1.528,9.364,-4.36,-0.466,-0.054,-0.356,2480,0
141599,1.451,9.014,-4.187,-0.365,-0.045,-0.315,2479,0
141619,1.489,8.813,-3.984,-0.192,-0.042,-0.294,2480,0
141639,1.525,8.811,-3.967,-0.06,-0.055,-0.257,2480,0
141659,1.595,8.875,-3.998,-0.016,-0.084,-0.19,2480,0
141679,1.741,8.88,-4.108,-0.038,-0.122,-0.119,2480,0
141699,1.93,8.83,-4.123,-0.046,-0.116,-0.046,2481,0
141719,2.049,8.741,-4.073,-0.047,-0.101,0.028,2480,0
141739,2.121,8.698,-4.063,-0.006,-0.098,0.093,2480,0
141759,2.145,8.787,-4.104,0.017,-0.11,0.149,2480,0
141779,2.102,8.957,-4.171,0.005,-0.136,0.215,2480,0
141799,2.016,9.122,-4.19,-0.012,-0.168,0.299,2481,0
141819,1.942,9.033,-4.058,-0.025,-0.207,0.392,2480,0
141839,1.906,8.871,-4.003,0.03,-0.232,0.455,2480,0
141859,1.915,8.744,-3.977,0.141,-0.252,0.498,2480,0
141879,1.975,8.497,-3.936,0.285,-0.27,0.523,2480,0
141899,2.14,8.248,-4.01,0.426,-0.295,0.499,2480,0
141919,2.248,8.195,-4.233,0.484,-0.318,0.462,2479,0
141939,2.394,8.212,-4.451,0.431,-0.308,0.426,2480,0
141959,2.468,8.167,-4.506,0.325,-0.255,0.369,2479,0
141979,2.339,8.27,-4.527,0.23,-0.213,0.299,2479,0
141999,2.222,8.447,-4.652,0.165,-0.208,0.271,2479,0
142019,2.282,8.581,-4.822,0.189,-0.222,0.267,2480,0
142039,2.361,8.689,-5.004,0.258,-0.228,0.254,2479,0
142059,2.322,8.751,-5.14,0.302,-0.201,0.236,2480,0
142079,2.272,8.732,-5.301,0.272,-0.193,0.222,2480,0
142099,2.351,8.571,-5.227,0.208,-0.162,0.217,2479,0
142119,2.437,8.413,-5.126,0.167,-0.118,0.191,2478,0
142139,2.516,8.126,-4.99,0.141,-0.08,0.145,2479,0
142159,2.569,7.855,-4.906,0.133,-0.071,0.098,2479,0
142179,2.454,7.819,-5.092,0.102,-0.072,0.04,2478,0
142199,2.377,8.004,-5.32,-0.009,-0.051,-0.015,2478,0
142219,2.363,8.226,-5.418,-0.119,0.009,-0.066,2477,0
142239,2.43,8.272,-5.203,-0.168,0.133,-0.075,2477,0
142259,2.464,8.363,-5.092,-0.233,0.186,-0.035,2477,0
142279,2.667,8.126,-4.968,-0.318,0.122,-0.005,2476,0
142299,2.854,7.839,-4.779,-0.294,0.099,0.029,2476,0
142319,3.036,7.793,-4.673,-0.248,0.098,0.062,2474,0
142339,3.144,7.611,-4.662,-0.178,0.136,0.076,2474,0
142359,3.134,7.491,-4.573,-0.099,0.193,0.072,2473,0
142379,3.225,7.542,-4.53,-0.08,0.21,0.068,2473,0
142399,3.376,7.604,-4.448,-0.095,0.196,0.061,2471,0
142419,3.555,7.621,-4.487,-0.071,0.192,0.026,2469,0
142439,3.551,7.855,-4.638,-0.046,0.17,-0.028,2468,0
142459,3.467,8.272,-4.793,-0.071,0.125,-0.035,2468,0
142479,3.357,8.478,-4.937,-0.115,0.103,-0.001,2466,0
142499,3.261,8.461,-4.872,-0.133,0.136,0.024,2466,0
142519,3.11,8.339,-4.822,-0.069,0.145,0.031,2466,0
142539,3.019,8.478,-4.647,0.033,0.191,0.04,2464,0
142559,2.83,8.662,-4.535,0.083,0.168,0.058,2467,0
142579,2.727,8.789,-4.408,0.094,0.098,0.062,2466,0
142599,2.614,8.914,-4.353,0.093,0.011,0.048,2465,0
142619,2.404,8.938,-4.367,0.116,-0.03,0.052,2465,0
142639,2.332,8.803,-4.365,0.127,-0.06,0.07,2467,0
142659,2.44,8.612,-4.216,0.137,-0.046,0.056,2465,0
142679,2.547,8.665,-4.18,0.098,0.043,0.007,2464,0
142699,2.545,8.796,-4.087,-0.012,0.104,-0.042,2465,0
142719,2.646,8.674,-3.883,-0.146,0.084,-0.063,2464,0
142739,2.866,8.468,-3.663,-0.166,0.043,-0.096,2464,0
142759,3.029,8.428,-3.543,-0.095,0.025,-0.138,2463,0
142779,3.122,8.473,-3.577,-0.031,-0.011,-0.172,2464,0
142799,3.079,8.531,-3.725,0.026,-0.06,-0.179,2463,0
142819,3.033,8.531,-3.79,0.049,-0.087,-0.18,2463,0
142839,2.947,8.499,-3.891,0.047,-0.083,-0.184,2462,0
142859,2.931,8.435,-3.886,0.034,-0.055,-0.195,2464,0
142879,2.892,8.368,-3.9,0.009,-0.021,-0.209,2462,0
142899,2.856,8.361,-3.907,-0.01,-0.026,-0.216,2461,0
142919,2.763,8.363,-3.953,-0.035,-0.052,-0.205,2461,0
142939,2.698,8.353,-4.063,-0.034,-0.063,-0.184,2461,0
142959,2.617,8.341,-4.116,-0.003,-0.061,-0.154,2461,0
142979,2.576,8.373,-4.202,0.035,-0.057,-0.13,2461,0
142999,2.583,8.37,-4.199,0.043,-0.046,-0.094,2463,0
143019,2.552,8.363,-4.178,0.037,-0.037,-0.063,2461,0
143039,2.495,8.373,-4.116,0.043,-0.04,-0.034,2461,0
143059,2.476,8.279,-4.005,0.096,-0.06,-0.019,2460,0
143079,2.497,8.231,-4.001,0.177,-0.088,-0.043,2460,0
143099,2.533,8.303,-4.025,0.232,-0.138,-0.088,2459,0
143119,2.593,8.418,-4.089,0.239,-0.191,-0.137,2461,0
143139,2.617,8.595,-4.209,0.195,-0.207,-0.189,2462,0
143159,2.607,8.701,-4.245,0.103,-0.192,-0.235,2461,0
143179,2.547,8.837,-4.269,0.056,-0.141,-0.245,2461,0
143199,2.55,8.995,-4.283,0.018,-0.104,-0.236,2460,0
143219,2.533,9.038,-4.264,-0.009,-0.085,-0.212,2461,0
143239,2.521,8.981,-4.24,-0.006,-0.095,-0.164,2459,0
143259,2.519,8.849,-4.317,0.01,-0.115,-0.11,2462,0
143279,2.581,8.641,-4.372,0.029,-0.112,-0.048,2462,0
143299,2.581,8.416,-4.456,0.084,-0.098,-0.01,2461,0
143319,2.471,8.315,-4.568,0.133,-0.068,-0.005,2461,0
143339,2.272,8.265,-4.673,0.121,-0.055,-0.022,2464,0
143359,2.155,8.236,-4.697,0.095,-0.043,-0.045,2462,0
143379,2.045,8.217,-4.628,0.084,-0.014,-0.08,2460,0
143399,1.891,8.31,-4.585,0.082,0.013,-0.125,2463,0
143419,1.839,8.447,-4.513,0.08,0.027,-0.156,2464,0
143439,1.824,8.59,-4.434,0.085,0.033,-0.179,2462,0
143459,1.786,8.712,-4.355,0.097,0.036,-0.203,2462,0
143479,1.803,8.847,-4.302,0.089,0.005,-0.209,2462,0
143499,1.848,9.036,-4.31,0.047,-0.024,-0.202,2463,0
143519,1.935,9.189,-4.25,-0.046,-0.02,-0.173,2461,0
143539,2.025,9.17,-4.13,-0.156,-0.024,-0.129,2462,0
143559,2.126,9.057,-4.07,-0.213,-0.039,-0.096,2461,0
143579,2.217,8.971,-4.051,-0.213,-0.064,-0.078,2462,0
143599,2.222,8.923,-4.12,-0.116,-0.064,-0.05,2462,0
143619,2.212,8.971,-4.116,0.03,-0.042,-0.005,2462,0
143639,2.124,9.033,-4.199,0.107,-0.022,0.031,2462,0
143659,2.066,8.976,-4.295,0.101,-0.022,0.078,2462,0
143679,1.958,8.82,-4.365,0.073,-0.033,0.116,2462,0
143699,1.908,8.765,-4.334,0.042,-0.014,0.119,2461,0
143719,1.863,8.715,-4.341,0.021,-0.003,0.097,2461,0
143739,1.805,8.665,-4.264,0.019,-0.009,0.072,2460,0
143759,1.805,8.624,-4.18,0.012,-0.037,0.052,2460,0
143779,1.805,8.581,-4.161,0.014,-0.062,0.033,2461,0
143799,1.829,8.638,-4.111,0.031,-0.069,0.028,2462,0
143819,1.848,8.712,-4.096,0.028,-0.07,0.03,2462,0
143839,1.882,8.717,-4.087,0.014,-0.084,0.033,2460,0
143859,1.954,8.732,-4.077,0.011,-0.11,0.031,2461,0
143879,1.97,8.748,-4.094,0.003,-0.128,0.027,2463,0
143899,2.028,8.717,-4.106,-0.001,-0.136,0.03,2462,0
143919,2.047,8.65,-4.14,0.005,-0.126,0.026,2462,0
143939,2.049,8.691,-4.19,0.013,-0.117,0.027,2461,0
143959,2.059,8.72,-4.219,-0.002,-0.125,0.03,2460,0
143979,2.076,8.715,-4.216,-0.035,-0.108,0.024,2462,0
143999,2.069,8.729,-4.228,-0.071,-0.105,0.018,2460,0
144019,2.069,8.686,-4.24,-0.091,-0.127,0.03,2462,0
144039,2.143,8.717,-4.219,-0.05,-0.131,0.045,2461,0
144059,2.181,8.753,-4.235,0.001,-0.104,0.041,2462,0
144079,2.143,8.859,-4.276,0.019,-0.098,0.048,2461,0
144099,2.145,8.808,-4.314,-0.016,-0.122,0.074,2461,0
144119,2.176,8.703,-4.278,-0.019,-0.12,0.091,2461,0
144139,2.193,8.657,-4.281,0.0,-0.092,0.08,2461,0
144159,2.119,8.674,-4.276,0.009,-0.074,0.063,2460,0
144179,2.054,8.665,-4.274,0.004,-0.067,0.057,2462,0
144199,2.061,8.653,-4.233,-0.003,-0.053,0.058,2462,0
144219,2.09,8.648,-4.221,-0.003,-0.044,0.046,2463,0
144239,2.088,8.674,-4.18,-0.033,-0.034,0.032,2461,0
144259,2.085,8.734,-4.154,-0.067,-0.046,0.02,2461,0
144279,2.121,8.82,-4.077,-0.096,-0.046,0.012,2463,0
144299,2.107,8.861,-4.058,-0.16,-0.043,0.028,2460,0
144319,2.119,8.854,-4.046,-0.211,-0.049,0.047,2462,0
144339,2.179,8.76,-3.919,-0.206,-0.046,0.046,2462,0
144359,2.21,8.708,-3.831,-0.116,-0.039,0.03,2461,0
144379,2.195,8.775,-3.819,-0.028,-0.034,0.034,2461,0
144399,2.16,8.911,-3.857,0.036,-0.033,0.056,2462,0
144419,2.152,8.954,-3.881,0.037,-0.059,0.078,2462,0
144439,2.16,9.012,-3.886,-0.023,-0.102,0.098,2462,0
144459,2.234,8.961,-3.847,-0.128,-0.116,0.098,2463,0
144479,2.243,8.878,-3.757,-0.201,-0.082,0.084,2462,0
144499,2.205,8.811,-3.749,-0.238,-0.076,0.072,2463,0
144519,2.215,8.753,-3.639,-0.22,-0.082,0.071,2463,0
144539,2.251,8.691,-3.606,-0.154,-0.093,0.068,2463,0
144559,2.298,8.612,-3.558,-0.047,-0.083,0.04,2465,0
144579,2.272,8.665,-3.584,0.074,-0.087,0.007,2469,0
144599,2.236,8.868,-3.603,0.128,-0.116,0.006,2464,0
144619,2.258,8.933,-3.673,0.088,-0.136,0.011,2465,0
144639,2.251,8.871,-3.898,0.015,-0.123,0.016,2466,0
144659,2.241,8.823,-3.718,0.025,-0.104,0.027,2466,0
144679,2.258,8.83,-3.709,0.041,-0.082,0.015,2467,0
144699,2.227,8.918,-3.682,0.048,-0.081,0.022,2468,0
144719,2.229,8.902,-3.749,0.049,-0.094,0.037,2469,0
144739,2.251,8.851,-3.742,0.063,-0.088,0.044,2468,0
144759,2.318,8.736,-3.658,0.076,-0.087,0.039,2468,0
144779,2.279,8.758,-3.713,0.084,-0.075,0.01,2472,0
144799,2.263,8.801,-3.754,0.053,-0.059,-0.011,2469,0
144819,2.253,8.832,-3.8,0.03,-0.059,-0.025,2468,0
144839,2.241,8.82,-3.819,0.024,-0.05,-0.033,2469,0
144859,2.207,8.882,-3.838,0.026,-0.032,-0.03,2469,0
144879,2.224,8.928,-3.766,0.038,-0.041,-0.003,2471,0
144899,2.282,8.94,-3.761,0.051,-0.037,0.009,2468,0
144919,2.265,8.866,-3.745,0.065,-0.016,0.012,2470,0
144939,2.251,8.842,-3.721,0.064,-0.021,0.014,2470,0
144959,2.236,8.83,-3.773,0.043,-0.03,0.012,2470,0
144979,2.231,8.839,-3.749,0.035,-0.02,0.007,2470,0
144999,2.191,8.871,-3.773,0.035,-0.018,-0.003,2469,0
145019,2.167,8.894,-3.754,0.035,-0.031,-0.005,2471,0
145039,2.191,8.88,-3.721,0.03,-0.054,0.006,2469,0
145059,2.195,8.856,-3.725,0.047,-0.037,0.009,2470,0
145079,2.169,8.859,-3.701,0.058,-0.011,0.014,2468,0
145099,2.169,8.875,-3.704,0.051,-0.018,0.019,2470,0
145119,2.236,8.835,-3.675,0.031,-0.04,0.012,2469,0
145139,2.241,8.823,-3.709,0.029,-0.043,0.0,2469,0
145159,2.227,8.899,-3.749,0.028,-0.058,0.003,2470,0
145179,2.234,8.985,-3.788,0.031,-0.077,0.018,2469,0
145199,2.294,8.988,-3.797,0.032,-0.065,0.031,2467,0
145219,2.301,8.916,-3.778,0.04,-0.037,0.031,2468,0
145239,2.313,8.89,-3.773,0.045,-0.037,0.032,2470,0
145259,2.351,8.842,-3.778,0.031,-0.043,0.03,2469,0
145279,2.351,8.808,-3.778,0.009,-0.029,0.035,2467,0
145299,2.272,8.863,-3.833,0.029,-0.018,0.047,2467,0
145319,2.296,8.935,-3.809,0.035,-0.029,0.059,2468,0
145339,2.267,8.993,-3.773,0.027,-0.036,0.078,2467,0
145359,2.409,8.935,-3.824,0.014,-0.035,0.068,2468,0
145379,2.466,8.995,-3.757,-0.022,-0.006,0.037,2467,0
145399,2.555,9.072,-3.646,-0.091,-0.02,0.022,2471,0
145419,2.792,9.112,-3.158,-0.168,-0.024,-0.009,2475,0
145439,2.875,8.94,-2.825,-0.272,-0.111,-0.117,2546,0
145459,3.189,8.363,-2.504,0.07,0.007,-0.407,2845,0
145479,3.5,7.453,-1.87,-0.079,-0.253,-0.686,3054,0
145499,2.607,6.675,-3.158,0.016,-0.479,-1.047,3177,0
145519,0.905,7.549,-3.709,0.105,-0.439,-0.968,3260,0
145539,-0.18,8.329,-4.171,-0.129,-0.56,-0.492,3311,0
145559,1.13,8.954,-2.009,-0.061,-1.014,-0.1,3353,0
145579,2.217,7.082,-2.222,-0.285,-1.143,0.106,3376,0
145599,0.816,7.295,-3.079,-0.489,-0.909,-0.144,3376,2219
145619,-0.036,9.766,-3.895,-0.2,-0.638,-0.552,3383,2911
145639,0.651,11.717,-4.712,0.201,-0.643,-0.586,3383,3327
145659,-0.014,14.502,-5.399,-0.219,-0.289,-0.521,3381,3774
145679,-1.022,16.07,-6.474,-0.398,0.068,-0.256,3376,3919
145699,-1.058,14.868,-6.44,-0.369,0.099,0.17,3361,4052
145719,-0.388,14.274,-5.883,-0.282,0.183,0.521,3350,4093
145739,0.098,14.202,-5.962,-0.037,0.405,0.589,3346,4095
145759,0.5,12.1,-5.447,0.151,0.569,0.606,3342,4095
145779,0.634,10.549,-4.142,0.191,0.691,0.853,3334,4095
145799,1.642,8.284,-3.757,0.32,0.718,0.798,3329,4095
145819,2.363,7.245,-2.856,0.413,0.772,0.729,3326,4095
145839,3.077,6.347,-2.138,0.388,0.791,0.582,3324,4095
145859,3.297,5.035,-1.279,0.167,0.657,0.685,3320,4095
145879,3.807,3.555,-1.073,0.135,0.484,0.555,3317,4095
145899,4.252,2.425,-0.735,-0.057,0.431,0.339,3316,4095
145919,4.633,2.033,-0.871,0.045,0.29,0.011,3314,4095
145939,5.049,1.329,-0.148,-0.101,-0.006,-0.215,3309,4095
145959,5.126,0.807,-0.113,-0.225,-0.184,-0.727,3311,4095
145979,4.496,0.318,0.194,-0.367,-0.304,-1.022,3311,4095
145999,3.11,0.579,0.136,-0.292,-0.442,-1.461,3310,4095
146019,2.215,2.911,-0.874,-0.315,-0.777,-1.945,3309,4082
146039,1.568,4.707,-1.314,-0.511,-0.892,-2.316,3310,4079
146059,-0.654,6.651,-1.19,-0.495,-0.74,-2.615,3310,4094
146079,-3.237,10.013,-1.707,-0.339,-0.621,-2.561,3312,4095
146099,-4.211,13.688,-3.263,-0.246,-0.706,-2.228,3313,4095
146119,-5.15,16.067,-4.499,-0.296,-0.682,-1.896,3313,4095
146139,-6.144,17.279,-5.045,-0.23,-0.501,-1.436,3314,4095
146159,-6.888,18.038,-5.76,-0.041,-0.39,-0.998,3315,4095
146179,-7.125,18.917,-6.653,0.304,-0.202,-0.57,3316,4095
146199,-6.402,19.429,-7.432,0.543,0.025,0.007,3314,4095
146219,-5.622,17.98,-6.505,0.42,0.247,0.564,3312,4095
146239,-5.277,15.675,-5.332,0.32,0.52,0.887,3314,4095
146259,-4.858,14.152,-4.556,0.281,0.649,1.063,3312,4095
146279,-3.541,12.759,-3.948,0.189,0.65,1.273,3311,4095
146299,-2.682,11.155,-3.182,0.083,0.734,1.379,3310,4093
146319,-2.069,9.505,-2.607,-0.019,0.812,1.338,3307,4079
146339,-0.946,8.322,-2.169,-0.018,0.78,1.284,3305,4057
146359,0.096,7.681,-1.446,-0.068,0.744,1.307,3305,4030
146379,1.199,6.596,-0.797,-0.236,0.691,1.291,3301,4006
146399,2.143,5.186,-0.326,-0.149,0.586,1.14,3300,3984
146419,3.007,4.657,-0.261,0.036,0.464,0.905,3298,3983
146439,3.62,4.027,-0.055,0.192,0.323,0.686,3296,3971
146459,4.096,3.658,-0.144,0.331,0.139,0.466,3296,3985
146479,4.458,3.328,-0.369,0.429,-0.068,0.229,3295,3994
146499,5.195,3.132,-0.627,0.42,-0.238,-0.067,3292,3954
146519,5.255,3.129,0.098,0.258,-0.364,-0.294,3296,3951
146539,3.91,3.074,-0.479,0.017,-0.513,-0.544,3292,3955
146559,2.854,3.575,-1.245,-0.126,-0.744,-0.813,3292,3985
146579,3.177,5.648,-2.155,-0.443,-1.13,-0.817,3290,3992
146599,2.274,6.589,-2.61,-1.489,-1.439,-0.589,3291,4010
146619,1.839,5.243,-2.085,-2.402,-1.493,-0.663,3290,4019
146639,0.093,3.005,-1.604,-1.971,-0.833,-1.455,3291,4036
146659,-0.704,5.902,-1.81,-0.157,-0.382,-2.205,3290,4041
146679,-3.364,10.896,-1.571,0.776,-0.465,-2.282,3288,4041
146699,-3.931,15.203,-2.33,0.659,-1.024,-1.73,3288,4045
146719,-5.289,15.225,-2.837,0.335,-1.328,-1.175,3291,4049
146739,-5.753,16.376,-3.658,0.551,-1.045,-0.89,3287,4047
146759,-6.737,17.538,-4.954,0.759,-0.406,-0.843,3286,4048
146779,-6.61,20.164,-6.232,0.636,0.051,-0.492,3284,4047
146799,-6.637,19.381,-6.534,0.238,0.231,0.142,3286,4038
146819,-5.267,16.961,-5.818,0.332,0.22,0.77,3284,4033
146839,-5.349,14.7,-4.824,0.61,0.425,0.995,3284,4010
146859,-4.111,14.26,-4.379,0.716,0.667,1.081,3284,4005
146879,-3.766,12.948,-4.276,0.605,0.903,1.161,3281,3980
146899,-2.61,12.038,-3.373,0.439,0.909,1.365,3280,3948
146919,-2.174,10.144,-2.947,0.362,1.04,1.315,3280,3960
146939,-1.738,9.591,-2.148,0.302,1.077,1.386,3279,3965
146959,-0.505,9.294,-2.373,0.279,0.86,1.429,3278,3966
146979,0.036,7.887,-1.47,-0.125,0.761,1.573,3277,3944
146999,1.058,6.297,-1.729,-0.057,0.663,1.538,3278,3939
147019,2.26,5.124,-0.924,-0.122,0.571,1.51,3278,3929
147039,2.674,4.061,-0.62,-0.114,0.439,1.379,3278,3924
147059,3.383,2.784,-0.292,-0.136,0.238,1.128,3277,3911
147079,3.874,1.537,0.002,0.084,-0.003,0.768,3276,3901
147099,4.322,1.03,-0.354,0.445,-0.169,0.333,3275,3892
147119,4.891,1.137,-1.003,0.758,-0.383,-0.028,3274,3898
147139,4.662,1.343,-1.137,0.78,-0.54,-0.377,3272,3902
147159,3.994,1.824,-1.604,0.513,-0.622,-0.784,3273,3908
147179,3.572,2.195,-2.102,0.216,-0.739,-1.091,3273,3905
147199,3.225,2.792,-2.466,0.055,-0.789,-1.337,3270,3903
147219,2.528,3.223,-2.571,0.087,-0.814,-1.622,3269,3910
147239,0.675,5.102,-2.602,0.217,-0.9,-1.88,3271,3893
147259,-1.027,8.258,-3.709,0.006,-0.941,-2.038,3272,3885
147279,-2.229,10.259,-4.673,-0.282,-0.9,-1.993,3273,3876
147299,-3.316,11.502,-4.75,-0.456,-0.786,-1.787,3272,3878
147319,-3.891,12.771,-4.81,-0.397,-0.688,-1.521,3272,3887
147339,-4.781,14.404,-4.927,-0.325,-0.627,-1.321,3275,3881
147359,-5.25,14.842,-5.148,-0.165,-0.505,-1.151,3275,3856
147379,-5.777,16.367,-5.737,0.14,-0.435,-0.8,3273,3841
147399,-5.72,17.061,-6.096,0.131,-0.314,-0.379,3272,3829
147419,-5.353,16.927,-6.081,0.051,-0.051,-0.014,3273,3837
147439,-5.361,16.565,-5.868,0.023,0.273,0.276,3273,3838
147459,-5.066,16.173,-5.693,0.084,0.505,0.525,3272,3807
147479,-4.81,15.529,-5.298,0.321,0.548,0.825,3272,3821
147499,-3.955,14.358,-4.93,0.265,0.658,1.03,3267,3827
147519,-3.026,13.065,-4.956,0.399,0.723,1.353,3267,3834
147539,-2.191,11.164,-3.539,0.237,0.708,1.708,3266,3822
147559,-1.219,9.598,-2.583,0.174,0.63,1.957,3265,3789
147579,-1.07,7.942,-1.528,-0.16,0.678,1.933,3266,3739
147599,0.788,6.574,-1.626,0.014,0.497,1.762,3266,3653
147619,0.627,5.356,-0.733,-0.152,0.411,1.707,3265,3549
147639,1.942,4.401,-1.015,0.0,0.147,1.442,3264,3502
147659,1.097,3.541,-0.527,-0.032,-0.013,1.247,3266,3310
147679,1.997,4.348,-1.499,0.162,-0.248,0.914,3269,2809
147699,1.092,4.772,-2.605,0.166,-0.211,0.818,3252,1883
147719,2.583,6.148,-4.427,0.309,0.021,0.563,3219,0
147739,1.712,6.919,-5.155,0.173,0.282,0.443,3168,0
147759,2.547,7.453,-5.09,0.015,0.391,0.136,3108,0
147779,1.635,7.57,-5.004,-0.068,0.613,0.16,3023,0
147799,2.361,8.023,-4.161,0.158,0.644,0.099,2944,0
147819,2.186,8.507,-4.204,0.581,0.675,0.163,2833,0
147839,3.194,8.727,-5.083,1.431,0.911,0.193,2668,0
147859,2.94,8.428,-4.719,1.727,0.972,0.335,2530,0
147879,2.825,8.842,-3.361,1.509,0.88,0.392,2458,0
147899,2.818,8.689,-3.922,0.778,0.651,0.216,2426,0
147919,2.648,8.739,-3.656,0.163,0.406,0.242,2414,0
147939,3.017,7.987,-3.91,0.043,0.289,0.124,2400,0
147959,2.394,8.452,-3.579,0.086,0.256,0.222,2393,0
147979,2.878,7.733,-3.869,0.307,0.14,0.146,2390,0
147999,2.761,8.143,-3.615,0.398,0.038,0.171,2387,0
148019,2.892,8.389,-3.27,0.2,-0.082,0.145,2384,0
148039,2.921,8.08,-3.68,0.114,-0.19,0.149,2389,0
148059,2.911,7.999,-3.845,0.114,-0.207,0.172,2396,0
148079,3.012,8.03,-3.955,0.079,-0.177,0.144,2401,0
148099,3.05,8.135,-4.077,0.082,-0.179,0.113,2408,0
148119,3.187,7.997,-4.075,0.045,-0.203,0.043,2411,0
148139,3.021,8.03,-4.384,0.027,-0.214,-0.008,2411,0
148159,2.859,8.219,-4.98,0.02,-0.266,-0.005,2413,0
148179,2.868,8.44,-5.181,0.023,-0.329,0.051,2416,0
148199,3.05,8.217,-5.236,0.038,-0.324,0.084,2418,0
148219,3.067,8.131,-5.025,0.147,-0.257,0.091,2423,0
148239,2.94,8.241,-5.09,0.156,-0.196,0.056,2428,0
148259,2.921,8.212,-5.059,0.118,-0.144,-0.002,2429,0
148279,2.789,8.164,-4.999,0.07,-0.1,-0.027,2429,0
148299,2.65,8.095,-4.858,0.031,-0.103,-0.017,2430,0
148319,2.761,7.949,-4.678,0.032,-0.192,-0.003,2432,0
148339,2.84,8.004,-4.628,0.096,-0.229,-0.029,2433,0
148359,2.837,8.181,-4.628,0.147,-0.203,-0.083,2434,0
148379,2.717,8.356,-4.64,0.145,-0.163,-0.112,2437,0
148399,2.66,8.507,-4.767,0.102,-0.122,-0.103,2440,0
148419,2.686,8.456,-4.82,0.034,-0.07,-0.093,2441,0
148439,2.65,8.337,-4.81,0.029,-0.042,-0.071,2441,0
148459,2.591,8.334,-4.788,0.019,-0.03,-0.048,2439,0
148479,2.612,8.423,-4.867,-0.014,-0.068,-0.023,2439,0
148499,2.641,8.435,-4.87,-0.02,-0.103,0.003,2438,0
148519,2.658,8.425,-4.867,0.021,-0.091,0.023,2442,0
148539,2.567,8.337,-4.784,0.076,-0.06,0.031,2444,0
148559,2.483,8.296,-4.724,0.1,-0.063,0.046,2442,0
