3111033,-0.168,9.61,2.155,0.039,-0.004,-0.006,2362,0
3111053,-0.249,9.756,2.128,0.048,-0.021,0.002,2363,0
3111073,-0.278,9.795,2.066,0.051,-0.034,0.017,2365,0
3111093,-0.235,9.723,2.045,0.054,-0.042,0.039,2365,0
3111113,-0.187,9.455,2.009,0.039,-0.048,0.034,2364,0
3111133,0.091,9.282,2.772,0.025,-0.077,0.026,2362,0
3111153,-0.084,9.558,2.157,-0.016,-0.031,0.045,2365,0
3111173,-1.144,9.438,1.87,-0.023,-0.02,0.023,2364,0
3111193,0.247,9.481,1.666,0.174,-0.034,-0.057,2364,0
3111213,-0.359,9.426,2.212,-0.101,-0.052,0.043,2364,0
3111233,-0.249,9.474,1.47,0.194,-0.018,-0.089,2363,0
3111253,-0.213,9.61,2.215,-0.078,-0.059,0.038,2364,0
3111273,-0.39,9.649,1.484,0.215,-0.019,-0.071,2365,0
3111293,-0.223,9.61,2.155,-0.09,-0.054,0.043,2365,0
3111313,-0.122,9.498,1.374,0.185,-0.007,-0.09,2365,0
3111333,-0.316,9.579,2.14,-0.117,-0.033,0.026,2364,0
3111353,0.077,9.586,1.52,0.177,-0.003,-0.099,2365,0
3111373,-0.699,9.572,2.083,-0.08,-0.014,0.004,2364,0
3111393,0.333,9.859,1.664,0.246,-0.002,-0.079,2366,0
3111413,-1.018,9.747,1.997,-0.023,0.005,0.022,2367,0
3111433,0.603,9.948,1.927,0.16,-0.009,-0.039,2366,0
3111453,-1.283,9.567,1.891,-0.033,0.01,0.013,2364,0
3111473,0.788,9.819,2.114,0.091,-0.039,0.01,2366,0
3111493,-1.233,9.44,1.604,0.063,0.008,0.002,2366,0
3111513,0.747,9.778,2.248,0.006,-0.041,0.03,2366,0
3111533,-0.994,9.51,1.599,0.111,0.018,-0.042,2366,0
3111553,0.304,9.771,2.425,-0.085,-0.05,0.055,2366,0
3111573,-0.498,9.656,1.559,0.183,-0.002,-0.057,2366,0
3111593,-0.335,9.792,2.224,-0.089,-0.038,0.074,2367,0
3111613,-0.333,9.756,1.432,0.143,-0.005,-0.005,2368,0
3111633,-0.103,9.464,2.083,0.049,-0.062,0.034,2370,0
3111653,-0.292,9.512,2.073,0.043,-0.027,0.029,2368,0
3111673,-0.318,9.562,1.966,0.042,-0.028,0.019,2369,0
3111693,-0.323,9.567,1.939,0.038,-0.031,0.019,2369,0
3111713,-0.302,9.519,1.884,0.041,-0.031,0.023,2369,0
3111733,-0.251,9.428,1.908,0.036,-0.019,0.013,2369,0
3111753,-0.254,9.376,1.973,0.036,-0.021,-0.006,2372,0
3111773,-0.283,9.481,1.949,0.035,-0.032,-0.014,2373,0
3111793,-0.302,9.531,1.93,0.029,-0.041,-0.022,2369,0
3111813,-0.278,9.62,1.872,0.053,-0.046,-0.022,2371,0
3111833,-0.242,9.699,1.808,0.062,-0.039,-0.008,2372,0
3111853,-0.225,9.608,1.851,0.049,-0.035,0.002,2371,0
3111873,-0.199,9.527,1.846,0.045,-0.037,-0.003,2374,0
3111893,-0.196,9.498,1.808,0.042,-0.037,-0.013,2371,0
3111913,-0.17,9.637,1.817,0.046,-0.031,-0.023,2371,0
3111933,-0.16,9.711,1.858,0.044,-0.022,-0.019,2371,0
3111953,-0.172,9.713,1.925,0.038,-0.029,-0.005,2370,0
3111973,-0.177,9.661,1.882,0.026,-0.037,0.005,2371,0
3111993,-0.184,9.572,1.808,0.028,-0.033,-0.001,2371,0
3112013,-0.215,9.644,1.86,0.05,-0.021,-0.004,2371,0
3112033,-0.273,9.759,1.887,0.069,-0.021,0.013,2372,0
3112053,-0.283,9.73,1.908,0.036,-0.028,0.023,2371,0
3112073,-0.259,9.538,1.867,0.019,-0.039,0.02,2372,0
3112093,-0.211,9.464,1.805,0.038,-0.032,0.009,2371,0
3112113,-0.201,9.644,1.93,0.05,-0.004,0.005,2370,0
3112133,-0.498,9.79,1.697,0.032,0.06,-0.001,2370,0
3112153,-0.694,9.342,1.592,0.011,-0.015,-0.013,2371,0
3112173,0.053,9.436,1.563,0.169,-0.022,-0.06,2369,8
3112193,0.168,9.632,2.279,-0.068,-0.05,0.057,2370,0
3112213,-0.898,9.543,1.463,0.142,0.003,-0.044,2368,0
3112233,0.503,9.704,2.258,-0.052,-0.058,0.051,2370,0
3112253,-0.919,9.459,1.413,0.122,0.01,-0.055,2369,0
3112273,0.414,9.73,2.258,-0.067,-0.04,0.039,2370,0
3112293,-0.804,9.577,1.489,0.131,0.022,-0.061,2369,0
3112313,0.165,9.723,2.416,-0.116,-0.038,0.052,2369,0
3112333,-0.407,9.558,1.597,0.159,0.004,-0.072,2371,0
3112353,-0.108,9.67,2.32,-0.104,-0.037,0.055,2371,0
3112373,0.077,9.735,1.657,0.191,-0.005,-0.065,2371,0
3112393,-0.606,9.699,2.322,-0.119,-0.025,0.05,2371,0
3112413,0.481,9.752,1.87,0.149,-0.034,-0.041,2370,0
3112433,-1.025,9.488,2.052,-0.079,-0.032,0.043,2371,11
3112453,0.781,9.799,1.913,0.118,-0.057,-0.007,2370,0
3112473,-1.279,9.519,1.693,-0.026,-0.012,0.014,2372,0
3112493,0.814,9.802,2.243,0.004,-0.061,0.024,2371,0
3112513,-1.211,9.419,1.566,0.07,-0.016,-0.007,2373,0
3112533,0.522,9.704,2.279,-0.061,-0.083,0.075,2374,0
3112553,-0.625,9.39,1.398,0.157,-0.015,-0.046,2373,0
3112573,-0.036,9.584,2.222,-0.104,-0.058,0.072,2373,0
3112593,0.089,9.572,1.417,0.185,-0.015,-0.046,2374,0
3112613,-0.189,9.51,2.076,-0.069,-0.012,0.033,2375,0
3112633,-0.275,9.728,1.47,-0.011,0.059,-0.005,2376,0
3112653,-0.206,9.534,1.851,-0.017,0.015,-0.01,2376,0
3112673,-0.223,9.488,1.932,0.015,0.005,-0.005,2376,0
3112693,-0.215,9.586,1.891,0.043,0.006,-0.004,2377,0
3112713,-0.223,9.639,1.97,0.043,0.017,0.001,2375,0
3112733,-0.237,9.596,2.076,0.038,0.007,0.006,2375,0
3112753,-0.168,9.541,2.14,0.036,-0.012,0.005,2374,0
3112773,-0.134,9.488,2.107,0.052,-0.021,-0.006,2373,0
3112793,-0.141,9.627,2.045,0.068,-0.028,-0.003,2373,0
3112813,-0.208,9.706,2.021,0.052,-0.028,0.001,2376,0
3112833,-0.232,9.637,1.97,0.034,-0.029,0.005,2375,0
3112853,-0.16,9.622,1.978,0.027,-0.023,0.008,2376,0
3112873,-0.156,9.56,1.956,0.018,-0.012,-0.001,2376,0
3112893,-0.192,9.589,2.002,0.025,-0.007,-0.001,2376,0
3112913,-0.208,9.598,2.083,0.029,-0.008,0.001,2375,0
3112933,-0.244,9.601,2.116,0.031,-0.021,0.002,2375,0
3112953,-0.242,9.608,2.088,0.04,-0.042,0.014,2375,0
3112973,-0.213,9.541,1.98,0.046,-0.05,0.016,2375,0
3112993,-0.18,9.495,1.875,0.046,-0.044,0.007,2373,0
3113013,-0.175,9.55,1.882,0.04,-0.032,0.001,2374,0
3113033,-0.223,9.608,1.915,0.033,-0.02,-0.007,2373,0
3113053,-0.275,9.589,1.93,0.031,-0.021,0.004,2374,0
3113073,-0.251,9.515,1.894,0.022,-0.017,0.003,2375,0
3113093,-0.218,9.467,1.942,0.017,-0.016,-0.01,2375,0
3113113,-0.201,9.495,1.994,0.023,-0.015,-0.015,2379,0
3113133,-0.208,9.503,2.011,0.034,-0.021,-0.016,2375,0
3113153,-0.208,9.529,1.987,0.047,-0.026,-0.015,2378,0
3113173,-0.227,9.548,1.915,0.057,-0.025,-0.014,2379,0
3113193,-0.201,9.618,1.968,0.056,-0.028,-0.01,2377,0
3113213,-0.184,9.596,2.033,0.05,-0.034,-0.013,2377,0
3113233,-0.17,9.567,2.042,0.045,-0.039,-0.014,2378,0
3113253,-0.225,9.584,2.006,0.068,-0.041,-0.008,2375,0
3113273,-0.227,9.618,1.935,0.074,-0.044,-0.002,2377,0
3113293,-0.163,9.582,1.946,0.063,-0.041,-0.005,2375,0
3113313,-0.103,9.481,1.946,0.056,-0.035,-0.011,2376,0
3113333,-0.136,9.572,1.975,0.056,-0.025,-0.025,2375,0
3113353,-0.192,9.641,1.975,0.046,-0.022,-0.025,2378,0
3113373,-0.22,9.692,1.978,0.051,-0.023,-0.016,2378,0
3113393,-0.196,9.701,1.954,0.054,-0.025,0.0,2378,0
3113413,-0.168,9.627,1.92,0.041,-0.018,-0.002,2378,0
3113433,-0.18,9.606,1.985,0.042,-0.018,0.002,2379,0
3113453,-0.158,9.601,1.968,0.052,-0.02,0.005,2377,0
3113473,-0.187,9.584,1.935,0.042,-0.019,-0.002,2378,0
3113493,-0.187,9.608,1.932,0.044,-0.022,-0.004,2379,0
3113513,-0.199,9.598,1.963,0.048,-0.017,0.006,2378,0
3113533,-0.263,9.572,1.937,0.052,-0.024,0.005,2379,0
3113553,-0.244,9.548,1.944,0.04,-0.034,-0.002,2379,0
3113573,-0.223,9.512,1.958,0.042,-0.028,-0.011,2377,0
3113593,-0.237,9.589,1.975,0.064,-0.026,-0.008,2378,0
3113613,-0.239,9.615,2.004,0.059,-0.029,-0.0,2380,0
3113633,-0.206,9.548,1.963,0.046,-0.036,-0.005,2378,0
3113653,-0.242,9.536,2.011,0.048,-0.046,-0.004,2377,0
3113673,-0.208,9.567,1.968,0.051,-0.043,-0.007,2379,0
3113693,-0.254,9.601,1.932,0.046,-0.034,-0.014,2376,0
3113713,-0.278,9.598,1.911,0.056,-0.034,-0.011,2378,0
3113733,-0.244,9.656,1.875,0.051,-0.028,-0.008,2379,0
3113753,-0.211,9.61,1.923,0.034,-0.017,-0.004,2381,0
3113773,-0.204,9.548,2.006,0.026,-0.017,-0.006,2378,0
3113793,-0.204,9.479,2.064,0.025,-0.026,-0.012,2379,0
3113813,-0.165,9.474,2.009,0.042,-0.036,-0.019,2379,0
3113833,-0.215,9.558,1.925,0.051,-0.036,-0.029,2379,0
3113853,-0.297,9.68,1.884,0.055,-0.031,-0.022,2379,0
3113873,-0.28,9.522,1.985,0.104,-0.029,-0.007,2378,0
3113893,-0.249,9.618,1.958,0.149,-0.032,0.0,2379,0
3113913,-0.237,9.665,1.87,0.107,-0.047,-0.008,2380,0
3113933,-0.196,9.582,1.796,0.048,-0.053,-0.02,2380,0
3113953,-0.218,9.625,1.796,0.049,-0.041,-0.014,2380,0
3113973,-0.208,9.61,1.827,0.086,-0.038,0.0,2380,0
3113993,-0.194,9.601,1.812,0.083,-0.04,-0.001,2382,0
3114013,-0.211,9.682,1.803,0.049,-0.034,-0.018,2381,0
3114033,-0.249,9.704,1.884,0.01,-0.029,-0.022,2382,0
3114053,-0.261,9.589,2.035,-0.009,-0.034,-0.021,2382,0
3114073,-0.294,9.493,2.179,0.051,-0.052,-0.009,2382,0
3114093,-0.225,9.567,2.066,0.114,-0.071,0.005,2384,0
3114113,-0.192,9.646,1.875,0.104,-0.071,-0.003,2381,0
3114133,-0.177,9.694,1.779,0.066,-0.065,-0.009,2381,0
3114153,-0.177,9.701,1.774,0.038,-0.046,-0.006,2381,0
3114173,-0.266,9.646,1.889,0.033,-0.033,0.001,2381,0
3114193,-0.271,9.567,1.932,0.056,-0.037,0.012,2381,0
3114213,-0.247,9.529,1.93,0.06,-0.045,0.007,2382,0
3114233,-0.227,9.558,1.894,0.044,-0.056,-0.006,2382,0
3114253,-0.201,9.603,1.872,0.025,-0.061,-0.013,2381,0
3114273,-0.199,9.579,1.815,0.034,-0.059,-0.013,2381,0
3114293,-0.206,9.682,1.776,0.062,-0.053,-0.004,2381,0
3114313,-0.218,9.701,1.757,0.045,-0.045,-0.003,2382,0
3114333,-0.232,9.668,1.765,0.035,-0.039,-0.001,2379,0
3114353,-0.208,9.641,1.803,0.035,-0.037,0.007,2380,0
3114373,-0.199,9.546,1.817,0.026,-0.035,0.003,2382,0
3114393,-0.204,9.529,1.824,0.033,-0.034,-0.002,2380,0
3114413,-0.196,9.536,1.812,0.048,-0.03,-0.006,2380,0
3114433,-0.247,9.591,1.808,0.058,-0.033,-0.01,2381,0
3114453,-0.204,9.651,1.844,0.056,-0.035,-0.003,2382,0
3114473,-0.215,9.555,1.839,0.042,-0.035,-0.003,2381,0
3114493,-0.23,9.534,1.839,0.05,-0.039,-0.006,2382,0
3114513,-0.247,9.577,1.808,0.074,-0.037,0.002,2381,0
3114533,-0.223,9.601,1.848,0.077,-0.035,0.002,2382,0
3114553,-0.184,9.531,1.822,0.055,-0.037,-0.007,2381,0
3114573,-0.182,9.495,1.812,0.047,-0.03,-0.025,2382,0
3114593,-0.242,9.594,1.81,0.051,-0.027,-0.029,2382,0
3114613,-0.251,9.732,1.839,0.053,-0.03,-0.017,2381,0
3114633,-0.256,9.804,1.827,0.051,-0.034,-0.002,2383,0
3114653,-0.244,9.768,1.803,0.044,-0.033,0.005,2382,0
3114673,-0.227,9.68,1.769,0.041,-0.034,0.009,2382,0
3114693,-0.204,9.618,1.769,0.052,-0.028,0.01,2382,0
3114713,-0.235,9.663,1.815,0.055,-0.018,0.009,2383,0
3114733,-0.326,9.627,1.927,0.037,-0.025,0.006,2383,0
3114753,-0.326,9.546,1.987,0.046,-0.045,0.014,2381,0
3114773,-0.271,9.469,1.882,0.067,-0.051,0.016,2382,0
3114793,-0.206,9.483,1.865,0.068,-0.045,0.0,2381,0
3114813,-0.156,9.519,1.865,0.043,-0.038,-0.017,2383,0
3114833,-0.177,9.407,1.896,0.025,-0.038,-0.033,2383,0
3114853,-0.251,9.505,1.887,0.034,-0.047,-0.034,2382,0
3114873,-0.263,9.598,1.798,0.037,-0.049,-0.034,2382,0
3114893,-0.232,9.685,1.779,0.049,-0.04,-0.032,2383,0
3114913,-0.204,9.752,1.765,0.06,-0.037,-0.014,2382,0
3114933,-0.158,9.661,1.748,0.04,-0.039,-0.01,2383,0
3114953,-0.177,9.546,1.721,0.027,-0.041,-0.016,2384,0
3114973,-0.225,9.574,1.686,0.048,-0.037,-0.026,2383,0
3114993,-0.271,9.756,1.676,0.064,-0.026,-0.023,2383,0
3115013,-0.254,9.802,1.772,0.061,-0.023,-0.004,2384,0
3115033,-0.227,9.661,1.75,0.047,-0.023,0.002,2383,0
3115053,-0.18,9.493,1.817,0.051,-0.019,0.002,2383,0
3115073,-0.213,9.548,1.812,0.067,-0.018,-0.004,2383,0
3115093,-0.259,9.613,1.894,0.042,-0.018,-0.013,2383,0
3115113,-0.283,9.541,1.973,0.026,-0.029,-0.017,2383,0
3115133,-0.297,9.519,1.908,0.053,-0.043,-0.017,2383,0
3115153,-0.249,9.639,1.829,0.068,-0.044,-0.016,2383,0
3115173,-0.225,9.747,1.743,0.061,-0.033,-0.018,2383,0
3115193,-0.247,9.742,1.757,0.039,-0.025,-0.012,2383,0
3115213,-0.251,9.668,1.784,0.037,-0.025,0.001,2384,0
3115233,-0.225,9.598,1.808,0.038,-0.029,-0.004,2383,0
3115253,-0.247,9.608,1.829,0.053,-0.032,-0.006,2384,0
3115273,-0.271,9.663,1.769,0.062,-0.033,-0.005,2385,0
3115293,-0.283,9.689,1.762,0.051,-0.029,-0.005,2383,0
3115313,-0.268,9.663,1.808,0.05,-0.029,-0.0,2382,0
3115333,-0.208,9.637,1.808,0.057,-0.031,0.012,2383,0
3115353,-0.184,9.548,1.762,0.039,-0.029,0.006,2384,0
3115373,-0.211,9.503,1.769,0.029,-0.026,-0.009,2384,0
3115393,-0.275,9.577,1.753,0.039,-0.022,-0.017,2384,0
3115413,-0.306,9.689,1.822,0.06,-0.024,-0.003,2384,0
3115433,-0.292,9.79,1.822,0.06,-0.03,0.006,2385,0
3115453,-0.235,9.689,1.851,0.03,-0.041,0.011,2384,0
3115473,-0.172,9.536,1.81,0.029,-0.044,0.007,2384,0
3115493,-0.184,9.543,1.808,0.056,-0.036,0.004,2384,0
3115513,-0.251,9.701,1.815,0.056,-0.037,0.007,2384,0
3115533,-0.287,9.699,1.822,0.035,-0.041,0.013,2384,0
3115553,-0.259,9.57,1.772,0.029,-0.041,0.01,2384,0
3115573,-0.247,9.524,1.81,0.047,-0.047,0.01,3387,0
3115593,-0.247,9.527,1.721,0.064,-0.036,-0.003,2383,0
3115613,-0.271,9.445,1.69,0.08,-0.098,-0.001,2383,0
3115633,-0.177,9.546,2.093,0.126,-0.04,-0.026,2384,0
3115653,0.46,9.716,2.121,0.011,-0.07,0.022,2383,0
3115673,-1.257,9.476,1.786,-0.008,-0.031,0.009,2384,0
3115693,0.733,9.766,1.844,0.156,-0.052,-0.033,2383,0
3115713,-1.197,9.627,1.877,-0.033,-0.031,0.03,2383,0
3115733,0.797,9.744,1.772,0.086,-0.065,-0.025,2382,0
3115753,-1.25,9.371,1.604,-0.039,-0.03,-0.004,2383,0
3115773,0.857,9.771,1.846,0.066,-0.069,-0.007,2383,0
3115793,-1.305,9.56,1.434,0.053,-0.016,-0.01,2382,0
3115813,0.769,9.857,2.076,-0.017,-0.072,0.043,2383,0
3115833,-0.958,9.438,1.389,0.092,-0.006,-0.034,2385,0
3115853,0.395,9.615,2.227,-0.089,-0.067,0.054,2391,0
3115873,0.409,9.61,1.633,0.174,-0.031,-0.061,2384,0
3115893,-0.385,9.656,2.191,-0.101,-0.057,0.058,2383,0
3115913,0.218,9.776,1.583,0.176,-0.042,-0.051,2384,0
3115933,-1.053,9.529,1.786,-0.075,-0.042,0.041,2383,11
3115953,0.771,9.713,2.009,-0.015,-0.062,0.032,2383,15
3115973,-0.783,9.39,1.29,0.14,0.008,-0.054,2383,0
3115993,0.132,9.641,2.234,-0.093,-0.039,0.046,2383,0
3116013,-0.086,9.622,1.549,0.196,-0.006,-0.085,2382,0
3116033,-0.831,9.455,2.114,-0.03,-0.035,0.033,2383,0
3116053,0.685,9.685,1.743,0.246,-0.046,-0.049,2383,0
3116073,-1.334,9.567,1.511,0.074,-0.014,-0.013,2382,0
3116093,0.158,9.869,1.484,0.07,-0.06,-0.006,2384,0
3116113,-0.244,9.704,2.16,0.011,-0.031,0.003,2383,0
3116133,-0.345,9.596,1.743,0.045,-0.017,0.007,2383,0
3116153,-0.29,9.507,1.779,0.058,-0.033,0.013,2384,0
3116173,-0.189,9.419,1.798,0.04,-0.035,-0.002,2385,0
3116193,-0.196,9.416,1.803,0.046,-0.041,-0.023,2384,0
3116213,-0.211,9.558,1.741,0.069,-0.036,-0.028,2382,0
3116233,-0.266,9.692,1.642,0.079,-0.032,-0.021,2382,0
3116253,-0.287,9.78,1.681,0.056,-0.02,-0.028,2383,0
3116273,-0.266,9.68,1.717,0.003,-0.016,-0.035,2383,0
3116293,-0.244,9.55,1.817,0.006,-0.017,-0.038,2382,0
3116313,-0.268,9.634,1.891,0.058,-0.024,-0.026,2383,0
3116333,-0.287,9.797,1.846,0.075,-0.035,-0.02,2384,0
3116353,-0.278,9.807,1.805,0.049,-0.038,-0.014,2384,0
3116373,-0.271,9.742,1.812,0.035,-0.037,-0.004,2384,0
3116393,-0.237,9.67,1.884,0.041,-0.037,0.002,2384,0
3116413,-0.28,9.716,1.884,0.048,-0.046,0.002,2384,0
3116433,-0.263,9.742,1.805,0.026,-0.052,-0.003,2386,0
3116453,-0.239,9.694,1.741,0.011,-0.045,-0.002,2384,0
3116473,-0.247,9.574,1.762,0.022,-0.036,0.004,2384,0
3116493,-0.242,9.567,1.772,0.017,-0.034,0.003,2384,0
3116513,-0.271,9.553,1.791,0.017,-0.04,0.007,2383,0
3116533,-0.251,9.553,1.765,0.017,-0.048,-0.001,2386,0
3116553,-0.285,9.548,1.669,0.017,-0.044,-0.011,2384,0
3116573,-0.285,9.618,1.686,0.041,-0.033,-0.013,2384,0
3116593,-0.256,9.673,1.69,0.037,-0.021,-0.006,2384,0
3116613,-0.486,9.756,0.931,0.038,-0.0,-0.02,2384,0
3116633,-0.464,9.275,1.535,0.032,-0.038,-0.051,2388,0
3116653,0.634,9.562,1.8,0.07,-0.04,-0.031,2391,0
3116673,-0.927,9.598,1.987,-0.088,-0.018,0.04,2389,0
3116693,0.194,9.795,1.595,0.186,-0.013,-0.048,2391,0
3116713,-0.723,9.665,2.004,-0.108,-0.034,0.059,2393,0
3116733,0.508,9.754,1.58,0.139,-0.017,-0.05,2388,0
3116753,-0.984,9.493,1.839,-0.099,-0.006,0.039,2388,0
3116773,0.685,9.821,1.791,0.108,-0.017,-0.023,2388,0
3116793,-1.355,9.493,1.767,-0.018,0.007,0.025,2387,0
3116813,0.742,9.914,2.152,0.047,-0.05,0.037,2389,0
3116833,-0.632,9.567,1.561,0.141,-0.007,-0.036,2388,0
3116853,0.486,9.713,2.32,-0.054,-0.068,0.064,2386,0
3116873,0.096,9.718,1.652,0.207,-0.026,-0.034,2389,8
3116893,-1.044,9.503,2.069,-0.072,-0.036,0.071,2387,0
3116913,0.721,9.67,2.006,0.1,-0.055,0.001,2387,0
3116933,-1.317,9.108,1.733,-0.012,-0.027,0.003,2388,0
3116953,0.67,9.572,2.205,-0.024,-0.084,0.019,2387,0
3116973,-0.927,9.357,1.403,0.135,-0.026,-0.059,2387,0
3116993,0.0,9.768,2.21,-0.098,-0.075,0.053,2386,0
3117013,0.0,9.699,1.52,0.162,-0.031,-0.077,2389,0
3117033,-0.9,9.428,1.935,-0.125,-0.045,0.026,2387,0
3117053,0.812,9.716,1.796,0.119,-0.054,-0.036,2387,0
3117073,-1.228,9.316,1.518,0.023,-0.01,-0.019,2388,0
3117093,0.342,9.639,1.733,0.034,-0.048,-0.006,2390,0
3117113,-0.129,9.68,2.15,0.005,-0.01,-0.018,2391,0
3117133,-0.127,9.625,1.674,0.038,-0.011,-0.016,2389,0
3117153,-0.163,9.687,1.733,0.049,-0.014,-0.016,2391,0
3117173,-0.213,9.706,1.815,0.042,-0.015,-0.007,2391,0
3117193,-0.275,9.682,1.863,0.037,-0.018,-0.005,2390,0
3117213,-0.34,9.661,1.884,0.052,-0.029,0.005,2388,0
3117233,-0.304,9.627,1.882,0.062,-0.038,0.012,2389,0
3117253,-0.239,9.606,1.923,0.06,-0.032,0.002,2389,0
3117273,-0.278,9.608,1.951,0.051,-0.029,-0.002,2390,0
3117293,-0.294,9.634,1.963,0.029,-0.03,-0.001,2390,0
3117313,-0.402,9.55,2.025,0.029,-0.035,0.001,2391,0
3117333,-0.352,9.56,2.018,0.038,-0.051,0.002,2390,0
3117353,-0.33,9.519,2.054,0.019,-0.053,-0.014,2390,0
3117373,-0.335,9.493,2.143,0.028,-0.071,-0.016,2391,0
3117393,-0.338,9.476,2.114,0.042,-0.091,-0.013,2390,0
3117413,-0.251,9.361,1.987,0.026,-0.103,-0.018,2391,0
3117433,-0.192,9.301,1.81,0.009,-0.102,-0.035,2393,0
3117453,-0.141,9.256,1.717,-0.008,-0.083,-0.055,2391,0
3117473,-0.115,9.335,1.717,-0.009,-0.064,-0.077,2390,0
3117493,-0.215,9.414,1.738,-0.002,-0.052,-0.092,2389,0
3117513,-0.306,9.505,1.776,0.013,-0.049,-0.103,2391,0
3117533,-0.359,9.627,1.87,0.02,-0.048,-0.107,2390,0
3117553,-0.388,9.646,2.023,0.037,-0.058,-0.091,2391,0
3117573,-0.338,9.584,2.066,0.051,-0.076,-0.083,2390,0
3117593,-0.268,9.567,1.954,0.047,-0.08,-0.082,2387,0
3117613,-0.51,9.639,1.125,0.05,-0.063,-0.107,2389,0
3117633,-0.548,9.366,1.793,0.059,-0.093,-0.134,2388,0
3117653,0.417,9.823,1.999,0.088,-0.102,-0.087,2388,0
3117673,-1.48,9.641,1.705,-0.011,-0.06,-0.051,2387,0
3117693,0.316,9.701,1.674,0.136,-0.064,-0.102,2388,0
3117713,-1.47,9.354,1.697,-0.023,-0.038,-0.067,2388,0
3117733,0.438,9.725,1.963,0.131,-0.075,-0.102,2388,0
3117753,-1.525,9.491,1.978,-0.013,-0.067,-0.031,2389,0
3117773,0.546,10.005,2.145,0.122,-0.116,-0.027,2389,0
3117793,-1.525,9.56,1.647,0.066,-0.065,-0.031,2388,0
3117813,-0.213,9.716,2.306,-0.088,-0.107,0.058,2391,0
3117833,-0.891,9.395,1.444,0.156,-0.043,-0.055,2390,0
3117853,-0.831,9.503,2.004,-0.126,-0.059,0.038,2388,0
3117873,0.642,9.771,1.765,0.112,-0.057,-0.041,2388,0
3117893,-1.343,9.503,1.626,-0.029,-0.032,-0.006,2388,0
3117913,0.656,10.195,1.963,0.065,-0.08,0.031,2389,10
3117933,-1.223,9.835,1.279,0.17,-0.022,0.009,2388,0
3117953,-0.096,10.204,2.167,-0.022,-0.071,0.131,2390,0
3117973,-0.539,9.924,1.547,0.243,-0.027,0.042,2390,0
3117993,-1.092,9.56,2.078,-0.067,-0.054,0.163,2388,0
3118013,0.424,9.519,1.86,0.176,-0.044,0.074,2389,0
3118033,-1.456,8.995,1.64,0.009,0.002,0.086,2389,0
3118053,0.51,9.457,2.267,-0.003,-0.026,0.082,2389,0
3118073,-1.01,9.069,1.626,0.12,0.03,-0.019,2388,0
3118093,-0.134,9.292,2.263,-0.041,-0.033,0.034,2392,0
3118113,-0.347,9.55,1.982,0.021,0.019,-0.014,2391,0
3118133,-0.254,9.567,1.836,0.043,-0.019,-0.021,2393,0
3118153,-0.354,9.699,1.966,0.067,-0.036,-0.014,2392,0
3118173,-0.385,9.799,1.956,0.08,-0.054,0.008,2393,0
3118193,-0.311,9.744,1.884,0.066,-0.06,0.022,2395,0
3118213,-0.208,9.596,1.877,0.056,-0.058,0.022,2391,0
3118233,-0.153,9.488,1.796,0.061,-0.047,0.012,2392,0
3118253,-0.12,9.51,1.717,0.052,-0.033,-0.006,2392,0
3118273,-0.105,9.589,1.7,0.03,-0.011,-0.006,2393,0
3118293,-0.108,9.558,1.81,0.03,-0.005,-0.002,2390,0
3118313,-0.175,9.594,1.82,0.038,-0.013,-0.009,2393,0
3118333,-0.242,9.685,1.805,0.064,-0.026,-0.007,2397,0
3118353,-0.225,9.821,1.781,0.099,-0.03,0.011,2391,0
3118373,-0.323,9.931,1.791,0.112,-0.02,0.038,2390,0
3118393,-0.381,9.773,1.908,0.079,-0.018,0.049,2391,0
3118413,-0.385,9.51,1.966,0.074,-0.019,0.044,2392,0
3118433,-0.278,9.428,1.978,0.086,-0.01,0.032,2393,0
3118453,-0.268,9.445,2.004,0.054,0.012,0.009,2390,0
3118473,-0.333,9.462,2.109,0.006,0.01,-0.007,2392,0
3118493,-0.393,9.51,2.155,0.005,-0.01,-0.01,2392,0
3118513,-0.4,9.56,2.133,0.024,-0.037,-0.003,2393,0
3118533,-0.328,9.536,2.023,0.044,-0.053,0.002,2393,0
3118553,-0.321,9.488,1.901,0.054,-0.064,0.0,2391,0
3118573,-0.273,9.505,1.748,0.048,-0.066,-0.008,2392,0
3118593,-0.297,9.55,1.695,0.035,-0.055,-0.018,2392,0
3118613,-0.321,9.634,1.674,0.038,-0.041,-0.013,2392,0
3118633,-0.283,9.591,1.726,0.031,-0.03,-0.012,2391,0
3118653,-0.232,9.553,1.731,0.03,-0.022,-0.021,2393,0
3118673,-0.194,9.524,1.781,0.028,-0.021,-0.029,2391,0
3118693,-0.189,9.57,1.784,0.039,-0.019,-0.031,2392,0
3118713,-0.227,9.644,1.834,0.043,-0.018,-0.027,2391,0
3118733,-0.299,9.675,1.901,0.043,-0.027,-0.024,2391,0
3118753,-0.345,9.634,1.865,0.05,-0.038,-0.014,2392,0
3118773,-0.299,9.632,1.812,0.07,-0.037,-0.007,2391,0
3118793,-0.275,9.57,1.796,0.066,-0.029,-0.013,2392,0
3118813,-0.268,9.546,1.853,0.052,-0.034,-0.019,2392,0
3118833,-0.256,9.5,1.851,0.05,-0.035,-0.021,2389,0
3118853,-0.259,9.594,1.791,0.056,-0.035,-0.024,2391,0
3118873,-0.283,9.658,1.733,0.039,-0.02,-0.032,2392,0
3118893,-0.309,9.694,1.788,0.034,-0.008,-0.027,2391,0
3118913,-0.323,9.661,1.932,0.046,-0.007,-0.019,2392,0
3118933,-0.314,9.627,1.935,0.041,-0.021,-0.018,2391,0
3118953,-0.237,9.618,1.901,0.04,-0.027,-0.015,2391,0
3118973,-0.256,9.665,1.872,0.044,-0.019,-0.014,2392,0
3118993,-0.311,9.723,1.899,0.039,-0.017,-0.006,2392,0
3119013,-0.385,9.713,1.915,0.04,-0.021,0.0,2390,0
3119033,-0.362,9.685,1.896,0.052,-0.03,0.007,2391,0
3119053,-0.311,9.644,1.858,0.052,-0.034,0.007,2392,0
3119073,-0.244,9.553,1.834,0.031,-0.031,0.002,2392,0
3119093,-0.304,9.493,1.832,0.032,-0.026,-0.008,2391,0
3119113,-0.39,9.582,1.872,0.042,-0.024,-0.009,2394,0
3119133,-0.412,9.598,1.858,0.044,-0.031,-0.0,2391,0
3119153,-0.369,9.546,1.879,0.05,-0.041,0.002,2393,0
3119173,-0.345,9.558,1.829,0.059,-0.041,-0.003,2392,0
3119193,-0.328,9.572,1.841,0.064,-0.044,-0.004,2391,0
3119213,-0.314,9.641,1.829,0.059,-0.047,-0.006,2392,0
3119233,-0.299,9.663,1.796,0.05,-0.041,-0.003,2392,0
3119253,-0.285,9.637,1.753,0.046,-0.031,-0.0,2390,0
3119273,-0.318,9.697,1.788,0.044,-0.025,-0.001,2391,0
3119293,-0.33,9.706,1.856,0.028,-0.023,0.005,2393,0
3119313,-0.364,9.697,1.889,0.03,-0.03,0.006,2392,0
3119333,-0.309,9.62,1.87,0.037,-0.033,0.013,2392,0
3119353,-0.23,9.541,1.798,0.047,-0.029,0.013,2392,0
3119373,-0.232,9.536,1.81,0.041,-0.022,0.006,2392,0
3119393,-0.335,9.651,1.836,0.023,-0.021,-0.001,2392,0
3119413,-0.407,9.687,1.865,0.02,-0.03,0.004,2391,0
3119433,-0.383,9.598,1.817,0.043,-0.034,0.016,2393,0
3119453,-0.309,9.536,1.774,0.058,-0.031,0.014,2395,0
3119473,-0.285,9.541,1.781,0.044,-0.026,0.005,2395,0
3119493,-0.321,9.574,1.863,0.034,-0.024,-0.003,2392,0
3119513,-0.383,9.62,1.846,0.039,-0.026,0.002,2393,0
3119533,-0.35,9.541,1.817,0.036,-0.03,0.002,2394,0
3119553,-0.323,9.507,1.81,0.041,-0.017,-0.002,2390,0
3119573,-0.326,9.503,1.867,0.047,-0.01,-0.007,2392,0
3119593,-0.35,9.546,1.901,0.038,-0.015,-0.009,2395,0
3119613,-0.318,9.543,1.87,0.026,-0.023,-0.017,2394,0
3119633,-0.294,9.519,1.836,0.029,-0.022,-0.024,2393,0
3119653,-0.302,9.613,1.836,0.041,-0.014,-0.035,2395,0
3119673,-0.326,9.728,1.858,0.044,-0.013,-0.028,2394,0
3119693,-0.304,9.816,1.872,0.048,-0.017,-0.01,2393,0
3119713,-0.242,9.79,1.844,0.043,-0.019,0.005,2395,0
3119733,-0.242,9.656,1.86,0.044,-0.018,0.014,2392,0
3119753,-0.249,9.615,1.853,0.055,-0.02,0.021,2392,0
3119773,-0.273,9.61,1.841,0.06,-0.017,0.017,2392,0
3119793,-0.316,9.685,1.882,0.054,-0.016,0.015,2394,0
3119813,-0.369,9.716,1.93,0.053,-0.022,0.018,2392,0
3119833,-0.314,9.701,1.887,0.037,-0.033,0.02,2392,0
3119853,-0.218,9.601,1.788,0.023,-0.027,0.016,2394,0
3119873,-0.163,9.553,1.633,0.021,-0.009,0.006,2394,0
3119893,0.002,9.728,1.465,-0.002,0.019,-0.006,2394,0
3119913,0.397,10.07,1.393,-0.035,0.05,-0.02,2396,0
3119933,0.893,10.64,1.362,-0.052,0.125,-0.02,2397,0
3119953,0.651,12.335,2.148,0.061,0.214,0.001,2410,0
3119973,-0.481,16.321,2.648,0.176,0.297,0.162,2423,0
3119993,-1.937,19.759,4.793,0.239,0.076,0.748,2663,0
3120013,-2.373,20.384,5.308,0.381,-0.554,1.711,4095,0
3120033,-1.733,20.944,4.195,0.494,-0.874,2.616,4095,0
3120053,-1.978,21.84,4.573,0.329,-1.106,3.253,2850,0
3120073,-2.643,20.952,3.663,0.098,-1.589,4.078,2924,0
3120093,-1.736,19.036,1.604,0.554,-1.968,5.18,3062,0
3120113,-1.721,16.513,0.488,0.622,-1.831,5.81,3179,0
3120133,-1.602,12.926,-2.509,-0.416,-1.213,5.809,3249,2534
3120153,-1.856,6.764,0.019,-1.348,-0.826,5.759,3300,3297
3120173,-1.044,2.883,0.232,-1.279,-0.776,5.609,3329,3488
3120193,0.646,-0.165,-0.101,-0.936,-0.52,5.25,3332,3462
3120213,-0.543,-2.291,-0.661,-0.819,-0.401,4.435,3324,3295
3120233,1.681,-4.204,-0.472,-0.958,-0.532,3.827,3309,3205
3120253,1.879,-8.04,-1.587,-0.811,-0.489,3.058,3297,3237
3120273,3.903,-10.235,-2.15,-0.529,-0.283,1.873,3284,3316
3120293,3.235,-11.562,-1.882,-0.355,-0.022,0.801,3276,3505
3120313,3.536,-12.1,-2.078,0.071,-0.026,-0.307,3270,3584
3120333,3.979,-12.735,-1.942,0.171,0.171,-1.507,3267,3656
3120353,2.44,-12.163,-2.033,0.386,0.498,-3.0,3265,3671
3120373,1.872,-10.355,-0.369,0.205,0.654,-4.134,3265,3698
3120393,-1.168,-10.07,0.002,0.108,0.407,-5.27,3272,3761
3120413,-0.848,-8.21,0.565,-0.051,0.12,-6.418,3282,3839
3120433,-3.211,-7.063,-0.658,-0.044,0.387,-7.68,3284,3862
3120453,-3.943,-3.285,-0.991,0.135,0.86,-8.731,3285,3885
3120473,-8.914,-2.327,0.783,0.31,1.234,-8.731,3286,3943
3120493,-15.584,2.591,-0.223,2.204,1.758,-8.731,3288,4019
3120513,-21.732,31.328,-2.191,2.683,2.128,-8.731,3292,4055
3120533,-27.177,47.329,1.12,-0.807,0.961,-5.125,3289,4095
3120553,-21.464,41.822,2.636,-1.836,0.397,-2.81,3284,4095
3120573,-16.527,44.295,5.195,-0.444,0.626,-1.115,3280,4095
3120593,-10.276,35.59,5.868,0.471,0.238,1.35,3280,4095
3120613,-6.009,29.595,5.229,0.466,-0.159,2.873,3278,4095
3120633,-5.284,25.575,4.247,0.065,-0.259,3.874,3275,4095
3120653,-5.667,21.893,3.697,0.366,-0.084,4.803,3272,4095
3120673,-6.263,18.881,3.335,0.423,-0.131,5.805,3272,4049
3120693,-5.823,12.941,2.581,-0.392,-0.378,6.435,3266,3930
3120713,-4.726,6.266,1.64,-1.219,-0.599,6.157,3264,3864
3120733,-3.428,1.039,0.139,-1.586,-0.738,5.527,3263,3826
3120753,-2.88,-1.939,-0.8,-1.199,-0.833,5.087,3260,3824
3120773,-1.815,-3.907,-1.982,-0.532,-0.84,4.689,3257,3816
3120793,-0.441,-5.878,-2.595,0.155,-0.698,4.206,3257,3785
3120813,1.152,-7.858,-2.459,0.525,-0.569,3.602,3258,3776
3120833,3.304,-11.38,-1.899,0.099,-0.467,2.042,3253,3784
3120853,4.329,-13.211,-1.578,-0.294,-0.241,0.32,3250,3795
3120873,4.293,-12.076,-1.202,-0.689,-0.177,-0.896,3249,3755
3120893,4.578,-12.895,-1.204,-1.415,-0.026,-2.022,3249,3701
3120913,3.761,-14.145,-0.855,-1.02,0.415,-3.67,3248,3676
3120933,1.025,-9.072,0.086,-0.608,0.851,-5.381,3248,3632
3120953,-1.484,-5.164,1.489,-0.804,1.022,-6.469,3246,3593
3120973,-3.656,-3.541,2.772,-0.359,1.27,-7.191,3243,3636
3120993,-7.697,1.286,2.222,1.767,2.085,-8.673,3239,3672
3121013,-16.216,26.128,3.584,1.895,1.951,-8.224,3240,3733
3121033,-18.335,33.148,6.979,-1.352,0.147,-4.211,3237,3867
3121053,-14.152,28.936,5.598,-0.811,0.193,-3.241,3232,3996
3121073,-12.445,37.256,5.198,1.303,0.713,-2.484,3233,4003
3121093,-11.535,39.497,5.753,1.215,0.272,0.012,3232,4010
3121113,-7.688,32.769,4.817,0.224,-0.319,2.009,3232,4022
3121133,-7.254,27.478,4.812,0.222,-0.324,2.911,3231,4014
3121153,-5.995,26.078,4.808,1.024,-0.319,4.112,3231,4006
3121173,-7.913,24.342,3.764,1.571,-0.254,5.55,3229,3952
3121193,-7.561,20.997,2.823,1.027,-0.381,6.516,3231,3932
3121213,-5.713,13.233,2.38,-0.35,-0.508,6.866,3229,3887
3121233,-5.631,4.999,0.838,-0.902,-0.53,6.768,3228,3847
3121253,-3.589,0.816,0.438,-0.979,-0.543,6.433,3228,3801
3121297,0.615,-11.562,-1.053,-0.138,-0.559,5.288,3227,3793
3121307,0.907,-13.941,-1.432,0.163,-0.481,4.77,3227,3792
3121317,1.413,-14.684,-1.86,0.304,-0.439,3.979,3227,3797
3121333,2.636,-16.125,-2.148,-0.05,-0.286,2.484,3225,3832
3121353,4.623,-16.623,-1.856,-0.037,-0.197,0.888,3228,3869
3121373,3.795,-16.194,-1.604,-0.117,-0.094,-0.517,3226,3893
3121393,3.0,-14.823,-2.073,-0.16,0.074,-2.175,3222,3914
3121413,2.409,-12.859,-0.998,-0.366,0.458,-3.873,3223,3911
3121433,-2.093,-11.174,-0.965,-0.295,0.683,-5.384,3219,3914
3121453,-2.859,-6.388,0.455,-0.437,0.43,-6.283,3218,3950
3121473,-4.324,-4.379,0.464,-1.131,0.511,-7.037,3216,4015
3121493,-3.28,-5.104,-0.33,-1.311,1.245,-8.504,3214,4011
3121513,-12.299,-2.045,3.141,0.844,2.365,-8.731,3213,3962
3121533,-21.656,21.457,4.446,3.604,1.366,-7.89,3215,4088
3121553,-18.325,45.523,2.09,0.392,-0.689,-3.968,3215,4095
3121573,-11.363,30.083,1.525,-4.78,0.453,-4.236,3212,4095
3121593,-15.61,32.506,7.594,-1.126,1.528,-4.249,3211,4095
3121613,-11.732,38.209,8.054,1.323,0.527,-0.407,3212,4095
3121633,-7.86,31.173,7.178,1.752,-0.04,1.768,3210,4095
3121653,-7.779,31.728,6.783,0.821,-0.023,2.324,3208,4095
3121673,-9.996,29.521,6.8,0.075,-0.468,3.66,3207,4095
3121693,-10.86,27.112,5.246,1.194,-0.619,5.468,3207,4095
3121713,-9.905,25.419,3.208,1.77,-0.535,7.053,3205,4095
3121733,-10.285,19.192,2.705,0.983,-0.391,7.809,3206,4095
3121753,-9.057,11.734,1.59,0.024,-0.559,8.351,3204,4095
3121773,-7.951,5.128,0.757,-0.418,-0.498,8.295,3208,4095
3121793,-7.135,0.649,-0.235,-0.527,-0.401,8.031,3206,4081
3121813,-5.449,-6.072,-0.548,-0.631,-0.48,7.205,3207,4062
3121833,-3.747,-10.551,-0.522,-0.197,-0.532,6.117,3207,4047
3121853,-1.824,-10.257,-1.099,0.242,-0.63,5.495,3208,4038
3121873,-0.038,-11.471,-1.192,0.337,-0.509,4.79,3206,3991
3121893,1.738,-14.585,-0.747,-0.216,-0.561,2.995,3209,3930
3121913,3.407,-16.554,-1.085,-0.831,-0.318,0.909,3211,3727
3121933,4.089,-15.637,-1.188,-0.787,0.052,-0.83,3217,3382
3121953,3.12,-13.475,-0.974,-0.624,0.5,-2.491,3215,2497
3121973,2.253,-9.874,-0.455,-0.312,0.627,-3.844,3209,0
3121993,1.199,-6.215,-0.426,-0.303,0.731,-4.709,3182,0
3122013,1.149,-4.544,-0.618,-0.286,1.212,-5.512,3122,0
3122033,-0.381,-2.875,0.639,0.109,1.666,-6.588,3012,0
3122053,-2.09,1.882,1.12,0.928,1.758,-7.178,2897,0
3122073,-2.33,10.326,1.547,1.063,1.379,-6.528,2778,0
3122093,-1.173,11.937,0.821,0.276,1.501,-5.994,2650,0
3122113,-3.364,11.013,3.299,0.779,1.92,-6.599,2549,0
3122133,-4.855,18.866,3.577,1.839,1.457,-5.782,2445,0
3122153,-4.662,24.596,0.888,0.682,0.785,-4.211,2346,0
3122173,-5.911,21.079,0.797,-2.316,0.625,-3.683,2281,0
3122193,-5.792,17.279,6.043,-0.877,0.46,-3.039,2250,0
3122213,-5.823,16.597,3.275,2.402,0.483,-1.651,2229,0
3122233,-4.355,25.256,0.888,3.434,0.279,-0.523,2220,0
3122253,-4.429,23.669,0.663,-0.174,0.046,-0.148,2209,0
3122273,-1.669,14.813,2.854,-2.78,-0.239,-0.279,2203,0
3122293,-1.724,9.409,2.926,-1.697,-0.194,-0.208,2203,0
3122313,-0.52,9.946,3.27,0.394,-0.026,0.294,2208,0
3122333,-1.652,10.053,2.253,1.511,0.003,0.579,2210,9
3122353,-0.515,10.836,2.588,0.939,-0.114,0.506,2214,0
3122373,-2.059,9.991,1.583,-0.048,-0.142,0.193,2220,0
3122393,-0.453,9.045,1.757,-0.375,-0.212,0.187,2224,0
3122413,-2.083,8.203,0.879,-0.012,-0.11,0.236,2227,0
3122433,-0.39,8.562,1.049,0.425,-0.054,0.27,2233,0
3122453,-2.399,9.172,0.668,0.308,0.025,0.239,2237,0
3122473,-0.625,9.498,1.211,-0.056,-0.035,0.14,2240,0
3122493,-2.071,8.878,1.403,-0.536,-0.067,0.076,2244,0
3122513,-0.182,8.432,1.355,-0.311,-0.033,-0.029,2245,0
3122533,-1.216,8.308,1.877,-0.079,0.066,-0.03,2252,0
3122553,-1.288,9.206,1.185,0.267,0.123,-0.051,2255,0
