1719403,1.465,9.471,-1.772,0.114,-0.078,-0.039,2527,0
1719423,1.511,9.637,-1.894,0.142,-0.073,-0.047,2526,0
1719443,1.504,9.641,-1.968,0.117,-0.058,-0.063,2526,0
1719463,1.453,9.673,-2.093,0.111,-0.072,-0.064,2525,0
1719483,1.46,9.708,-2.181,0.097,-0.087,-0.051,2526,0
1719503,1.472,9.697,-2.207,0.086,-0.09,-0.009,2526,0
1719523,1.489,9.778,-2.15,0.081,-0.079,0.003,2527,0
1719543,1.484,9.766,-2.174,0.035,-0.078,0.017,2525,0
1719563,1.528,9.651,-2.167,0.01,-0.073,0.039,2528,0
1719583,1.573,9.448,-2.179,0.0,-0.058,0.06,2526,0
1719603,1.585,9.424,-2.234,0.035,-0.035,0.048,2525,0
1719623,1.53,9.543,-2.116,0.04,-0.011,0.039,2525,0
1719643,1.484,9.577,-2.09,0.04,-0.009,0.029,2525,0
1719663,1.46,9.493,-2.052,-0.008,-0.011,0.006,2524,0
1719683,1.46,9.436,-2.105,-0.024,-0.029,0.008,2524,0
1719703,1.52,9.5,-2.184,0.001,-0.041,0.019,2526,0
1719723,1.535,9.469,-2.31,0.031,-0.019,0.031,2528,0
1719743,1.561,9.582,-2.267,0.049,0.017,0.013,2527,0
1719763,1.518,9.531,-2.179,-0.005,0.051,0.005,2527,0
1719783,1.508,9.479,-2.061,-0.017,0.052,0.021,2527,0
1719803,1.52,9.361,-2.004,-0.019,0.049,0.043,2525,0
1719823,1.499,9.325,-2.054,0.031,0.051,0.027,2527,0
1719843,1.547,9.342,-2.011,0.043,0.051,-0.014,2529,0
1719863,1.544,9.258,-2.011,0.04,0.055,-0.037,2527,0
1719883,1.496,9.313,-1.961,0.049,0.056,-0.057,2527,0
1719903,1.36,9.459,-2.047,0.048,0.055,-0.06,2527,0
1719923,1.341,9.649,-2.014,0.064,0.041,-0.057,2526,0
1719943,1.379,9.562,-1.908,0.032,0.041,-0.048,2527,0
1719963,1.408,9.402,-1.824,0.039,0.048,-0.046,2527,0
1719983,1.41,9.433,-1.76,0.075,0.037,-0.035,2526,0
1720003,1.348,9.493,-1.796,0.084,0.009,-0.032,2526,0
1720023,1.377,9.538,-1.822,0.068,-0.02,-0.035,2527,0
1720043,1.444,9.438,-1.817,0.032,-0.003,-0.051,2528,0
1720063,1.468,9.321,-1.772,0.032,0.018,-0.071,2526,0
1720083,1.492,9.33,-1.63,0.036,0.0,-0.096,2528,0
1720103,1.365,9.471,-1.666,0.018,-0.033,-0.113,2527,0
1720123,1.195,9.73,-1.877,0.022,-0.059,-0.119,2527,0
1720143,1.144,9.938,-2.071,0.029,-0.068,-0.104,2527,0
1720163,1.214,9.924,-2.172,0.018,-0.066,-0.058,2528,0
1720183,1.293,9.838,-2.2,0.034,-0.062,-0.01,2526,0
1720203,1.343,9.831,-2.176,0.074,-0.055,0.018,2526,0
1720223,1.396,9.661,-2.102,0.081,-0.055,0.052,2527,0
1720243,1.439,9.55,-1.92,0.077,-0.045,0.059,2526,0
1720263,1.427,9.455,-1.822,0.056,-0.026,0.045,2526,0
1720283,1.422,9.464,-1.858,0.043,-0.029,0.039,2527,0
1720303,1.437,9.543,-1.863,0.038,-0.039,0.03,2526,0
1720323,1.446,9.414,-1.879,0.018,-0.037,0.014,2528,0
1720343,1.425,9.335,-1.908,0.025,-0.036,0.009,2526,0
1720363,1.46,9.388,-2.047,0.072,-0.018,-0.027,2526,0
1720383,1.403,9.438,-2.052,0.101,-0.009,-0.049,2526,0
1720403,1.35,9.507,-2.174,0.136,0.008,-0.077,2528,0
1720423,1.298,9.613,-2.148,0.148,0.007,-0.067,2528,0
1720443,1.267,9.653,-2.095,0.129,-0.016,-0.039,2528,0
1720463,1.343,9.639,-1.887,0.088,-0.054,-0.01,2527,0
1720483,1.264,9.603,-1.848,0.026,-0.087,0.016,2527,0
1720503,1.235,9.577,-1.954,-0.007,-0.088,0.028,2527,0
1720523,1.219,9.653,-2.078,0.0,-0.103,0.036,2528,0
1720543,1.264,9.558,-2.198,0.026,-0.099,0.043,2530,0
1720563,1.341,9.452,-2.174,0.06,-0.089,0.028,2528,0
1720583,1.396,9.414,-2.1,0.044,-0.071,0.002,2527,0
1720603,1.35,9.474,-2.071,0.015,-0.056,-0.021,2526,0
1720623,1.358,9.555,-2.119,0.003,-0.06,-0.009,2527,0
1720643,1.372,9.598,-2.133,-0.005,-0.049,-0.013,2528,0
1720663,1.401,9.541,-2.248,-0.018,-0.031,-0.023,2526,0
1720683,1.393,9.541,-2.128,-0.023,-0.01,-0.037,2527,0
1720703,1.348,9.579,-2.073,-0.036,-0.008,-0.029,2528,0
1720723,1.362,9.531,-1.942,-0.01,-0.024,-0.002,2528,0
1720743,1.369,9.51,-1.994,0.045,-0.02,0.019,2528,0
1720763,1.36,9.548,-1.985,0.061,-0.014,0.027,2527,0
1720783,1.391,9.493,-2.042,0.022,-0.015,0.024,2527,0
1720803,1.393,9.421,-2.018,-0.011,-0.015,-0.001,2526,0
1720823,1.448,9.459,-1.942,0.015,-0.02,-0.013,2526,0
1720843,1.444,9.574,-1.954,0.047,-0.017,-0.011,2527,0
1720863,1.446,9.598,-1.999,0.047,-0.011,-0.005,2527,0
1720883,1.458,9.603,-1.98,0.004,-0.011,-0.014,2526,0
1720903,1.42,9.598,-2.014,-0.019,-0.018,-0.013,2527,0
1720923,1.384,9.634,-2.011,-0.007,-0.019,-0.0,2529,0
1720943,1.377,9.649,-2.054,0.023,-0.015,0.025,2527,0
1720963,1.358,9.661,-2.014,0.039,0.002,0.042,2527,0
1720983,1.348,9.606,-2.011,0.031,0.009,0.055,2527,0
1721003,1.386,9.503,-1.899,0.006,0.007,0.051,2527,0
1721023,1.403,9.392,-1.889,-0.002,0.01,0.041,2527,0
1721043,1.42,9.419,-1.856,0.031,0.018,0.027,2526,0
1721063,1.377,9.527,-1.844,0.042,0.011,0.011,2527,0
1721083,1.398,9.515,-1.92,0.02,-0.006,0.004,2527,0
1721103,1.41,9.534,-2.021,-0.013,-0.009,-0.006,2527,0
1721123,1.46,9.493,-1.997,-0.03,0.007,-0.018,2528,0
1721143,1.446,9.474,-1.97,-0.021,0.02,-0.023,2527,0
1721163,1.417,9.56,-1.925,0.02,0.014,-0.016,2527,0
1721183,1.405,9.658,-1.915,0.053,0.01,-0.009,2528,0
1721203,1.422,9.629,-1.939,0.024,0.005,0.009,2527,0
1721223,1.475,9.503,-1.942,-0.002,0.005,0.027,2528,0
1721243,1.542,9.476,-1.86,0.021,0.025,0.017,2526,0
1721263,1.468,9.483,-1.808,0.05,0.029,0.013,2528,0
1721283,1.484,9.527,-1.75,0.057,0.01,0.001,2527,0
1721303,1.47,9.452,-1.765,0.031,0.006,-0.002,2527,0
1721323,1.482,9.464,-1.76,0.02,0.01,-0.006,2528,0
1721343,1.508,9.462,-1.671,0.004,0.005,-0.021,2527,0
1721363,1.439,9.476,-1.803,0.015,0.0,-0.039,2526,0
1721383,1.389,9.639,-1.836,0.003,-0.014,-0.043,2528,0
1721403,1.341,9.754,-1.829,-0.043,-0.023,-0.026,2529,0
1721423,1.35,9.653,-1.738,-0.107,-0.034,-0.005,2528,0
1721443,1.401,9.498,-1.664,-0.077,-0.031,-0.002,2526,0
1721463,1.427,9.448,-1.664,0.002,-0.027,0.007,2527,0
1721483,1.398,9.421,-1.7,0.066,-0.032,0.017,2527,0
1721503,1.429,9.414,-1.697,0.081,-0.036,0.016,2528,0
1721523,1.386,9.479,-1.693,0.062,-0.021,-0.007,2528,0
1721543,1.35,9.553,-1.707,0.053,-0.012,-0.027,2528,0
1721563,1.35,9.56,-1.714,0.058,-0.014,-0.034,2527,0
1721583,1.369,9.519,-1.707,0.049,-0.015,-0.04,2528,0
1721603,1.31,9.565,-1.674,0.039,-0.01,-0.05,2526,0
1721623,1.288,9.649,-1.671,0.024,-0.021,-0.06,2527,0
1721643,1.25,9.708,-1.669,-0.002,-0.037,-0.052,2527,0
1721663,1.298,9.713,-1.657,0.013,-0.054,-0.033,2527,0
1721683,1.326,9.644,-1.697,0.022,-0.05,-0.021,2527,0
1721703,1.362,9.618,-1.721,0.042,-0.059,-0.006,2527,0
1721723,1.369,9.582,-1.75,0.028,-0.062,0.007,2527,0
1721743,1.386,9.527,-1.659,0.03,-0.066,0.003,2527,0
1721763,1.379,9.553,-1.611,0.029,-0.077,-0.004,2527,0
1721783,1.348,9.572,-1.654,0.039,-0.092,-0.002,2527,0
1721803,1.365,9.543,-1.769,0.055,-0.107,0.01,2528,0
1721823,1.391,9.522,-1.879,0.055,-0.096,0.002,2528,0
1721843,1.441,9.543,-1.87,0.041,-0.086,-0.023,2527,0
1721863,1.403,9.546,-1.796,0.01,-0.072,-0.037,2527,0
1721883,1.377,9.641,-1.853,0.021,-0.062,-0.031,2527,0
1721903,1.386,9.644,-1.834,0.028,-0.056,-0.016,2526,0
1721923,1.384,9.62,-1.901,0.055,-0.056,-0.008,2526,0
1721943,1.413,9.641,-1.856,0.065,-0.046,-0.009,2527,0
1721963,1.415,9.61,-1.784,0.066,-0.038,0.005,2525,0
1721983,1.425,9.51,-1.709,0.059,-0.027,0.015,2527,0
1722003,1.415,9.493,-1.726,0.09,-0.031,0.024,2526,0
1722023,1.448,9.531,-1.705,0.106,-0.033,0.011,2527,0
1722043,1.401,9.476,-1.82,0.101,-0.041,-0.001,2527,0
1722063,1.417,9.598,-1.757,0.079,-0.037,-0.016,2527,0
1722083,1.355,9.625,-1.781,0.054,-0.027,-0.024,2525,0
1722103,1.365,9.651,-1.75,0.057,-0.029,-0.016,2527,0
1722123,1.389,9.634,-1.779,0.061,-0.034,-0.018,2529,0
1722143,1.429,9.5,-1.712,0.051,-0.048,-0.018,2528,0
1722163,1.437,9.376,-1.705,0.044,-0.061,-0.018,2526,0
1722183,1.369,9.34,-1.69,0.05,-0.07,-0.022,2527,0
1722203,1.238,9.445,-1.786,0.089,-0.072,-0.023,2527,0
1722223,1.178,9.613,-1.889,0.129,-0.076,-0.021,2527,0
1722243,1.192,9.67,-1.918,0.11,-0.086,-0.016,2527,0
1722263,1.29,9.615,-1.877,0.071,-0.096,-0.004,2527,0
1722283,1.35,9.591,-1.846,0.054,-0.089,-0.013,2526,0
1722303,1.331,9.675,-1.884,0.08,-0.092,-0.009,2527,0
1722323,1.302,9.795,-1.937,0.091,-0.1,0.006,2526,0
1722343,1.329,9.72,-2.006,0.073,-0.098,0.025,2527,0
1722363,1.355,9.641,-1.925,0.04,-0.073,0.035,2527,0
1722383,1.36,9.553,-1.927,0.031,-0.055,0.031,2527,0
1722403,1.374,9.483,-1.891,0.029,-0.049,0.033,2527,0
1722423,1.429,9.433,-1.925,0.058,-0.042,0.025,2527,0
1722443,1.377,9.467,-1.918,0.054,-0.017,0.008,2527,0
1722463,1.362,9.51,-1.935,0.041,-0.015,-0.006,2528,0
1722483,1.348,9.541,-1.944,0.013,-0.015,-0.014,2526,0
1722503,1.35,9.601,-1.951,0.037,-0.027,-0.023,2528,0
1722523,1.35,9.565,-2.054,0.056,-0.012,0.005,2528,0
1722543,1.405,9.682,-2.069,0.104,-0.009,0.006,2528,0
1722563,1.381,9.675,-2.148,0.063,0.025,-0.009,2528,0
1722583,1.36,9.56,-2.018,0.034,0.037,0.007,2529,0
1722603,1.391,9.584,-1.923,0.024,0.047,0.013,2527,0
1722623,1.372,9.469,-1.863,0.049,0.053,0.019,2527,0
1722643,1.343,9.567,-1.815,0.107,0.051,0.021,2528,0
1722663,1.324,9.625,-1.757,0.094,0.035,0.014,2526,0
1722683,1.324,9.541,-1.772,0.058,0.004,0.017,2527,0
1722703,1.379,9.419,-1.75,0.036,-0.018,0.013,2526,0
1722723,1.353,9.404,-1.817,0.059,-0.029,0.003,2526,0
1722743,1.276,9.558,-1.942,0.083,-0.036,-0.003,2527,0
1722763,1.274,9.668,-1.982,0.074,-0.042,-0.0,2526,0
1722783,1.317,9.644,-1.884,0.042,-0.039,0.011,2527,0
1722803,1.348,9.55,-1.8,0.025,-0.022,0.02,2527,0
1722823,1.348,9.512,-1.81,0.023,-0.028,0.017,2528,0
1722843,1.355,9.462,-1.973,0.028,-0.046,0.008,2527,0
1722863,1.386,9.491,-1.944,0.033,-0.051,-0.007,2526,0
1722883,1.408,9.486,-1.987,0.04,-0.039,-0.016,2527,0
1722903,1.358,9.555,-1.987,0.043,-0.022,-0.025,2528,0
1722923,1.3,9.637,-1.994,0.031,-0.027,-0.019,2528,0
1722943,1.379,9.627,-1.911,0.022,-0.043,-0.016,2528,0
1722963,1.429,9.536,-1.956,0.027,-0.028,-0.016,2528,0
1722983,1.477,9.51,-1.87,0.048,-0.027,-0.021,2528,0
1723003,1.398,9.572,-1.985,0.031,-0.015,-0.027,2528,0
1723023,1.441,9.577,-1.954,0.037,-0.03,0.003,2528,0
1723043,1.506,9.541,-1.834,0.022,-0.023,-0.017,2527,0
1723063,1.468,9.464,-1.923,0.023,-0.006,-0.037,2526,0
1723083,1.472,9.57,-1.784,0.04,-0.028,-0.02,2527,0
1723103,1.41,9.646,-1.856,0.025,-0.025,-0.034,2529,0
1723123,1.369,9.661,-1.927,0.018,-0.03,-0.014,2528,0
1723143,1.386,9.711,-1.994,0.017,-0.022,0.009,2528,0
1723163,1.369,9.601,-1.961,0.002,-0.012,0.019,2528,0
1723183,1.408,9.524,-1.954,0.01,-0.03,0.011,2526,0
1723203,1.41,9.412,-1.958,-0.006,-0.037,0.014,2526,0
1723223,1.408,9.486,-1.973,0.063,-0.032,0.018,2528,0
1723243,1.343,9.55,-1.956,0.073,-0.01,0.014,2527,0
1723263,1.341,9.57,-1.896,0.064,-0.019,0.022,2528,0
1723283,1.403,9.414,-1.765,0.031,-0.022,0.023,2527,0
1723303,1.353,9.359,-1.717,0.044,-0.033,0.017,2527,0
1723323,1.35,9.515,-1.788,0.083,-0.065,0.013,2528,0
1723343,1.369,9.572,-1.891,0.076,-0.076,0.007,2526,0
1723363,1.35,9.486,-1.985,0.039,-0.066,-0.007,2528,0
1723383,1.348,9.481,-2.03,0.015,-0.045,-0.022,2526,0
1723403,1.302,9.548,-2.002,0.038,-0.025,-0.025,2527,0
1723423,1.293,9.622,-1.939,0.074,-0.028,-0.016,2528,0
1723443,1.372,9.665,-1.853,0.071,-0.036,-0.006,2525,0
1723463,1.432,9.62,-1.757,0.046,-0.042,-0.006,2528,0
1723483,1.446,9.51,-1.836,0.027,-0.042,-0.004,2527,0
1723503,1.41,9.596,-1.877,0.048,-0.051,-0.0,2528,0
1723523,1.391,9.598,-1.937,0.053,-0.049,-0.003,2526,0
1723543,1.413,9.584,-1.956,0.025,-0.05,-0.009,2527,0
1723563,1.417,9.608,-1.911,-0.005,-0.033,-0.014,2527,0
1723583,1.384,9.57,-1.865,-0.007,-0.021,-0.005,2526,0
1723603,1.346,9.625,-1.834,0.028,-0.025,-0.005,2526,0
1723623,1.355,9.56,-1.879,0.021,-0.04,-0.006,2528,0
1723643,1.389,9.515,-1.935,0.023,-0.05,-0.01,2529,0
1723663,1.393,9.448,-1.97,0.007,-0.031,-0.019,2528,0
1723683,1.386,9.534,-1.963,0.033,-0.02,-0.015,2528,0
1723703,1.372,9.591,-1.923,0.035,-0.009,-0.02,2528,0
1723723,1.334,9.51,-1.899,0.038,-0.016,-0.002,2528,0
1723743,1.362,9.594,-1.834,0.056,-0.015,-0.011,2527,0
1723763,1.348,9.524,-1.867,0.034,-0.014,-0.012,2528,0
1723783,1.343,9.57,-1.848,0.049,-0.028,0.003,2528,0
1723803,1.362,9.618,-1.834,0.05,-0.024,-0.002,2528,0
1723823,1.386,9.558,-1.844,0.044,-0.022,0.003,2527,0
1723843,1.386,9.603,-1.829,0.033,-0.021,-0.006,2527,0
1723863,1.391,9.479,-1.803,0.015,-0.015,-0.006,2526,0
1723883,1.365,9.57,-1.851,0.032,-0.023,-0.012,2528,0
1723903,1.377,9.546,-1.817,0.02,-0.027,-0.015,2527,0
1723923,1.358,9.546,-1.846,0.025,-0.027,-0.017,2530,0
1723943,1.358,9.538,-1.834,0.027,-0.021,-0.009,2527,0
1723963,1.355,9.534,-1.829,0.04,-0.024,-0.019,2529,0
1723983,1.281,9.579,-1.896,0.012,-0.03,-0.017,2527,0
1724003,1.317,9.567,-1.875,0.038,-0.043,-0.009,2527,0
1724023,1.331,9.541,-1.913,0.034,-0.013,-0.016,2528,0
1724043,1.346,9.586,-1.851,0.061,-0.024,-0.014,2528,0
1724063,1.338,9.543,-1.836,0.024,-0.012,-0.007,2527,0
1724083,1.384,9.596,-1.786,0.061,-0.03,-0.007,2526,0
1724103,1.379,9.572,-1.834,0.036,-0.012,-0.012,2527,0
1724123,1.35,9.538,-1.856,0.047,-0.023,-0.013,2528,0
1724143,1.343,9.577,-1.887,0.037,-0.015,-0.007,2528,0
1724163,1.36,9.594,-1.81,0.044,-0.016,-0.006,2529,0
1724183,1.355,9.546,-1.796,0.029,-0.027,0.001,2527,0
1724203,1.341,9.574,-1.836,0.039,-0.033,-0.002,2527,0
1724223,1.36,9.56,-1.946,0.041,-0.034,-0.007,2527,0
1724243,1.384,9.577,-1.901,0.061,-0.023,-0.009,2527,0
1724263,1.425,9.495,-1.882,0.051,-0.006,-0.013,2528,0
1724283,1.444,9.448,-1.776,0.036,0.002,-0.016,2529,0
1724303,1.405,9.428,-1.659,0.007,0.0,-0.026,2529,0
1724323,1.283,9.524,-1.719,0.01,-0.008,-0.044,2527,0
1724343,1.259,9.634,-1.767,0.026,-0.029,-0.042,2528,0
1724363,1.214,9.663,-1.872,0.038,-0.036,-0.034,2527,0
1724383,1.243,9.67,-1.846,0.04,-0.04,-0.029,2527,0
1724403,1.269,9.661,-1.841,0.042,-0.05,-0.009,2527,0
1724423,1.305,9.61,-1.788,0.057,-0.05,0.006,2527,0
1724443,1.334,9.562,-1.822,0.081,-0.051,0.011,2528,0
1724463,1.331,9.572,-1.863,0.071,-0.054,0.012,2527,0
1724483,1.381,9.541,-1.856,0.028,-0.058,0.007,2526,0
1724503,1.367,9.459,-1.856,0.024,-0.038,0.001,2528,0
1724523,1.326,9.55,-1.796,0.058,-0.017,-0.011,2528,0
1724543,1.247,9.653,-1.848,0.062,-0.028,-0.013,2528,0
1724563,1.211,9.656,-1.884,0.032,-0.044,-0.005,2528,0
1724583,1.262,9.629,-1.848,0.015,-0.04,0.002,2528,0
1724603,1.243,9.625,-1.796,0.038,-0.026,0.005,2527,0
1724623,1.269,9.637,-1.829,0.058,-0.038,0.01,2527,0
1724643,1.319,9.603,-1.834,0.055,-0.047,0.011,2528,0
1724663,1.365,9.57,-1.867,0.04,-0.037,0.008,2528,0
1724683,1.367,9.658,-1.87,0.037,-0.022,0.007,2527,0
1724703,1.341,9.682,-1.81,0.029,-0.021,0.011,2528,0
1724723,1.358,9.622,-1.827,0.034,-0.025,0.025,2528,0
1724743,1.374,9.546,-1.765,0.025,-0.034,0.026,2530,0
1724763,1.353,9.543,-1.824,0.012,-0.043,0.026,2527,0
1724783,1.331,9.488,-1.817,0.004,-0.049,0.038,2529,0
1724803,1.355,9.414,-1.836,0.022,-0.035,0.022,2528,0
1724823,1.31,9.462,-1.87,0.052,-0.039,0.008,2528,0
1724843,1.298,9.531,-1.844,0.037,-0.034,-0.006,2528,0
1724863,1.307,9.498,-1.92,0.023,-0.027,-0.019,2527,0
1724883,1.334,9.515,-1.867,0.001,-0.005,-0.029,2528,0
1724903,1.314,9.498,-1.796,0.017,-0.0,-0.026,2527,0
1724923,1.341,9.567,-1.731,0.024,-0.013,-0.025,2527,0
1724943,1.353,9.57,-1.82,0.041,-0.03,-0.028,2527,0
1724963,1.367,9.632,-1.877,0.04,-0.023,-0.023,2529,0
1724983,1.319,9.725,-1.877,0.042,-0.007,-0.022,2526,0
1725003,1.334,9.737,-1.81,0.046,-0.005,-0.007,2528,0
1725023,1.343,9.773,-1.81,0.051,-0.007,0.006,2528,0
1725043,1.369,9.658,-1.786,0.051,-0.003,0.038,2527,0
1725063,1.446,9.625,-1.731,0.071,0.0,0.041,2529,0
1725083,1.434,9.565,-1.705,0.037,0.011,0.023,2527,0
1725103,1.451,9.498,-1.64,0.041,-0.015,0.038,2527,0
1725123,1.458,9.598,-1.621,0.049,-0.018,0.023,2527,0
1725143,1.381,9.582,-1.719,0.039,-0.029,0.014,2527,0
1725163,1.379,9.646,-1.748,0.01,-0.054,0.02,2527,0
1725183,1.384,9.524,-1.896,0.006,-0.044,0.013,2527,0
1725203,1.393,9.51,-1.839,0.035,-0.035,0.038,2527,0
1725223,1.398,9.634,-1.829,0.062,-0.024,0.017,2528,0
1725243,1.386,9.543,-1.822,0.025,-0.04,0.028,2528,0
1725263,1.427,9.548,-1.743,0.03,-0.058,0.03,2528,0
1725283,1.386,9.455,-1.82,0.027,-0.043,0.03,2528,0
1725303,1.365,9.529,-1.908,0.066,-0.043,0.03,2526,0
1725323,1.346,9.543,-1.913,0.062,-0.035,0.026,2528,0
1725343,1.386,9.498,-1.863,0.061,-0.026,0.014,2527,0
1725363,1.437,9.455,-1.769,0.05,-0.023,0.003,2529,0
1725383,1.42,9.486,-1.8,0.063,-0.029,-0.002,2528,0
1725403,1.384,9.531,-1.822,0.048,-0.024,-0.005,2528,0
1725423,1.384,9.591,-1.836,0.035,-0.028,-0.012,2527,0
1725443,1.41,9.56,-1.779,0.002,-0.035,-0.006,2527,0
1725463,1.432,9.649,-1.743,0.023,-0.055,0.011,2525,0
1725483,1.551,9.685,-1.604,0.047,-0.041,-0.013,2528,0
1725503,1.441,9.62,-1.81,0.046,-0.037,-0.009,2527,0
1725523,1.523,9.646,-1.712,0.008,-0.041,-0.016,2528,0
1725543,1.48,9.495,-1.817,-0.019,-0.035,-0.009,2528,0
1725563,1.429,9.474,-1.822,0.014,-0.021,-0.01,2527,0
1725583,1.386,9.606,-1.765,0.042,-0.02,-0.015,2527,0
1725603,1.396,9.656,-1.733,0.037,-0.033,-0.007,2525,0
1725623,1.413,9.584,-1.697,0.022,-0.042,-0.001,2527,0
1725643,1.444,9.515,-1.748,0.021,-0.034,-0.001,2527,0
1725663,1.425,9.505,-1.721,0.025,-0.03,-0.009,2527,0
1725683,1.427,9.483,-1.745,0.024,-0.034,-0.023,2528,0
1725703,1.446,9.433,-1.721,0.029,-0.029,-0.038,2528,0
1725723,1.413,9.397,-1.779,0.042,-0.013,-0.033,2530,0
1725743,1.343,9.555,-1.803,0.062,-0.033,-0.008,2528,0
1725763,1.379,9.586,-1.793,0.027,-0.043,-0.019,2527,0
1725783,1.391,9.527,-1.87,0.019,-0.044,-0.026,2528,0
1725803,1.384,9.55,-1.815,0.023,-0.024,-0.037,2527,0
1725823,1.343,9.61,-1.863,0.039,-0.013,-0.036,2527,0
1725843,1.29,9.668,-1.767,0.053,-0.023,-0.008,2527,0
1725863,1.362,9.704,-1.769,0.087,-0.036,0.002,2527,0
1725883,1.425,9.603,-1.738,0.061,-0.028,0.002,2527,0
1725903,1.41,9.601,-1.69,0.061,-0.025,0.002,2529,0
1725923,1.398,9.618,-1.686,0.027,-0.023,-0.008,2527,0
1725943,1.36,9.603,-1.674,0.018,-0.037,-0.005,2528,0
1725963,1.374,9.634,-1.688,0.034,-0.045,0.008,2527,0
1725983,1.381,9.601,-1.695,0.053,-0.04,0.016,2528,0
1726003,1.343,9.62,-1.767,0.055,-0.043,0.016,2527,0
1726023,1.365,9.632,-1.75,0.024,-0.053,0.009,2527,0
1726043,1.391,9.519,-1.695,0.004,-0.048,0.006,2527,0
1726063,1.377,9.448,-1.762,0.016,-0.034,0.001,2527,0
1726083,1.334,9.527,-1.788,0.034,-0.035,-0.006,2528,0
1726103,1.334,9.62,-1.858,0.035,-0.047,-0.013,2528,0
1726123,1.401,9.582,-1.784,0.006,-0.048,-0.019,2527,0
1726143,1.451,9.428,-1.753,0.007,-0.029,-0.02,2527,0
1726163,1.448,9.44,-1.776,0.035,-0.004,-0.029,2527,0
1726183,1.362,9.541,-1.841,0.047,-0.002,-0.041,2529,0
1726203,1.389,9.531,-1.834,0.025,-0.011,-0.055,2528,0
1726223,1.401,9.448,-1.956,-0.007,0.016,-0.082,2529,0
1726243,1.346,9.505,-1.935,-0.027,0.063,-0.122,2530,0
1726263,1.24,9.732,-1.903,-0.046,0.12,-0.179,2534,0
1726283,1.164,9.95,-1.671,-0.083,0.179,-0.225,2538,0
1726303,0.8,10.417,-1.489,-0.103,0.278,-0.283,2545,0
1726323,0.599,10.714,-1.159,-0.177,0.334,-0.299,2550,0
1726343,0.373,10.872,-0.816,-0.2,0.391,-0.387,2544,0
1726363,0.084,10.819,-0.271,-0.246,0.545,-0.561,2541,0
1726383,-0.139,10.91,-0.115,-0.386,0.557,-0.732,2533,0
1726403,-0.464,10.958,0.357,-0.62,0.413,-0.897,2555,0
1726423,-0.776,11.04,0.266,-0.699,0.451,-1.062,2589,0
1726443,-1.298,11.27,-1.985,-0.536,0.807,-1.526,2668,0
1726463,-1.834,11.88,-1.456,-0.331,1.026,-1.766,2727,0
1726483,-1.856,12.646,-0.713,-0.191,0.718,-1.547,2764,0
1726503,-1.252,12.598,-1.492,-0.617,0.338,-1.16,2797,0
1726523,-0.79,12.026,-1.063,-1.222,0.043,-0.838,2819,0
1726543,0.287,11.169,-0.795,-1.87,-0.214,-0.601,2846,0
1726563,1.149,9.634,-0.773,-2.183,-0.254,-0.416,2881,0
1726583,1.901,7.671,-0.34,-2.038,-0.24,-0.351,2901,0
1726603,2.318,6.414,-0.156,-1.495,-0.143,-0.334,2920,0
1726623,2.698,6.093,-0.419,-0.877,-0.07,-0.364,2932,0
1726643,2.921,5.94,-0.553,-0.546,0.047,-0.367,2958,0
1726663,3.235,4.906,-0.508,-0.427,0.147,-0.421,2991,0
1726683,3.206,4.077,-0.922,-0.398,0.404,-0.628,3023,0
1726703,2.916,3.807,-0.986,-0.125,0.666,-0.919,3043,0
1726723,1.99,4.788,-1.405,0.348,0.969,-1.241,3056,0
1726743,1.276,6.323,-0.285,0.373,0.977,-1.304,3070,0
1726763,0.412,7.336,0.699,0.03,0.754,-1.134,3087,8
1726783,-1.726,7.769,1.776,-0.714,0.327,-0.715,3089,0
1726803,-1.642,8.894,2.286,-1.184,0.15,-0.789,3088,0
1726823,-4.164,8.272,1.056,-0.975,0.579,-1.183,3086,0
1726843,-4.673,9.428,0.812,0.112,1.139,-1.634,3084,0
1726863,-7.355,12.368,1.887,0.782,1.085,-1.366,3075,0
1726883,-8.667,12.282,3.701,0.21,0.539,-0.824,3069,0
1726903,-8.389,12.002,4.657,-0.377,0.233,-0.694,3064,0
1726923,-9.979,10.685,3.713,-0.354,0.468,-0.8,3064,0
1726943,-9.383,11.483,3.194,0.154,0.667,-0.821,3061,0
1726963,-10.096,13.364,3.402,0.452,0.415,-0.452,3056,0
1726983,-10.472,12.651,3.385,0.123,-0.056,0.172,3053,0
1727003,-8.042,12.239,3.735,-0.123,-0.245,0.379,3054,0
1727023,-8.921,11.183,2.988,-0.179,-0.171,0.51,3049,0
1727043,-7.434,10.017,2.045,-0.143,-0.127,0.522,3048,0
1727063,-6.989,10.659,1.647,0.116,-0.206,0.6,3044,0
1727083,-6.864,9.603,1.094,-0.015,-0.404,0.812,3042,14
1727103,-4.913,9.048,1.281,-0.244,-0.494,0.845,3039,0
1727123,-3.797,9.469,1.231,-0.337,-0.46,0.752,3039,0
1727143,-3.575,7.587,0.852,-0.504,-0.421,0.775,3038,0
1727163,-1.372,8.119,1.369,-0.49,-0.527,0.711,3038,0
1727183,-1.444,7.748,1.547,-0.637,-0.682,0.734,3037,0
1727203,0.508,6.029,1.231,-0.576,-0.601,0.459,3041,0
1727223,1.295,5.315,1.741,-0.28,-0.382,0.253,3042,0
1727243,1.633,5.703,1.317,0.044,-0.272,0.033,3041,0
1727263,1.975,5.962,1.142,0.119,-0.265,-0.078,3039,0
1727283,2.684,5.61,0.625,0.056,-0.194,-0.161,3036,0
1727303,2.825,5.119,0.46,0.063,0.068,-0.302,3035,0
1727323,2.284,5.071,0.706,0.178,0.31,-0.513,3037,0
1727343,1.731,5.502,0.728,0.396,0.443,-0.719,3033,0
1727363,1.437,6.263,0.632,0.577,0.561,-0.864,3031,0
1727383,0.409,6.582,0.994,0.573,0.69,-0.96,3029,0
1727403,-1.386,6.764,1.516,0.462,0.741,-1.157,3029,0
1727423,-2.871,7.76,1.056,0.519,0.802,-1.405,3026,0
1727443,-4.489,9.234,0.9,0.624,0.855,-1.492,3024,0
1727463,-6.541,9.965,1.968,0.458,0.8,-1.302,3023,0
1727483,-9.318,9.936,3.608,0.09,0.511,-0.998,3023,0
1727503,-10.415,9.924,2.998,-0.131,0.183,-0.942,3022,0
1727523,-10.824,10.12,1.894,0.124,0.239,-1.06,3020,0
1727543,-11.691,11.037,1.255,0.613,0.369,-0.889,3017,0
1727563,-12.85,12.62,1.647,0.718,0.26,-0.485,3013,0
1727583,-12.009,13.118,1.374,0.262,-0.013,-0.024,3014,0
1727603,-10.664,11.717,1.48,-0.131,-0.107,0.412,3013,0
1727623,-9.91,10.613,1.563,-0.213,-0.08,0.65,3012,0
1727643,-9.254,9.962,1.36,-0.118,-0.145,0.763,3012,0
1727663,-8.315,9.735,0.982,0.012,-0.249,0.878,3012,0
1727683,-7.005,9.273,0.625,0.031,-0.32,0.996,3014,0
1727703,-5.851,9.007,0.721,-0.135,-0.405,1.082,3010,0
1727723,-5.057,8.906,0.565,-0.374,-0.534,1.035,3012,0
1727743,-3.584,8.593,1.597,-0.596,-0.621,1.002,3013,0
1727763,-2.071,8.021,1.523,-0.595,-0.678,0.835,3013,0
1727783,-1.616,6.33,1.118,-0.655,-0.75,0.858,3014,0
1727803,-0.651,7.403,1.511,-0.436,-0.709,0.682,3014,4
1727823,-0.215,5.763,1.243,-0.58,-0.726,0.598,3014,0
1727843,0.977,6.646,1.329,-0.294,-0.611,0.391,3010,0
1727863,1.346,5.155,0.871,-0.217,-0.471,0.295,3009,0
1727883,2.049,6.826,1.176,0.211,-0.221,0.109,3008,0
1727903,1.516,5.495,0.97,0.071,-0.131,0.122,3009,0
1727923,2.148,7.168,1.858,0.241,0.001,-0.056,3007,0
1727943,1.195,5.581,1.444,0.042,0.068,-0.051,3006,0
1727963,1.805,6.141,1.482,0.297,0.319,-0.316,3005,0
1727983,-0.019,6.1,1.391,0.333,0.421,-0.38,3004,0
1728003,-0.122,7.216,2.059,0.276,0.4,-0.617,3004,0
1728023,-2.188,7.728,1.827,0.065,0.282,-0.658,3003,0
1728043,-2.373,7.283,1.085,0.094,0.401,-0.889,3002,0
1728063,-4.266,8.468,0.864,0.674,0.65,-1.092,3002,0
1728083,-5.246,8.332,0.213,0.925,0.775,-1.111,3003,0
1728103,-5.377,10.415,1.326,0.718,0.554,-0.899,3001,0
1728123,-7.827,10.195,2.303,-0.083,0.228,-0.583,3000,0
1728143,-7.827,9.069,1.626,-0.758,0.144,-0.701,3002,0
1728163,-8.277,10.082,1.247,-0.514,0.279,-0.709,3001,0
1728183,-9.383,9.076,1.741,-0.13,0.414,-0.46,3001,0
1728203,-9.895,11.114,2.698,0.42,0.285,-0.189,3004,0
1728223,-9.96,10.633,2.679,0.552,0.076,0.06,3001,0
1728243,-9.299,11.092,2.162,0.68,0.028,0.317,3002,0
1728263,-8.811,11.159,2.473,0.581,-0.003,0.59,3001,0
1728283,-8.466,10.953,2.804,0.464,-0.196,0.873,3004,0
1728303,-7.843,10.659,2.6,0.4,-0.464,1.13,3006,0
1728323,-7.02,10.154,2.109,0.395,-0.631,1.301,3008,0
1728343,-6.211,10.034,1.664,0.441,-0.682,1.394,3010,0
1728363,-5.464,10.147,1.456,0.52,-0.712,1.55,3014,0
1728383,-4.822,10.254,1.279,0.593,-0.849,1.85,3014,0
1728403,-4.178,10.005,0.888,0.43,-1.016,2.094,3013,0
1728423,-3.405,9.246,0.644,0.07,-1.16,2.155,3000,0
1728443,-2.423,8.576,0.441,-0.262,-1.21,2.12,2976,0
1728463,-1.508,8.083,0.424,-0.248,-1.204,2.061,2936,0
1728483,-0.84,7.949,0.347,-0.108,-1.249,2.072,2886,0
1728503,-0.354,7.819,0.668,0.016,-1.317,2.004,2831,0
1728523,0.256,7.93,0.603,0.088,-1.349,1.847,2756,0
1728543,0.919,7.678,0.194,0.127,-1.282,1.815,2679,0
1728563,1.214,7.226,-0.156,0.179,-1.237,1.855,2626,0
1728583,1.427,7.089,-0.105,0.243,-1.106,1.713,2583,0
1728603,2.095,7.293,0.326,0.352,-1.006,1.389,2555,0
1728623,2.512,7.379,0.141,0.653,-0.779,1.11,2527,0
1728643,2.758,7.872,0.86,0.77,-0.814,1.104,2513,0
1728663,2.784,7.331,0.979,0.813,-0.93,1.189,2496,0
1728683,3.055,7.329,-0.11,0.762,-0.972,0.989,2477,0
1728703,3.366,7.614,0.225,0.784,-0.82,0.6,2464,0
1728723,3.508,7.657,0.369,0.779,-0.64,0.358,2465,0
1728743,3.191,8.171,-0.136,0.926,-0.652,0.228,2480,0
1728763,2.483,9.129,-0.733,1.027,-0.698,0.174,2478,0
1728783,3.007,9.357,-0.745,0.977,-0.574,0.067,2466,0
1728803,2.763,9.677,-0.996,1.053,-0.538,-0.084,2458,0
1728823,2.579,9.352,-0.515,0.918,-0.486,-0.048,2455,0
1728843,3.041,9.871,-1.109,1.028,-0.352,-0.279,2455,0
1728863,1.832,10.465,-1.887,0.959,-0.206,-0.453,2455,0
1728883,1.839,10.108,-1.492,0.629,-0.079,-0.365,2460,0
1728903,2.464,10.025,-2.138,0.737,-0.025,-0.369,2461,0
1728923,1.475,10.453,-1.532,0.579,-0.107,-0.173,2464,0
1728943,2.025,10.388,-1.494,0.457,-0.022,-0.091,2467,0
1728963,2.215,10.745,-2.677,0.632,0.095,-0.256,2470,0
1728983,1.279,10.661,-2.025,0.342,0.051,-0.097,2478,0
1729003,1.923,10.221,-1.286,-0.005,0.102,0.029,2479,0
1729023,2.229,9.993,-2.071,0.043,0.176,-0.113,2479,0
1729043,1.317,9.941,-2.095,0.043,0.171,-0.124,2480,0
1729063,1.319,9.797,-1.039,-0.082,0.117,0.032,2481,0
