1806943,2.066,9.404,-2.114,0.042,-0.03,0.012,2411,0
1806963,2.078,9.383,-2.09,0.042,-0.036,0.023,2410,0
1806983,2.085,9.325,-2.155,0.036,-0.047,0.008,2411,0
1807003,2.128,9.311,-2.148,0.046,-0.055,-0.006,2411,0
1807023,2.164,9.357,-2.16,0.074,-0.053,-0.01,2411,0
1807043,2.164,9.388,-2.078,0.072,-0.046,-0.007,2412,0
1807063,2.198,9.385,-2.078,0.058,-0.042,-0.006,2411,0
1807083,2.184,9.352,-2.097,0.025,-0.034,-0.009,2411,0
1807103,2.203,9.27,-2.1,0.013,-0.03,-0.014,2412,0
1807123,2.145,9.294,-2.172,0.014,-0.025,-0.023,2411,0
1807143,2.088,9.347,-2.169,0.034,-0.017,-0.027,2411,0
1807163,2.052,9.44,-2.193,0.049,-0.013,-0.018,2409,0
1807183,2.045,9.5,-2.157,0.048,-0.01,-0.024,2409,0
1807203,2.049,9.486,-2.093,0.028,-0.019,-0.018,2410,0
1807223,2.1,9.407,-1.992,0.035,-0.027,0.006,2411,0
1807243,2.128,9.297,-1.982,0.053,-0.036,0.018,2411,0
1807263,2.119,9.337,-2.047,0.056,-0.056,0.012,2411,0
1807283,2.114,9.39,-2.126,0.044,-0.069,-0.004,2410,0
1807303,2.116,9.352,-2.217,0.039,-0.061,-0.009,2411,0
1807323,2.112,9.378,-2.255,0.049,-0.034,0.006,2411,0
1807343,2.14,9.388,-2.193,0.061,-0.013,0.01,2410,0
1807363,2.15,9.29,-2.088,0.037,-0.021,-0.004,2411,0
1807383,2.191,9.237,-2.016,0.036,-0.04,-0.023,2412,0
1807403,2.172,9.316,-2.025,0.052,-0.039,-0.03,2412,0
1807423,2.121,9.483,-2.126,0.066,-0.034,-0.017,2410,0
1807443,2.136,9.491,-2.167,0.046,-0.032,-0.008,2412,0
1807463,2.126,9.438,-2.143,0.026,-0.026,-0.008,2411,0
1807483,2.128,9.421,-2.162,0.014,-0.024,-0.011,2410,0
1807503,2.119,9.364,-2.116,0.01,-0.028,-0.008,2413,0
1807523,2.119,9.28,-2.15,0.016,-0.028,-0.013,2413,0
1807543,2.097,9.349,-2.157,0.05,-0.025,-0.01,2411,0
1807563,2.093,9.412,-2.148,0.055,-0.015,-0.015,2412,0
1807583,2.112,9.359,-2.124,0.027,-0.019,-0.012,2412,0
1807603,2.15,9.309,-2.093,0.024,-0.012,-0.018,2412,0
1807623,2.126,9.34,-2.066,0.031,-0.011,-0.021,2412,0
1807643,2.069,9.366,-2.14,0.032,-0.019,-0.019,2413,0
1807663,2.035,9.462,-2.152,0.052,-0.029,-0.005,2411,0
1807683,2.033,9.486,-2.179,0.061,-0.022,-0.007,2412,0
1807703,2.049,9.474,-2.128,0.052,-0.022,0.003,2412,0
1807723,2.083,9.445,-2.064,0.048,-0.019,0.006,2409,0
1807743,2.121,9.359,-2.049,0.032,-0.017,0.004,2411,0
1807763,2.081,9.292,-2.033,0.03,-0.023,0.004,2412,0
1807783,2.04,9.294,-2.083,0.047,-0.027,0.006,2412,0
1807803,1.975,9.297,-2.121,0.067,-0.02,0.006,2412,0
1807823,1.954,9.369,-2.152,0.069,-0.028,0.014,2411,0
1807843,1.982,9.309,-2.076,0.057,-0.034,0.011,2412,0
1807863,2.064,9.222,-2.011,0.065,-0.048,0.003,2411,0
1807883,2.095,9.22,-2.009,0.076,-0.05,-0.014,2412,0
1807903,2.119,9.287,-2.042,0.101,-0.055,-0.017,2412,0
1807923,2.114,9.369,-2.059,0.085,-0.046,-0.031,2412,0
1807943,2.114,9.445,-2.093,0.064,-0.035,-0.035,2412,0
1807963,2.116,9.479,-2.081,0.033,-0.021,-0.042,2411,0
1807983,2.109,9.486,-2.102,0.007,-0.025,-0.045,2412,0
1808003,2.128,9.503,-2.105,0.01,-0.026,-0.047,2411,0
1808023,2.076,9.582,-2.15,0.012,-0.026,-0.035,2412,0
1808043,2.097,9.555,-2.181,0.014,-0.021,-0.019,2412,0
1808063,2.093,9.45,-2.186,0.004,-0.011,-0.013,2411,0
1808083,2.035,9.443,-2.162,-0.004,-0.024,-0.014,2412,0
1808103,2.006,9.443,-2.162,-0.005,-0.039,-0.004,2411,0
1808123,2.016,9.366,-2.124,0.029,-0.05,0.027,2413,0
1808143,2.064,9.345,-2.138,0.074,-0.053,0.049,2412,0
1808163,2.119,9.292,-2.124,0.075,-0.06,0.052,2412,0
1808183,2.152,9.196,-2.057,0.062,-0.07,0.038,2412,0
1808203,2.148,9.201,-2.085,0.07,-0.075,0.025,2411,0
1808223,2.155,9.285,-2.124,0.107,-0.07,0.014,2413,0
1808243,2.155,9.34,-2.124,0.11,-0.058,0.023,2411,0
1808263,2.16,9.438,-2.169,0.101,-0.052,0.005,2412,0
1808283,2.143,9.469,-2.16,0.045,-0.049,-0.019,2412,0
1808303,2.184,9.409,-2.176,0.021,-0.049,-0.027,2413,0
1808323,2.181,9.39,-2.191,0.016,-0.035,-0.028,2411,0
1808343,2.164,9.452,-2.205,0.029,-0.025,-0.02,2412,0
1808363,2.138,9.503,-2.212,0.017,-0.022,-0.008,2412,0
1808383,2.081,9.44,-2.229,-0.013,-0.022,0.007,2413,0
1808403,2.049,9.383,-2.222,-0.013,-0.029,0.028,2415,0
1808423,2.047,9.34,-2.169,0.017,-0.034,0.032,2412,0
1808443,2.061,9.261,-2.188,0.053,-0.047,0.038,2413,0
1808463,2.105,9.21,-2.152,0.091,-0.057,0.033,2412,0
1808483,2.15,9.155,-2.14,0.099,-0.052,0.024,2412,0
1808503,2.069,9.27,-2.253,0.103,-0.044,-0.003,2413,0
1808523,2.049,9.416,-2.27,0.091,-0.033,-0.012,2412,0
1808543,2.105,9.433,-2.241,0.094,-0.017,-0.01,2413,0
1808563,2.136,9.443,-2.157,0.078,0.004,-0.021,2412,0
1808583,2.162,9.412,-2.126,0.042,0.009,-0.031,2411,0
1808603,2.172,9.402,-2.124,0.008,0.007,-0.037,2411,0
1808623,2.095,9.385,-2.097,-0.01,0.001,-0.047,2411,0
1808643,2.066,9.503,-2.148,-0.002,-0.013,-0.036,2411,0
1808663,2.078,9.448,-2.081,0.002,-0.022,-0.014,2411,0
1808683,2.102,9.325,-2.049,0.024,-0.033,0.016,2411,0
1808703,2.097,9.28,-2.076,0.035,-0.042,0.017,2411,0
1808723,2.128,9.189,-2.121,0.047,-0.055,0.011,2412,0
1808743,2.097,9.261,-2.188,0.072,-0.059,0.003,2413,0
1808763,2.054,9.347,-2.265,0.091,-0.041,-0.015,2412,0
1808783,2.028,9.476,-2.301,0.082,-0.035,-0.022,2412,0
1808803,2.052,9.445,-2.198,0.059,-0.019,-0.028,2412,0
1808823,2.093,9.44,-2.172,0.053,-0.014,-0.031,2412,0
1808843,2.078,9.512,-2.112,0.044,-0.011,-0.036,2411,0
1808863,2.069,9.507,-2.131,0.02,-0.015,-0.036,2411,0
1808883,2.069,9.462,-2.112,-0.001,-0.024,-0.023,2412,0
1808903,2.073,9.445,-2.112,-0.004,-0.022,0.005,2412,0
1808923,2.028,9.44,-2.16,0.003,-0.025,0.027,2412,0
1808943,2.028,9.383,-2.186,0.018,-0.037,0.038,2409,0
1808963,2.059,9.292,-2.155,0.035,-0.046,0.027,2411,0
1808983,2.081,9.196,-2.157,0.048,-0.051,0.009,2412,0
1809003,2.078,9.177,-2.193,0.057,-0.05,-0.014,2412,0
1809023,2.054,9.297,-2.224,0.061,-0.039,-0.022,2412,0
1809043,2.042,9.426,-2.229,0.073,-0.024,-0.039,2413,0
1809063,2.04,9.524,-2.164,0.055,-0.024,-0.028,2412,0
1809083,2.124,9.519,-2.119,0.037,-0.021,-0.034,2411,0
1809103,2.191,9.428,-2.076,0.011,-0.026,-0.032,2412,0
1809123,2.152,9.388,-2.076,0.006,-0.027,-0.026,2413,0
1809143,2.083,9.412,-2.152,-0.002,-0.035,-0.004,2414,0
1809163,2.054,9.39,-2.179,0.007,-0.043,0.011,2412,0
1809183,2.047,9.337,-2.205,0.008,-0.055,0.011,2413,0
1809203,2.061,9.33,-2.195,0.033,-0.057,0.006,2412,0
1809223,2.1,9.313,-2.205,0.063,-0.056,0.011,2412,0
1809243,2.095,9.244,-2.2,0.075,-0.047,0.011,2413,0
1809263,2.095,9.239,-2.195,0.083,-0.041,0.004,2412,0
1809283,2.061,9.354,-2.207,0.082,-0.027,-0.006,2413,0
1809303,2.066,9.419,-2.2,0.079,-0.02,-0.019,2413,0
1809323,2.095,9.44,-2.164,0.07,-0.017,-0.027,2413,0
1809343,2.1,9.45,-2.085,0.057,-0.01,-0.041,2413,0
1809363,2.112,9.404,-2.047,0.031,-0.01,-0.037,2412,0
1809383,2.097,9.452,-2.054,0.019,-0.018,-0.025,2413,0
1809403,2.076,9.51,-2.114,0.012,-0.02,-0.021,2413,0
1809423,2.054,9.519,-2.121,0.009,-0.025,-0.008,2413,0
1809443,1.997,9.507,-2.14,0.006,-0.031,0.007,2411,0
1809463,1.978,9.467,-2.152,0.02,-0.037,0.028,2412,0
1809483,1.98,9.433,-2.174,0.041,-0.041,0.045,2413,0
1809503,1.98,9.364,-2.174,0.042,-0.051,0.041,2414,0
1809523,2.037,9.256,-2.136,0.046,-0.061,0.03,2412,0
1809543,2.04,9.268,-2.162,0.062,-0.06,0.019,2412,0
1809563,2.004,9.311,-2.184,0.068,-0.056,0.014,2412,0
1809583,2.073,9.349,-2.181,0.068,-0.052,0.011,2413,0
1809603,2.124,9.287,-2.155,0.048,-0.041,0.0,2413,0
1809623,2.15,9.258,-2.136,0.037,-0.036,-0.016,2412,0
1809643,2.121,9.29,-2.162,0.025,-0.032,-0.023,2414,0
1809663,2.119,9.345,-2.181,0.04,-0.018,-0.026,2412,0
1809683,2.085,9.445,-2.184,0.046,0.001,-0.03,2413,0
1809703,2.052,9.495,-2.169,0.034,0.002,-0.018,2411,0
1809723,2.078,9.419,-2.105,0.017,0.001,-0.007,2412,0
1809743,2.076,9.402,-2.116,0.023,-0.003,-0.013,2413,0
1809763,2.04,9.471,-2.114,0.034,-0.015,-0.007,2411,0
1809783,2.066,9.433,-2.124,0.039,-0.02,0.004,2412,0
1809803,2.109,9.364,-2.093,0.039,-0.017,0.011,2412,0
1809823,2.119,9.261,-2.035,0.031,-0.017,0.002,2413,0
1809843,2.1,9.239,-2.047,0.025,-0.035,-0.008,2412,0
1809863,2.071,9.287,-2.093,0.036,-0.041,-0.008,2412,0
1809883,2.097,9.33,-2.193,0.063,-0.041,0.004,2413,0
1809903,2.119,9.325,-2.203,0.052,-0.031,0.005,2412,0
1809923,2.14,9.342,-2.2,0.047,-0.036,-0.009,2412,0
1809943,2.105,9.431,-2.198,0.052,-0.041,-0.025,2413,0
1809963,2.047,9.519,-2.162,0.071,-0.041,-0.01,2411,0
1809983,1.99,9.627,-2.16,0.102,-0.038,0.026,2412,0
1810003,2.014,9.625,-2.112,0.097,-0.033,0.066,2412,0
1810023,2.097,9.431,-2.076,0.056,-0.046,0.074,2413,0
1810043,2.133,9.304,-2.112,0.037,-0.054,0.049,2411,0
1810063,2.138,9.292,-2.119,0.05,-0.059,0.027,2413,0
1810083,2.097,9.313,-2.119,0.074,-0.044,0.025,2413,0
1810103,2.049,9.364,-2.102,0.068,-0.029,0.027,2412,0
1810123,2.073,9.323,-2.054,0.021,-0.029,0.018,2412,0
1810143,2.109,9.225,-2.081,-0.006,-0.038,-0.004,2413,0
1810163,2.14,9.222,-2.157,0.012,-0.045,-0.024,2413,0
1810183,2.131,9.27,-2.145,0.029,-0.045,-0.026,2413,0
1810203,2.061,9.347,-2.21,0.04,-0.036,-0.024,2413,0
1810223,2.006,9.452,-2.255,0.026,-0.027,-0.022,2412,0
1810243,2.04,9.455,-2.203,0.009,-0.024,-0.018,2412,0
1810263,2.047,9.366,-2.176,0.014,-0.025,-0.013,2411,0
1810283,2.095,9.282,-2.097,0.047,-0.034,-0.006,2411,0
1810303,2.095,9.246,-2.095,0.062,-0.046,-0.012,2411,0
1810323,2.105,9.292,-2.128,0.07,-0.055,-0.033,2413,0
1810343,2.128,9.419,-2.172,0.053,-0.06,-0.031,2412,0
1810363,2.126,9.471,-2.198,0.059,-0.048,-0.021,2413,0
1810383,2.097,9.519,-2.227,0.05,-0.034,-0.016,2411,0
1810403,2.097,9.474,-2.219,0.035,-0.037,-0.007,2411,0
1810423,2.119,9.299,-2.126,0.021,-0.039,-0.009,2412,0
1810443,2.102,9.237,-2.136,0.02,-0.044,-0.015,2412,0
1810463,2.052,9.433,-2.26,0.037,-0.04,-0.029,2412,0
1810483,1.975,9.649,-2.322,0.046,-0.037,-0.025,2411,0
1810503,1.966,9.663,-2.356,0.051,-0.023,0.0,2412,0
1810523,2.061,9.498,-2.248,0.037,-0.01,0.02,2413,0
1810543,2.138,9.313,-2.114,0.001,0.001,0.018,2413,0
1810563,2.157,9.23,-1.982,0.011,-0.003,0.007,2412,0
1810583,2.093,9.354,-1.946,0.056,-0.016,0.012,2412,0
1810603,2.04,9.467,-1.994,0.079,-0.035,0.033,2413,0
1810623,2.035,9.469,-2.028,0.053,-0.046,0.043,2413,0
1810643,2.016,9.44,-2.131,0.007,-0.047,0.039,2412,0
1810663,1.999,9.476,-2.195,-0.021,-0.06,0.029,2412,0
1810683,1.954,9.469,-2.224,-0.009,-0.064,0.029,2412,0
1810703,1.985,9.455,-2.191,0.065,-0.062,0.049,2412,0
1810723,2.037,9.414,-2.176,0.074,-0.047,0.057,2412,0
1810743,2.119,9.275,-2.114,0.05,-0.052,0.06,2412,0
1810763,2.172,9.189,-2.112,0.026,-0.057,0.044,2411,0
1810783,2.212,9.189,-2.09,0.037,-0.058,0.027,2413,0
1810803,2.215,9.273,-2.162,0.068,-0.054,0.019,2412,0
1810823,2.188,9.431,-2.121,0.088,-0.039,0.014,2412,0
1810843,2.148,9.608,-2.09,0.07,-0.042,0.022,2411,0
1810863,2.16,9.637,-2.004,0.023,-0.052,0.028,2411,0
1810883,2.215,9.522,-1.956,-0.009,-0.063,0.03,2412,0
1810903,2.174,9.546,-1.915,-0.011,-0.074,0.028,2413,0
1810923,2.181,9.488,-1.856,-0.01,-0.09,0.056,2412,0
1810943,2.229,9.357,-1.858,-0.012,-0.108,0.083,2412,0
1810963,2.31,9.175,-1.889,-0.023,-0.117,0.085,2410,0
1810983,2.351,9.105,-1.968,-0.049,-0.131,0.075,2411,0
1811003,2.363,8.988,-2.078,-0.066,-0.147,0.059,2411,0
1811023,2.37,8.969,-2.181,-0.037,-0.161,0.027,2412,0
1811043,2.325,9.072,-2.354,-0.013,-0.154,-0.0,2411,0
1811063,2.301,9.234,-2.425,0.026,-0.137,-0.008,2412,0
1811083,2.277,9.354,-2.483,0.034,-0.11,-0.015,2413,0
1811103,2.246,9.378,-2.423,0.03,-0.084,-0.01,2412,0
1811123,2.258,9.359,-2.373,0.032,-0.067,-0.001,2413,0
1811143,2.294,9.273,-2.301,0.041,-0.045,0.005,2413,0
1811163,2.277,9.249,-2.236,0.075,-0.027,0.01,2412,0
1811183,2.222,9.342,-2.207,0.095,-0.014,0.003,2412,0
1811203,2.21,9.376,-2.174,0.086,-0.007,-0.0,2412,0
1811223,2.188,9.414,-2.105,0.068,-0.002,-0.007,2411,0
1811243,2.174,9.448,-2.04,0.057,0.001,-0.009,2410,0
1811263,2.155,9.474,-1.956,0.051,-0.008,0.004,2412,0
1811283,2.195,9.412,-1.908,0.055,-0.022,0.026,2413,0
1811303,2.212,9.369,-1.86,0.065,-0.041,0.032,2412,0
1811323,2.203,9.318,-1.906,0.031,-0.07,0.015,2412,0
1811343,2.243,9.306,-1.915,0.018,-0.096,0.006,2411,0
1811363,2.27,9.349,-2.002,0.028,-0.103,0.002,2410,0
1811383,2.27,9.392,-2.131,0.043,-0.094,0.015,2411,0
1811403,2.291,9.424,-2.224,0.048,-0.084,0.023,2411,0
1811423,2.315,9.397,-2.234,0.022,-0.066,0.023,2411,0
1811443,2.306,9.323,-2.284,0.007,-0.047,0.005,2410,0
1811463,2.308,9.287,-2.212,0.003,-0.036,-0.01,2413,0
1811483,2.303,9.21,-2.136,0.017,-0.02,-0.018,2412,0
1811503,2.289,9.237,-2.09,0.036,-0.015,-0.011,2411,0
1811523,2.253,9.349,-2.061,0.046,-0.017,-0.003,2413,0
1811543,2.274,9.383,-2.107,0.027,-0.029,-0.004,2412,0
1811563,2.282,9.323,-2.172,0.015,-0.038,-0.007,2412,0
1811583,2.298,9.21,-2.155,0.019,-0.029,-0.007,2411,0
1811603,2.286,9.261,-2.217,0.042,-0.018,-0.007,2412,0
1811623,2.193,9.409,-2.205,0.056,-0.007,-0.016,2411,0
1811643,2.174,9.5,-2.148,0.068,-0.011,0.005,2412,0
1811663,2.184,9.486,-2.093,0.075,-0.019,0.019,2411,0
1811683,2.215,9.409,-2.033,0.067,-0.025,0.026,2412,0
1811703,2.263,9.273,-1.946,0.054,-0.03,0.023,2412,0
1811723,2.296,9.218,-1.949,0.051,-0.042,0.014,2410,0
1811743,2.318,9.242,-1.978,0.052,-0.046,-0.0,2410,0
1811763,2.308,9.328,-2.066,0.049,-0.054,-0.011,2412,0
1811783,2.291,9.414,-2.126,0.041,-0.049,-0.014,2412,0
1811803,2.217,9.493,-2.181,0.049,-0.042,-0.002,2413,0
1811823,2.207,9.507,-2.191,0.045,-0.036,0.019,2411,0
1811843,2.246,9.469,-2.174,0.044,-0.029,0.026,2411,0
1811863,2.246,9.34,-2.136,0.017,-0.019,0.021,2412,0
1811883,2.322,9.184,-2.078,0.018,-0.015,0.014,2411,0
1811903,2.339,9.151,-2.03,0.01,-0.012,-0.003,2411,0
1811923,2.334,9.187,-2.045,0.009,-0.017,-0.029,2411,0
1811943,2.342,9.263,-2.071,0.004,-0.023,-0.042,2410,0
1811963,2.315,9.28,-2.1,-0.003,-0.02,-0.047,2413,0
1811983,2.301,9.246,-2.09,0.001,-0.02,-0.049,2412,0
1812003,2.334,9.218,-2.088,-0.004,-0.02,-0.053,2411,0
1812023,2.32,9.249,-2.093,0.001,-0.018,-0.074,2412,0
1812043,2.212,9.414,-2.078,0.007,-0.02,-0.083,2412,0
1812063,2.195,9.567,-2.081,0.024,-0.026,-0.065,2412,0
1812083,2.205,9.531,-2.045,0.037,-0.027,-0.031,2412,0
1812103,2.21,9.443,-1.985,0.034,-0.025,-0.011,2411,0
1812123,2.176,9.45,-1.966,0.031,-0.025,0.002,2411,0
1812143,2.097,9.452,-2.025,0.055,-0.028,0.037,2413,0
1812163,2.083,9.388,-2.049,0.103,-0.028,0.071,2411,0
1812183,2.121,9.28,-2.114,0.115,-0.014,0.068,2411,0
1812203,2.114,9.316,-2.116,0.115,-0.015,0.039,2412,0
1812223,2.193,9.254,-2.025,0.097,-0.009,0.013,2411,0
1812243,2.289,9.179,-1.987,0.108,-0.018,-0.012,2412,0
1812263,2.423,9.122,-1.992,0.096,-0.01,-0.035,2412,0
1812283,2.492,9.222,-2.028,0.083,-0.003,-0.051,2412,0
1812303,2.435,9.361,-2.061,0.022,0.006,-0.077,2412,0
1812323,2.306,9.436,-2.172,-0.005,-0.007,-0.069,2412,0
1812343,2.253,9.488,-2.212,0.026,-0.004,-0.047,2410,0
1812363,2.155,9.574,-2.198,0.064,0.005,-0.021,2411,0
1812383,2.131,9.608,-2.162,0.066,-0.001,0.015,2411,0
1812403,2.16,9.558,-2.107,0.059,-0.011,0.032,2411,0
1812423,2.21,9.414,-2.078,0.043,-0.019,0.033,2412,0
1812443,2.21,9.371,-2.054,0.039,-0.036,0.029,2412,0
1812463,2.207,9.306,-2.083,0.028,-0.047,0.022,2411,0
1812483,2.193,9.29,-2.1,0.034,-0.055,0.019,2411,0
1812503,2.162,9.318,-2.116,0.033,-0.051,0.01,2410,0
1812523,2.155,9.273,-2.133,0.028,-0.045,0.013,2411,0
1812543,2.217,9.208,-2.081,0.037,-0.037,0.005,2411,0
1812563,2.227,9.165,-2.071,0.042,-0.025,-0.011,2413,0
1812583,2.2,9.208,-2.009,0.046,-0.02,-0.025,2411,0
1812603,2.219,9.23,-2.018,0.03,-0.027,-0.044,2411,0
1812623,2.241,9.244,-2.021,0.021,-0.033,-0.059,2412,0
1812643,2.263,9.251,-2.009,0.035,-0.028,-0.077,2413,0
1812663,2.253,9.337,-2.045,0.048,-0.025,-0.083,2412,0
1812683,2.217,9.433,-2.045,0.041,-0.019,-0.09,2412,0
1812703,2.195,9.503,-2.076,0.021,-0.013,-0.075,2411,0
1812723,2.222,9.548,-2.059,0.023,-0.01,-0.05,2413,0
1812743,2.212,9.55,-2.069,0.023,-0.01,-0.032,2411,0
1812763,2.169,9.517,-2.085,0.026,-0.029,-0.007,2411,0
1812783,2.164,9.433,-2.076,0.043,-0.039,0.018,2412,0
1812803,2.191,9.366,-2.076,0.077,-0.044,0.033,2412,0
1812823,2.181,9.361,-2.042,0.087,-0.051,0.036,2411,0
1812843,2.179,9.313,-2.023,0.092,-0.062,0.043,2411,0
1812863,2.229,9.27,-2.035,0.1,-0.063,0.044,2411,0
1812883,2.222,9.273,-2.097,0.099,-0.055,0.02,2412,0
1812903,2.181,9.347,-2.162,0.078,-0.052,0.002,2410,0
1812923,2.2,9.421,-2.164,0.062,-0.044,-0.006,2412,0
1812943,2.179,9.445,-2.157,0.051,-0.028,-0.019,2412,0
1812963,2.172,9.431,-2.172,0.032,-0.021,-0.019,2412,0
1812983,2.176,9.419,-2.212,0.014,-0.019,-0.02,2412,0
1813003,2.157,9.366,-2.198,0.006,-0.013,-0.018,2411,0
1813023,2.155,9.395,-2.143,0.023,-0.007,-0.006,2411,0
1813043,2.109,9.404,-2.114,0.015,-0.009,0.012,2411,0
1813063,2.143,9.294,-2.061,0.016,-0.029,0.024,2412,0
1813083,2.155,9.182,-2.076,0.039,-0.043,0.025,2411,0
1813103,2.126,9.189,-2.078,0.079,-0.054,0.019,2411,0
1813123,2.102,9.239,-2.121,0.098,-0.06,0.009,2412,0
1813143,2.179,9.227,-2.136,0.103,-0.058,-0.006,2411,0
1813163,2.162,9.337,-2.15,0.088,-0.045,-0.042,2412,0
1813183,2.126,9.364,-2.169,0.047,-0.042,-0.054,2412,0
1813203,2.184,9.4,-2.133,0.054,-0.032,-0.045,2411,0
1813223,2.179,9.503,-2.179,0.056,-0.01,-0.06,2413,0
1813243,2.193,9.553,-2.198,0.035,-0.002,-0.068,2412,0
1813263,2.234,9.483,-2.116,-0.009,-0.0,-0.062,2412,0
1813283,2.231,9.416,-2.059,-0.033,-0.004,-0.041,2411,0
1813303,2.21,9.464,-2.066,-0.021,-0.01,-0.018,2411,0
1813323,2.169,9.479,-2.116,0.006,-0.027,0.014,2410,0
1813343,2.16,9.388,-2.172,0.036,-0.038,0.025,2412,0
1813363,2.172,9.306,-2.162,0.058,-0.043,0.019,2413,0
1813383,2.186,9.256,-2.126,0.056,-0.039,0.006,2411,0
1813403,2.15,9.215,-2.114,0.048,-0.037,0.006,2412,0
1813423,2.157,9.306,-2.138,0.066,-0.036,-0.001,2413,0
1813443,2.162,9.364,-2.176,0.078,-0.025,-0.02,2412,0
1813463,2.181,9.412,-2.212,0.078,-0.02,-0.041,2412,0
1813483,2.16,9.462,-2.162,0.051,-0.006,-0.068,2411,0
1813503,2.14,9.493,-2.119,0.017,0.015,-0.072,2411,0
1813523,2.085,9.565,-2.009,-0.007,0.021,-0.047,2409,0
1813543,2.069,9.486,-1.927,-0.025,0.022,-0.012,2411,0
1813563,2.052,9.471,-1.937,-0.011,0.004,0.01,2411,0
1813583,2.059,9.402,-1.944,-0.012,-0.02,0.018,2412,0
1813603,2.054,9.294,-1.961,0.002,-0.045,0.028,2410,0
1813623,2.064,9.251,-2.04,0.026,-0.051,0.017,2411,0
1813643,2.045,9.275,-2.126,0.049,-0.062,0.019,2413,0
1813663,2.066,9.438,-2.176,0.08,-0.064,0.011,2410,0
1813683,2.085,9.433,-2.152,0.054,-0.052,-0.005,2412,0
1813703,2.124,9.376,-2.138,0.046,-0.047,-0.026,2412,0
1813723,2.145,9.369,-2.131,0.02,-0.033,-0.041,2411,0
1813743,2.186,9.313,-2.093,0.019,-0.024,-0.03,2412,0
1813763,2.181,9.357,-2.088,0.021,-0.007,-0.017,2411,0
1813783,2.15,9.352,-2.102,0.001,0.001,-0.013,2411,0
1813803,2.136,9.378,-2.064,-0.011,-0.009,-0.006,2412,0
1813823,2.131,9.325,-2.033,-0.004,-0.02,0.006,2412,0
1813843,2.121,9.266,-2.107,0.046,-0.033,0.013,2412,0
1813863,2.143,9.299,-2.172,0.101,-0.038,0.019,2411,0
1813883,2.121,9.349,-2.231,0.136,-0.03,0.011,2410,0
1813903,2.1,9.445,-2.272,0.144,-0.022,0.004,2411,0
1813923,2.124,9.51,-2.217,0.123,-0.001,0.013,2411,0
1813943,2.174,9.495,-2.093,0.116,0.02,0.019,2410,0
1813963,2.198,9.457,-2.006,0.088,0.034,0.017,2412,0
1813983,2.231,9.364,-1.942,0.055,0.026,0.005,2411,0
1814003,2.212,9.349,-2.004,0.027,0.026,-0.014,2412,0
1814023,2.157,9.376,-1.987,0.024,0.02,-0.01,2411,0
1814043,2.116,9.522,-1.994,0.023,0.007,0.009,2412,0
1814063,2.114,9.471,-1.956,0.012,-0.002,0.022,2412,0
1814083,2.102,9.397,-1.954,0.017,-0.026,0.037,2412,0
1814103,2.128,9.318,-1.97,0.029,-0.041,0.034,2410,0
1814123,2.148,9.263,-1.982,0.05,-0.059,0.035,2411,0
1814143,2.148,9.316,-2.018,0.069,-0.063,0.03,2412,0
1814163,2.093,9.378,-2.095,0.071,-0.067,0.018,2411,0
1814183,2.069,9.457,-2.157,0.065,-0.065,0.012,2411,0
1814203,2.105,9.426,-2.157,0.05,-0.052,0.012,2411,0
1814223,2.181,9.294,-2.121,0.023,-0.042,0.003,2412,0
1814243,2.212,9.251,-2.114,0.002,-0.035,-0.028,2412,0
1814263,2.212,9.292,-2.093,-0.006,-0.035,-0.034,2411,0
1814283,2.15,9.424,-2.105,0.018,-0.034,-0.026,2414,0
1814303,2.148,9.462,-2.088,0.018,-0.03,-0.014,2412,0
1814323,2.21,9.373,-2.035,0.001,-0.038,0.005,2412,0
1814343,2.222,9.258,-1.98,-0.005,-0.046,0.018,2412,0
1814363,2.234,9.227,-1.973,0.035,-0.062,0.022,2412,0
1814383,2.212,9.328,-2.033,0.077,-0.081,0.015,2413,0
1814403,2.167,9.402,-2.16,0.103,-0.083,0.017,2411,0
1814423,2.181,9.459,-2.176,0.109,-0.068,0.019,2413,0
1814443,2.174,9.452,-2.184,0.07,-0.047,0.014,2413,0
1814463,2.227,9.397,-2.107,0.042,-0.033,0.01,2412,0
1814483,2.241,9.337,-2.042,0.024,-0.025,-0.004,2413,0
1814503,2.306,9.282,-1.968,0.025,-0.022,-0.013,2412,0
1814523,2.241,9.309,-1.982,0.02,-0.027,-0.021,2413,0
1814543,2.145,9.421,-2.083,0.002,-0.038,-0.009,2412,0
1814563,2.136,9.488,-2.126,0.0,-0.047,0.009,2412,0
1814583,2.143,9.404,-2.155,0.004,-0.051,0.022,2413,0
1814603,2.195,9.258,-2.088,0.031,-0.05,0.029,2412,0
1814623,2.2,9.227,-2.064,0.061,-0.054,0.022,2413,0
1814643,2.179,9.306,-2.128,0.077,-0.056,0.024,2412,0
1814663,2.188,9.352,-2.172,0.094,-0.048,0.012,2413,0
1814683,2.195,9.311,-2.131,0.072,-0.034,-0.003,2410,0
1814703,2.234,9.29,-2.054,0.062,-0.029,-0.023,2413,0
1814723,2.217,9.325,-2.037,0.04,-0.024,-0.039,2413,0
1814743,2.231,9.33,-1.97,0.043,-0.025,-0.033,2413,0
1814763,2.222,9.349,-2.04,0.025,-0.031,-0.041,2414,0
1814783,2.174,9.407,-2.102,0.001,-0.044,-0.056,2414,0
1814803,2.176,9.44,-2.162,-0.009,-0.056,-0.051,2413,0
1814823,2.157,9.424,-2.188,0.013,-0.051,-0.029,2414,0
1814843,2.152,9.433,-2.181,0.043,-0.04,0.003,2414,0
1814863,2.191,9.361,-2.164,0.033,-0.038,0.014,2412,0
1814883,2.217,9.222,-2.095,0.018,-0.059,0.015,2412,0
1814903,2.253,9.172,-2.071,0.047,-0.08,0.002,2413,0
1814923,2.215,9.273,-2.131,0.095,-0.082,-0.011,2414,0
1814943,2.203,9.4,-2.176,0.136,-0.076,0.001,2414,0
1814963,2.212,9.5,-2.181,0.129,-0.06,0.004,2412,0
1814983,2.239,9.428,-2.107,0.07,-0.05,-0.006,2414,0
1815003,2.272,9.311,-2.059,0.027,-0.044,-0.019,2413,0
1815023,2.308,9.16,-2.025,0.017,-0.037,-0.028,2413,0
1815043,2.246,9.146,-2.047,0.031,-0.033,-0.045,2413,0
1815063,2.14,9.33,-2.121,0.034,-0.022,-0.063,2413,0
1815083,2.014,9.55,-2.215,0.024,-0.019,-0.063,2412,0
1815103,1.968,9.637,-2.217,0.02,-0.013,-0.034,2413,0
1815123,1.973,9.57,-2.191,0.034,-0.01,-0.001,2412,0
1815143,2.021,9.488,-2.128,0.043,-0.008,0.009,2414,0
1815163,2.071,9.342,-2.093,0.05,-0.018,0.0,2412,0
1815183,2.114,9.325,-2.064,0.064,-0.023,-0.004,2414,0
1815203,2.097,9.392,-2.018,0.085,-0.019,-0.006,2411,0
1815223,2.052,9.517,-2.081,0.069,-0.015,-0.01,2413,0
1815243,2.021,9.565,-2.105,0.029,-0.014,-0.008,2413,0
1815263,2.061,9.548,-2.114,0.009,-0.011,-0.006,2414,0
1815283,2.109,9.464,-2.071,-0.009,-0.011,0.007,2414,0
1815303,2.181,9.359,-2.057,0.001,-0.012,0.003,2412,0
1815323,2.222,9.311,-2.016,0.006,-0.023,0.001,2412,0
1815343,2.184,9.328,-2.014,0.004,-0.03,0.007,2413,0
1815363,2.133,9.359,-2.021,0.003,-0.042,0.014,2413,0
1815383,2.14,9.306,-2.071,0.009,-0.05,0.022,2413,0
1815403,2.143,9.254,-2.102,0.03,-0.053,0.029,2413,0
1815423,2.174,9.206,-2.112,0.054,-0.052,0.028,2413,0
1815443,2.15,9.256,-2.152,0.066,-0.045,0.011,2413,0
1815463,2.155,9.349,-2.188,0.075,-0.037,-0.008,2414,0
1815483,2.155,9.371,-2.133,0.072,-0.02,-0.015,2412,0
1815503,2.16,9.44,-2.128,0.068,-0.003,-0.025,2413,0
1815523,2.212,9.443,-2.045,0.038,-0.002,-0.031,2413,0
1815543,2.227,9.428,-1.97,0.014,-0.007,-0.028,2414,0
1815563,2.219,9.459,-1.966,0.01,-0.016,-0.026,2412,0
1815583,2.203,9.512,-1.999,0.015,-0.031,-0.005,2414,0
1815603,2.14,9.582,-2.071,0.01,-0.042,0.018,2413,0
1815623,2.152,9.507,-2.15,0.004,-0.054,0.043,2413,0
1815643,2.179,9.419,-2.119,0.013,-0.059,0.062,2411,0
1815663,2.193,9.306,-2.078,0.026,-0.066,0.08,2413,0
1815683,2.243,9.256,-2.116,0.056,-0.082,0.08,2412,0
1815703,2.234,9.148,-2.164,0.057,-0.08,0.068,2413,0
1815723,2.231,9.127,-2.174,0.09,-0.079,0.052,2412,0
1815743,2.217,9.184,-2.162,0.092,-0.067,0.03,2413,0
1815763,2.241,9.227,-2.155,0.097,-0.061,0.014,2413,0
1815783,2.241,9.29,-2.152,0.087,-0.051,0.003,2413,0
1815803,2.234,9.258,-2.167,0.048,-0.03,-0.01,2412,0
1815823,2.231,9.285,-2.207,0.035,-0.023,-0.018,2412,0
1815843,2.193,9.371,-2.207,0.032,-0.008,-0.039,2414,0
1815863,2.155,9.433,-2.21,0.045,-0.006,-0.035,2413,0
1815883,2.179,9.414,-2.162,0.055,0.004,-0.023,2414,0
1815903,2.198,9.397,-2.105,0.055,0.017,-0.009,2413,0
1815923,2.145,9.421,-2.081,0.048,0.017,-0.001,2414,0
1815943,2.076,9.464,-2.066,0.048,0.005,0.003,2411,0
1815963,2.069,9.481,-2.054,0.071,-0.015,0.003,2414,0
1815983,2.1,9.462,-2.107,0.083,-0.025,0.005,2413,0
1816003,2.191,9.4,-2.066,0.088,-0.033,0.019,2412,0
1816023,2.234,9.419,-2.093,0.086,-0.033,0.021,2413,0
1816043,2.251,9.388,-2.061,0.064,-0.034,0.026,2413,0
1816063,2.26,9.407,-2.052,0.058,-0.041,0.028,2413,0
1816083,2.231,9.371,-2.066,0.036,-0.037,0.03,2413,0
1816103,2.217,9.335,-2.093,0.042,-0.034,0.04,2413,0
1816123,2.241,9.266,-2.054,0.036,-0.033,0.04,2414,0
1816143,2.26,9.146,-2.093,0.029,-0.031,0.016,2413,0
1816163,2.289,9.112,-2.095,0.015,-0.042,-0.006,2413,0
1816183,2.318,9.139,-2.126,0.011,-0.042,-0.026,2413,0
1816203,2.27,9.23,-2.191,0.028,-0.042,-0.03,2414,0
1816223,2.26,9.299,-2.243,0.043,-0.038,-0.031,2413,0
1816243,2.217,9.321,-2.298,0.044,-0.038,-0.037,2413,0
1816263,2.179,9.347,-2.327,0.04,-0.035,-0.037,2414,0
1816283,2.164,9.388,-2.33,0.06,-0.026,-0.036,2413,0
1816303,2.128,9.438,-2.354,0.088,-0.015,-0.022,2414,0
1816323,2.157,9.51,-2.267,0.128,-0.011,0.005,2413,0
1816343,2.224,9.436,-2.184,0.123,-0.004,0.012,2413,0
1816363,2.246,9.378,-2.081,0.098,-0.011,-0.001,2415,0
1816383,2.277,9.369,-1.999,0.072,-0.015,-0.004,2413,0
1816403,2.277,9.383,-1.99,0.085,-0.006,-0.002,2414,0
1816423,2.248,9.436,-2.03,0.074,0.005,0.002,2412,0
1816443,2.246,9.45,-2.016,0.038,0.006,-0.001,2413,0
1816463,2.219,9.373,-2.016,-0.009,0.003,-0.008,2414,0
1816483,2.227,9.33,-2.006,-0.023,-0.007,-0.018,2414,0
1816503,2.188,9.27,-2.064,-0.022,-0.006,-0.026,2412,0
1816523,2.148,9.402,-2.148,0.004,-0.012,-0.02,2413,0
1816543,2.131,9.464,-2.167,0.009,-0.006,-0.017,2414,0
1816563,2.186,9.431,-2.126,-0.006,-0.01,-0.013,2414,0
1816583,2.26,9.318,-2.042,-0.024,-0.021,-0.011,2414,0
1816603,2.289,9.177,-2.042,-0.036,-0.034,-0.014,2413,0
1816623,2.255,9.127,-2.09,-0.023,-0.048,-0.021,2414,0
1816643,2.217,9.225,-2.176,0.022,-0.049,-0.012,2414,0
1816663,2.174,9.436,-2.246,0.051,-0.049,-0.016,2413,0
1816683,2.116,9.493,-2.198,0.037,-0.053,-0.008,2412,0
1816703,2.15,9.471,-2.186,0.033,-0.052,0.002,2413,0
1816723,2.188,9.4,-2.128,0.042,-0.047,0.015,2413,0
1816743,2.227,9.349,-2.049,0.071,-0.046,0.018,2414,0
1816763,2.291,9.27,-1.97,0.067,-0.051,0.008,2412,0
1816783,2.306,9.201,-2.002,0.044,-0.051,-0.012,2413,0
1816803,2.294,9.196,-2.052,0.014,-0.039,-0.026,2413,0
1816823,2.243,9.234,-2.078,0.008,-0.02,-0.03,2413,0
1816843,2.193,9.347,-2.152,0.025,-0.009,-0.038,2412,0
1816863,2.174,9.4,-2.167,0.028,0.001,-0.046,2412,0
1816883,2.136,9.424,-2.174,0.018,0.002,-0.059,2412,0
1816903,2.109,9.5,-2.21,0.01,0.002,-0.056,2410,0
1816923,2.167,9.541,-2.205,0.026,0.01,-0.041,2412,0
1816943,2.229,9.436,-2.145,0.023,0.028,-0.027,2413,0
1816963,2.251,9.38,-2.112,0.017,0.033,-0.02,2412,0
1816983,2.255,9.318,-2.035,-0.001,0.027,-0.025,2411,0
1817003,2.198,9.301,-1.985,-0.002,0.009,-0.024,2411,0
1817023,2.162,9.373,-2.049,0.036,-0.012,-0.011,2411,0
1817043,2.2,9.392,-2.071,0.069,-0.023,0.008,2412,0
1817063,2.224,9.345,-2.121,0.07,-0.027,0.011,2412,0
1817083,2.227,9.313,-2.109,0.047,-0.035,0.002,2412,0
1817103,2.157,9.311,-2.116,0.043,-0.036,-0.011,2411,0
1817123,2.116,9.318,-2.14,0.071,-0.04,-0.001,2411,0
1817143,2.116,9.325,-2.107,0.1,-0.026,0.018,2410,0
1817163,2.112,9.299,-2.138,0.101,-0.018,0.017,2410,0
1817183,2.172,9.278,-2.097,0.08,-0.018,-0.003,2411,0
1817203,2.21,9.258,-1.975,0.068,-0.022,-0.029,2411,0
1817223,2.2,9.311,-1.954,0.075,-0.026,-0.043,2410,0
1817243,2.2,9.421,-1.942,0.067,-0.03,-0.053,2411,0
1817263,2.186,9.467,-2.025,0.022,-0.031,-0.049,2411,0
1817283,2.179,9.438,-2.105,-0.009,-0.019,-0.05,2412,0
1817303,2.172,9.424,-2.121,-0.036,-0.008,-0.049,2412,0
1817323,2.164,9.421,-2.093,-0.033,0.002,-0.051,2412,0
1817343,2.112,9.467,-2.085,-0.025,-0.002,-0.045,2412,0
1817363,2.107,9.481,-2.095,-0.01,-0.012,-0.021,2411,0
1817383,2.097,9.457,-2.112,-0.001,-0.018,-0.014,2412,0
1817403,2.083,9.476,-2.152,0.014,-0.026,-0.009,2412,0
1817423,2.035,9.503,-2.143,0.039,-0.022,-0.001,2411,0
1817443,2.052,9.534,-2.107,0.054,-0.026,0.015,2412,0
1817463,2.152,9.397,-1.944,0.064,-0.017,0.035,2412,0
1817483,2.219,9.287,-1.887,0.078,-0.018,0.031,2411,0
1817503,2.215,9.278,-1.872,0.061,-0.019,0.018,2411,0
1817523,2.193,9.325,-1.896,0.066,-0.025,0.008,2411,0
1817543,2.157,9.369,-1.851,0.05,-0.015,0.005,2412,0
1817563,2.152,9.419,-1.851,0.049,-0.008,0.002,2411,0
1817583,2.188,9.323,-1.757,0.022,-0.01,0.001,2412,0
1817603,2.191,9.249,-1.743,0.002,-0.009,-0.022,2413,0
1817623,2.121,9.321,-1.882,-0.019,-0.01,-0.046,2411,0
1817643,2.028,9.452,-2.006,-0.015,-0.005,-0.053,2412,0
1817663,1.942,9.522,-2.035,0.004,0.012,-0.045,2411,0
1817683,1.925,9.534,-2.023,0.006,0.029,-0.035,2411,0
1817703,1.98,9.443,-1.939,-0.013,0.026,-0.034,2411,0
1817723,2.021,9.364,-1.887,-0.021,0.012,-0.048,2410,0
1817743,2.009,9.328,-1.951,-0.009,-0.003,-0.06,2413,0
1817763,2.021,9.385,-1.994,0.031,-0.01,-0.045,2411,0
1817783,2.023,9.421,-2.09,0.044,-0.007,-0.039,2410,0
1817803,2.023,9.385,-2.045,0.021,-0.013,-0.04,2412,0
1817823,2.054,9.354,-2.016,0.012,-0.025,-0.048,2411,0
1817843,2.069,9.294,-2.042,0.029,-0.034,-0.045,2412,0
1817863,2.073,9.357,-2.071,0.09,-0.04,-0.025,2411,0
1817883,2.054,9.431,-2.052,0.107,-0.039,-0.006,2412,0
1817903,2.059,9.352,-2.04,0.089,-0.045,0.004,2411,0
1817923,2.097,9.28,-2.025,0.073,-0.053,-0.007,2411,0
1817943,2.088,9.335,-2.037,0.102,-0.055,-0.028,2411,0
1817963,2.076,9.491,-2.021,0.148,-0.057,-0.022,2411,0
1817983,2.035,9.618,-2.004,0.161,-0.044,-0.003,2411,0
1818003,1.999,9.732,-1.973,0.147,-0.036,0.009,2412,0
1818023,2.002,9.699,-1.911,0.085,-0.032,0.018,2411,0
1818043,2.03,9.562,-1.846,0.054,-0.031,0.021,2412,0
1818063,2.102,9.443,-1.786,0.041,-0.03,0.022,2412,0
1818083,2.114,9.347,-1.834,0.033,-0.022,0.014,2411,0
1818103,2.097,9.306,-1.875,0.007,-0.014,0.006,2411,0
1818123,2.049,9.359,-1.913,-0.022,-0.01,-0.009,2412,0
1818143,2.052,9.412,-1.939,-0.043,-0.007,-0.026,2411,0
1818163,1.99,9.467,-2.023,-0.03,-0.013,-0.032,2412,0
1818183,1.935,9.479,-2.073,-0.005,-0.015,-0.026,2411,0
1818203,1.913,9.515,-2.145,0.033,-0.019,-0.02,2411,0
1818223,1.946,9.536,-2.133,0.048,-0.016,-0.007,2411,0
1818243,2.011,9.529,-2.088,0.051,-0.007,-0.005,2411,0
1818263,2.045,9.467,-2.033,0.016,-0.006,0.0,2412,0
1818283,2.064,9.357,-1.937,0.013,-0.017,0.009,2410,0
1818303,2.052,9.33,-1.973,0.021,-0.032,0.011,2411,0
1818323,2.023,9.357,-1.968,0.06,-0.048,0.023,2411,0
1818343,2.037,9.426,-1.97,0.096,-0.055,0.033,2411,0
1818363,2.035,9.402,-1.925,0.091,-0.064,0.03,2412,0
1818383,2.095,9.364,-1.887,0.067,-0.075,0.023,2412,0
1818403,2.093,9.383,-1.918,0.059,-0.077,0.024,2411,0
1818423,2.09,9.39,-1.963,0.068,-0.077,0.014,2412,0
1818443,2.083,9.4,-2.035,0.054,-0.071,0.004,2411,0
1818463,2.042,9.483,-2.018,0.048,-0.055,-0.009,2411,0
1818483,2.004,9.531,-2.04,0.04,-0.038,-0.007,2411,0
1818503,1.963,9.57,-1.951,0.024,-0.03,0.005,2412,0
1818523,2.016,9.421,-1.834,0.001,-0.027,0.015,2412,0
1818543,2.078,9.23,-1.776,-0.007,-0.028,0.01,2409,0
1818563,2.128,9.167,-1.856,-0.013,-0.035,-0.013,2410,0
1818583,2.143,9.256,-1.951,-0.007,-0.048,-0.04,2412,0
1818603,2.105,9.392,-2.023,-0.003,-0.051,-0.049,2411,0
1818623,2.025,9.536,-2.09,0.022,-0.047,-0.033,2411,0
1818643,2.006,9.651,-2.124,0.035,-0.047,-0.014,2412,0
1818663,2.04,9.596,-2.155,0.025,-0.05,0.002,2411,0
1818683,2.073,9.548,-2.136,0.02,-0.058,0.017,2411,0
1818703,2.121,9.495,-2.04,0.027,-0.062,0.031,2412,0
1818723,2.093,9.428,-2.071,0.038,-0.064,0.059,2412,0
1818743,2.107,9.503,-2.061,0.076,-0.075,0.071,2411,0
1818763,2.088,9.462,-1.992,0.064,-0.071,0.071,2411,0
1818783,2.114,9.347,-1.891,0.068,-0.083,0.071,2411,0
1818803,2.119,9.294,-1.762,0.066,-0.095,0.06,2413,0
1818823,2.116,9.237,-1.753,0.069,-0.111,0.052,2411,0
1818843,2.148,9.313,-1.832,0.062,-0.122,0.052,2409,0
1818863,2.188,9.311,-1.86,0.031,-0.115,0.048,2411,0
1818883,2.198,9.232,-1.844,0.001,-0.108,0.037,2410,0
1818903,2.217,9.172,-1.731,-0.023,-0.12,0.024,2411,0
1818923,2.198,9.158,-1.776,-0.022,-0.155,0.012,2412,0
1818943,2.203,9.158,-1.906,0.006,-0.173,0.007,2411,0
1818963,2.203,9.258,-2.155,0.045,-0.161,-0.003,2411,0
1818983,2.157,9.438,-2.375,0.051,-0.121,-0.037,2411,0
1819003,2.052,9.61,-2.533,0.02,-0.089,-0.066,2412,0
1819023,2.057,9.637,-2.483,-0.002,-0.053,-0.064,2411,0
1819043,2.155,9.541,-2.377,0.012,-0.005,-0.046,2410,0
1819063,2.251,9.38,-2.16,0.026,0.039,-0.026,2414,0
1819083,2.277,9.268,-2.023,0.027,0.057,-0.02,2412,0
1819103,2.274,9.21,-1.93,0.013,0.041,-0.028,2411,0
1819123,2.217,9.285,-1.925,0.033,0.016,-0.039,2411,0
1819143,2.138,9.426,-1.98,0.08,0.006,-0.026,2411,0
1819163,2.093,9.512,-1.975,0.123,-0.012,-0.002,2412,0
1819183,2.052,9.541,-2.004,0.126,-0.016,0.012,2411,0
1819203,2.061,9.481,-1.927,0.118,-0.025,0.028,2411,0
1819223,2.128,9.431,-1.863,0.126,-0.023,0.05,2412,0
1819243,2.155,9.347,-1.844,0.126,-0.013,0.056,2411,0
1819263,2.138,9.273,-1.844,0.102,-0.018,0.049,2412,0
1819283,2.116,9.244,-1.944,0.084,-0.026,0.029,2411,0
1819303,2.078,9.304,-2.069,0.089,-0.021,0.007,2412,0
1819323,2.033,9.51,-2.21,0.099,-0.005,-0.013,2411,0
1819343,1.982,9.622,-2.222,0.083,0.019,-0.013,2411,0
1819363,1.997,9.716,-2.176,0.065,0.026,-0.008,2412,0
1819383,2.006,9.634,-2.083,0.022,0.029,-0.001,2412,0
1819403,2.119,9.546,-1.985,0.033,0.013,0.008,2411,0
1819423,2.184,9.395,-1.93,0.023,0.009,0.014,2412,0
1819443,2.174,9.39,-1.93,0.031,0.004,0.039,2411,0
1819463,2.212,9.366,-1.899,0.029,-0.008,0.047,2411,0
1819483,2.167,9.251,-1.92,0.003,-0.033,0.053,2412,0
1819503,2.195,9.199,-1.99,0.019,-0.063,0.036,2411,0
1819523,2.219,9.172,-2.045,0.042,-0.074,0.022,2412,0
1819543,2.239,9.139,-2.097,0.087,-0.063,0.021,2412,0
1819563,2.222,9.225,-2.093,0.098,-0.046,0.019,2411,0
1819583,2.186,9.287,-2.128,0.072,-0.036,0.002,2410,0
1819603,2.157,9.292,-2.114,0.035,-0.038,-0.003,2411,0
1819623,2.14,9.246,-2.105,0.038,-0.029,-0.008,2412,0
1819643,2.083,9.361,-2.16,0.069,-0.02,-0.003,2411,0
1819663,1.927,9.493,-2.176,0.056,-0.022,0.021,2410,0
1819683,2.059,9.586,-2.157,0.025,-0.059,0.077,2410,0
1819703,2.31,9.5,-1.889,0.083,-0.011,0.004,2410,0
1819723,2.148,9.328,-2.14,0.025,0.019,-0.049,2410,0
1819743,2.105,9.476,-2.054,0.027,0.006,-0.037,2410,0
1819763,2.186,9.493,-2.078,-0.022,-0.015,-0.034,2411,0
1819783,2.116,9.565,-2.069,0.049,-0.002,-0.034,2411,0
1819803,2.164,9.632,-2.093,0.064,-0.024,-0.016,2411,0
1819823,2.188,9.625,-1.97,0.028,-0.045,0.006,2410,0
1819843,2.224,9.376,-1.908,-0.006,-0.063,0.013,2411,0
1819863,2.26,9.191,-1.884,-0.014,-0.086,0.015,2411,0
1819883,2.272,9.069,-1.992,-0.008,-0.101,0.027,2410,0
1819903,2.318,9.115,-2.15,0.016,-0.108,0.014,2411,0
1819923,2.315,9.163,-2.253,0.013,-0.091,-0.016,2410,0
1819943,2.251,9.237,-2.26,0.022,-0.076,-0.032,2410,0
1819963,2.205,9.29,-2.258,0.025,-0.06,-0.036,2410,0
1819983,2.169,9.38,-2.205,0.053,-0.057,-0.028,2410,0
1820003,2.191,9.517,-2.097,0.092,-0.053,-0.009,2408,0
1820023,2.219,9.543,-1.982,0.114,-0.051,0.005,2409,0
1820043,2.26,9.529,-1.853,0.091,-0.059,0.009,2411,0
1820063,2.315,9.471,-1.815,0.056,-0.076,0.028,2410,0
1820083,2.349,9.345,-1.815,0.025,-0.072,0.038,2410,0
1820103,2.344,9.301,-1.935,0.015,-0.062,0.022,2411,0
1820123,2.239,9.301,-2.057,-0.014,-0.048,-0.002,2410,0
1820143,2.188,9.323,-2.176,-0.024,-0.035,-0.011,2411,0
1820163,2.186,9.39,-2.21,-0.017,-0.012,-0.021,2410,0
1820183,2.126,9.412,-2.258,-0.014,0.003,-0.022,2410,0
1820203,2.112,9.409,-2.205,-0.002,0.013,-0.025,2410,0
1820223,2.128,9.402,-2.184,0.017,0.015,-0.031,2410,0
1820243,2.128,9.366,-2.102,0.034,0.018,-0.03,2410,0
1820263,2.16,9.347,-2.037,0.051,0.013,-0.023,2410,0
1820283,2.217,9.369,-1.963,0.05,0.007,-0.007,2410,0
1820303,2.174,9.392,-1.944,0.046,0.003,-0.001,2411,0
1820323,2.184,9.369,-1.944,0.044,-0.015,0.003,2411,0
1820343,2.205,9.306,-1.999,0.038,-0.027,0.007,2410,0
1820363,2.188,9.258,-2.037,0.051,-0.029,-0.002,2410,0
1820383,2.148,9.347,-2.066,0.071,-0.028,-0.003,2412,0
1820403,2.164,9.4,-2.025,0.084,-0.02,0.001,2410,0
1820423,2.169,9.481,-1.997,0.096,-0.019,0.008,2411,0
1820443,2.162,9.459,-1.935,0.074,-0.004,0.009,2410,0
1820463,2.162,9.385,-1.937,0.048,-0.008,0.011,2410,0
1820483,2.212,9.328,-1.899,0.043,-0.003,0.004,2409,0
1820503,2.174,9.33,-1.882,0.045,-0.004,0.003,2411,0
1820523,2.188,9.373,-1.858,0.051,-0.013,0.001,2409,0
1820543,2.179,9.316,-1.894,0.035,-0.017,-0.003,2410,0
1820563,2.16,9.328,-1.982,0.024,-0.019,-0.017,2411,0
1820583,2.116,9.409,-2.049,0.014,-0.021,-0.031,2411,0
1820603,2.112,9.448,-2.083,0.025,-0.014,-0.028,2410,0
1820623,2.148,9.464,-2.054,0.033,0.001,-0.025,2410,0
1820643,2.162,9.474,-2.023,0.023,0.012,-0.024,2411,0
1820663,2.143,9.457,-2.004,0.007,0.01,-0.02,2410,0
1820683,2.179,9.467,-2.002,0.013,-0.0,-0.02,2411,0
1820703,2.193,9.455,-1.987,0.023,-0.004,-0.017,2411,0
1820723,2.207,9.457,-1.997,0.04,-0.009,-0.003,2411,0
1820743,2.184,9.421,-1.992,0.029,-0.004,0.008,2411,0
1820763,2.145,9.378,-1.985,0.013,-0.008,0.003,2410,0
1820783,2.179,9.318,-1.937,0.012,-0.017,0.002,2411,0
1820803,2.174,9.285,-1.875,0.036,-0.023,0.008,2411,0
1820823,2.188,9.316,-1.841,0.054,-0.038,0.01,2411,0
1820843,2.207,9.318,-1.848,0.048,-0.052,0.005,2411,0
1820863,2.212,9.311,-1.884,0.03,-0.064,-0.002,2411,0
1820883,2.203,9.297,-1.935,0.026,-0.064,-0.016,2409,0
1820903,2.167,9.335,-1.997,0.022,-0.063,-0.029,2410,0
1820923,2.172,9.321,-1.999,0.029,-0.06,-0.028,2411,0
1820943,2.174,9.328,-2.059,0.034,-0.053,-0.02,2412,0
1820963,2.15,9.443,-2.124,0.045,-0.044,-0.024,2411,0
1820983,2.116,9.51,-2.116,0.031,-0.034,-0.027,2411,0
1821003,2.126,9.436,-2.071,0.034,-0.032,-0.013,2412,0
1821023,2.133,9.38,-1.958,0.051,-0.024,-0.004,2411,0
1821043,2.1,9.424,-1.927,0.073,-0.029,0.009,2411,0
1821063,2.095,9.459,-1.891,0.07,-0.046,0.02,2411,0
1821083,2.157,9.369,-1.956,0.054,-0.064,0.008,2410,0
1821103,2.207,9.325,-1.98,0.041,-0.062,-0.021,2412,0
1821123,2.198,9.335,-2.04,0.043,-0.051,-0.03,2412,0
1821143,2.229,9.378,-2.002,0.056,-0.033,-0.023,2409,0
1821163,2.234,9.455,-1.994,0.054,-0.023,-0.017,2410,0
1821183,2.236,9.428,-1.973,0.022,-0.014,-0.025,2412,0
1821203,2.239,9.383,-1.954,0.001,-0.02,-0.023,2410,0
1821223,2.217,9.397,-1.949,0.018,-0.022,-0.026,2411,0
1821243,2.164,9.45,-1.978,0.045,-0.022,-0.017,2411,0
1821263,2.112,9.529,-1.968,0.063,-0.022,0.002,2411,0
1821283,2.143,9.503,-1.958,0.05,-0.022,0.018,2410,0
1821303,2.181,9.404,-1.954,0.03,-0.02,0.013,2410,0
1821323,2.195,9.323,-1.901,0.014,-0.023,0.005,2411,0
1821343,2.195,9.273,-1.865,0.02,-0.033,-0.001,2411,0
1821363,2.15,9.292,-1.918,0.041,-0.04,-0.004,2409,0
1821383,2.131,9.419,-2.011,0.051,-0.046,-0.011,2411,0
1821403,2.126,9.407,-2.076,0.027,-0.038,-0.015,2411,0
1821423,2.131,9.397,-2.112,0.027,-0.024,-0.017,2410,0
1821443,2.131,9.414,-2.088,0.025,-0.009,-0.023,2411,0
1821463,2.133,9.412,-2.011,0.034,-0.006,-0.022,2411,0
1821483,2.179,9.414,-1.958,0.052,-0.003,-0.015,2411,0
1821503,2.155,9.45,-1.884,0.053,0.0,-0.018,2409,0
1821523,2.124,9.455,-1.884,0.033,-0.014,-0.009,2411,0
1821543,2.157,9.436,-1.915,0.024,-0.024,-0.002,2411,0
1821563,2.15,9.404,-1.946,0.026,-0.024,-0.008,2410,0
1821583,2.131,9.402,-1.999,0.034,-0.02,0.005,2410,0
1821603,2.133,9.392,-1.954,0.041,-0.015,0.012,2411,0
1821623,2.14,9.33,-1.999,0.024,-0.015,-0.002,2411,0
1821643,2.148,9.349,-1.997,0.028,-0.014,-0.022,2412,0
1821663,2.136,9.373,-1.944,0.043,-0.009,-0.025,2411,0
1821683,2.148,9.373,-1.913,0.052,-0.003,-0.014,2410,0
1821703,2.148,9.416,-1.896,0.061,0.003,-0.014,2411,0
1821723,2.114,9.471,-1.887,0.039,0.0,0.002,2410,0
1821743,2.1,9.452,-1.86,0.04,-0.005,0.002,2410,0
1821763,2.073,9.479,-1.899,0.034,-0.019,0.005,2411,0
1821783,2.083,9.505,-1.894,0.061,-0.023,0.005,2410,0
1821803,2.102,9.5,-1.889,0.062,-0.023,0.018,2411,0
1821823,2.119,9.467,-1.839,0.049,-0.02,0.019,2410,0
1821843,2.088,9.452,-1.836,0.023,-0.023,0.014,2411,0
1821863,2.124,9.428,-1.829,0.018,-0.037,0.019,2411,0
1821883,2.14,9.354,-1.796,0.023,-0.041,0.024,2410,0
1821903,2.162,9.301,-1.812,0.023,-0.047,0.016,2410,0
1821923,2.126,9.316,-1.884,0.015,-0.055,0.005,2410,0
1821943,2.138,9.335,-1.954,0.021,-0.061,-0.003,2411,0
1821963,2.145,9.378,-1.982,0.025,-0.059,-0.007,2410,0
1821983,2.131,9.388,-1.963,0.033,-0.056,-0.006,2411,0
1822003,2.14,9.397,-1.987,0.046,-0.053,0.006,2413,0
1822023,2.184,9.395,-1.98,0.049,-0.049,0.011,2412,0
1822043,2.155,9.38,-1.963,0.054,-0.049,0.009,2411,0
1822063,2.162,9.378,-1.973,0.052,-0.047,-0.001,2409,0
1822083,2.184,9.378,-1.963,0.058,-0.041,-0.005,2411,0
1822103,2.176,9.361,-1.899,0.064,-0.033,0.001,2411,0
1822123,2.172,9.407,-1.844,0.064,-0.036,0.002,2411,0
1822143,2.181,9.292,-1.786,0.035,-0.05,-0.009,2409,0
1822163,2.181,9.258,-1.846,0.03,-0.068,-0.036,2410,0
1822183,2.157,9.357,-1.951,0.038,-0.066,-0.048,2410,0
1822203,2.155,9.457,-1.999,0.062,-0.05,-0.038,2412,0
1822223,2.109,9.476,-1.999,0.044,-0.03,-0.027,2411,0
1822243,2.124,9.503,-1.942,0.037,-0.026,-0.021,2410,0
1822263,2.143,9.45,-1.911,0.024,-0.027,-0.015,2411,0
1822283,2.124,9.414,-1.93,0.044,-0.042,-0.013,2412,0
1822303,2.114,9.488,-1.937,0.069,-0.054,-0.009,2411,0
1822323,2.083,9.5,-1.99,0.078,-0.053,-0.009,2409,0
1822343,2.085,9.471,-1.987,0.063,-0.053,-0.005,2410,0
1822363,2.102,9.388,-1.875,0.043,-0.05,-0.013,2410,0
1822383,2.112,9.251,-1.913,0.031,-0.045,-0.01,2411,0
1822403,2.145,9.316,-1.918,0.063,-0.052,0.011,2411,0
1822423,2.172,9.436,-1.963,0.072,-0.043,-0.005,2410,0
1822443,2.138,9.469,-1.968,0.047,-0.047,-0.026,2411,0
1822463,2.145,9.457,-1.958,0.029,-0.044,-0.029,2410,0
1822483,2.143,9.445,-1.92,0.015,-0.038,-0.021,2411,0
1822503,2.16,9.455,-1.939,0.027,-0.036,-0.007,2410,0
1822523,2.164,9.455,-1.906,0.034,-0.048,0.0,2411,0
1822543,2.184,9.38,-1.925,0.031,-0.063,-0.004,2411,0
1822563,2.181,9.357,-1.935,0.03,-0.077,-0.011,2412,0
1822583,2.126,9.385,-1.951,0.025,-0.074,-0.014,2411,0
1822603,2.073,9.383,-2.037,0.04,-0.06,0.018,2410,0
1822623,2.112,9.505,-2.069,0.065,-0.059,0.035,2411,0
1822643,2.073,9.462,-2.061,0.041,-0.04,0.017,2411,0
1822663,2.109,9.392,-2.083,0.044,-0.042,0.01,2410,0
1822683,2.155,9.304,-1.963,0.033,-0.028,0.005,2410,0
1822703,2.105,9.278,-2.033,0.043,-0.016,-0.002,2411,0
1822723,2.076,9.428,-2.006,0.061,-0.012,-0.01,2410,0
1822743,2.069,9.505,-2.014,0.063,-0.007,-0.011,2412,0
1822763,2.107,9.464,-1.963,0.059,-0.002,0.001,2411,0
1822783,2.14,9.424,-1.927,0.047,0.0,0.002,2411,0
1822803,2.128,9.39,-1.863,0.037,-0.013,-0.002,2411,0
1822823,2.097,9.39,-1.877,0.046,-0.032,0.008,2410,0
1822843,2.105,9.419,-1.918,0.058,-0.043,0.011,2410,0
1822863,2.088,9.459,-1.98,0.054,-0.042,0.012,2411,0
1822883,2.105,9.392,-1.944,0.037,-0.036,0.015,2410,0
1822903,2.128,9.376,-1.956,0.032,-0.031,0.008,2410,0
1822923,2.136,9.357,-1.911,0.026,-0.038,-0.005,2411,0
1822943,2.138,9.325,-1.937,0.032,-0.043,-0.007,2409,0
1822963,2.148,9.352,-1.968,0.035,-0.039,-0.009,2409,0
1822983,2.131,9.397,-1.999,0.038,-0.032,-0.008,2410,0
1823003,2.126,9.402,-1.994,0.036,-0.031,-0.014,2411,0
1823023,2.114,9.376,-1.992,0.029,-0.039,-0.011,2412,0
1823043,2.133,9.366,-2.018,0.043,-0.043,-0.013,2411,0
1823063,2.116,9.424,-2.04,0.059,-0.042,-0.009,2410,0
1823083,2.081,9.515,-2.076,0.071,-0.037,-0.006,2411,0
1823103,2.085,9.529,-2.064,0.054,-0.034,-0.001,2411,0
1823123,2.112,9.479,-1.954,0.046,-0.022,0.001,2411,0
1823143,2.119,9.438,-1.908,0.046,-0.021,0.01,2411,0
1823163,2.184,9.369,-1.908,0.034,-0.03,0.002,2411,0
1823183,2.179,9.364,-1.882,0.027,-0.034,-0.001,2411,0
1823203,2.148,9.486,-1.975,0.038,-0.033,-0.007,2411,0
1823223,2.126,9.507,-1.968,0.029,-0.033,-0.001,2410,0
1823243,2.136,9.409,-1.987,0.015,-0.036,0.005,2410,0
1823263,2.184,9.39,-1.992,0.026,-0.038,-0.001,2411,0
1823283,2.184,9.431,-1.975,0.048,-0.034,-0.009,2411,0
1823303,2.15,9.4,-1.968,0.035,-0.034,-0.003,2412,0
1823323,2.164,9.359,-1.932,0.054,-0.028,0.002,2410,0
1823343,2.088,9.352,-1.961,0.03,-0.019,0.006,2411,0
1823363,2.076,9.349,-1.961,0.031,-0.025,0.007,2412,0
1823383,2.083,9.347,-1.949,0.03,-0.027,-0.009,2411,0
1823403,2.066,9.369,-1.911,0.04,-0.025,-0.026,2413,0
1823423,2.037,9.371,-1.935,0.035,-0.016,-0.022,2412,0
1823443,2.064,9.452,-1.939,0.04,-0.013,-0.01,2413,0
1823463,2.061,9.481,-1.889,0.028,-0.009,-0.018,2411,0
1823483,2.083,9.443,-1.867,0.027,-0.029,-0.017,2411,0
1823503,2.09,9.419,-1.846,0.034,-0.036,-0.014,2411,0
1823523,2.081,9.412,-1.858,0.047,-0.039,-0.006,2412,0
1823543,2.095,9.438,-1.877,0.042,-0.045,0.003,2412,0
1823563,2.095,9.424,-1.891,0.026,-0.051,0.005,2411,0
1823583,2.124,9.44,-1.925,0.041,-0.054,0.009,2412,0
1823603,2.131,9.433,-1.903,0.05,-0.053,-0.003,2412,0
1823623,2.133,9.414,-1.911,0.05,-0.06,0.002,2411,0
1823643,2.126,9.378,-1.879,0.05,-0.067,0.005,2411,0
1823663,2.131,9.357,-1.896,0.043,-0.084,0.002,2411,0
1823683,2.164,9.301,-1.913,0.044,-0.091,0.005,2412,0
1823703,2.217,9.244,-1.99,0.06,-0.086,0.022,2412,0
1823723,2.219,9.318,-2.081,0.07,-0.069,0.012,2411,0
1823743,2.198,9.34,-2.145,0.04,-0.057,-0.005,2411,0
1823763,2.203,9.345,-2.15,0.027,-0.05,-0.01,2409,0
1823783,2.126,9.361,-2.169,0.033,-0.038,-0.013,2411,0
1823803,2.095,9.424,-2.191,0.068,-0.03,-0.004,2411,0
1823823,2.116,9.488,-2.128,0.09,-0.027,0.012,2412,0
1823843,2.136,9.457,-1.997,0.095,-0.016,0.016,2412,0
1823863,2.148,9.436,-1.915,0.086,-0.017,0.014,2411,0
1823883,2.145,9.409,-1.858,0.07,-0.025,0.017,2411,0
1823903,2.157,9.316,-1.872,0.07,-0.033,0.024,2411,0
1823923,2.14,9.397,-1.932,0.083,-0.031,0.015,2412,0
1823943,2.114,9.457,-1.925,0.07,-0.024,-0.002,2412,0
1823963,2.145,9.385,-1.932,0.036,-0.02,-0.006,2412,0
1823983,2.157,9.316,-1.913,0.019,-0.014,-0.022,2411,0
1824003,2.148,9.318,-1.932,0.007,-0.008,-0.042,2411,0
1824023,2.126,9.364,-1.999,0.014,-0.011,-0.048,2413,0
1824043,2.1,9.433,-2.002,0.019,-0.007,-0.042,2412,0
1824063,2.052,9.479,-2.052,0.01,-0.002,-0.035,2411,0
1824083,2.064,9.462,-2.052,-0.001,-0.007,-0.02,2412,0
1824103,2.064,9.438,-2.071,0.011,-0.018,-0.01,2413,0
1824123,2.085,9.388,-2.107,0.04,-0.029,0.003,2413,0
1824143,2.095,9.448,-2.145,0.079,-0.037,0.006,2412,0
1824163,2.109,9.479,-2.15,0.084,-0.038,0.019,2412,0
1824183,2.14,9.452,-2.093,0.091,-0.034,0.026,2412,0
1824203,2.14,9.424,-2.014,0.074,-0.023,0.033,2409,0
1824223,2.169,9.325,-1.987,0.068,-0.03,0.035,2412,0
1824243,2.205,9.263,-1.911,0.073,-0.034,0.021,2412,0
1824263,2.224,9.263,-1.908,0.091,-0.026,0.022,2412,0
1824283,2.172,9.385,-1.939,0.09,-0.023,0.013,2412,0
1824303,2.167,9.383,-1.918,0.051,-0.025,0.006,2411,0
1824323,2.186,9.321,-1.925,0.034,-0.029,-0.02,2412,0
1824343,2.102,9.409,-1.956,0.025,-0.03,-0.04,2412,0
1824363,2.078,9.483,-2.002,0.043,-0.018,-0.022,2411,0
1824383,2.047,9.515,-2.004,0.056,-0.009,-0.006,2411,0
1824403,2.042,9.498,-1.951,0.032,-0.004,0.005,2412,0
1824423,2.081,9.431,-1.913,0.015,-0.021,0.007,2412,0
1824443,2.052,9.376,-1.918,-0.003,-0.027,-0.004,2412,0
1824463,2.052,9.38,-1.93,0.028,-0.041,-0.006,2413,0
1824483,2.045,9.479,-1.975,0.046,-0.046,0.002,2413,0
1824503,2.04,9.512,-1.999,0.042,-0.06,0.004,2412,0
1824523,2.066,9.481,-2.004,0.017,-0.069,0.005,2412,0
1824543,2.093,9.44,-1.999,0.01,-0.071,0.01,2411,0
1824563,2.093,9.395,-1.999,0.016,-0.08,0.024,2411,0
1824583,2.148,9.33,-2.009,0.023,-0.092,0.026,2412,0
1824603,2.21,9.256,-1.97,0.024,-0.1,0.021,2413,0
1824623,2.248,9.239,-2.035,0.027,-0.101,0.005,2411,0
1824643,2.241,9.23,-2.047,0.021,-0.1,0.005,2412,0
1824663,2.219,9.349,-2.093,0.058,-0.092,0.011,2411,0
1824683,2.181,9.431,-2.121,0.066,-0.084,0.004,2412,0
1824703,2.2,9.392,-2.116,0.058,-0.082,0.004,2411,0
1824723,2.265,9.354,-2.057,0.065,-0.073,-0.002,2411,0
1824743,2.265,9.311,-2.03,0.056,-0.051,-0.009,2412,0
1824763,2.212,9.366,-2.061,0.048,-0.041,-0.011,2411,0
1824783,2.193,9.388,-2.045,0.037,-0.03,-0.011,2411,0
1824803,2.152,9.385,-2.045,0.035,-0.018,-0.01,2411,0
1824823,2.145,9.371,-1.987,0.029,-0.011,-0.021,2412,0
1824843,2.15,9.29,-2.016,0.008,-0.015,-0.03,2412,0
1824863,2.172,9.328,-2.042,0.025,-0.021,-0.046,2412,0
1824883,2.114,9.414,-2.042,0.04,-0.02,-0.055,2411,0
1824903,2.078,9.596,-2.097,0.055,-0.017,-0.04,2413,0
1824923,2.112,9.596,-2.061,0.043,-0.006,-0.016,2412,0
1824943,2.143,9.495,-1.944,0.038,-0.005,0.01,2412,0
1824963,2.169,9.383,-1.834,0.037,-0.01,0.018,2412,0
1824983,2.181,9.297,-1.824,0.039,-0.04,0.019,2411,0
1825003,2.195,9.28,-1.829,0.051,-0.059,0.01,2410,0
1825023,2.21,9.268,-1.932,0.066,-0.06,-0.002,2411,0
1825043,2.253,9.285,-2.037,0.059,-0.051,-0.008,2411,0
1825063,2.239,9.285,-2.107,0.028,-0.029,-0.03,2410,0
1825083,2.203,9.412,-2.116,0.016,-0.021,-0.046,2411,0
1825103,2.126,9.512,-2.097,0.018,-0.007,-0.042,2411,0
1825123,2.011,9.562,-2.133,0.029,-0.003,-0.022,2412,0
1825143,1.997,9.56,-2.114,0.031,-0.011,-0.006,2411,0
1825163,2.016,9.469,-2.078,0.029,-0.015,0.009,2411,0
1825183,2.037,9.404,-2.016,0.041,-0.025,0.028,2411,0
1825203,2.057,9.388,-1.973,0.062,-0.038,0.037,2412,0
1825223,2.073,9.325,-1.985,0.052,-0.047,0.027,2412,0
1825243,2.071,9.301,-2.025,0.043,-0.062,0.018,2412,0
1825263,2.083,9.364,-2.045,0.056,-0.059,0.011,2412,0
1825283,2.133,9.304,-2.071,0.067,-0.05,0.021,2412,0
1825303,2.121,9.306,-2.045,0.072,-0.046,0.013,2413,0
1825323,2.112,9.39,-2.009,0.066,-0.046,0.006,2411,0
1825343,2.114,9.457,-1.946,0.068,-0.055,0.001,2411,0
1825363,2.164,9.416,-1.889,0.047,-0.059,0.011,2411,0
1825383,2.128,9.392,-1.954,0.05,-0.062,-0.001,2412,0
1825403,2.136,9.412,-2.002,0.042,-0.058,0.003,2412,0
1825423,2.148,9.436,-2.052,0.055,-0.047,-0.003,2414,0
1825443,2.145,9.383,-2.016,0.033,-0.035,-0.009,2414,0
1825463,2.174,9.385,-1.978,0.016,-0.021,-0.01,2413,0
1825483,2.14,9.436,-1.958,0.003,-0.013,-0.018,2413,0
1825503,2.069,9.457,-1.951,-0.003,-0.026,-0.016,2411,0
1825523,2.095,9.476,-2.018,0.021,-0.041,-0.007,2412,0
1825543,2.073,9.469,-2.052,0.036,-0.043,-0.009,2413,0
1825563,2.059,9.5,-2.09,0.039,-0.05,0.004,2412,0
1825583,2.095,9.469,-2.042,0.031,-0.056,0.029,2411,0
1825603,2.157,9.349,-2.006,0.031,-0.048,0.039,2412,0
1825623,2.181,9.242,-1.949,0.035,-0.051,0.045,2412,0
1825643,2.236,9.17,-1.942,0.049,-0.059,0.035,2414,0
1825663,2.27,9.093,-1.92,0.049,-0.067,0.014,2409,0
1825683,2.231,9.17,-2.006,0.075,-0.064,-0.011,2412,0
1825703,2.188,9.342,-2.107,0.073,-0.053,-0.019,2411,0
1825723,2.179,9.366,-2.102,0.054,-0.037,-0.025,2412,0
1825743,2.181,9.364,-2.109,0.045,-0.02,-0.027,2412,0
1825763,2.148,9.428,-2.076,0.043,-0.01,-0.042,2411,0
1825783,2.102,9.457,-2.045,0.037,-0.012,-0.045,2410,0
1825803,2.126,9.486,-2.018,0.057,-0.007,-0.017,2412,0
1825823,2.109,9.503,-2.059,0.049,-0.002,-0.003,2412,0
1825843,2.083,9.459,-2.064,0.038,-0.006,-0.009,2412,0
1825863,2.09,9.395,-2.057,0.032,-0.013,-0.009,2413,0
1825883,2.069,9.39,-2.004,0.052,-0.019,-0.011,2412,0
1825903,2.102,9.383,-1.994,0.061,-0.026,-0.003,2412,0
1825923,2.095,9.479,-1.987,0.069,-0.037,-0.007,2412,0
1825943,2.119,9.491,-1.973,0.048,-0.047,-0.009,2411,0
1825963,2.157,9.45,-1.987,0.038,-0.058,-0.015,2412,0
1825983,2.198,9.397,-1.973,0.028,-0.062,-0.008,2413,0
1826003,2.143,9.416,-2.045,0.027,-0.063,-0.003,2411,0
1826023,2.143,9.445,-2.107,0.011,-0.074,0.009,2411,0
1826043,2.174,9.38,-2.15,0.014,-0.08,0.014,2411,0
1826063,2.169,9.342,-2.198,0.02,-0.071,0.011,2412,0
1826083,2.176,9.342,-2.222,0.038,-0.068,0.009,2412,0
1826103,2.116,9.376,-2.258,0.046,-0.058,0.018,2412,0
1826123,2.093,9.428,-2.172,0.074,-0.053,0.022,2412,0
1826143,2.102,9.469,-2.124,0.084,-0.056,0.038,2412,0
1826163,2.095,9.534,-2.016,0.099,-0.062,0.051,2413,0
1826183,2.109,9.488,-1.958,0.078,-0.069,0.058,2412,0
1826203,2.116,9.421,-1.954,0.061,-0.076,0.06,2412,0
1826223,2.152,9.366,-1.903,0.048,-0.08,0.06,2411,0
1826243,2.174,9.273,-1.882,0.041,-0.076,0.043,2412,0
1826263,2.148,9.294,-1.918,0.02,-0.078,0.026,2412,0
1826283,2.136,9.242,-1.987,-0.012,-0.074,0.007,2412,0
1826303,2.128,9.33,-2.085,-0.012,-0.074,0.005,2410,0
1826323,2.164,9.292,-2.114,-0.009,-0.055,-0.01,2411,0
1826343,2.207,9.191,-2.148,-0.021,-0.049,-0.029,2413,0
1826363,2.224,9.208,-2.121,-0.013,-0.034,-0.043,2414,0
1826383,2.224,9.268,-2.155,0.008,-0.016,-0.057,2412,0
1826403,2.195,9.388,-2.133,0.026,-0.022,-0.043,2412,0
1826423,2.241,9.388,-2.131,0.033,-0.027,-0.045,2412,0
1826443,2.248,9.392,-2.207,0.036,-0.025,-0.038,2414,0
1826463,2.229,9.483,-2.217,0.065,-0.012,-0.025,2412,0
1826483,2.263,9.515,-2.155,0.071,0.005,-0.009,2412,0
1826503,2.284,9.493,-2.035,0.082,0.016,0.002,2413,0
1826523,2.27,9.491,-1.951,0.065,0.017,0.011,2411,0
1826543,2.227,9.469,-1.877,0.047,0.007,0.027,2412,0
1826563,2.145,9.515,-1.932,0.057,-0.002,0.048,2411,0
1826583,2.143,9.543,-1.963,0.079,-0.008,0.05,2412,0
1826603,2.126,9.419,-1.939,0.061,-0.011,0.048,2413,0
1826623,2.152,9.256,-1.872,0.032,-0.012,0.038,2412,0
1826643,2.157,9.17,-1.848,-0.001,-0.012,0.02,2411,0
1826663,2.105,9.208,-1.927,0.004,-0.013,0.007,2412,0
1826683,2.081,9.256,-1.973,0.014,-0.018,-0.01,2411,0
1826703,2.1,9.244,-1.985,0.011,-0.024,-0.03,2412,0
1826723,2.097,9.232,-2.023,-0.002,-0.027,-0.048,2411,0
1826743,2.085,9.292,-2.078,0.01,-0.033,-0.051,2413,0
1826763,2.107,9.409,-2.136,0.051,-0.033,-0.051,2412,0
1826783,2.112,9.538,-2.1,0.08,-0.027,-0.05,2412,0
1826803,2.145,9.507,-2.064,0.07,-0.029,-0.043,2412,0
1826823,2.26,9.421,-1.973,0.041,-0.03,-0.035,2412,0
1826843,2.277,9.371,-1.903,0.032,-0.028,-0.031,2411,0
1826863,2.253,9.34,-1.903,0.044,-0.029,-0.018,2412,0
1826883,2.207,9.455,-1.951,0.063,-0.034,-0.021,2412,0
1826903,2.174,9.522,-2.006,0.058,-0.041,-0.009,2412,0
1826923,2.207,9.481,-1.999,0.047,-0.043,0.003,2413,0
1826943,2.224,9.373,-1.968,0.016,-0.038,0.012,2413,0
1826963,2.203,9.378,-2.011,0.033,-0.039,0.008,2412,0
1826983,2.174,9.4,-2.035,0.038,-0.039,0.006,2411,0
1827003,2.109,9.402,-2.112,0.049,-0.038,0.004,2411,0
1827023,2.114,9.337,-2.069,0.034,-0.018,0.012,2413,0
1827043,2.15,9.335,-2.025,0.029,-0.007,0.025,2412,0
1827063,2.143,9.23,-1.966,0.011,-0.008,0.011,2412,0
1827083,2.109,9.213,-2.006,0.03,-0.026,-0.008,2412,0
1827103,2.109,9.354,-2.057,0.068,-0.031,-0.022,2411,0
1827123,2.1,9.486,-2.105,0.079,-0.029,-0.015,2412,0
1827143,2.138,9.541,-1.968,0.071,-0.019,0.011,2412,0
1827163,2.164,9.491,-1.872,0.06,-0.016,0.016,2412,0
1827183,2.231,9.419,-1.81,0.036,-0.042,0.023,2412,0
1827203,2.258,9.297,-1.872,0.032,-0.062,0.025,2410,0
1827223,2.26,9.306,-2.042,0.049,-0.063,0.013,2412,0
1827243,2.21,9.428,-2.169,0.043,-0.049,0.001,2412,0
1827263,2.155,9.507,-2.217,0.025,-0.029,-0.001,2412,0
1827283,2.155,9.507,-2.176,0.018,-0.009,-0.001,2412,0
1827303,2.119,9.426,-2.093,0.014,0.004,0.005,2413,0
1827323,2.09,9.455,-2.085,0.03,0.002,0.016,2414,0
1827343,2.109,9.402,-2.016,0.026,-0.004,0.025,2412,0
1827363,2.167,9.347,-1.946,0.048,-0.011,0.025,2412,0
1827383,2.157,9.273,-1.899,0.032,-0.019,0.027,2412,0
1827403,2.176,9.249,-1.889,0.046,-0.034,0.008,2412,0
1827423,2.126,9.28,-1.951,0.041,-0.045,0.001,2411,0
1827443,2.069,9.404,-2.018,0.054,-0.05,0.0,2414,0
1827463,2.107,9.483,-2.061,0.051,-0.052,0.007,2412,0
1827483,2.155,9.424,-2.081,0.031,-0.037,-0.014,2412,0
1827503,2.207,9.299,-2.011,0.016,-0.024,-0.024,2412,0
1827523,2.219,9.292,-1.963,0.032,-0.004,-0.019,2413,0
1827543,2.195,9.316,-1.884,0.031,-0.003,-0.025,2413,0
1827563,2.198,9.352,-1.803,0.02,-0.025,-0.028,2412,0
1827583,2.186,9.385,-1.805,0.003,-0.043,-0.033,2412,0
1827603,2.157,9.359,-1.872,0.014,-0.062,-0.023,2411,0
1827623,2.164,9.395,-1.966,0.039,-0.072,-0.011,2411,0
1827643,2.167,9.402,-2.057,0.047,-0.073,-0.01,2412,0
1827663,2.188,9.388,-2.097,0.049,-0.062,0.0,2412,0
1827683,2.258,9.345,-2.081,0.049,-0.052,-0.013,2411,0
1827703,2.248,9.27,-2.033,0.043,-0.04,-0.022,2413,0
1827723,2.203,9.366,-1.985,0.048,-0.039,-0.018,2412,0
1827743,2.184,9.395,-2.006,0.05,-0.035,-0.014,2411,0
1827763,2.157,9.467,-2.004,0.048,-0.043,-0.005,2413,0
1827783,2.207,9.464,-2.006,0.047,-0.047,-0.004,2412,0
1827803,2.215,9.433,-2.073,0.046,-0.046,-0.007,2411,0
1827823,2.205,9.419,-2.049,0.048,-0.035,-0.005,2413,0
1827843,2.162,9.452,-2.045,0.042,-0.032,-0.004,2412,0
1827863,2.148,9.455,-2.03,0.043,-0.024,0.008,2412,0
1827883,2.119,9.522,-2.002,0.064,-0.019,0.016,2413,0
1827903,2.121,9.445,-1.961,0.037,-0.022,0.02,2412,0
1827923,2.186,9.306,-1.954,0.024,-0.033,0.016,2413,0
1827943,2.188,9.196,-1.93,0.026,-0.028,0.005,2412,0
1827963,2.107,9.323,-1.932,0.055,-0.031,-0.007,2412,0
1827983,2.143,9.345,-1.937,0.044,-0.036,-0.007,2413,0
1828003,2.131,9.316,-1.987,0.046,-0.04,-0.015,2414,0
1828023,2.15,9.376,-2.045,0.035,-0.035,-0.027,2411,0
1828043,2.184,9.354,-2.025,0.032,-0.03,-0.037,2412,0
1828063,2.2,9.328,-2.018,0.03,-0.019,-0.035,2412,0
1828083,2.195,9.39,-1.961,0.046,-0.007,-0.041,2413,0
1828103,2.102,9.445,-1.961,0.032,-0.009,-0.039,2413,0
1828123,2.109,9.5,-1.927,0.033,-0.025,-0.026,2413,0
1828143,2.095,9.498,-1.937,0.04,-0.038,-0.011,2412,0
1828163,2.1,9.498,-1.97,0.062,-0.042,0.004,2413,0
1828183,2.133,9.464,-1.985,0.068,-0.055,0.022,2412,0
1828203,2.212,9.378,-1.98,0.051,-0.049,0.008,2412,0
1828223,2.215,9.347,-2.052,0.031,-0.041,-0.005,2413,0
1828243,2.195,9.392,-1.999,0.025,-0.03,-0.013,2412,0
1828263,2.164,9.459,-2.009,0.015,-0.021,-0.009,2413,0
1828283,2.097,9.486,-1.982,0.032,-0.02,0.002,2412,0
1828303,2.121,9.464,-1.982,0.036,-0.026,0.008,2412,0
1828323,2.138,9.38,-1.946,0.037,-0.033,0.019,2413,0
1828343,2.164,9.309,-1.98,0.049,-0.039,0.023,2413,0
1828363,2.191,9.28,-1.973,0.038,-0.045,0.012,2413,0
1828383,2.14,9.313,-2.042,0.036,-0.041,-0.001,2413,0
1828403,2.124,9.4,-2.061,0.064,-0.028,0.001,2412,0
1828423,2.124,9.39,-2.03,0.059,-0.023,0.005,2413,0
1828443,2.16,9.311,-1.944,0.042,-0.016,-0.005,2414,0
1828463,2.179,9.263,-1.86,0.038,-0.02,-0.016,2412,0
1828483,2.145,9.323,-1.877,0.042,-0.021,-0.023,2412,0
1828503,2.105,9.433,-1.944,0.046,-0.03,-0.022,2413,0
1828523,2.105,9.471,-1.99,0.043,-0.032,-0.02,2414,0
1828543,2.126,9.471,-2.04,0.035,-0.032,-0.02,2412,0
1828563,2.136,9.467,-2.021,0.015,-0.032,-0.01,2414,0
1828583,2.157,9.431,-1.918,0.03,-0.031,-0.011,2412,0
1828603,2.138,9.438,-1.951,0.041,-0.031,-0.007,2413,0
1828623,2.116,9.44,-1.97,0.044,-0.034,0.002,2412,0
1828643,2.102,9.412,-1.994,0.045,-0.04,0.01,2414,0
1828663,2.112,9.359,-2.023,0.035,-0.038,0.015,2413,0
1828683,2.126,9.376,-1.978,0.055,-0.036,0.006,2413,0
1828703,2.102,9.371,-1.994,0.043,-0.034,0.0,2414,0
1828723,2.116,9.369,-1.97,0.061,-0.039,-0.006,2412,0
1828743,2.128,9.419,-1.949,0.044,-0.033,-0.007,2413,0
1828763,2.105,9.392,-1.978,0.038,-0.034,-0.001,2413,0
1828783,2.131,9.402,-1.946,0.029,-0.043,0.004,2413,0
1828803,2.112,9.366,-1.961,0.035,-0.046,-0.003,2414,0
1828823,2.181,9.352,-1.992,0.046,-0.06,0.0,2414,0
1828843,2.172,9.323,-1.994,0.048,-0.054,0.006,2413,0
1828863,2.169,9.388,-2.042,0.068,-0.046,-0.001,2412,0
1828883,2.133,9.436,-2.045,0.043,-0.044,-0.005,2413,0
1828903,2.143,9.431,-2.04,0.039,-0.041,-0.003,2414,0
1828923,2.138,9.471,-1.975,0.066,-0.03,-0.001,2412,0
1828943,2.143,9.481,-1.978,0.054,-0.037,0.009,2413,0
1828963,2.188,9.369,-1.954,0.028,-0.046,0.011,2413,0
1828983,2.236,9.294,-1.968,0.029,-0.04,0.011,2413,0
1829003,2.193,9.361,-1.982,0.054,-0.03,0.008,2412,0
1829023,2.174,9.433,-1.99,0.047,-0.033,0.003,2412,0
1829043,2.172,9.392,-1.935,0.033,-0.044,-0.0,2412,0
1829063,2.167,9.402,-1.999,0.035,-0.042,-0.006,2413,0
1829083,2.172,9.436,-2.04,0.03,-0.047,-0.007,2412,0
1829103,2.207,9.376,-2.059,0.021,-0.038,-0.006,2412,0
1829123,2.229,9.325,-2.045,0.049,-0.021,0.0,2413,0
1829143,2.157,9.433,-2.021,0.059,-0.003,0.001,2412,0
1829163,2.114,9.436,-1.958,0.03,-0.014,0.01,2412,0
1829183,2.121,9.383,-1.937,0.029,-0.029,0.011,2412,0
1829203,2.133,9.369,-1.961,0.046,-0.029,0.006,2412,0
1829223,2.112,9.428,-2.035,0.066,-0.036,0.013,2413,0
1829243,2.133,9.402,-2.016,0.058,-0.034,0.011,2412,0
1829263,2.179,9.34,-1.973,0.046,-0.025,0.004,2412,0
1829283,2.205,9.33,-1.93,0.036,-0.016,0.0,2412,0
1829303,2.2,9.301,-1.925,0.029,-0.02,-0.011,2414,0
1829323,2.172,9.282,-1.939,0.029,-0.036,-0.018,2412,0
1829343,2.143,9.33,-1.961,0.03,-0.042,-0.023,2412,0
1829363,2.148,9.388,-2.025,0.026,-0.044,-0.019,2413,0
1829383,2.133,9.412,-2.064,0.034,-0.046,-0.017,2413,0
1829403,2.155,9.409,-2.114,0.047,-0.044,-0.009,2412,0
1829423,2.193,9.424,-2.064,0.059,-0.037,-0.008,2413,0
1829443,2.186,9.419,-2.052,0.053,-0.025,-0.012,2412,0
1829463,2.179,9.426,-2.006,0.046,-0.026,-0.004,2411,0
1829483,2.186,9.445,-1.966,0.048,-0.025,-0.001,2414,0
1829503,2.207,9.416,-1.97,0.04,-0.02,0.008,2413,0
1829523,2.224,9.352,-1.956,0.035,-0.02,0.005,2412,0
1829543,2.195,9.313,-1.951,0.024,-0.017,-0.007,2412,0
1829563,2.155,9.373,-1.966,0.047,-0.027,-0.001,2413,0
1829583,2.133,9.428,-1.968,0.042,-0.028,0.003,2413,0
1829603,2.131,9.388,-2.021,0.041,-0.039,0.0,2414,0
1829623,2.184,9.404,-2.059,0.038,-0.03,-0.017,2413,0
1829643,2.215,9.33,-2.061,0.035,-0.019,-0.021,2413,0
1829663,2.203,9.369,-2.014,0.042,-0.007,-0.015,2411,0
1829683,2.162,9.436,-1.961,0.029,-0.003,-0.016,2413,0
1829703,2.109,9.459,-1.911,0.011,-0.01,-0.017,2411,0
1829723,2.102,9.5,-1.891,-0.008,-0.027,-0.014,2413,0
1829743,2.239,9.507,-1.674,0.038,-0.039,-0.006,2413,0
1829763,1.968,9.787,-2.188,0.046,-0.053,0.043,2411,0
1829783,2.169,9.163,-1.906,-0.097,-0.099,0.087,2412,0
1829803,2.231,9.199,-1.946,0.025,-0.018,0.016,2410,0
1829823,1.994,9.625,-1.666,-0.029,-0.06,0.049,2408,0
1829843,1.966,9.974,-1.848,-0.148,-0.236,0.232,2404,0
1829863,2.205,9.615,-1.535,-0.269,-0.283,0.323,2400,0
1829883,2.375,9.242,-1.63,-0.042,-0.232,0.223,2395,0
1829903,2.325,9.701,-1.788,-0.054,-0.246,0.242,2390,0
1829923,2.174,9.469,-1.946,-0.261,-0.306,0.289,2385,0
1829943,2.263,9.369,-1.721,-0.257,-0.297,0.292,2385,0
1829963,2.461,9.292,-1.496,-0.26,-0.337,0.305,2381,0
1829983,2.552,9.311,-1.592,-0.156,-0.369,0.317,2377,0
1830003,2.722,9.103,-1.585,-0.1,-0.336,0.284,2372,0
1830023,2.665,9.309,-1.793,-0.063,-0.272,0.206,2369,0
1830043,2.55,9.299,-1.784,-0.104,-0.228,0.114,2365,0
1830063,2.579,9.357,-1.403,-0.112,-0.264,0.123,2359,0
1830083,2.684,9.057,-1.81,-0.249,-0.32,0.271,2352,0
1830103,2.902,8.787,-1.489,-0.039,-0.293,0.244,2352,0
1830123,2.758,9.45,-1.628,0.034,-0.237,0.137,2350,0
1830143,2.703,9.438,-1.774,-0.119,-0.25,0.119,2349,0
1830163,2.89,9.098,-1.678,-0.221,-0.221,0.125,2345,2323
1830183,2.863,9.11,-1.736,-0.132,-0.129,0.092,2342,3201
1830203,2.763,9.388,-1.762,-0.032,-0.087,0.042,2340,3428
1830223,3.031,9.464,-1.729,-0.092,-0.077,0.007,2336,3721
1830243,2.959,9.084,-1.59,-0.153,0.01,-0.043,2333,3838
1830263,2.82,8.985,-1.501,-0.08,0.056,-0.051,2328,3949
1830283,2.772,9.246,-1.489,-0.034,0.081,-0.036,2324,3975
1830303,2.741,9.412,-1.451,0.019,0.066,-0.006,2321,4013
1830323,2.756,9.364,-1.506,0.048,0.034,0.015,2317,4063
1830343,3.105,9.134,-1.539,0.127,0.05,-0.046,2313,4083
1830363,3.259,9.043,-1.298,0.079,0.048,-0.046,2311,4095
1830383,2.303,9.311,-1.142,-0.005,-0.001,0.051,2309,4095
1830403,3.534,9.261,-1.343,0.128,0.021,-0.048,2307,4095
1830423,2.49,9.507,-1.451,0.08,-0.02,0.003,2306,4095
1830443,2.576,8.861,-1.07,0.017,-0.007,0.003,2306,4095
1830463,3.431,9.445,-1.69,0.147,0.013,-0.093,2306,4087
1830483,2.935,9.768,-1.664,0.068,-0.045,-0.051,2304,4089
1830503,2.401,8.938,-1.013,-0.032,-0.047,0.046,2302,4076
1830523,3.282,9.11,-1.358,0.111,-0.013,-0.016,2302,4081
1830543,2.66,9.541,-1.607,0.114,-0.016,-0.045,2302,4082
1830563,1.911,9.318,-1.3,0.01,-0.024,0.005,2301,4065
1830583,2.775,9.014,-1.142,0.021,-0.029,-0.007,2303,4050
1830603,3.148,9.67,-1.511,0.153,-0.016,-0.072,2303,4047
1830623,2.337,9.641,-1.453,0.088,-0.037,-0.014,2304,4047
1830643,2.308,9.019,-1.343,-0.003,-0.019,0.025,2303,4042
1830663,3.536,9.052,-1.604,0.122,0.027,-0.102,2302,3985
1830683,2.792,9.471,-1.561,0.125,0.011,-0.098,2302,3896
1830703,1.968,9.002,-1.092,0.071,-0.018,-0.015,2305,3523
1830723,3.019,9.096,-1.381,0.229,0.004,-0.086,2307,3038
1830743,3.299,9.56,-1.82,0.264,0.018,-0.124,2311,793
1830763,2.126,9.325,-1.669,0.071,0.031,-0.007,2314,0
1830783,2.48,9.014,-1.511,0.034,0.068,-0.03,2321,0
1830803,3.527,9.088,-1.863,0.197,0.162,-0.218,2331,0
1830823,2.763,9.321,-1.642,0.258,0.222,-0.276,2351,0
1830843,1.925,9.282,-1.312,0.248,0.2,-0.204,2368,0
1830863,2.576,9.519,-1.726,0.257,0.15,-0.151,2385,0
1830883,2.847,9.677,-1.877,0.229,0.116,-0.155,2394,0
1830903,1.956,9.481,-1.602,0.101,0.091,-0.102,2405,0
1830923,2.267,9.301,-1.403,0.062,0.098,-0.095,2416,0
1830943,3.103,9.232,-1.657,0.216,0.126,-0.184,2425,6
1830963,2.672,9.493,-1.705,0.314,0.094,-0.2,2437,0
1830983,1.891,9.579,-1.444,0.163,0.024,-0.072,2448,0
1831003,2.382,9.395,-1.611,0.126,0.028,-0.039,2453,0
1831023,2.813,9.177,-2.301,0.152,0.078,-0.131,2464,0
1831043,2.31,9.278,-2.023,0.149,0.062,-0.158,2471,0
1831063,1.966,9.328,-1.47,0.096,0.05,-0.09,2475,0
1831083,2.614,9.285,-1.803,0.184,0.068,-0.1,2476,0
1831103,2.693,9.4,-2.354,0.274,0.063,-0.175,2478,0
1831123,2.011,9.486,-1.973,0.16,0.012,-0.127,2479,0
1831143,2.025,9.309,-1.492,0.073,0.043,-0.082,2479,0
1831163,2.83,9.273,-1.829,0.194,0.092,-0.15,2479,0
1831183,2.423,9.531,-2.274,0.233,0.034,-0.165,2479,0
1831203,1.616,9.431,-1.999,0.032,-0.036,-0.037,2480,0
1831223,2.167,9.459,-1.721,-0.027,-0.004,0.028,2479,0
1831243,2.863,9.548,-2.071,0.121,0.018,-0.071,2478,0
1831263,2.286,9.649,-1.841,0.144,-0.038,-0.095,2474,0
1831283,1.863,9.112,-1.535,-0.037,-0.09,0.018,2472,0
1831303,2.562,9.153,-2.071,0.03,-0.024,-0.008,2474,0
1831323,1.911,9.737,-2.473,0.128,-0.045,-0.063,2477,0
1831343,2.042,9.725,-2.303,0.104,0.015,-0.032,2477,0
1831363,2.308,9.555,-1.978,0.025,-0.044,-0.01,2476,0
1831383,2.32,9.388,-1.774,0.041,-0.028,0.002,2475,0
1831403,2.222,9.352,-1.856,0.037,-0.037,0.025,2477,0
1831423,2.188,9.412,-1.896,0.06,-0.068,0.039,2477,0
1831443,2.308,9.419,-1.856,0.074,-0.093,0.031,2479,0
1831463,2.322,9.426,-1.894,0.084,-0.086,0.008,2479,0
1831483,2.148,9.507,-1.985,0.085,-0.069,0.033,2478,0
1831503,2.102,9.543,-2.088,0.041,-0.089,0.088,2480,0
1831523,2.222,9.325,-2.109,0.007,-0.095,0.098,2479,0
1831543,2.354,9.009,-2.064,0.034,-0.077,0.046,2480,0
1831563,2.301,9.067,-2.126,0.067,-0.043,-0.014,2480,0
1831583,2.164,9.175,-2.188,0.054,-0.032,-0.031,2480,0
1831603,2.164,9.203,-2.078,0.024,-0.03,-0.011,2481,0
1831623,2.219,9.313,-1.994,0.045,-0.044,-0.01,2482,0
1831643,2.27,9.301,-1.946,0.042,-0.045,-0.015,2482,0
1831663,2.215,9.273,-2.088,0.044,-0.052,-0.018,2481,0
1831683,2.179,9.263,-2.188,0.054,-0.055,-0.034,2481,0
1831703,2.212,9.328,-2.15,0.067,-0.063,-0.032,2480,0
1831723,2.234,9.445,-2.16,0.102,-0.051,-0.037,2480,0
1831743,2.207,9.488,-2.136,0.104,-0.028,-0.015,2480,0
1831763,2.231,9.536,-2.097,0.113,-0.024,-0.008,2480,0
1831783,2.32,9.416,-1.946,0.052,-0.034,-0.013,2480,0
1831803,2.38,9.177,-1.911,0.033,-0.025,-0.029,2480,0
1831823,2.306,9.306,-1.911,0.038,-0.022,-0.03,2481,0
1831843,2.186,9.495,-2.006,0.059,-0.013,-0.036,2479,0
1831863,2.162,9.457,-2.107,0.038,-0.026,-0.021,2480,0
1831883,2.198,9.354,-2.145,0.03,-0.028,-0.02,2479,0
1831903,2.224,9.388,-2.064,0.038,-0.018,-0.029,2480,0
1831923,2.193,9.462,-2.09,0.03,-0.025,-0.027,2480,0
1831943,2.203,9.467,-2.069,0.042,-0.021,-0.022,2479,0
