2075323,2.602,9.369,-1.302,0.022,0.019,-0.031,2390,0
2075343,2.569,9.402,-1.18,0.05,0.019,-0.025,2392,0
2075363,2.583,9.448,-1.111,0.052,-0.011,-0.006,2391,0
2075383,2.655,9.455,-1.135,0.031,-0.05,0.001,2391,0
2075403,2.761,9.426,-1.228,0.018,-0.068,0.005,2391,0
2075423,2.787,9.445,-1.281,0.025,-0.059,0.013,2390,0
2075443,2.761,9.433,-1.259,0.012,-0.052,0.029,2391,0
2075464,2.756,9.385,-1.288,-0.012,-0.06,0.028,2392,0
2075484,2.749,9.371,-1.386,-0.014,-0.062,0.012,2393,0
2075503,2.772,9.404,-1.317,0.018,-0.049,0.018,2391,0
2075524,2.772,9.395,-1.288,0.03,-0.034,0.037,2391,0
2075543,2.782,9.431,-1.269,0.025,-0.037,0.039,2391,0
2075564,2.825,9.397,-1.25,-0.005,-0.051,0.037,2392,0
2075584,2.804,9.383,-1.307,-0.003,-0.055,0.036,2393,0
2075603,2.825,9.388,-1.31,0.008,-0.053,0.05,2391,0
2075623,2.828,9.328,-1.293,0.025,-0.048,0.055,2392,0
2075643,2.811,9.323,-1.29,0.008,-0.045,0.06,2392,0
2075663,2.753,9.311,-1.377,0.006,-0.039,0.044,2392,0
2075683,2.727,9.328,-1.434,0.003,-0.038,0.041,2393,0
2075703,2.801,9.325,-1.408,0.029,-0.015,0.041,2390,0
2075724,2.789,9.285,-1.384,0.039,0.022,0.031,2394,0
2075743,2.763,9.28,-1.317,0.027,0.032,0.027,2392,0
2075764,2.808,9.287,-1.243,0.004,0.025,0.017,2391,0
2075783,2.823,9.23,-1.19,0.013,0.029,0.015,2392,0
2075804,2.792,9.328,-1.202,0.051,0.031,0.02,2391,0
2075823,2.782,9.45,-1.226,0.062,0.033,0.017,2391,0
2075844,2.741,9.493,-1.25,0.046,0.031,0.025,2391,0
2075863,2.737,9.464,-1.235,0.032,0.028,0.038,2390,0
2075884,2.772,9.392,-1.221,0.013,0.022,0.052,2392,0
2075903,2.866,9.297,-1.154,-0.009,0.019,0.069,2391,0
2075924,2.945,9.275,-1.013,0.003,0.018,0.064,2390,0
2075943,2.909,9.273,-0.934,0.019,0.013,0.044,2390,0
2075963,2.878,9.306,-0.924,0.025,-0.021,0.047,2390,0
2075983,2.883,9.268,-0.97,0.02,-0.047,0.054,2392,0
2076003,2.897,9.189,-0.996,0.02,-0.05,0.048,2391,0
2076023,2.854,9.242,-1.049,0.015,-0.05,0.042,2392,0
2076044,2.801,9.309,-1.089,0.01,-0.052,0.036,2391,0
2076063,2.813,9.278,-1.14,0.006,-0.056,0.039,2390,0
2076083,2.842,9.189,-1.125,0.012,-0.059,0.027,2390,0
2076103,2.868,9.167,-1.101,0.022,-0.063,0.007,2390,0
2076124,2.883,9.143,-1.104,0.022,-0.058,-0.001,2391,0
2076144,2.892,9.148,-1.104,0.026,-0.06,-0.013,2391,0
2076163,2.89,9.21,-1.118,0.031,-0.057,-0.019,2393,0
2076184,2.88,9.239,-1.049,0.039,-0.054,-0.019,2391,0
2076203,2.847,9.27,-1.116,0.045,-0.063,-0.027,2392,0
2076223,2.849,9.4,-1.243,0.053,-0.08,-0.046,2390,0
2076243,2.921,9.431,-1.257,0.054,-0.07,-0.046,2391,0
2076263,3.012,9.455,-1.262,0.07,-0.042,-0.031,2390,0
2076283,3.019,9.522,-1.176,0.055,-0.002,-0.026,2392,0
2076303,3.007,9.5,-1.142,0.011,-0.002,-0.009,2391,0
2076324,3.002,9.459,-1.094,-0.007,-0.022,0.005,2391,0
2076344,3.031,9.357,-1.118,0.01,-0.048,0.021,2392,0
2076363,3.002,9.27,-1.161,0.057,-0.05,0.031,2391,0
2076384,2.938,9.328,-1.255,0.081,-0.041,0.025,2393,0
2076403,2.897,9.323,-1.271,0.052,-0.022,0.018,2392,0
2076423,2.887,9.318,-1.252,0.027,-0.019,0.029,2390,0
2076443,2.868,9.292,-1.183,0.014,-0.009,0.013,2393,0
2076463,2.866,9.261,-1.154,0.029,-0.021,0.017,2392,0
2076483,2.873,9.309,-1.149,0.047,-0.021,0.021,2392,0
2076503,2.854,9.244,-1.14,0.029,-0.019,0.021,2392,0
2076523,2.909,9.196,-1.106,0.013,-0.024,0.016,2392,0
2076543,2.931,9.177,-1.075,0.011,-0.022,0.009,2394,0
2076563,2.971,9.232,-0.996,0.031,-0.037,0.011,2393,0
2076584,3.01,9.182,-0.967,0.041,-0.045,0.014,2390,0
2076603,3.033,9.206,-1.063,0.064,-0.055,-0.003,2393,0
2076623,3.043,9.261,-1.099,0.074,-0.047,-0.014,2391,0
2076644,2.998,9.325,-1.176,0.093,-0.036,-0.008,2392,0
2076663,3.069,9.359,-1.152,0.078,-0.019,-0.006,2393,0
2076683,3.045,9.376,-1.111,0.057,0.006,-0.008,2392,0
2076703,2.981,9.44,-1.132,0.031,0.018,-0.009,2393,0
2076723,2.89,9.443,-1.19,0.009,0.011,-0.013,2391,0
2076743,2.868,9.366,-1.274,0.005,0.001,-0.005,2392,0
2076763,2.926,9.299,-1.36,0.031,0.02,-0.002,2396,0
2076783,2.909,9.256,-1.331,0.055,0.07,-0.014,2392,0
2076803,2.899,9.167,-1.109,0.041,0.091,-0.026,2392,0
2076823,2.854,9.088,-0.986,0.012,0.074,-0.034,2390,0
2076843,2.873,9.081,-0.943,0.021,0.041,-0.034,2390,0
2076864,2.911,9.175,-0.905,0.053,0.032,-0.022,2390,0
2076883,2.892,9.165,-0.903,0.079,0.027,-0.025,2390,0
2076903,2.875,9.218,-0.917,0.068,-0.001,-0.041,2393,0
2076923,2.856,9.27,-0.934,0.057,-0.03,-0.055,2392,0
2076943,2.825,9.256,-0.939,0.066,-0.059,-0.06,2392,0
2076963,2.823,9.392,-0.984,0.091,-0.069,-0.057,2390,0
2076983,2.784,9.491,-1.044,0.08,-0.064,-0.039,2391,0
2077004,2.768,9.572,-1.12,0.068,-0.06,-0.035,2390,0
2077023,2.828,9.474,-1.109,0.027,-0.059,-0.033,2392,0
2077043,2.878,9.342,-1.08,0.028,-0.057,-0.028,2391,0
2077063,2.921,9.337,-1.034,0.046,-0.048,-0.039,2391,0
2077083,2.84,9.318,-0.979,0.058,-0.039,-0.052,2390,0
2077104,2.811,9.369,-1.051,0.036,-0.053,-0.025,2391,0
2077123,2.899,9.457,-1.156,0.025,-0.081,-0.022,2390,0
2077144,2.981,9.421,-1.156,0.017,-0.076,-0.041,2389,0
2077163,3.005,9.361,-1.07,0.041,-0.054,-0.04,2389,0
2077183,2.995,9.333,-1.061,0.044,-0.038,-0.029,2390,0
2077204,3.0,9.23,-1.053,0.025,-0.051,-0.022,2390,0
2077224,2.959,9.234,-1.041,0.019,-0.072,-0.03,2392,0
2077244,2.947,9.208,-0.96,0.035,-0.083,-0.037,2389,0
2077263,2.775,9.349,-0.974,0.067,-0.09,-0.043,2391,0
2077283,2.624,9.495,-1.061,0.059,-0.102,-0.033,2390,0
2077303,2.643,9.495,-1.168,0.031,-0.114,-0.014,2389,0
2077324,2.746,9.445,-1.235,0.002,-0.102,-0.012,2391,0
2077343,2.787,9.4,-1.231,-0.002,-0.082,-0.023,2392,0
2077364,2.753,9.428,-1.197,0.014,-0.081,-0.017,2391,0
2077383,2.744,9.464,-1.164,0.043,-0.083,0.001,2393,0
2077403,2.72,9.416,-1.161,0.049,-0.085,0.009,2390,0
2077423,2.701,9.452,-1.204,0.042,-0.095,0.022,2391,0
2077444,2.744,9.45,-1.25,0.028,-0.082,0.023,2391,0
2077463,2.768,9.359,-1.214,0.033,-0.069,0.026,2392,0
2077483,2.813,9.337,-1.161,0.051,-0.064,0.025,2392,0
2077503,2.784,9.347,-1.202,0.062,-0.061,0.019,2392,0
2077523,2.804,9.342,-1.24,0.052,-0.054,0.021,2390,0
2077543,2.849,9.369,-1.238,0.042,-0.035,0.014,2391,0
2077563,2.828,9.328,-1.219,0.022,-0.011,0.008,2390,0
2077583,2.818,9.335,-1.171,0.021,-0.003,0.003,2390,0
2077603,2.789,9.34,-1.13,0.025,-0.001,0.006,2389,0
2077623,2.77,9.321,-1.082,0.033,-0.008,0.011,2390,0
2077643,2.794,9.254,-1.07,0.026,-0.011,0.017,2391,0
2077663,2.777,9.239,-1.113,0.036,-0.009,0.012,2391,0
2077683,2.756,9.28,-1.149,0.045,-0.011,-0.007,2390,0
2077703,2.758,9.313,-1.13,0.047,-0.024,-0.009,2390,0
2077723,2.777,9.273,-1.113,0.051,-0.028,-0.001,2389,0
2077743,2.741,9.311,-1.125,0.059,-0.011,0.001,2390,0
2077764,2.689,9.345,-1.07,0.053,-0.007,0.002,2390,0
2077783,2.722,9.297,-1.058,0.04,-0.022,0.0,2391,0
2077803,2.737,9.292,-1.077,0.046,-0.04,-0.016,2389,0
2077823,2.801,9.359,-1.128,0.058,-0.056,-0.019,2388,0
2077844,2.88,9.239,-1.053,0.063,-0.045,-0.022,2387,0
2077863,2.861,9.359,-1.07,0.063,-0.035,-0.028,2386,0
2077883,2.842,9.404,-1.053,0.034,-0.042,-0.03,2387,0
2077903,2.887,9.392,-1.034,0.019,-0.06,-0.022,2386,0
2077923,2.902,9.385,-1.08,0.021,-0.06,-0.01,2386,0
2077943,2.873,9.395,-1.192,0.044,-0.053,-0.007,2385,0
2077963,2.808,9.431,-1.269,0.046,-0.045,-0.003,2386,0
2077983,2.832,9.38,-1.259,0.032,-0.033,-0.004,2385,0
2078004,2.82,9.335,-1.214,0.029,-0.029,-0.007,2386,0
2078024,2.792,9.345,-1.147,0.044,-0.035,-0.003,2386,0
2078043,2.844,9.349,-1.118,0.064,-0.042,0.005,2386,0
2078063,2.859,9.373,-1.147,0.071,-0.036,0.006,2385,0
2078083,2.796,9.4,-1.207,0.06,-0.033,0.01,2385,0
2078103,2.82,9.433,-1.173,0.043,-0.031,0.016,2385,0
2078124,2.837,9.354,-1.154,0.035,-0.023,0.02,2386,0
2078144,2.84,9.337,-1.087,0.04,-0.021,0.021,2384,0
2078163,2.863,9.318,-1.063,0.044,-0.018,0.013,2385,0
2078183,2.796,9.301,-1.082,0.035,-0.026,0.003,2386,0
2078203,2.818,9.342,-1.053,0.04,-0.04,0.0,2385,0
2078223,2.825,9.328,-1.034,0.035,-0.038,-0.003,2386,0
2078244,2.847,9.299,-1.051,0.029,-0.032,-0.003,2385,0
2078263,2.825,9.34,-1.092,0.02,-0.029,-0.008,2386,0
2078283,2.828,9.352,-1.113,0.009,-0.031,-0.007,2387,0
2078304,2.765,9.364,-1.137,0.01,-0.023,-0.013,2386,0
2078323,2.722,9.335,-1.113,0.019,-0.028,-0.003,2385,0
2078344,2.72,9.364,-1.099,0.035,-0.03,-0.008,2386,0
2078363,2.698,9.361,-1.111,0.038,-0.032,-0.014,2385,0
2078383,2.739,9.378,-1.104,0.038,-0.041,-0.006,2386,0
2078403,2.861,9.34,-1.068,0.028,-0.046,0.005,2384,0
2078423,2.899,9.321,-1.063,0.039,-0.043,0.001,2385,0
2078443,2.861,9.34,-1.087,0.05,-0.055,-0.004,2385,0
2078463,2.787,9.438,-1.12,0.056,-0.068,0.004,2385,0
2078483,2.816,9.395,-1.176,0.046,-0.071,0.015,2387,0
2078504,2.875,9.366,-1.183,0.041,-0.056,0.012,2385,0
2078523,2.911,9.321,-1.211,0.034,-0.04,0.005,2385,0
2078544,2.863,9.304,-1.207,0.034,-0.032,-0.001,2385,0
2078563,2.835,9.323,-1.195,0.042,-0.038,-0.001,2387,0
2078583,2.854,9.359,-1.178,0.058,-0.032,0.003,2387,0
2078603,2.825,9.38,-1.159,0.071,-0.022,0.01,2386,0
2078623,2.804,9.337,-1.18,0.063,-0.022,0.02,2386,0
2078643,2.789,9.337,-1.161,0.061,-0.026,0.023,2385,0
2078663,2.751,9.347,-1.135,0.069,-0.025,0.014,2386,0
2078683,2.732,9.378,-1.152,0.076,-0.018,0.022,2386,0
2078703,2.835,9.28,-1.137,0.059,-0.011,0.035,2385,0
2078723,2.895,9.194,-1.188,0.026,0.003,0.01,2387,0
2078744,2.947,9.093,-1.18,-0.003,0.005,-0.022,2386,0
2078763,2.95,9.182,-1.149,0.019,0.013,-0.044,2387,0
2078783,2.856,9.282,-1.061,0.05,0.017,-0.042,2386,0
2078803,2.763,9.416,-1.027,0.086,0.005,-0.015,2386,0
2078823,2.816,9.471,-1.065,0.075,-0.022,0.003,2387,0
2078843,2.854,9.361,-1.116,0.047,-0.037,0.002,2385,0
2078863,2.899,9.261,-1.154,0.048,-0.034,-0.003,2386,0
2078883,2.873,9.361,-1.144,0.06,-0.011,-0.019,2387,0
2078904,2.801,9.438,-1.099,0.044,-0.001,-0.017,2387,0
2078923,2.825,9.488,-1.085,0.03,-0.015,-0.007,2385,0
2078944,2.878,9.409,-1.07,0.02,-0.032,0.002,2385,0
2078963,2.899,9.335,-1.082,0.043,-0.038,0.006,2386,0
2078984,2.878,9.352,-1.094,0.067,-0.033,0.009,2386,0
2079003,2.84,9.385,-1.111,0.067,-0.029,0.016,2386,0
2079023,2.825,9.371,-1.097,0.046,-0.032,0.018,2386,0
2079043,2.844,9.342,-1.101,0.044,-0.038,0.017,2387,0
2079064,2.837,9.337,-1.013,0.052,-0.04,0.013,2385,0
2079084,2.832,9.354,-1.013,0.061,-0.045,0.01,2386,0
2079103,2.799,9.44,-1.056,0.051,-0.055,0.015,2385,0
2079123,2.825,9.395,-1.118,0.035,-0.067,0.021,2386,0
2079144,2.88,9.359,-1.183,0.018,-0.064,0.024,2386,0
2079163,2.914,9.299,-1.135,0.009,-0.045,0.018,2387,0
2079183,2.887,9.251,-1.116,0.02,-0.038,0.005,2386,0
2079203,2.763,9.357,-1.149,0.028,-0.041,0.001,2386,0
2079223,2.722,9.376,-1.132,0.033,-0.052,0.013,2386,0
2079243,2.828,9.268,-1.142,0.03,-0.053,0.023,2386,0
2079263,2.883,9.199,-1.152,0.022,-0.045,0.006,2386,0
2079283,2.899,9.163,-1.113,0.01,-0.044,-0.021,2385,0
2079304,2.873,9.256,-1.12,0.018,-0.055,-0.026,2385,0
2079323,2.875,9.306,-1.166,0.039,-0.056,-0.017,2384,0
2079343,2.873,9.335,-1.161,0.057,-0.048,-0.004,2385,0
2079363,2.856,9.325,-1.199,0.05,-0.039,-0.005,2385,0
2079383,2.859,9.316,-1.149,0.041,-0.041,-0.002,2386,0
2079403,2.909,9.304,-1.118,0.051,-0.045,-0.006,2386,0
2079423,2.933,9.34,-1.137,0.075,-0.046,-0.008,2385,0
2079443,2.998,9.352,-1.159,0.078,-0.042,-0.001,2387,0
2079464,3.002,9.409,-1.154,0.067,-0.029,-0.001,2384,0
2079483,2.916,9.402,-1.111,0.041,-0.018,0.001,2387,0
2079503,2.837,9.409,-1.056,0.033,-0.032,0.013,2385,0
2079523,2.849,9.337,-1.053,0.037,-0.048,0.021,2385,0
2079544,2.926,9.254,-1.061,0.052,-0.064,0.021,2385,0
2079564,2.94,9.21,-1.089,0.057,-0.064,0.011,2385,0
2079584,2.892,9.261,-1.125,0.056,-0.057,0.001,2385,0
2079603,2.801,9.323,-1.128,0.043,-0.054,-0.006,2385,0
2079623,2.72,9.426,-1.104,0.032,-0.056,-0.005,2385,0
2079644,2.775,9.44,-1.149,0.026,-0.07,0.008,2386,0
2079663,2.859,9.376,-1.197,0.027,-0.07,0.014,2385,0
2079683,2.847,9.297,-1.279,0.036,-0.065,0.017,2387,0
2079704,2.883,9.258,-1.255,0.045,-0.059,0.026,2385,0
2079723,2.887,9.194,-1.243,0.047,-0.041,0.01,2385,0
2079743,2.883,9.151,-1.25,0.043,-0.036,-0.004,2385,0
2079764,2.895,9.22,-1.19,0.041,-0.03,-0.017,2385,0
2079784,2.89,9.201,-1.185,0.038,-0.036,-0.027,2385,0
2079803,2.887,9.263,-1.226,0.052,-0.045,-0.034,2386,0
2079824,2.907,9.369,-1.252,0.072,-0.043,-0.033,2386,0
2079843,2.931,9.424,-1.235,0.077,-0.023,-0.028,2384,0
2079863,2.88,9.467,-1.247,0.071,-0.008,-0.03,2385,0
2079883,2.818,9.555,-1.168,0.05,-0.01,-0.023,2386,0
2079903,2.756,9.572,-1.063,0.052,-0.015,0.007,2385,0
2079923,2.799,9.498,-1.094,0.053,-0.028,0.038,2386,0
2079943,2.875,9.371,-1.061,0.037,-0.035,0.042,2387,0
2079963,2.926,9.304,-1.03,0.013,-0.051,0.035,2385,0
2079983,2.986,9.206,-1.03,-0.005,-0.059,0.022,2387,0
2080003,2.921,9.313,-1.07,0.023,-0.056,0.019,2386,0
2080024,2.907,9.333,-1.147,0.03,-0.064,0.025,2387,0
2080043,2.88,9.354,-1.219,0.038,-0.067,0.034,2387,0
2080064,2.921,9.323,-1.319,0.033,-0.062,0.043,2386,0
2080083,2.995,9.218,-1.262,0.034,-0.046,0.043,2387,0
2080103,3.002,9.069,-1.101,0.049,-0.024,0.025,2386,0
2080123,2.919,9.11,-1.073,0.067,-0.041,0.008,2386,0
2080143,2.938,9.196,-1.089,0.059,-0.07,0.001,2388,0
2080163,3.021,9.124,-1.101,0.051,-0.074,-0.001,2386,0
2080183,3.077,9.021,-1.032,0.051,-0.057,-0.024,2386,0
2080203,3.069,8.964,-0.984,0.028,-0.062,-0.052,2387,0
2080223,2.914,9.148,-1.032,0.019,-0.079,-0.087,2388,0
2080243,2.775,9.383,-1.19,0.023,-0.096,-0.096,2388,0
2080263,2.751,9.62,-1.276,0.051,-0.087,-0.071,2385,0
2080283,2.737,9.622,-1.355,0.04,-0.062,-0.044,2386,0
2080303,2.758,9.486,-1.298,0.015,-0.053,-0.025,2388,0
2080323,2.806,9.333,-1.307,-0.001,-0.066,-0.025,2387,0
2080343,2.84,9.27,-1.324,0.026,-0.077,-0.034,2387,0
2080363,2.866,9.256,-1.274,0.078,-0.064,-0.03,2387,0
2080384,2.837,9.366,-1.223,0.096,-0.043,-0.028,2385,0
2080403,2.801,9.452,-1.307,0.059,-0.036,-0.026,2386,0
2080423,2.835,9.369,-1.295,0.017,-0.041,-0.02,2386,0
2080443,2.866,9.311,-1.271,0.017,-0.046,-0.019,2387,0
2080463,2.909,9.268,-1.279,0.056,-0.035,-0.021,2386,0
2080483,2.875,9.349,-1.25,0.089,-0.012,-0.026,2386,0
2080503,2.813,9.524,-1.269,0.073,-0.005,-0.023,2386,0
2080524,2.811,9.541,-1.235,0.033,-0.007,-0.011,2387,0
2080543,2.88,9.452,-1.171,0.02,-0.011,0.005,2387,0
2080564,2.933,9.297,-1.14,0.026,-0.007,0.009,2387,0
2080584,2.907,9.278,-1.109,0.047,-0.01,0.01,2387,0
2080604,2.866,9.354,-1.149,0.047,-0.016,0.002,2388,0
2080623,2.808,9.392,-1.188,0.033,-0.019,0.005,2387,0
2080643,2.801,9.378,-1.166,0.027,-0.02,0.011,2387,0
2080663,2.84,9.311,-1.173,0.03,-0.022,0.016,2386,0
2080684,2.851,9.22,-1.147,0.042,-0.025,0.014,2387,0
2080704,2.835,9.249,-1.159,0.056,-0.028,0.01,2387,0
2080723,2.772,9.361,-1.195,0.063,-0.026,0.002,2386,0
2080744,2.765,9.373,-1.216,0.05,-0.026,0.006,2385,0
2080763,2.844,9.33,-1.223,0.031,-0.02,0.005,2387,0
2080784,2.866,9.246,-1.219,0.02,-0.006,-0.007,2388,0
2080803,2.859,9.285,-1.204,0.024,-0.004,-0.015,2387,0
2080824,2.842,9.278,-1.171,0.03,-0.012,-0.008,2386,0
2080843,2.844,9.28,-1.178,0.039,-0.025,-0.006,2387,0
2080863,2.868,9.347,-1.211,0.055,-0.029,-0.012,2387,0
2080883,2.89,9.397,-1.25,0.059,-0.017,-0.008,2386,0
2080903,2.866,9.421,-1.283,0.051,0.002,-0.005,2387,0
2080923,2.878,9.426,-1.211,0.034,0.01,0.002,2387,0
2080943,2.835,9.364,-1.142,0.025,0.013,0.003,2387,0
2080963,2.811,9.309,-1.109,0.023,-0.003,0.009,2388,0
2080983,2.842,9.294,-1.109,0.047,-0.023,0.013,2387,0
2081003,2.844,9.323,-1.159,0.067,-0.022,0.01,2386,0
2081024,2.811,9.371,-1.204,0.065,-0.011,0.009,2387,0
2081043,2.804,9.345,-1.195,0.037,-0.009,0.008,2387,0
2081063,2.832,9.28,-1.154,0.017,-0.013,0.005,2387,0
2081083,2.84,9.254,-1.13,0.028,-0.017,-0.002,2387,0
2081103,2.825,9.29,-1.154,0.046,-0.017,-0.001,2387,0
2081123,2.835,9.309,-1.147,0.059,-0.011,0.002,2387,0
2081143,2.816,9.304,-1.116,0.054,-0.01,0.004,2387,0
2081163,2.825,9.301,-1.142,0.038,-0.026,0.001,2385,0
2081183,2.899,9.278,-1.104,0.034,-0.043,0.0,2386,0
2081203,2.923,9.234,-1.109,0.061,-0.044,0.002,2385,0
2081224,2.931,9.261,-1.159,0.072,-0.031,-0.003,2387,0
2081243,2.887,9.316,-1.235,0.053,-0.024,-0.008,2386,0
2081264,2.856,9.366,-1.185,0.02,-0.01,-0.015,2387,0
2081283,2.859,9.366,-1.08,0.006,0.001,-0.019,2387,0
2081304,2.832,9.323,-0.953,0.011,0.001,-0.019,2385,0
2081323,2.83,9.354,-0.855,0.026,-0.024,-0.013,2387,0
2081343,2.796,9.565,-0.675,0.021,-0.043,-0.008,2386,0
2081363,2.861,9.735,-0.443,-0.045,-0.099,0.013,2386,0
2081384,2.856,10.379,-0.251,-0.148,-0.145,0.07,2387,0
2081404,2.78,11.533,0.045,-0.54,-0.308,0.211,2386,0
2081423,2.464,12.498,-0.215,-1.573,-0.632,0.5,2385,0
2081444,2.871,12.124,0.445,-3.048,-1.054,0.872,2383,0
2081464,3.419,10.728,0.702,-4.283,-1.425,1.113,2384,0
2081483,4.276,10.575,0.177,-5.06,-1.685,1.263,2382,0
2081504,3.986,10.654,-0.742,-5.674,-1.755,1.48,2380,0
2081524,4.357,11.085,-1.719,-6.467,-1.777,1.762,2375,0
2081543,4.398,9.962,-1.693,-6.957,-1.49,2.009,2373,0
2081564,5.514,9.335,-0.52,-6.949,-0.966,2.386,2373,0
2081583,4.736,8.638,0.682,-6.294,-0.489,2.689,2372,0
2081603,4.532,8.59,1.516,-5.525,0.055,2.85,2368,0
2081624,4.144,6.867,3.235,-4.4,0.325,2.889,2369,0
2081643,3.836,4.908,5.021,-2.508,0.603,2.848,2369,0
2081663,3.62,4.836,5.488,-0.568,0.768,2.97,2369,0
2081683,3.297,5.306,4.848,0.453,0.923,3.179,2370,0
2081704,3.132,4.448,4.64,0.672,1.082,3.319,2369,0
2081723,2.868,2.241,5.519,0.74,1.257,3.385,2369,0
2081743,2.897,-0.448,7.465,0.904,1.485,3.432,2370,0
2081763,2.94,-2.983,9.376,0.974,1.565,3.292,2371,0
2081783,3.326,-6.024,11.437,0.977,1.321,2.775,2369,0
2081803,3.852,-8.511,13.132,0.811,0.793,1.82,2366,0
2081823,4.207,-9.476,13.884,0.574,0.277,0.602,2366,0
2081843,4.3,-9.093,13.704,0.274,-0.202,-0.493,2366,0
2081863,4.029,-7.609,12.795,-0.059,-0.621,-1.328,2365,0
2081884,3.78,-5.349,11.535,-0.415,-0.887,-1.96,2365,0
2081903,3.876,-3.733,10.602,-0.84,-0.99,-2.338,2365,0
2081923,4.295,-2.394,10.034,-1.12,-1.011,-2.648,2366,0
2081944,4.432,-0.541,9.527,-1.361,-1.008,-2.921,2364,0
2081963,4.235,1.422,8.902,-1.545,-1.018,-3.041,2365,0
2081984,4.403,3.194,8.131,-1.531,-1.09,-2.915,2365,0
2082004,4.911,5.428,7.082,-1.48,-1.122,-2.726,2365,0
2082023,5.454,7.544,6.081,-1.314,-0.992,-2.472,2364,0
2082044,5.703,9.716,4.927,-1.015,-0.786,-2.041,2364,0
2082063,6.151,11.044,3.974,-0.603,-0.572,-1.315,2363,0
2082083,6.182,11.526,3.551,-0.092,-0.337,-0.413,2364,0
2082104,6.311,11.468,3.285,0.297,-0.019,0.472,2363,0
2082124,6.105,10.233,3.618,0.643,0.294,1.186,2363,0
2082143,5.775,8.665,4.269,1.041,0.541,1.767,2362,0
2082163,5.32,7.515,4.846,1.276,0.764,2.195,2361,0
2082183,4.688,6.316,5.583,1.334,0.97,2.583,2360,0
2082204,3.996,4.963,6.632,1.433,1.196,2.897,2359,0
2082223,3.259,2.473,8.308,1.553,1.411,3.189,2359,0
2082244,2.835,-0.828,10.242,1.533,1.403,3.343,2360,0
2082263,3.0,-3.91,11.866,1.281,1.158,3.051,2357,0
2082283,3.278,-6.955,13.139,0.98,0.738,2.295,2358,0
2082303,3.646,-9.388,13.865,0.736,0.264,1.355,2357,0
2082324,3.824,-10.142,13.415,0.447,-0.203,0.353,2357,0
2082344,3.783,-9.268,12.371,0.002,-0.566,-0.647,2356,0
2082363,3.601,-7.657,11.164,-0.538,-0.741,-1.468,2356,0
2082383,3.728,-5.715,10.151,-0.911,-0.741,-2.042,2355,0
2082403,4.199,-3.515,9.27,-1.265,-0.681,-2.472,2356,0
2082424,4.729,-1.097,8.638,-1.522,-0.572,-2.786,2355,0
2082443,4.906,1.312,8.272,-1.723,-0.501,-2.936,2357,0
2082464,5.152,3.869,8.018,-1.696,-0.546,-2.86,2355,0
2082483,5.562,6.527,7.896,-1.443,-0.59,-2.637,2355,0
2082503,5.686,9.165,7.137,-1.154,-0.618,-2.258,2354,0
2082523,5.748,10.748,5.995,-0.765,-0.628,-1.649,2353,0
2082543,5.926,11.147,4.846,-0.348,-0.592,-0.84,2353,0
2082563,6.029,10.755,4.199,0.043,-0.369,0.001,2352,0
2082584,5.859,9.653,3.998,0.402,-0.041,0.711,2353,0
2082603,5.401,8.238,4.19,0.751,0.254,1.285,2352,0
2082623,4.999,7.068,4.508,0.947,0.499,1.733,2352,0
2082644,4.585,5.796,5.136,1.014,0.749,2.082,2352,0
2082664,4.089,4.767,6.175,1.084,1.02,2.391,2352,0
2082684,3.5,3.46,7.343,1.207,1.272,2.704,2352,0
2082703,3.103,2.107,8.471,1.289,1.389,2.927,2352,0
2082724,2.938,0.728,9.471,1.152,1.338,2.941,2353,0
2082744,2.861,-1.267,10.58,0.96,1.214,2.733,2351,0
2082763,3.06,-3.663,11.586,0.87,1.074,2.501,2351,0
2082784,3.567,-5.911,12.196,0.808,0.796,2.045,2350,0
2082803,4.108,-7.259,12.404,0.656,0.418,1.294,2348,0
2082823,4.58,-7.652,12.206,0.497,0.065,0.433,2347,0
2082843,4.731,-6.914,11.681,0.294,-0.244,-0.364,2347,0
2082863,4.566,-5.456,11.028,0.15,-0.491,-0.995,2346,0
2082883,4.384,-3.871,10.369,0.11,-0.652,-1.426,2347,0
2082903,4.3,-2.514,9.922,0.248,-0.753,-1.764,2346,0
2082923,4.365,-1.085,9.462,0.529,-0.871,-2.042,2346,0
2082943,4.202,-0.134,9.287,0.942,-0.988,-2.284,2344,0
2082963,3.869,0.864,9.007,1.635,-1.117,-2.487,2345,0
2082983,3.701,2.296,8.294,2.411,-1.265,-2.643,2345,0
2083004,3.524,3.733,7.075,3.059,-1.343,-2.706,2347,0
2083024,3.855,4.638,5.794,3.54,-1.338,-2.643,2346,0
2083043,3.443,5.241,5.09,3.951,-1.321,-2.425,2347,0
2083064,3.697,5.95,4.015,4.538,-1.336,-2.057,2343,0
2083083,3.903,7.211,2.689,4.705,-1.258,-1.908,2340,0
2083104,4.099,8.411,1.125,4.497,-1.104,-1.795,2339,0
2083123,4.357,8.792,0.453,4.337,-0.907,-1.56,2342,0
2083143,4.231,8.047,0.397,3.965,-0.798,-1.452,2342,0
2083163,5.052,8.444,-0.117,4.353,-0.367,-1.216,2345,0
2083183,4.298,9.124,-0.943,3.622,-0.38,-1.306,2346,0
2083203,4.247,9.112,-1.786,3.298,-0.328,-1.199,2349,0
2083223,3.742,9.629,-1.827,2.597,-0.241,-1.082,2351,0
2083244,3.73,9.629,-1.891,2.093,-0.171,-0.889,2354,0
2083263,3.716,10.192,-1.774,1.788,-0.104,-0.693,2358,0
2083284,3.419,10.149,-1.887,1.247,-0.154,-0.551,2358,0
2083303,3.314,9.816,-2.09,0.845,-0.165,-0.414,2361,0
2083323,3.467,9.577,-1.961,0.583,-0.137,-0.314,2362,0
2083344,3.508,9.697,-1.762,0.487,-0.082,-0.25,2363,0
2083363,3.349,9.84,-1.652,0.356,-0.071,-0.2,2364,0
2083383,3.259,9.752,-1.793,0.213,-0.075,-0.161,2367,0
2083403,3.199,9.462,-1.808,0.085,-0.083,-0.099,2367,0
2083423,3.33,9.347,-1.707,0.026,-0.086,-0.02,2367,0
2083443,3.433,9.495,-1.539,0.052,-0.06,0.004,2368,0
2083463,3.373,9.409,-1.425,0.04,-0.026,-0.012,2367,0
2083484,3.28,9.263,-1.496,0.013,-0.022,-0.006,2368,0
2083503,3.23,9.179,-1.539,-0.033,-0.01,0.006,2369,0
2083524,3.211,9.105,-1.633,-0.03,0.009,0.018,2368,0
2083543,3.215,9.076,-1.573,0.023,0.045,0.007,2369,0
2083563,3.129,9.105,-1.551,0.065,0.097,-0.03,2368,0
2083583,3.005,9.194,-1.506,0.076,0.132,-0.062,2371,0
2083603,2.902,9.134,-1.453,0.019,0.127,-0.051,2369,0
2083623,2.899,9.108,-1.338,-0.015,0.111,-0.023,2369,0
2083644,2.988,9.055,-1.168,-0.002,0.109,-0.038,2369,0
2083664,3.029,8.997,-1.075,0.037,0.118,-0.074,2368,0
2083683,2.998,8.882,-1.07,0.046,0.118,-0.092,2368,0
2083703,2.993,9.06,-1.202,0.077,0.09,-0.09,2369,0
2083723,3.122,9.249,-1.164,0.083,0.062,-0.094,2368,0
2083744,3.218,9.33,-1.156,0.082,0.065,-0.079,2369,0
2083763,3.23,9.452,-1.195,0.036,0.078,-0.062,2370,0
2083783,3.179,9.663,-1.293,-0.057,0.073,-0.039,2370,0
2083803,3.153,9.675,-1.367,-0.192,0.04,-0.025,2371,0
2083823,3.287,9.68,-1.31,-0.228,0.012,0.005,2371,0
2083843,3.508,9.479,-1.135,-0.202,-0.02,0.057,2372,0
2083864,3.625,9.194,-1.049,-0.1,0.01,0.085,2370,0
2083884,3.567,9.148,-1.027,0.02,0.054,0.077,2373,0
2083904,3.361,9.208,-1.142,0.108,0.078,0.056,2371,0
2083923,3.194,9.242,-1.173,0.136,0.065,0.05,2371,0
2083943,3.081,9.285,-1.113,0.124,0.038,0.063,2370,0
2083964,3.041,9.155,-1.022,0.089,0.031,0.066,2370,0
2083983,2.978,9.084,-1.02,0.07,0.03,0.051,2373,0
2084003,2.945,9.038,-1.051,0.063,0.043,0.022,2371,0
2084023,2.926,8.993,-1.02,0.06,0.039,0.008,2371,0
2084043,2.969,8.99,-0.943,0.061,0.036,-0.014,2373,0
2084064,2.978,8.978,-0.802,0.046,0.043,-0.047,2371,0
2084083,2.914,9.055,-0.797,0.045,0.035,-0.08,2371,0
2084104,2.926,9.143,-0.781,0.063,0.014,-0.076,2371,0
2084123,2.919,9.182,-0.898,0.088,-0.033,-0.06,2371,0
2084143,3.038,9.206,-0.939,0.111,-0.074,-0.058,2370,0
