602294,2.124,4.405,8.442,0.044,-0.037,-0.011,2416,0
602314,2.112,4.458,8.442,0.045,-0.032,-0.01,2418,0
602334,2.085,4.511,8.452,0.043,-0.03,-0.008,2416,0
602354,2.095,4.515,8.444,0.042,-0.034,-0.004,2417,0
602374,2.105,4.511,8.411,0.032,-0.034,-0.003,2417,0
602394,2.109,4.48,8.408,0.035,-0.035,0.0,2417,0
602414,2.119,4.453,8.408,0.03,-0.033,0.0,2418,0
602434,2.114,4.432,8.404,0.034,-0.028,0.002,2417,0
602454,2.116,4.389,8.449,0.031,-0.024,-0.004,2401,0
602474,2.093,4.413,8.499,0.043,-0.026,-0.007,2417,0
602494,2.114,4.487,8.523,0.051,-0.033,-0.008,2417,0
602514,2.097,4.499,8.502,0.05,-0.041,-0.003,2417,0
602534,2.083,4.463,8.399,0.055,-0.041,0.001,2418,0
602554,2.085,4.436,8.365,0.05,-0.038,0.001,2417,0
602574,2.116,4.444,8.365,0.045,-0.03,-0.004,2419,0
602594,2.116,4.458,8.392,0.042,-0.023,-0.007,2417,0
602614,2.095,4.482,8.389,0.038,-0.026,-0.003,2416,0
602634,2.102,4.47,8.425,0.031,-0.024,-0.002,2418,0
602654,2.073,4.503,8.42,0.03,-0.016,-0.004,2417,0
602674,2.09,4.468,8.468,0.027,-0.022,-0.004,2416,0
602694,2.119,4.439,8.552,0.031,-0.03,-0.003,2416,0
602714,2.105,4.405,8.533,0.042,-0.04,-0.003,2418,0
602734,2.116,4.422,8.483,0.049,-0.047,-0.005,2412,0
602754,2.105,4.401,8.394,0.055,-0.046,-0.007,2397,0
602774,2.126,4.472,8.341,0.056,-0.039,-0.009,2415,0
602794,2.102,4.506,8.377,0.044,-0.033,-0.01,2416,0
602814,2.1,4.547,8.404,0.033,-0.031,-0.007,2416,0
602834,2.121,4.532,8.382,0.029,-0.029,0.001,2417,0
602854,2.121,4.489,8.401,0.03,-0.024,0.008,2418,0
602874,2.107,4.41,8.444,0.031,-0.024,0.008,2418,0
602894,2.088,4.386,8.487,0.036,-0.025,0.001,2417,0
602914,2.097,4.413,8.509,0.044,-0.03,-0.003,2417,0
602934,2.097,4.477,8.519,0.048,-0.035,-0.003,2416,0
602954,2.107,4.492,8.44,0.051,-0.041,0.0,2417,0
602974,2.085,4.458,8.418,0.051,-0.041,-0.003,2416,0
602994,2.131,4.436,8.399,0.05,-0.037,-0.005,2418,0
603014,2.116,4.458,8.365,0.047,-0.029,-0.007,2417,0
603034,2.112,4.494,8.394,0.039,-0.025,-0.006,2417,0
603054,2.102,4.511,8.437,0.035,-0.026,0.001,2418,0
603074,2.105,4.477,8.497,0.034,-0.028,0.002,2418,0
603094,2.1,4.451,8.49,0.035,-0.038,-0.001,2417,0
603114,2.109,4.42,8.454,0.037,-0.043,-0.004,2417,0
603134,2.105,4.432,8.406,0.047,-0.043,-0.006,2418,0
603154,2.112,4.482,8.394,0.045,-0.041,-0.006,2418,0
603174,2.102,4.48,8.382,0.043,-0.035,-0.005,2417,0
603194,2.116,4.503,8.389,0.035,-0.029,-0.006,2417,0
603214,2.145,4.515,8.382,0.028,-0.021,-0.001,2419,0
603234,2.105,4.472,8.418,0.03,-0.017,0.003,2417,0
603254,2.105,4.465,8.454,0.025,-0.018,0.004,2417,0
603274,2.102,4.427,8.502,0.022,-0.027,-0.002,2417,0
603294,2.081,4.408,8.497,0.032,-0.029,-0.003,2376,0
603314,2.116,4.444,8.461,0.041,-0.031,-0.002,2417,0
603334,2.133,4.453,8.428,0.035,-0.03,-0.002,2417,0
603354,2.119,4.446,8.44,0.036,-0.031,-0.004,2416,0
603374,2.105,4.463,8.456,0.038,-0.032,-0.008,2417,0
603394,2.095,4.499,8.475,0.04,-0.034,-0.006,2401,0
603414,2.09,4.46,8.464,0.038,-0.033,-0.002,2417,0
603434,2.102,4.434,8.466,0.04,-0.033,-0.002,2417,0
603454,2.109,4.403,8.435,0.039,-0.037,-0.007,2417,0
603474,2.095,4.472,8.435,0.048,-0.036,-0.009,2417,0
603494,2.097,4.508,8.404,0.042,-0.034,-0.008,2418,0
603514,2.121,4.477,8.418,0.038,-0.031,-0.003,2416,0
603534,2.116,4.446,8.461,0.043,-0.033,-0.005,2418,0
603554,2.102,4.448,8.499,0.043,-0.038,-0.005,2416,0
603574,2.097,4.42,8.447,0.049,-0.044,-0.007,2416,0
603594,2.116,4.439,8.416,0.047,-0.037,-0.008,2416,0
603614,2.102,4.475,8.401,0.046,-0.033,-0.006,2416,0
603634,2.093,4.503,8.416,0.04,-0.029,-0.006,2417,0
603654,2.107,4.484,8.43,0.034,-0.03,-0.003,2416,0
603674,2.105,4.468,8.454,0.035,-0.031,-0.001,2417,0
603694,2.126,4.441,8.447,0.038,-0.033,-0.005,2416,0
603714,2.119,4.417,8.442,0.041,-0.031,-0.004,2417,0
603734,2.095,4.436,8.454,0.045,-0.032,-0.007,2417,0
603754,2.09,4.47,8.444,0.042,-0.033,-0.006,2417,0
603774,2.121,4.501,8.418,0.041,-0.033,-0.003,2417,0
603794,2.119,4.465,8.428,0.038,-0.031,-0.007,2417,0
603814,2.105,4.468,8.42,0.039,-0.034,-0.011,2417,0
603834,2.105,4.456,8.394,0.038,-0.032,-0.007,2417,0
603854,2.1,4.518,8.406,0.036,-0.027,-0.006,2417,0
603874,2.109,4.506,8.408,0.029,-0.024,0.001,2416,0
603894,2.112,4.456,8.478,0.027,-0.026,0.001,2417,0
603914,2.097,4.424,8.523,0.035,-0.031,-0.002,2416,0
603934,2.088,4.436,8.495,0.036,-0.037,-0.005,2416,0
603954,2.105,4.396,8.483,0.039,-0.041,-0.004,2418,0
603974,2.119,4.422,8.418,0.044,-0.041,-0.008,2416,0
603994,2.116,4.453,8.399,0.043,-0.037,-0.007,2417,0
604014,2.107,4.456,8.394,0.043,-0.035,-0.009,2400,0
604034,2.121,4.482,8.399,0.046,-0.029,-0.007,2416,0
604054,2.1,4.518,8.413,0.045,-0.03,-0.002,2416,0
604074,2.107,4.494,8.401,0.03,-0.03,0.001,2416,0
604094,2.109,4.446,8.449,0.029,-0.027,0.0,2416,0
604114,2.095,4.417,8.475,0.035,-0.024,-0.006,2413,0
604134,2.107,4.434,8.473,0.038,-0.032,-0.008,2416,0
604154,2.119,4.451,8.475,0.041,-0.039,-0.006,2409,0
604174,2.112,4.441,8.43,0.047,-0.039,-0.005,2418,0
604194,2.097,4.451,8.425,0.052,-0.034,-0.007,2417,0
604214,2.102,4.472,8.44,0.047,-0.036,-0.005,2416,0
604234,2.114,4.46,8.442,0.041,-0.035,-0.004,2415,0
604254,2.133,4.434,8.432,0.045,-0.032,-0.005,2417,0
604274,2.112,4.456,8.425,0.05,-0.033,-0.007,2417,0
604294,2.093,4.501,8.413,0.048,-0.032,-0.009,2415,0
604314,2.105,4.539,8.394,0.043,-0.03,-0.006,2417,0
604334,2.102,4.518,8.396,0.034,-0.025,-0.001,2416,0
604354,2.093,4.47,8.423,0.033,-0.024,0.003,2416,0
604374,2.09,4.434,8.471,0.035,-0.029,0.0,2417,0
604394,2.1,4.451,8.456,0.038,-0.032,0.0,2417,0
604414,2.114,4.448,8.418,0.035,-0.03,-0.002,2416,0
604434,2.114,4.429,8.44,0.037,-0.03,-0.003,2417,0
604454,2.093,4.429,8.447,0.04,-0.029,-0.007,2416,0
604474,2.102,4.451,8.456,0.04,-0.031,-0.01,2416,0
604494,2.109,4.47,8.432,0.044,-0.029,-0.011,2417,0
604514,2.093,4.482,8.416,0.043,-0.029,-0.006,2416,0
604534,2.093,4.453,8.432,0.031,-0.034,-0.005,2417,0
604554,2.09,4.429,8.423,0.028,-0.034,-0.008,2416,0
604574,2.1,4.439,8.392,0.037,-0.028,-0.012,2416,0
604594,2.078,4.496,8.404,0.04,-0.025,-0.009,2417,0
604614,2.081,4.492,8.432,0.037,-0.022,-0.005,2416,0
604634,2.076,4.484,8.449,0.039,-0.021,-0.002,2416,0
604654,2.081,4.47,8.471,0.038,-0.022,-0.001,2416,0
604674,2.093,4.463,8.437,0.036,-0.028,-0.003,2416,0
604694,2.105,4.448,8.437,0.038,-0.031,-0.001,2416,0
604714,2.097,4.439,8.432,0.038,-0.03,-0.002,2416,0
604734,2.107,4.444,8.425,0.036,-0.027,-0.003,2416,0
604754,2.069,4.46,8.473,0.038,-0.026,-0.005,2416,0
604774,2.076,4.487,8.456,0.034,-0.028,-0.004,2416,0
604794,2.088,4.48,8.425,0.035,-0.029,-0.001,2415,0
604814,2.088,4.441,8.432,0.03,-0.029,-0.003,2416,0
604834,2.109,4.42,8.399,0.033,-0.027,-0.005,2416,0
604854,2.097,4.463,8.432,0.041,-0.025,-0.004,2417,0
604874,2.095,4.465,8.478,0.041,-0.023,-0.001,2415,0
604894,2.052,4.444,8.511,0.042,-0.029,-0.001,2416,0
604914,2.069,4.432,8.504,0.037,-0.037,-0.003,2416,0
604934,2.093,4.434,8.447,0.04,-0.038,-0.006,2417,0
604954,2.107,4.453,8.444,0.047,-0.037,-0.006,2416,0
604974,2.085,4.477,8.394,0.043,-0.034,-0.003,2416,0
604994,2.069,4.482,8.394,0.04,-0.033,-0.0,2417,0
605014,2.1,4.472,8.44,0.033,-0.026,-0.001,2416,0
605034,2.095,4.444,8.48,0.033,-0.03,-0.003,2416,0
605054,2.085,4.432,8.444,0.038,-0.035,-0.001,2416,0
605074,2.083,4.451,8.428,0.039,-0.035,-0.003,2416,0
605094,2.085,4.415,8.43,0.039,-0.033,-0.006,2416,0
605114,2.126,4.424,8.444,0.036,-0.031,-0.009,2416,0
605134,2.105,4.424,8.48,0.044,-0.035,-0.009,2416,0
605154,2.088,4.472,8.461,0.05,-0.038,-0.009,2416,0
605174,2.069,4.492,8.413,0.05,-0.035,-0.004,2416,0
605194,2.073,4.477,8.425,0.042,-0.032,-0.004,2415,0
605214,2.078,4.436,8.454,0.037,-0.031,-0.006,2416,0
605234,2.083,4.453,8.44,0.041,-0.034,-0.007,2416,0
605254,2.085,4.482,8.42,0.037,-0.033,-0.006,2416,0
605274,2.09,4.472,8.437,0.033,-0.031,-0.002,2414,0
605294,2.109,4.444,8.437,0.034,-0.029,-0.001,2415,0
605314,2.1,4.417,8.48,0.035,-0.032,-0.005,2416,0
605334,2.076,4.413,8.468,0.044,-0.033,-0.009,2416,0
605354,2.078,4.453,8.423,0.044,-0.031,-0.006,2415,0
605374,2.073,4.501,8.423,0.038,-0.03,-0.004,2415,0
605394,2.083,4.482,8.418,0.031,-0.03,-0.001,2415,0
605414,2.085,4.424,8.492,0.041,-0.035,-0.002,2416,0
605434,2.097,4.436,8.432,0.035,-0.031,-0.002,2416,0
605454,2.102,4.446,8.442,0.034,-0.032,-0.003,2416,0
605474,2.088,4.408,8.464,0.035,-0.027,-0.003,2415,0
605494,2.078,4.403,8.478,0.041,-0.029,-0.006,2416,0
605514,2.073,4.448,8.504,0.045,-0.032,-0.006,2416,0
605534,2.057,4.48,8.507,0.05,-0.042,-0.004,2415,0
605554,2.069,4.472,8.449,0.048,-0.047,-0.003,2416,0
605574,2.066,4.456,8.392,0.039,-0.045,-0.005,2416,0
605594,2.102,4.422,8.329,0.03,-0.034,-0.008,2416,0
605614,2.121,4.439,8.392,0.037,-0.022,-0.009,2416,0
605634,2.105,4.482,8.428,0.036,-0.017,-0.009,2415,0
605654,2.095,4.508,8.483,0.031,-0.021,-0.001,2416,0
605674,2.061,4.482,8.487,0.036,-0.027,0.005,2416,0
605694,2.069,4.427,8.509,0.035,-0.03,0.004,2415,0
605714,2.081,4.367,8.473,0.039,-0.035,0.002,2416,0
605734,2.128,4.307,8.456,0.044,-0.04,-0.008,2416,0
605754,2.088,4.436,8.43,0.057,-0.034,-0.012,2416,0
605774,2.081,4.487,8.406,0.043,-0.034,-0.01,2416,0
605794,2.095,4.508,8.442,0.042,-0.028,-0.007,2416,0
605814,2.069,4.537,8.449,0.041,-0.032,-0.0,2416,0
605834,2.059,4.499,8.425,0.032,-0.038,0.005,2415,0
605854,2.112,4.448,8.406,0.031,-0.034,0.003,2416,0
605874,2.097,4.398,8.406,0.028,-0.03,0.001,2416,0
605894,2.102,4.345,8.461,0.033,-0.026,-0.004,2416,0
605914,2.097,4.389,8.516,0.041,-0.031,-0.01,2415,0
605934,2.069,4.434,8.471,0.045,-0.035,-0.012,2416,0
605954,2.071,4.465,8.468,0.051,-0.037,-0.011,2416,0
605974,2.076,4.492,8.432,0.046,-0.037,-0.009,2416,0
605994,2.09,4.489,8.428,0.038,-0.038,-0.005,2416,0
606014,2.09,4.47,8.392,0.037,-0.033,-0.003,2416,0
606034,2.078,4.472,8.413,0.031,-0.024,-0.001,2416,0
606054,2.073,4.465,8.44,0.026,-0.022,0.003,2416,0
606074,2.088,4.436,8.499,0.023,-0.025,0.001,2416,0
606094,2.09,4.424,8.497,0.029,-0.025,-0.002,2416,0
606114,2.083,4.41,8.485,0.029,-0.034,-0.004,2416,0
606134,2.09,4.417,8.48,0.039,-0.038,-0.002,2416,0
606154,2.09,4.424,8.459,0.041,-0.034,-0.004,2415,0
606174,2.09,4.427,8.442,0.042,-0.033,-0.006,2416,0
606194,2.073,4.429,8.473,0.041,-0.03,-0.009,2415,0
606214,2.069,4.456,8.454,0.041,-0.03,-0.009,2416,0
606234,2.081,4.444,8.473,0.039,-0.034,-0.003,2416,0
606254,2.085,4.441,8.473,0.044,-0.038,-0.002,2416,0
606274,2.093,4.42,8.454,0.043,-0.037,-0.007,2416,0
606294,2.076,4.458,8.432,0.044,-0.037,-0.007,2416,0
606314,2.078,4.494,8.466,0.04,-0.034,-0.005,2416,0
606334,2.069,4.477,8.468,0.041,-0.036,0.001,2417,0
606354,2.088,4.432,8.456,0.039,-0.038,0.0,2416,0
606374,2.088,4.415,8.408,0.032,-0.036,-0.006,2401,0
606394,2.126,4.415,8.42,0.033,-0.033,-0.005,2415,0
606414,2.116,4.434,8.456,0.038,-0.03,-0.006,2416,0
606434,2.116,4.432,8.471,0.041,-0.027,-0.003,2415,0
606454,2.09,4.427,8.504,0.041,-0.035,-0.005,2416,0
606474,2.078,4.41,8.473,0.043,-0.043,-0.005,2415,0
606494,2.064,4.446,8.432,0.049,-0.041,-0.006,2416,0
606514,2.071,4.465,8.375,0.042,-0.035,-0.005,2413,0
606534,2.1,4.475,8.42,0.037,-0.031,-0.002,2416,0
606554,2.105,4.458,8.447,0.035,-0.031,-0.003,2415,0
606574,2.093,4.448,8.48,0.034,-0.032,-0.003,2415,0
606594,2.078,4.432,8.461,0.041,-0.034,-0.003,2415,0
606614,2.076,4.448,8.418,0.035,-0.033,-0.002,2415,0
606634,2.097,4.427,8.447,0.031,-0.032,-0.002,2415,0
606654,2.121,4.417,8.478,0.031,-0.034,-0.005,2416,0
606674,2.105,4.405,8.459,0.042,-0.035,-0.005,2415,0
606694,2.1,4.441,8.449,0.042,-0.034,-0.005,2416,0
606714,2.095,4.463,8.43,0.039,-0.031,-0.003,2415,0
606734,2.09,4.432,8.459,0.037,-0.029,-0.001,2412,0
606754,2.088,4.42,8.471,0.038,-0.03,-0.003,2415,0
606774,2.095,4.434,8.495,0.039,-0.034,-0.006,2416,0
606794,2.076,4.427,8.475,0.038,-0.037,-0.005,2415,0
606814,2.081,4.463,8.435,0.042,-0.037,-0.004,2415,0
606834,2.095,4.458,8.411,0.035,-0.033,-0.003,2415,0
606854,2.1,4.432,8.473,0.033,-0.034,-0.001,2415,0
606874,2.085,4.41,8.444,0.033,-0.031,-0.003,2415,0
606894,2.107,4.429,8.442,0.037,-0.033,-0.005,2415,0
606914,2.093,4.439,8.456,0.037,-0.032,-0.005,2414,0
606934,2.09,4.436,8.495,0.036,-0.033,-0.002,2415,0
606954,2.09,4.42,8.478,0.035,-0.034,-0.002,2413,0
606974,2.107,4.422,8.483,0.036,-0.035,-0.005,2416,0
606994,2.107,4.417,8.466,0.039,-0.035,-0.004,2415,0
607014,2.095,4.427,8.452,0.044,-0.035,-0.002,2416,0
607034,2.116,4.432,8.432,0.04,-0.032,-0.002,2415,0
607054,2.097,4.413,8.466,0.036,-0.029,-0.004,2415,0
607074,2.107,4.41,8.466,0.042,-0.033,-0.005,2415,0
607094,2.102,4.436,8.471,0.042,-0.035,-0.003,2415,0
607114,2.071,4.453,8.461,0.042,-0.034,-0.002,2415,0
607134,2.105,4.446,8.461,0.038,-0.035,-0.001,2415,0
607154,2.121,4.401,8.461,0.036,-0.039,-0.006,2416,0
607174,2.128,4.393,8.42,0.039,-0.037,-0.007,2414,0
607194,2.119,4.41,8.43,0.047,-0.03,-0.008,2393,0
607214,2.107,4.48,8.418,0.052,-0.028,-0.004,2416,0
607234,2.093,4.508,8.471,0.042,-0.031,-0.0,2415,0
607254,2.085,4.448,8.447,0.037,-0.037,-0.001,2414,0
607274,2.093,4.415,8.423,0.033,-0.035,-0.002,2415,0
607294,2.121,4.415,8.396,0.032,-0.03,-0.001,2415,0
607314,2.097,4.393,8.432,0.04,-0.027,-0.003,2415,0
607334,2.088,4.432,8.459,0.037,-0.028,-0.005,2415,0
607354,2.107,4.417,8.466,0.032,-0.025,-0.007,2415,0
607374,2.116,4.42,8.516,0.033,-0.029,-0.01,2415,0
607394,2.1,4.434,8.49,0.046,-0.038,-0.006,2414,0
607414,2.083,4.453,8.432,0.043,-0.04,-0.003,2415,0
607434,2.105,4.444,8.456,0.039,-0.034,-0.002,2414,0
607454,2.1,4.413,8.435,0.039,-0.032,-0.004,2414,0
607474,2.097,4.401,8.411,0.038,-0.033,-0.004,2413,0
607494,2.116,4.422,8.404,0.037,-0.031,-0.006,2415,0
607514,2.107,4.427,8.444,0.039,-0.026,-0.006,2409,0
607534,2.114,4.468,8.483,0.039,-0.027,-0.004,2415,0
607554,2.09,4.439,8.492,0.038,-0.035,-0.003,2414,0
607574,2.102,4.415,8.475,0.041,-0.04,-0.006,2415,0
607594,2.102,4.422,8.435,0.043,-0.037,-0.006,2415,0
607614,2.126,4.448,8.408,0.041,-0.036,-0.007,2414,0
607634,2.102,4.413,8.461,0.043,-0.031,-0.006,2415,0
607654,2.112,4.422,8.478,0.042,-0.034,-0.006,2415,0
607674,2.112,4.429,8.452,0.043,-0.035,-0.005,2415,0
607694,2.081,4.446,8.447,0.045,-0.035,-0.005,2415,0
607714,2.097,4.465,8.43,0.042,-0.031,-0.002,2415,0
607734,2.109,4.453,8.447,0.037,-0.032,-0.001,2415,0
607754,2.097,4.403,8.478,0.035,-0.033,-0.003,2415,0
607774,2.136,4.396,8.452,0.038,-0.034,-0.005,2416,0
607794,2.121,4.41,8.444,0.041,-0.033,-0.005,2415,0
607814,2.114,4.429,8.456,0.045,-0.034,-0.004,2415,0
607834,2.083,4.439,8.456,0.044,-0.029,-0.004,2414,0
607854,2.088,4.446,8.442,0.041,-0.03,-0.004,2414,0
607874,2.1,4.451,8.475,0.035,-0.031,-0.003,2414,0
607894,2.083,4.441,8.485,0.037,-0.037,-0.005,2414,0
607914,2.059,4.429,8.454,0.039,-0.041,-0.006,2414,0
607934,2.095,4.417,8.396,0.039,-0.038,-0.007,2415,0
607954,2.128,4.432,8.368,0.038,-0.032,-0.007,2415,0
607974,2.14,4.463,8.418,0.036,-0.025,-0.005,2415,0
607994,2.097,4.436,8.478,0.04,-0.026,-0.005,2414,0
608014,2.066,4.432,8.483,0.034,-0.027,-0.006,2414,0
608034,2.112,4.439,8.495,0.037,-0.033,-0.003,2415,0
608054,2.107,4.451,8.454,0.039,-0.032,-0.002,2415,0
608074,2.102,4.429,8.449,0.037,-0.031,-0.001,2415,0
608094,2.119,4.427,8.475,0.037,-0.033,-0.002,2415,0
608114,2.093,4.405,8.483,0.04,-0.033,-0.008,2413,0
608134,2.095,4.429,8.408,0.041,-0.032,-0.008,2415,0
608154,2.105,4.487,8.435,0.037,-0.028,-0.005,2412,0
608174,2.119,4.475,8.466,0.035,-0.025,0.001,2415,0
608194,2.109,4.41,8.504,0.029,-0.029,0.0,2411,0
608214,2.114,4.372,8.516,0.037,-0.039,-0.002,2414,0
608234,2.085,4.374,8.487,0.047,-0.043,-0.005,2414,0
608254,2.095,4.408,8.408,0.046,-0.033,-0.01,2415,0
608274,2.112,4.441,8.454,0.042,-0.025,-0.009,2414,0
608294,2.102,4.458,8.485,0.047,-0.029,-0.009,2414,0
608314,2.059,4.472,8.495,0.051,-0.04,-0.006,2409,0
608334,2.085,4.444,8.44,0.043,-0.042,-0.002,2414,0
608354,2.105,4.441,8.384,0.042,-0.037,-0.003,2414,0
608374,2.124,4.424,8.432,0.042,-0.035,-0.005,2414,0
608394,2.112,4.429,8.461,0.039,-0.031,-0.005,2415,0
608414,2.116,4.448,8.456,0.041,-0.032,-0.006,2414,0
608434,2.1,4.453,8.461,0.037,-0.032,-0.002,2414,0
608454,2.116,4.444,8.471,0.039,-0.031,-0.002,2415,0
608474,2.114,4.424,8.509,0.044,-0.033,-0.003,2414,0
608494,2.093,4.413,8.452,0.042,-0.04,-0.001,2415,0
608514,2.107,4.405,8.394,0.037,-0.037,-0.005,2415,0
608534,2.112,4.422,8.408,0.038,-0.031,-0.008,2414,0
608554,2.109,4.451,8.416,0.034,-0.027,-0.009,2414,0
608574,2.112,4.441,8.495,0.037,-0.027,-0.005,2414,0
608594,2.095,4.446,8.509,0.041,-0.031,-0.003,2415,0
608614,2.114,4.427,8.49,0.046,-0.04,-0.002,2415,0
608634,2.083,4.417,8.42,0.048,-0.038,-0.003,2414,0
608654,2.097,4.436,8.401,0.043,-0.033,-0.004,2415,0
608674,2.1,4.456,8.423,0.041,-0.031,-0.003,2415,0
608694,2.09,4.463,8.475,0.035,-0.033,-0.004,2415,0
608714,2.081,4.46,8.442,0.038,-0.039,-0.003,2414,0
608734,2.102,4.465,8.401,0.036,-0.037,-0.0,2410,0
608754,2.124,4.458,8.406,0.035,-0.029,0.002,2414,0
608774,2.152,4.393,8.459,0.031,-0.027,0.001,2414,0
608794,2.143,4.367,8.519,0.041,-0.03,-0.001,2414,0
608814,2.105,4.393,8.475,0.047,-0.035,-0.006,2415,0
608834,2.09,4.427,8.428,0.046,-0.034,-0.007,2414,0
608854,2.088,4.468,8.442,0.043,-0.03,-0.008,2414,0
608874,2.097,4.482,8.449,0.04,-0.029,-0.003,2414,0
608894,2.114,4.463,8.447,0.036,-0.035,-0.003,2415,0
608914,2.088,4.436,8.406,0.037,-0.036,-0.002,2414,0
608934,2.116,4.441,8.418,0.036,-0.031,-0.001,2415,0
608954,2.126,4.403,8.464,0.035,-0.028,0.001,2414,0
608974,2.105,4.403,8.509,0.041,-0.031,-0.001,2414,0
608994,2.107,4.401,8.487,0.047,-0.038,-0.008,2414,0
609014,2.097,4.434,8.452,0.05,-0.04,-0.01,2414,0
609034,2.112,4.465,8.42,0.049,-0.038,-0.01,2414,0
609054,2.112,4.472,8.413,0.045,-0.034,-0.006,2415,0
609074,2.088,4.458,8.454,0.044,-0.033,-0.004,2414,0
609094,2.121,4.496,8.452,0.046,-0.033,-0.002,2412,0
609114,2.126,4.475,8.449,0.039,-0.036,-0.001,2414,0
609134,2.105,4.434,8.437,0.035,-0.033,0.001,2414,0
609154,2.105,4.391,8.437,0.03,-0.03,-0.002,2414,0
609174,2.109,4.405,8.473,0.034,-0.031,-0.004,2414,0
609194,2.109,4.415,8.442,0.043,-0.033,-0.008,2414,0
609214,2.097,4.484,8.435,0.04,-0.032,-0.006,2414,0
609234,2.102,4.475,8.435,0.034,-0.027,-0.002,2414,0
609254,2.1,4.429,8.456,0.032,-0.029,-0.001,2414,0
609274,2.105,4.403,8.456,0.04,-0.033,-0.003,2414,0
609294,2.124,4.427,8.454,0.04,-0.035,-0.006,2412,0
609314,2.1,4.436,8.435,0.039,-0.037,-0.005,2414,0
609334,2.102,4.434,8.418,0.037,-0.032,-0.006,2414,0
609354,2.109,4.408,8.437,0.038,-0.032,-0.005,2406,0
609374,2.116,4.413,8.475,0.039,-0.032,-0.007,2414,0
609394,2.119,4.436,8.48,0.048,-0.037,-0.009,2414,0
609414,2.102,4.47,8.466,0.048,-0.037,-0.005,2414,0
609434,2.085,4.453,8.406,0.041,-0.035,-0.005,2415,0
609454,2.116,4.427,8.401,0.042,-0.033,-0.003,2413,0
609474,2.093,4.432,8.454,0.037,-0.031,-0.005,2414,0
609494,2.105,4.432,8.502,0.037,-0.031,-0.004,2415,0
609514,2.109,4.451,8.485,0.043,-0.039,-0.002,2411,0
609534,2.109,4.42,8.42,0.04,-0.042,-0.002,2414,0
609554,2.14,4.427,8.394,0.047,-0.039,-0.002,2414,0
609574,2.16,4.439,8.43,0.043,-0.038,-0.004,2410,0
609594,2.102,4.429,8.428,0.045,-0.038,-0.006,2414,0
609614,2.083,4.468,8.411,0.047,-0.033,-0.006,2415,0
609634,2.097,4.463,8.449,0.041,-0.029,-0.001,2414,0
609654,2.095,4.458,8.478,0.034,-0.028,-0.0,2415,0
609674,2.136,4.434,8.475,0.037,-0.03,-0.003,2414,0
609694,2.124,4.465,8.428,0.037,-0.031,-0.002,2413,0
609714,2.112,4.463,8.399,0.04,-0.033,0.001,2413,0
609734,2.114,4.434,8.437,0.037,-0.024,0.004,2413,0
609754,2.143,4.393,8.499,0.031,-0.026,-0.002,2413,0
609774,2.126,4.374,8.468,0.037,-0.033,-0.001,2414,0
609794,2.116,4.415,8.447,0.049,-0.039,-0.002,2414,0
609814,2.109,4.446,8.435,0.054,-0.038,-0.004,2413,0
609834,2.114,4.451,8.475,0.051,-0.037,-0.006,2414,0
609854,2.093,4.503,8.473,0.049,-0.044,-0.003,2413,0
609874,2.057,4.547,8.552,0.03,-0.048,0.001,2413,0
609894,2.114,4.542,8.514,0.055,-0.062,0.012,2414,0
609914,2.085,4.523,8.471,0.051,-0.068,0.014,2413,0
609934,2.143,4.422,8.442,0.05,-0.074,0.019,2413,0
609954,2.157,4.401,8.42,0.043,-0.064,0.006,2414,0
609974,2.181,4.31,8.325,0.046,-0.058,-0.002,2414,0
609994,2.215,4.374,8.26,0.049,-0.046,-0.005,2415,0
610014,2.198,4.405,8.313,0.045,-0.033,-0.009,2414,0
610034,2.15,4.472,8.375,0.051,-0.025,-0.01,2413,0
610054,2.128,4.506,8.459,0.036,-0.02,-0.006,2413,0
610074,2.128,4.52,8.464,0.039,-0.029,-0.002,2414,0
610094,2.145,4.515,8.435,0.034,-0.042,-0.003,2414,0
610114,2.176,4.429,8.452,0.035,-0.05,-0.002,2413,0
610134,2.167,4.355,8.423,0.05,-0.036,-0.002,2411,0
610154,2.155,4.415,8.408,0.049,-0.031,-0.008,2413,0
610174,2.186,4.42,8.495,0.048,-0.038,-0.01,2413,0
610194,2.222,4.386,8.653,0.107,-0.003,-0.025,2415,0
610214,2.222,4.144,8.54,0.277,-0.063,-0.045,2430,0
610234,2.066,4.264,8.861,0.458,-0.319,-0.106,2495,0
610254,2.219,4.494,9.701,0.435,-0.565,-0.127,2613,0
610274,2.43,4.566,8.808,0.315,-0.714,0.013,2741,0
610294,2.715,5.332,8.083,0.462,-0.717,0.152,2830,0
610314,2.629,5.164,8.277,0.319,-0.711,0.236,3204,0
610334,2.792,4.748,8.428,0.271,-0.856,0.273,2979,0
610354,3.481,4.999,7.199,0.543,-0.743,0.274,3697,0
610374,3.194,6.002,6.582,0.613,-0.554,0.186,3087,0
610394,3.072,6.191,7.166,0.287,-0.407,0.282,3129,0
610414,2.804,5.239,7.81,0.252,-0.388,0.416,3182,0
610434,3.352,5.231,7.422,0.542,-0.262,0.444,3210,0
610454,2.88,5.042,7.362,0.516,-0.122,0.628,3242,0
610474,3.725,4.645,8.068,0.524,-0.061,0.491,3275,0
610494,3.807,4.721,7.934,0.71,0.03,0.503,3293,0
610514,3.077,4.563,7.219,0.58,0.046,0.587,3318,54
610534,4.075,4.781,7.374,0.776,0.26,0.29,3327,3064
610554,3.699,5.351,7.13,0.818,0.478,0.153,3322,3567
610574,3.357,5.212,6.943,0.616,0.452,0.035,3312,3689
610594,3.256,5.772,6.888,0.384,0.526,-0.069,3300,3975
610614,3.247,5.669,7.046,0.165,0.359,0.161,3291,4095
610634,2.837,5.229,7.599,0.229,0.324,0.159,3284,4095
610654,3.079,5.737,7.855,0.286,0.248,0.144,3277,4095
610674,3.486,5.768,7.827,0.12,0.032,0.181,3231,4095
610694,2.95,5.124,7.731,0.038,-0.015,0.048,3260,4095
610714,2.902,5.224,7.527,0.103,-0.033,-0.023,3252,4095
610734,3.22,5.99,7.262,-0.004,-0.092,0.078,3249,4095
610754,3.244,5.404,7.202,-0.111,-0.192,0.135,3246,4095
610774,3.132,4.693,7.075,-0.002,-0.134,-0.002,3196,4095
610794,3.361,5.148,7.049,0.087,0.007,-0.108,3240,4095
610814,3.548,6.153,7.219,0.065,0.009,-0.076,3235,4095
610834,3.194,5.847,7.319,-0.05,-0.079,-0.025,3246,4095
610854,3.268,5.655,7.353,-0.06,-0.086,-0.021,3241,4095
610874,3.134,5.538,7.333,-0.087,-0.126,0.008,3236,4095
610894,3.354,5.284,7.149,-0.101,-0.136,-0.013,3232,4095
610914,3.254,5.236,7.017,-0.168,-0.085,-0.08,3232,4095
610934,2.99,5.205,7.156,-0.313,-0.158,-0.123,3229,4095
610954,2.959,5.09,7.333,-0.542,-0.315,-0.135,3227,4095
610974,3.098,5.15,7.63,-0.786,-0.48,-0.1,3229,4095
610994,3.44,4.685,7.977,-0.933,-0.58,-0.118,3230,3780
611014,3.879,3.831,7.599,-0.835,-0.445,-0.359,3216,3146
611034,4.343,4.077,6.876,-0.567,0.155,-0.638,3181,870
611054,3.012,4.408,6.299,-0.762,0.757,-0.73,3124,0
611074,2.614,4.271,7.245,-0.57,1.015,-0.949,3036,0
611094,2.887,5.835,7.585,-0.438,0.933,-1.027,2889,0
611114,2.646,5.789,6.981,-0.557,1.127,-0.84,4095,0
611134,2.825,5.583,8.332,-0.54,1.165,-0.476,2549,0
611154,1.856,4.982,9.239,-0.499,0.89,-0.315,2489,0
611174,1.721,4.082,9.486,-0.432,0.695,-0.348,2426,0
611194,1.65,4.099,9.634,-0.2,0.462,-0.366,2406,0
611214,1.489,5.224,9.117,0.066,0.262,-0.325,2376,0
611234,1.42,5.734,9.431,0.007,0.123,-0.205,2368,0
611254,1.379,5.265,9.261,-0.102,-0.029,-0.073,2364,0
611274,1.367,4.987,9.067,0.009,-0.095,0.005,2356,0
611294,1.518,4.946,8.712,-0.036,-0.164,0.02,2352,0
611314,1.662,4.334,8.672,-0.086,-0.218,0.055,2351,0
611334,1.788,3.984,8.48,0.03,-0.226,0.059,2335,0
611354,1.829,4.19,8.574,0.037,-0.229,0.018,2300,0
611374,1.635,4.429,8.437,0.078,-0.093,-0.015,2330,0
611394,1.437,3.91,7.898,0.079,-0.127,-0.073,2328,0
611414,2.655,4.719,8.677,0.182,-0.041,-0.035,2324,0
611434,0.898,4.793,8.32,0.101,-0.015,-0.021,2322,0
611454,2.294,4.764,8.483,0.094,-0.132,-0.042,2322,0
611474,1.448,5.025,8.818,-0.029,-0.041,0.068,2321,0
611494,1.851,4.207,7.961,0.048,-0.102,-0.005,2320,0
611514,2.109,4.764,8.665,0.031,0.036,0.046,2321,0
611534,1.14,4.022,7.798,0.042,-0.056,-0.015,2320,0
611554,2.653,4.779,8.993,0.012,-0.003,0.034,2320,0
611574,0.912,4.008,8.262,-0.017,-0.022,-0.01,2317,0
611594,2.746,4.788,8.947,0.148,-0.019,-0.008,2320,0
611614,0.759,4.535,8.286,-0.01,-0.028,0.0,2321,0
611634,2.612,4.599,8.662,0.067,-0.102,-0.005,2319,0
611654,0.967,4.511,8.509,-0.031,-0.051,-0.001,2321,0
611674,2.409,4.238,8.547,0.003,-0.16,-0.088,2322,0
611694,1.283,4.465,8.768,-0.046,-0.085,0.034,2329,0
611714,2.406,4.065,8.284,0.246,-0.07,-0.099,2339,0
611734,1.288,4.587,8.25,0.094,0.005,-0.114,2352,0
611754,2.449,4.741,8.246,0.114,-0.06,-0.096,2362,0
611774,1.097,4.788,8.423,-0.042,-0.003,0.011,2368,0
611794,2.435,4.444,8.538,0.08,-0.063,-0.042,2372,0
611814,1.176,5.025,8.578,0.005,0.001,0.024,2374,0
611834,1.76,4.611,8.291,-0.03,-0.103,0.016,2384,0
611854,1.798,4.468,8.447,-0.038,-0.064,0.036,2384,0
611874,1.908,4.326,8.473,-0.016,-0.047,0.012,2384,0
611894,1.863,4.286,8.404,0.033,-0.025,0.003,2384,0
611914,1.827,4.42,8.396,0.039,-0.018,-0.004,2384,0
611934,1.846,4.503,8.473,0.021,-0.016,-0.009,2384,0
611954,1.82,4.551,8.531,0.048,-0.013,-0.009,2386,0
611974,1.76,4.683,8.543,0.049,-0.023,-0.005,2386,0
611994,1.769,4.621,8.528,0.024,-0.045,0.005,2385,0
612014,1.817,4.535,8.456,0.026,-0.047,0.015,2386,0
612034,1.836,4.501,8.399,0.021,-0.036,0.014,2386,0
612054,1.851,4.446,8.425,0.012,-0.03,0.01,2388,0
612074,1.856,4.401,8.516,0.015,-0.026,0.005,2389,0
612094,1.846,4.422,8.528,0.031,-0.025,-0.006,2389,0
612114,1.817,4.484,8.514,0.05,-0.023,-0.011,2390,0
612134,1.796,4.518,8.499,0.053,-0.013,-0.009,2393,0
