2386440,7.096,1.602,6.524,0.047,-0.023,-0.033,2556,0
2386460,7.113,1.683,6.491,0.056,-0.03,-0.026,2554,0
2386480,7.185,1.681,6.457,0.038,-0.032,-0.011,2555,0
2386500,7.214,1.621,6.548,0.03,-0.021,-0.011,2555,0
2386520,7.211,1.657,6.601,0.047,-0.024,-0.015,2554,0
2386540,7.221,1.678,6.625,0.055,-0.033,-0.011,2555,0
2386560,7.209,1.633,6.567,0.058,-0.051,-0.003,2556,0
2386580,7.254,1.583,6.551,0.052,-0.057,0.004,2555,0
2386600,7.242,1.53,6.539,0.045,-0.05,0.014,2555,0
2386620,7.204,1.506,6.507,0.058,-0.06,0.015,2555,0
2386640,7.219,1.513,6.464,0.049,-0.062,0.017,2556,0
2386660,7.254,1.47,6.491,0.019,-0.058,0.01,2555,0
2386680,7.192,1.451,6.61,0.028,-0.049,-0.004,2556,0
2386700,7.135,1.58,6.548,0.062,-0.062,-0.011,2554,0
2386720,7.173,1.635,6.416,0.05,-0.069,-0.001,2555,0
2386740,7.247,1.595,6.373,0.037,-0.044,0.013,2556,0
2386760,7.204,1.559,6.419,0.028,-0.031,0.014,2557,0
2386780,7.226,1.523,6.433,0.037,-0.038,0.015,2556,0
2386800,7.223,1.544,6.426,0.037,-0.047,0.021,2555,0
2386820,7.178,1.537,6.476,0.04,-0.034,0.019,2556,0
2386840,7.151,1.554,6.503,0.052,-0.043,0.012,2557,0
2386860,7.096,1.59,6.457,0.052,-0.059,0.007,2556,0
2386880,7.099,1.563,6.409,0.049,-0.071,0.005,2556,0
2386900,7.111,1.607,6.373,0.07,-0.057,0.002,2555,0
2386940,7.144,1.571,6.376,0.065,-0.02,0.007,2557,0
2386949,7.151,1.549,6.404,0.059,-0.016,0.004,2556,0
2386960,7.128,1.501,6.426,0.06,-0.021,0.001,2557,0
2386980,7.154,1.47,6.512,0.064,-0.026,-0.003,2556,0
2387000,7.18,1.434,6.51,0.068,-0.017,-0.003,2557,0
2387020,7.163,1.499,6.524,0.059,-0.016,-0.006,2556,0
2387040,7.175,1.513,6.495,0.046,-0.033,-0.009,2557,0
2387060,7.233,1.496,6.46,0.044,-0.027,-0.025,2557,0
2387080,7.247,1.535,6.505,0.051,-0.017,-0.027,2556,0
2387100,7.192,1.618,6.574,0.06,-0.015,-0.019,2555,0
2387120,7.178,1.678,6.558,0.05,-0.028,-0.007,2556,0
2387140,7.185,1.585,6.512,0.035,-0.037,0.0,2556,0
2387160,7.209,1.477,6.455,0.031,-0.044,-0.005,2555,0
2387180,7.274,1.427,6.381,0.036,-0.026,-0.01,2556,0
2387200,7.192,1.458,6.445,0.037,-0.002,-0.012,2556,0
2387220,7.13,1.547,6.536,0.034,-0.015,-0.006,2556,0
2387240,7.195,1.559,6.515,0.033,-0.028,-0.013,2555,0
2387260,7.178,1.616,6.529,0.041,-0.018,-0.02,2556,0
2387280,7.154,1.65,6.541,0.045,-0.029,-0.017,2555,0
2387300,7.197,1.628,6.495,0.05,-0.032,-0.01,2556,0
2387320,7.242,1.626,6.469,0.059,-0.022,-0.004,2556,0
2387340,7.216,1.635,6.436,0.057,-0.013,0.004,2556,0
2387360,7.171,1.599,6.527,0.046,-0.02,0.012,2555,0
2387380,7.209,1.508,6.574,0.043,-0.039,0.005,2554,0
2387400,7.24,1.504,6.541,0.083,-0.035,-0.024,2556,0
2387420,7.171,1.573,6.519,0.083,-0.033,-0.018,2554,0
2387440,7.14,1.532,6.551,0.085,-0.029,-0.017,2554,0
2387460,7.132,1.52,6.589,0.157,-0.026,-0.065,2555,0
2387480,7.123,1.573,6.503,0.232,-0.033,-0.1,2555,0
2387500,7.061,1.846,6.409,0.255,-0.023,-0.107,2555,0
2387520,7.017,1.992,6.376,0.161,-0.021,-0.055,2556,0
2387540,7.008,1.887,6.416,0.028,-0.036,0.01,2555,0
2387560,7.137,1.597,6.412,0.002,-0.054,0.009,2554,0
2387580,7.171,1.59,6.385,0.059,-0.033,-0.022,2556,0
2387600,7.106,1.724,6.431,0.058,-0.005,-0.022,2556,0
2387620,7.12,1.724,6.519,0.027,-0.014,-0.015,2556,0
2387640,7.159,1.712,6.565,0.027,-0.028,-0.021,2555,0
2387660,7.142,1.748,6.524,0.037,-0.029,-0.023,2556,0
2387680,7.187,1.791,6.452,0.041,-0.026,-0.017,2556,0
2387700,7.168,1.753,6.495,0.03,-0.013,-0.006,2556,0
2387720,7.18,1.674,6.503,0.024,-0.027,-0.003,2554,0
2387740,7.192,1.633,6.428,0.03,-0.03,-0.004,2555,0
2387760,7.185,1.707,6.5,0.018,-0.021,0.001,2554,0
2387780,7.168,1.712,6.594,0.023,-0.026,-0.001,2555,0
2387800,7.137,1.779,6.565,0.047,-0.031,-0.02,2555,0
2387820,7.132,1.853,6.474,0.055,-0.044,-0.02,2556,0
2387840,7.171,1.851,6.412,0.047,-0.038,-0.002,2555,0
2387860,7.168,1.812,6.464,0.036,-0.023,0.006,2554,0
2387880,7.195,1.717,6.507,0.041,-0.02,0.001,2555,0
2387900,7.185,1.729,6.541,0.058,-0.019,0.002,2556,0
2387920,7.163,1.757,6.536,0.039,-0.033,0.011,2556,0
2387940,7.166,1.681,6.555,0.028,-0.043,0.016,2553,0
2387960,7.137,1.693,6.572,0.037,-0.039,0.012,2556,0
2387980,7.099,1.642,6.577,0.027,-0.048,0.004,2555,0
2388000,7.108,1.633,6.512,0.016,-0.062,-0.003,2555,0
2388020,7.094,1.635,6.455,0.024,-0.057,-0.01,2554,0
2388040,7.08,1.702,6.431,0.037,-0.044,-0.015,2557,0
2388060,7.082,1.755,6.412,0.038,-0.029,-0.014,2556,0
2388080,7.065,1.762,6.44,0.034,-0.013,-0.006,2556,0
2388100,7.08,1.753,6.522,0.029,-0.009,0.002,2556,0
2388120,7.132,1.683,6.519,0.016,-0.031,0.005,2556,0
2388140,7.166,1.578,6.467,0.02,-0.027,-0.006,2556,0
2388160,7.175,1.616,6.472,0.041,-0.021,-0.02,2555,0
2388180,7.156,1.729,6.438,0.046,-0.011,-0.024,2556,0
2388200,7.137,1.812,6.46,0.033,-0.01,-0.019,2557,0
2388220,7.142,1.779,6.46,0.029,-0.021,-0.018,2556,0
2388240,7.163,1.767,6.462,0.038,-0.018,-0.016,2556,0
2388260,7.149,1.779,6.474,0.043,-0.016,-0.007,2558,0
2388280,7.154,1.757,6.503,0.055,-0.016,-0.005,2556,0
2388300,7.154,1.798,6.452,0.062,-0.015,-0.003,2554,0
2388320,7.116,1.805,6.424,0.051,-0.008,0.004,2555,0
2388340,7.108,1.719,6.431,0.036,-0.01,0.006,2557,0
2388360,7.123,1.69,6.519,0.039,-0.006,-0.002,2556,0
2388380,7.12,1.714,6.565,0.06,-0.005,-0.009,2557,0
2388400,7.156,1.765,6.639,0.074,-0.003,-0.01,2556,0
2388420,7.161,1.805,6.618,0.069,-0.007,-0.009,2556,0
2388440,7.173,1.798,6.625,0.061,-0.019,-0.002,2555,0
2388460,7.147,1.772,6.594,0.041,-0.028,0.006,2556,0
2388480,7.159,1.642,6.577,0.043,-0.042,0.007,2556,0
2388500,7.156,1.563,6.563,0.066,-0.029,0.001,2555,0
2388520,7.108,1.709,6.534,0.08,-0.018,-0.009,2556,0
2388540,7.065,1.697,6.555,0.058,-0.03,-0.005,2556,0
2388560,7.104,1.721,6.551,0.028,-0.047,0.003,2556,0
2388580,7.149,1.676,6.558,0.025,-0.042,0.005,2556,0
2388612,7.149,1.812,6.519,0.044,-0.022,-0.002,2556,0
2388622,7.111,1.817,6.548,0.038,-0.021,-0.001,2556,0
2388640,7.104,1.822,6.598,0.028,-0.032,0.005,2557,0
2388660,7.125,1.769,6.62,0.039,-0.047,0.005,2557,0
2388680,7.094,1.736,6.615,0.056,-0.043,0.005,2556,0
2388816,7.072,1.743,6.527,0.046,-0.074,-0.003,2557,0
2388835,7.082,1.769,6.424,0.043,-0.069,0.008,2558,0
2388855,7.082,1.654,6.376,0.04,-0.05,0.015,2557,0
2388875,7.049,1.669,6.371,0.057,-0.031,0.018,2557,0
2388895,7.027,1.757,6.388,0.051,-0.035,0.026,2557,0
2388915,7.104,1.717,6.335,0.042,-0.047,0.022,2556,0
2388935,7.113,1.695,6.318,0.033,-0.023,0.015,2558,0
2388955,7.108,1.635,6.4,0.048,-0.028,-0.005,2557,0
2388975,7.18,1.7,6.335,0.066,-0.019,-0.02,2557,0
2388995,7.156,1.817,6.426,0.071,0.006,-0.014,2557,0
2389015,7.135,1.829,6.51,0.051,-0.012,0.002,2556,0
2389035,7.187,1.745,6.558,0.049,-0.035,0.003,2557,0
2389055,7.242,1.697,6.551,0.069,-0.041,-0.009,2556,0
2389075,7.209,1.743,6.488,0.089,-0.027,-0.01,2556,0
2389095,7.144,1.836,6.457,0.099,-0.02,-0.006,2557,0
2389115,7.096,1.882,6.51,0.09,-0.006,0.011,2556,0
2389135,7.094,1.798,6.586,0.074,-0.025,0.026,2557,0
2389155,7.178,1.702,6.574,0.074,-0.051,0.014,2556,0
2389175,7.151,1.695,6.553,0.087,-0.038,-0.0,2555,0
2389195,7.161,1.753,6.558,0.08,-0.04,0.002,2557,0
2389215,7.187,1.671,6.572,0.065,-0.041,0.005,2557,0
2389235,7.166,1.645,6.563,0.064,-0.039,0.002,2557,0
2389255,7.13,1.638,6.594,0.056,-0.044,-0.005,2557,0
2389275,7.116,1.709,6.577,0.06,-0.043,-0.001,2557,0
2389295,7.118,1.709,6.572,0.047,-0.052,0.001,2557,0
2389315,7.173,1.729,6.548,0.033,-0.05,0.001,2556,0
2389335,7.159,1.75,6.56,0.023,-0.033,0.001,2556,0
2389355,7.104,1.767,6.577,0.035,-0.033,0.003,2557,0
2389521,7.075,1.721,6.505,0.026,-0.061,0.009,2557,0
2389541,7.082,1.686,6.488,0.04,-0.059,0.0,2557,0
2389561,7.082,1.69,6.467,0.051,-0.052,-0.01,2558,0
2389581,7.039,1.683,6.5,0.061,-0.064,-0.024,2558,0
2389601,7.077,1.633,6.467,0.101,-0.097,-0.042,2558,0
2389621,7.175,1.75,6.51,0.098,-0.101,-0.037,2558,0
2389641,7.221,1.786,6.433,0.047,-0.09,-0.007,2558,0
2389661,7.178,1.712,6.433,0.002,-0.07,-0.002,2559,0
2389681,7.156,1.642,6.316,-0.01,-0.079,-0.019,2559,0
2389701,7.163,1.693,6.294,-0.009,-0.063,-0.031,2559,0
2389721,7.156,1.776,6.299,0.001,-0.044,-0.031,2559,0
2389741,7.199,1.858,6.359,0.013,-0.047,-0.027,2559,0
2389761,7.233,1.927,6.318,0.014,-0.032,-0.015,2559,0
2389781,7.221,1.8,6.309,0.009,-0.015,0.003,2559,0
2389801,7.259,1.683,6.376,0.007,-0.009,0.013,2559,0
2389821,7.283,1.599,6.424,0.017,-0.008,0.007,2559,0
2389841,7.278,1.638,6.448,0.036,-0.01,-0.0,2559,0
2389861,7.266,1.65,6.448,0.028,-0.019,-0.004,2559,0
2389881,7.221,1.731,6.479,0.037,-0.03,-0.013,2559,0
2389901,7.204,1.8,6.488,0.051,-0.059,-0.015,2559,0
2389921,7.195,1.935,6.347,0.062,-0.069,-0.006,2559,0
2389941,7.151,1.923,6.328,0.061,-0.05,0.015,2559,0
2389961,7.154,1.858,6.333,0.066,-0.024,0.028,2559,0
2389981,7.147,1.798,6.378,0.07,-0.007,0.034,2559,0
2390001,7.118,1.724,6.39,0.065,-0.015,0.037,2559,0
2390021,7.111,1.614,6.345,0.071,-0.026,0.037,2559,0
2390041,7.092,1.602,6.337,0.077,-0.005,0.033,2559,0
2390061,7.053,1.599,6.388,0.063,0.011,0.023,2559,0
2390081,7.094,1.571,6.445,0.064,0.01,0.001,2559,0
2390101,7.111,1.602,6.467,0.076,0.008,-0.025,2559,0
2390121,7.144,1.676,6.531,0.073,0.005,-0.035,2559,0
2390141,7.178,1.712,6.591,0.06,0.012,-0.031,2559,0
2390161,7.173,1.765,6.603,0.06,0.014,-0.023,2559,0
2390181,7.195,1.781,6.582,0.048,-0.01,-0.017,2559,0
2390201,7.274,1.702,6.589,0.028,-0.017,-0.01,2559,0
2390221,7.295,1.654,6.658,0.037,-0.011,-0.01,2559,0
2390241,7.271,1.678,6.668,0.054,-0.027,-0.011,2559,0
2390261,7.19,1.726,6.663,0.044,-0.042,-0.004,2559,0
2390281,7.161,1.623,6.653,0.026,-0.067,-0.007,2559,0
2390301,7.214,1.585,6.56,0.037,-0.075,-0.018,2557,0
2390321,7.175,1.676,6.488,0.051,-0.062,-0.025,2559,0
2390341,7.094,1.784,6.51,0.039,-0.071,-0.021,2559,0
2390361,7.118,1.808,6.474,0.029,-0.078,-0.007,2559,0
2390381,7.096,1.788,6.46,0.028,-0.066,-0.0,2559,0
2390401,7.08,1.753,6.419,0.032,-0.072,0.004,2559,0
2390421,7.104,1.731,6.347,0.036,-0.07,0.004,2559,0
2390441,7.12,1.76,6.354,0.041,-0.046,0.0,2559,0
2390461,7.077,1.803,6.445,0.04,-0.034,-0.003,2559,0
2390481,7.077,1.817,6.495,0.039,-0.052,-0.008,2559,0
2390501,7.137,1.793,6.543,0.055,-0.073,-0.016,2559,0
2390521,7.144,1.757,6.503,0.057,-0.071,-0.016,2558,0
2390541,7.168,1.676,6.476,0.054,-0.07,-0.015,2559,0
2390561,7.171,1.657,6.443,0.051,-0.071,-0.025,2559,0
2390581,7.14,1.669,6.412,0.025,-0.08,-0.03,2559,0
2390601,7.156,1.604,6.527,0.005,-0.073,-0.037,2559,0
2390621,7.144,1.573,6.558,0.009,-0.074,-0.049,2558,0
2390641,7.13,1.571,6.431,0.027,-0.078,-0.059,2559,0
2390661,7.142,1.786,6.199,0.042,-0.066,-0.058,2559,0
2390681,7.221,1.853,6.189,0.007,-0.042,-0.032,2559,0
2390701,7.262,1.755,6.136,-0.027,-0.015,-0.028,2559,0
2390721,7.25,1.729,6.218,-0.005,-0.003,-0.049,2559,0
2390741,7.207,1.884,6.263,0.024,0.006,-0.051,2559,0
2390761,7.216,1.999,6.299,0.019,0.023,-0.033,2559,0
2390781,7.226,1.98,6.397,0.012,0.013,-0.027,2559,0
2390801,7.226,1.963,6.457,0.025,0.006,-0.036,2559,0
2390821,7.156,2.018,6.495,0.034,0.009,-0.028,2559,0
2390841,7.101,1.982,6.563,0.033,0.001,-0.006,2559,0
2390861,7.149,1.812,6.472,0.046,-0.007,0.002,2559,0
2390881,7.197,1.741,6.424,0.033,0.028,0.002,2559,0
2390901,7.159,1.616,6.488,-0.01,0.046,0.003,2559,0
2390921,7.151,1.475,6.694,-0.009,0.053,-0.005,2559,0
2390941,7.187,1.516,6.852,0.003,0.052,-0.009,2559,0
2390961,7.192,1.518,6.981,-0.022,0.033,-0.008,2558,0
2390981,7.187,1.372,6.986,-0.062,-0.002,-0.017,2559,0
2391001,7.214,1.223,6.998,-0.086,-0.035,-0.034,2559,0
2391021,7.245,1.156,6.962,-0.097,-0.052,-0.052,2559,0
2391041,7.199,1.147,6.929,-0.107,-0.09,-0.075,2559,0
2391061,7.156,1.255,6.706,-0.098,-0.133,-0.104,2559,0
2391081,7.154,1.494,6.409,-0.094,-0.136,-0.125,2559,0
2391101,7.137,1.693,6.246,-0.11,-0.116,-0.111,2559,0
2391121,7.099,1.743,6.158,-0.139,-0.08,-0.095,2559,0
2391141,7.015,1.812,6.189,-0.112,-0.07,-0.096,2559,0
2391161,6.993,1.946,6.122,-0.071,-0.063,-0.088,2559,0
2391181,7.008,2.054,6.124,-0.071,-0.048,-0.064,2559,0
2391201,7.044,2.006,6.184,-0.064,-0.041,-0.057,2559,0
2391221,7.087,1.985,6.273,-0.032,-0.021,-0.063,2559,0
2391241,7.07,1.966,6.385,0.003,-0.004,-0.062,2559,0
2391261,7.135,1.908,6.445,0.021,-0.015,-0.045,2559,0
2391281,7.202,1.755,6.551,0.022,-0.015,-0.026,2558,0
2391301,7.163,1.611,6.61,0.031,-0.024,-0.027,2559,0
2391321,7.202,1.571,6.438,0.05,-0.077,-0.038,2559,0
2391341,7.312,1.633,6.194,0.055,-0.085,-0.044,2559,0
2391361,7.341,1.755,6.108,0.055,-0.043,-0.049,2558,0
2391381,7.264,1.899,6.383,0.058,0.004,-0.045,2559,0
2391401,7.154,2.028,6.661,0.05,-0.008,-0.027,2559,0
2391421,7.163,2.028,6.785,0.066,-0.045,-0.028,2559,0
2391441,7.142,2.102,6.754,0.089,-0.064,-0.036,2559,0
2391461,7.137,2.064,6.79,0.068,-0.062,-0.015,2559,0
2391481,7.111,1.851,6.852,0.046,-0.067,0.004,2559,0
2391501,7.156,1.662,6.809,0.064,-0.076,-0.002,2558,0
2391521,7.13,1.616,6.754,0.062,-0.065,0.011,2559,0
2391541,7.161,1.484,6.618,0.01,-0.078,0.033,2559,0
2391561,7.211,1.283,6.56,-0.03,-0.075,0.018,2559,0
2391581,7.175,1.283,6.546,-0.043,-0.05,-0.002,2559,0
2391601,7.125,1.346,6.512,-0.071,-0.051,-0.009,2559,0
2391621,7.171,1.381,6.483,-0.078,-0.054,-0.026,2559,0
2391641,7.118,1.568,6.464,-0.076,-0.026,-0.041,2559,0
2391661,7.013,1.729,6.51,-0.091,-0.026,-0.039,2559,0
2391681,7.077,1.697,6.574,-0.105,-0.043,-0.032,2559,0
2391701,7.128,1.642,6.409,-0.075,-0.044,-0.036,2559,0
2391721,7.108,1.738,6.273,-0.05,-0.038,-0.029,2559,0
2391741,7.07,1.745,6.189,-0.06,-0.044,-0.005,2559,0
2391761,7.192,1.657,6.062,-0.051,-0.039,-0.005,2558,0
2391781,7.137,1.671,5.95,-0.033,-0.01,-0.016,2559,0
2391801,7.195,1.707,5.906,-0.011,0.003,-0.018,2559,0
2391821,7.29,1.793,5.878,0.019,0.025,-0.015,2559,0
2391841,7.374,1.903,6.033,0.047,0.049,-0.011,2559,0
2391861,7.369,1.99,6.309,0.101,0.067,-0.02,2559,0
2391887,7.161,2.315,6.598,0.13,0.02,0.014,2559,0
2392620,6.998,1.358,6.543,-0.055,-0.033,-0.028,2559,0
2392640,7.001,1.326,6.598,-0.068,-0.021,-0.022,2559,0
2392660,7.022,1.223,6.582,-0.06,-0.029,-0.026,2559,0
2392680,7.08,1.24,6.5,-0.042,-0.034,-0.041,2559,0
2392700,7.087,1.346,6.476,-0.049,-0.027,-0.045,2559,0
2392720,7.068,1.372,6.474,-0.071,-0.025,-0.043,2559,0
2392740,7.118,1.353,6.491,-0.064,-0.026,-0.046,2559,0
2392760,7.099,1.453,6.474,-0.034,-0.023,-0.055,2559,0
2392780,7.077,1.621,6.469,-0.014,-0.019,-0.055,2559,0
2392800,7.089,1.633,6.452,0.001,-0.026,-0.04,2559,0
2392820,7.096,1.664,6.46,0.015,-0.026,-0.031,2558,0
2392840,7.056,1.566,6.448,0.021,-0.043,-0.028,2559,0
2392860,7.099,1.544,6.323,0.045,-0.073,-0.034,2559,0
2392880,7.13,1.547,6.282,0.064,-0.071,-0.038,2559,0
2392900,7.125,1.575,6.311,0.088,-0.062,-0.039,2559,0
2392920,7.087,1.65,6.402,0.11,-0.048,-0.051,2559,0
2392940,6.998,1.741,6.371,0.124,-0.058,-0.061,2559,0
2392960,7.044,1.805,6.436,0.143,-0.067,-0.06,2559,0
2392980,7.027,1.793,6.433,0.162,-0.051,-0.049,2559,0
2393000,7.032,1.729,6.388,0.172,-0.043,-0.035,2559,0
2393020,7.125,1.645,6.438,0.156,-0.019,-0.021,2559,0
2393040,7.154,1.583,6.558,0.133,0.011,-0.007,2559,0
2393060,7.116,1.523,6.697,0.135,0.007,-0.005,2559,0
2393080,7.185,1.616,6.706,0.151,-0.015,0.003,2558,0
2393100,7.259,1.666,6.723,0.123,-0.003,0.015,2558,0
2393120,7.233,1.604,6.847,0.093,0.001,0.016,2559,0
2393140,7.161,1.638,6.934,0.096,-0.024,-0.006,2558,0
2393160,7.099,1.69,6.874,0.099,-0.056,-0.017,2559,0
2393180,7.125,1.784,6.797,0.09,-0.057,-0.008,2559,0
2393200,7.106,1.738,6.826,0.07,-0.056,0.005,2559,0
2393220,7.065,1.676,6.881,0.064,-0.054,0.019,2559,0
2393240,7.015,1.563,6.773,0.057,-0.079,0.014,2559,0
2393260,7.058,1.393,6.668,0.037,-0.087,0.005,2559,0
2393280,7.056,1.312,6.709,0.01,-0.064,-0.015,2559,0
2393300,6.991,1.298,6.797,0.005,-0.065,-0.039,2559,0
2393320,7.032,1.422,6.742,-0.001,-0.073,-0.06,2559,0
2393340,6.993,1.475,6.747,-0.035,-0.062,-0.07,2559,0
2393360,6.996,1.417,6.754,-0.057,-0.071,-0.08,2559,0
2393380,7.072,1.489,6.689,-0.049,-0.07,-0.093,2559,0
2393400,7.065,1.585,6.627,-0.059,-0.055,-0.088,2559,0
2393420,7.075,1.705,6.555,-0.07,-0.033,-0.067,2559,0
2393440,7.077,1.702,6.589,-0.095,-0.015,-0.03,2559,0
2393460,7.113,1.496,6.642,-0.124,-0.02,-0.012,2559,0
2393480,7.125,1.341,6.627,-0.119,-0.033,-0.031,2559,0
2393500,7.084,1.358,6.634,-0.1,-0.024,-0.057,2559,0
2393520,7.094,1.444,6.567,-0.085,-0.019,-0.07,2559,0
2393540,7.084,1.532,6.505,-0.096,-0.025,-0.06,2559,0
2393560,7.084,1.47,6.438,-0.104,-0.047,-0.055,2559,0
2393580,7.111,1.408,6.275,-0.094,-0.054,-0.071,2559,0
2393805,7.096,1.599,6.29,0.13,-0.032,-0.017,2558,0
2393824,7.065,1.65,6.278,0.139,-0.011,-0.014,2559,0
2393844,7.015,1.697,6.316,0.135,-0.008,-0.004,2558,0
2393864,7.046,1.642,6.333,0.133,-0.004,-0.002,2559,0
2393884,7.104,1.674,6.337,0.142,0.007,-0.013,2558,0
2393904,7.118,1.748,6.431,0.146,0.029,-0.013,2559,0
2393924,7.116,1.899,6.62,0.154,0.037,-0.003,2559,0
2393944,7.108,1.939,6.761,0.151,0.019,0.002,2559,0
2393964,7.101,1.906,6.766,0.157,-0.008,0.01,2559,0
2393984,7.12,1.856,6.73,0.165,-0.031,0.016,2558,0
2394004,7.137,1.779,6.632,0.186,-0.032,0.019,2559,0
2394024,7.072,1.772,6.548,0.182,-0.026,0.01,2559,0
2394044,7.106,1.848,6.505,0.182,-0.034,0.002,2559,0
2394064,7.089,1.925,6.486,0.166,-0.017,0.013,2559,0
2394085,7.106,1.889,6.62,0.157,-0.002,0.028,2559,0
2394104,7.087,1.865,6.752,0.159,0.017,0.031,2559,0
2394124,7.065,1.927,6.948,0.14,0.032,0.038,2559,0
2394144,7.084,1.853,7.123,0.106,0.012,0.047,2559,0
2394164,7.104,1.791,7.319,0.1,-0.01,0.047,2559,0
2394185,7.077,1.731,7.324,0.092,-0.042,0.051,2557,0
2394204,7.063,1.666,7.238,0.08,-0.056,0.056,2559,0
2394232,6.993,1.53,7.156,0.013,-0.058,0.073,2559,0
2394244,7.001,1.389,7.13,-0.015,-0.075,0.075,2559,0
2394264,7.008,1.18,6.986,-0.044,-0.103,0.054,2559,0
2394284,7.029,1.14,6.833,-0.058,-0.094,0.03,2559,0
2394311,6.948,1.305,6.646,-0.092,-0.06,0.018,2559,0
2394324,6.9,1.377,6.62,-0.109,-0.054,0.011,2558,0
2394345,6.919,1.465,6.553,-0.121,-0.059,-0.002,2559,0
2394364,6.912,1.59,6.522,-0.128,-0.058,-0.006,2559,0
2394384,6.898,1.626,6.464,-0.12,-0.061,-0.008,2559,0
2394404,6.9,1.721,6.357,-0.096,-0.049,-0.008,2559,0
2394424,6.924,1.772,6.266,-0.086,-0.029,0.004,2558,0
2394444,7.003,1.776,6.246,-0.083,-0.011,0.01,2559,0
2394465,7.037,1.738,6.357,-0.06,-0.01,-0.0,2559,0
2394484,7.041,1.793,6.443,-0.023,-0.017,-0.002,2559,0
2394504,7.039,1.8,6.519,0.01,-0.021,0.006,2559,0
2394524,7.01,1.717,6.51,0.03,-0.037,0.011,2559,0
2394544,7.07,1.729,6.46,0.059,-0.053,0.011,2559,0
2394564,7.101,1.707,6.412,0.064,-0.049,0.009,2559,0
2394584,7.032,1.642,6.493,0.058,-0.035,0.01,2559,0
2394605,7.022,1.547,6.601,0.067,-0.039,0.011,2559,0
2394624,7.029,1.482,6.634,0.087,-0.039,0.004,2559,0
2394644,7.041,1.508,6.646,0.1,-0.045,-0.01,2559,0
2394664,7.039,1.496,6.644,0.089,-0.051,-0.023,2559,0
2394684,6.977,1.468,6.728,0.079,-0.044,-0.028,2558,0
2394704,6.981,1.42,6.761,0.08,-0.049,-0.033,2558,0
2394724,7.068,1.36,6.694,0.092,-0.059,-0.03,2559,0
2394744,7.082,1.365,6.598,0.077,-0.046,-0.025,2559,0
2394764,7.044,1.317,6.63,0.041,-0.036,-0.024,2559,0
2394784,7.063,1.29,6.785,0.008,-0.027,-0.025,2559,0
2394805,7.104,1.293,6.924,0.001,-0.026,-0.031,2559,0
2394824,7.108,1.336,6.938,0.009,-0.042,-0.032,2559,0
2394844,7.063,1.365,6.814,0.001,-0.069,-0.03,2559,0
2394864,7.132,1.355,6.697,-0.021,-0.073,-0.034,2559,0
2394884,7.135,1.319,6.682,-0.039,-0.063,-0.046,2559,0
2394915,7.116,1.405,6.637,-0.039,-0.068,-0.058,2559,0
2394924,7.111,1.456,6.582,-0.037,-0.072,-0.056,2559,0
2394944,7.142,1.551,6.457,-0.035,-0.071,-0.055,2559,0
2394964,7.099,1.633,6.426,-0.044,-0.064,-0.054,2559,0
2394984,7.108,1.657,6.4,-0.042,-0.051,-0.05,2559,0
2395004,7.111,1.75,6.388,-0.034,-0.039,-0.039,2559,0
2395024,7.106,1.731,6.395,-0.028,-0.037,-0.027,2559,0
2395044,7.082,1.733,6.388,-0.013,-0.038,-0.025,2559,0
2395752,7.037,1.518,6.361,0.039,-0.017,0.005,2558,0
2395772,7.087,1.554,6.349,0.027,0.018,0.01,2559,0
2395792,7.113,1.599,6.428,0.002,0.055,0.019,2559,0
2395812,7.125,1.666,6.61,0.009,0.058,0.021,2559,0
2395832,7.144,1.772,6.795,0.015,0.039,0.043,2559,0
2395852,7.092,1.659,7.005,0.018,0.005,0.058,2559,0
2395872,7.046,1.472,6.95,0.068,-0.071,0.052,2559,0
2395892,7.077,1.353,6.591,0.111,-0.118,0.031,2559,0
2395912,7.106,1.259,6.268,0.103,-0.117,0.001,2559,0
2395932,7.072,1.338,6.263,0.102,-0.079,-0.029,2559,0
2395952,6.953,1.537,6.352,0.104,-0.054,-0.037,2558,0
2395972,6.891,1.575,6.522,0.105,-0.06,-0.038,2559,0
2395992,6.879,1.654,6.507,0.12,-0.063,-0.038,2559,0
2396012,6.941,1.652,6.361,0.119,-0.052,-0.03,2559,0
2396032,7.029,1.647,6.33,0.119,-0.006,-0.013,2559,0
2396052,7.044,1.681,6.457,0.104,0.044,0.012,2559,0
2396072,7.075,1.63,6.651,0.077,0.071,0.034,2559,0
2396092,7.113,1.542,6.845,0.056,0.062,0.039,2559,0
2396112,7.168,1.468,7.029,0.046,0.05,0.034,2558,0
2396132,7.161,1.393,7.123,0.038,0.043,0.029,2559,0
2396152,7.183,1.377,7.14,0.027,0.026,0.017,2559,0
2396172,7.144,1.425,7.137,0.013,0.017,0.015,2558,0
2396192,7.087,1.408,7.183,-0.024,-0.013,0.018,2559,0
2396212,7.025,1.286,7.111,-0.047,-0.04,0.015,2559,0
2396232,6.972,1.154,6.934,-0.05,-0.059,-0.004,2559,0
2396252,6.96,1.132,6.68,-0.056,-0.066,-0.027,2559,0
2396272,6.97,1.29,6.486,-0.061,-0.051,-0.047,2558,0
2396292,6.905,1.499,6.309,-0.083,-0.022,-0.042,2559,0
2396312,6.857,1.633,6.163,-0.108,-0.01,-0.018,2559,0
2396332,6.881,1.657,6.144,-0.123,0.022,0.003,2559,0
2396352,6.891,1.623,6.16,-0.074,0.051,-0.006,2558,0
2396372,6.965,1.865,6.036,-0.015,0.045,-0.016,2559,0
2396392,7.017,2.016,6.105,-0.005,0.075,-0.03,2559,0
2396412,6.943,2.121,6.431,0.015,0.08,-0.038,2559,0
2396432,6.931,2.155,6.737,0.078,0.047,-0.048,2559,0
2396452,6.943,2.234,6.871,0.169,0.012,-0.038,2559,0
2396472,6.993,2.239,7.175,0.19,-0.021,0.0,2559,0
2396492,6.989,1.918,7.099,0.191,-0.037,0.033,2559,0
2396512,7.14,1.477,7.041,0.199,-0.071,0.044,2559,0
2396532,7.238,1.276,7.003,0.202,-0.037,0.053,2559,0
2396552,7.214,1.161,7.154,0.144,-0.026,0.075,2559,0
2396572,7.219,0.919,7.293,0.082,-0.047,0.093,2559,0
2396592,7.168,0.8,7.274,0.074,-0.063,0.084,2559,0
2396612,7.058,0.876,7.044,0.07,-0.075,0.069,2559,0
2396632,7.017,1.056,6.692,0.051,-0.089,0.067,2559,0
2396652,7.037,1.211,6.431,0.01,-0.084,0.061,2559,0
2396672,6.989,1.362,6.337,-0.013,-0.07,0.042,2559,0
2396692,6.898,1.602,6.223,-0.003,-0.061,0.025,2559,0
2396712,6.902,1.812,6.153,0.018,-0.054,0.034,2559,0
2396732,6.972,1.978,6.177,0.04,-0.019,0.043,2559,0
2396752,6.974,2.047,6.34,0.05,0.001,0.034,2559,0
2396772,6.958,2.133,6.584,0.081,0.021,0.033,2559,0
2396792,6.924,2.195,6.826,0.11,0.033,0.056,2559,0
2396812,6.948,2.011,7.044,0.126,0.022,0.081,2558,0
2396832,6.914,1.736,6.979,0.13,0.018,0.097,2559,0
2396852,6.931,1.365,7.049,0.141,0.031,0.1,2559,0
2396872,6.914,1.14,6.998,0.137,0.025,0.095,2559,0
2396892,6.934,0.934,6.991,0.112,0.029,0.103,2559,0
2396912,6.936,0.769,7.003,0.074,0.042,0.107,2559,0
2396932,6.84,0.74,6.917,0.06,0.04,0.091,2559,0
2396952,6.797,0.965,6.677,0.075,0.027,0.085,2559,0
2396972,6.788,1.192,6.574,0.04,0.041,0.109,2559,0
2396992,6.807,1.085,6.634,-0.044,0.053,0.122,2559,0
2397012,6.792,0.833,6.792,-0.047,0.022,0.07,2559,0
2397032,6.816,0.96,6.704,0.029,-0.014,-0.003,2559,0
2397052,6.823,1.415,6.613,0.059,-0.013,-0.037,2559,0
2397072,6.795,1.587,6.709,0.023,-0.018,-0.043,2559,0
2397092,6.771,1.559,6.9,0.035,-0.038,-0.059,2559,0
2397112,6.826,1.559,6.862,0.095,-0.071,-0.081,2559,0
2397132,6.919,1.642,6.771,0.121,-0.073,-0.074,2558,0
2397152,6.938,1.551,6.823,0.106,-0.06,-0.054,2559,0
2397172,6.967,1.42,6.96,0.095,-0.056,-0.03,2559,0
2397192,6.972,1.245,7.113,0.091,-0.071,-0.019,2559,0
2397212,6.948,1.099,7.065,0.083,-0.099,-0.016,2559,0
2397232,7.034,0.998,6.938,0.077,-0.104,-0.011,2559,0
2397252,7.044,1.022,6.828,0.062,-0.086,-0.029,2559,0
2397371,7.039,1.616,6.419,0.105,-0.08,-0.122,2559,0
2397380,6.962,1.724,6.476,0.123,-0.071,-0.129,2559,0
2397389,6.941,1.863,6.517,0.132,-0.069,-0.121,2559,0
2397398,6.943,1.956,6.536,0.134,-0.069,-0.111,2559,0
2397407,6.96,2.014,6.558,0.132,-0.071,-0.095,2559,0
2397416,7.017,2.025,6.584,0.126,-0.064,-0.081,2561,0
2397426,7.034,2.021,6.589,0.12,-0.053,-0.071,2558,0
2397436,7.051,1.97,6.649,0.117,-0.041,-0.06,2558,0
2397448,6.993,1.913,6.754,0.115,-0.027,-0.041,2559,0
2397458,7.008,1.86,6.812,0.119,-0.021,-0.021,2559,0
2397472,7.029,1.832,6.946,0.125,-0.012,0.005,2559,0
2397492,7.02,1.693,7.111,0.116,-0.004,0.021,2559,0
2397512,7.049,1.492,7.135,0.09,-0.017,0.038,2559,0
2397532,7.163,1.267,7.183,0.049,-0.009,0.047,2559,0
2397552,7.13,1.049,7.384,0.015,0.032,0.042,2559,0
2397572,6.996,0.977,7.429,-0.011,0.022,0.043,2559,0
2397592,7.013,0.917,7.151,-0.03,-0.02,0.05,2559,0
2397612,7.082,1.073,7.001,-0.091,-0.022,0.063,2559,0
2397632,7.061,0.994,6.958,-0.158,-0.024,0.076,2559,0
2397652,6.991,1.015,6.996,-0.18,-0.057,0.064,2559,0
2397672,6.907,1.073,6.879,-0.164,-0.124,0.023,2559,0
2397692,6.967,1.281,6.661,-0.136,-0.159,-0.043,2559,0
2397712,6.912,1.563,6.388,-0.126,-0.162,-0.09,2559,0
2397732,6.886,1.822,6.227,-0.109,-0.154,-0.093,2559,0
2397752,6.917,1.987,6.251,-0.102,-0.153,-0.079,2561,0
2397772,6.809,2.009,6.273,-0.063,-0.155,-0.08,2559,0
2397792,6.754,1.927,6.127,-0.027,-0.207,-0.087,2561,0
2398048,7.642,1.24,7.578,-0.018,0.107,0.039,2559,0
2398068,7.518,1.19,7.714,-0.037,0.072,0.034,2559,0
2398088,7.384,1.12,7.63,-0.053,-0.057,0.022,2559,0
2398108,7.367,1.183,7.324,-0.042,-0.105,0.016,2559,0
2398128,7.204,1.314,7.065,-0.078,-0.114,0.021,2561,0
2398148,7.125,1.379,6.893,-0.106,-0.141,0.029,2559,0
2398168,7.034,1.396,6.764,-0.118,-0.145,0.034,2561,0
2398188,6.941,1.36,6.606,-0.117,-0.156,0.028,2561,0
2398208,6.941,1.432,6.381,-0.091,-0.157,0.018,2561,0
2398228,6.907,1.516,6.208,-0.085,-0.143,0.011,2559,0
2398248,6.922,1.482,6.074,-0.095,-0.139,-0.012,2559,0
2398268,6.931,1.523,6.053,-0.086,-0.113,-0.037,2561,0
2398288,6.902,1.642,6.144,-0.065,-0.093,-0.053,2559,0
2398308,6.929,1.688,6.146,-0.028,-0.09,-0.074,2561,0
2398337,6.986,1.882,6.182,0.038,-0.044,-0.084,2558,0
2398348,6.953,1.863,6.239,0.027,-0.039,-0.074,2559,0
2398368,6.948,1.65,6.409,0.029,-0.075,-0.075,2561,0
2398388,7.039,1.566,6.34,0.097,-0.097,-0.096,2562,0
2398408,7.065,1.69,6.258,0.118,-0.079,-0.089,2559,0
2398428,7.101,1.638,6.208,0.091,-0.07,-0.065,2559,0
2398448,7.221,1.494,6.12,0.095,-0.052,-0.063,2559,0
2398468,7.314,1.535,6.153,0.088,-0.006,-0.061,2559,0
2398488,7.391,1.58,6.261,0.057,0.034,-0.037,2559,0
2398508,7.501,1.58,6.522,0.047,0.057,-0.022,2559,0
2398528,7.527,1.683,6.8,0.047,0.067,-0.007,2561,0
2398548,7.494,1.705,7.08,0.019,0.038,0.024,2559,0
2398568,7.456,1.559,7.207,0.005,-0.023,0.044,2559,0
2398588,7.451,1.448,7.147,0.015,-0.084,0.05,2559,0
2398608,7.422,1.358,6.929,0.021,-0.116,0.042,2559,0
2398628,7.355,1.338,6.682,0.021,-0.14,0.03,2559,0
2398648,7.286,1.346,6.44,0.005,-0.162,0.027,2561,0
2398668,7.242,1.36,6.22,-0.004,-0.163,0.026,2559,0
2398688,7.233,1.41,6.069,0.01,-0.149,0.034,2559,0
2398708,7.223,1.539,5.904,0.0,-0.138,0.041,2559,0
2398728,7.333,1.561,5.892,-0.022,-0.147,0.041,2559,0
2398748,7.424,1.559,5.94,-0.001,-0.116,0.026,2559,0
2398768,7.47,1.657,6.0,0.048,-0.095,0.021,2559,0
2398788,7.525,1.767,6.021,0.07,-0.076,0.031,2559,0
2398808,7.551,1.891,6.251,0.069,-0.073,0.033,2559,0
2398828,7.621,1.906,6.472,0.071,-0.116,0.046,2559,0
2398848,7.654,1.899,6.596,0.096,-0.158,0.056,2559,0
2398868,7.654,1.827,6.589,0.145,-0.181,0.066,2559,0
2398888,7.616,1.76,6.479,0.161,-0.216,0.076,2559,0
2398908,7.638,1.635,6.359,0.157,-0.241,0.096,2561,0
2398928,7.626,1.499,6.333,0.129,-0.246,0.108,2559,0
2398948,7.628,1.341,6.388,0.121,-0.273,0.1,2561,0
2398968,7.563,1.283,6.323,0.136,-0.243,0.097,2559,0
2398988,7.439,1.432,6.249,0.131,-0.209,0.123,2559,0
2399008,7.415,1.271,6.251,0.101,-0.203,0.122,2569,0
2399028,7.281,1.233,6.165,0.048,-0.184,0.114,2579,0
2399048,7.259,1.006,6.297,0.019,-0.208,0.103,2585,0
2399068,7.353,0.948,6.416,-0.002,-0.215,0.067,2607,0
2399088,7.532,0.702,6.56,0.136,-0.226,0.004,2693,0
2399108,7.728,0.543,5.99,0.364,-0.077,-0.145,2776,0
2399128,7.659,0.867,5.957,0.608,0.183,-0.233,2834,0
2399148,7.29,1.161,5.727,0.719,0.158,-0.238,2887,0
2399168,7.544,1.635,6.268,0.599,-0.18,-0.251,2960,0
2399188,7.76,1.894,5.552,0.507,-0.387,-0.095,3007,0
2399208,6.546,2.926,4.721,0.698,-0.025,0.136,3036,0
2399228,5.248,4.039,5.638,0.833,-0.023,0.392,3061,0
2399248,6.345,3.766,5.167,0.994,-0.046,0.615,3127,0
2399268,6.045,3.373,5.578,0.74,-0.247,0.9,3182,0
2399288,7.762,0.955,4.738,0.4,-0.335,0.812,3230,3005
2399308,9.503,0.148,3.795,1.039,0.445,0.29,3240,3882
2399328,7.997,2.526,4.403,0.836,0.99,0.176,3234,4095
2399348,6.84,1.599,6.175,0.598,0.806,0.468,3227,4095
2399368,7.606,1.379,6.675,0.716,0.394,0.345,3218,4095
2399388,7.822,2.282,6.189,0.585,0.141,0.205,3214,4095
2399408,8.327,1.894,6.151,0.351,0.257,0.206,3208,4095
2399428,8.294,1.484,6.12,0.384,0.432,0.092,3205,4095
2399448,6.831,2.116,6.615,0.369,0.376,0.113,3200,4095
2399468,7.432,1.425,6.783,0.222,0.031,0.193,3193,4095
2399488,7.728,1.468,6.337,0.296,0.038,0.046,3188,4095
2399508,7.58,1.585,6.505,0.222,0.088,0.035,3185,4095
2399528,7.582,1.736,6.486,0.246,0.127,-0.019,3183,4095
2399548,6.924,2.174,6.74,0.169,-0.066,0.026,3179,4095
2399568,7.537,1.808,6.433,0.106,-0.108,0.062,3175,4095
2399588,7.705,1.786,6.385,0.159,-0.058,0.003,3175,4095
2399608,7.295,1.913,6.381,0.176,-0.013,-0.037,3169,4095
2399628,7.056,2.239,6.381,0.218,-0.025,-0.064,3165,4095
2399648,7.214,2.679,6.002,0.075,-0.113,0.014,3162,4095
2399668,7.183,1.968,6.067,0.02,-0.044,0.032,3160,4095
2399688,7.453,1.973,6.045,0.044,0.001,-0.001,3156,4095
2399805,7.448,2.133,6.038,0.043,-0.003,-0.046,3150,4095
2399815,7.353,2.222,6.084,0.052,0.009,-0.058,3150,4095
2399824,7.298,2.203,6.141,0.059,0.005,-0.056,3150,4095
2399833,7.262,2.207,6.175,0.077,-0.013,-0.05,3149,4095
2399843,7.345,2.172,6.132,0.09,-0.026,-0.053,3148,4095
2399851,7.276,2.306,6.098,0.098,-0.036,-0.055,3147,4095
2399861,7.286,2.44,6.062,0.075,-0.06,-0.047,3145,4095
2399871,7.393,2.373,6.007,0.053,-0.068,-0.04,3146,4095
2399951,7.463,2.346,5.976,0.048,-0.043,-0.02,3136,4095
2399960,7.398,2.339,5.993,0.044,-0.034,-0.018,3135,4095
2399969,7.309,2.325,6.062,0.036,-0.045,-0.009,3135,4095
2399979,7.372,2.234,6.067,0.035,-0.061,-0.004,3135,4095
2399989,7.405,2.191,6.069,0.046,-0.062,-0.006,3135,4095
2399998,7.369,2.2,6.06,0.05,-0.054,-0.008,3132,4095
2400008,7.372,2.222,6.091,0.041,-0.055,-0.007,3133,4095
2400017,7.403,2.191,6.076,0.031,-0.05,-0.014,3131,4095
2400061,7.362,2.306,6.029,0.065,-0.0,-0.03,3128,4095
2400071,7.271,2.473,6.067,0.07,-0.007,-0.02,3127,4095
2400082,7.333,2.488,6.072,0.054,-0.018,-0.004,3127,4095
2400093,7.343,2.399,6.177,0.041,-0.037,0.006,3127,4095
2400108,7.367,2.397,6.218,0.039,-0.062,0.005,3127,4095
2400128,7.427,2.306,6.029,0.028,-0.07,0.011,3125,4095
2400148,7.393,2.181,5.974,0.023,-0.041,-0.001,3125,4095
2400168,7.293,2.227,6.007,0.041,-0.03,-0.008,3123,4095
2400188,7.271,2.253,6.086,0.052,-0.038,-0.019,3123,4095
2400208,7.266,2.342,6.177,0.049,-0.065,-0.024,3121,4095
2400228,7.341,2.452,6.081,0.051,-0.077,-0.011,3119,4095
2400248,7.408,2.421,5.895,0.053,-0.021,-0.018,3119,4095
2400268,7.355,2.33,5.837,0.046,0.019,-0.033,3119,4095
2400288,7.094,2.306,6.117,0.036,-0.024,0.013,3118,4095
2400308,7.602,2.207,5.976,0.06,-0.021,-0.002,3117,4095
2400328,7.185,2.344,6.194,0.033,-0.008,-0.003,3115,4095
2400348,7.506,2.255,6.165,0.031,0.0,-0.03,3116,4095
2400368,7.384,2.363,5.993,0.055,-0.031,-0.034,3113,4095
2400388,7.187,2.468,6.12,0.033,-0.035,-0.002,3112,4095
2400408,7.606,2.32,6.086,0.041,-0.033,-0.008,3112,4095
2400428,7.305,2.337,6.074,0.038,-0.036,-0.007,3110,4095
2400448,7.35,2.267,6.098,0.031,-0.013,-0.004,3111,4095
2400468,7.592,2.212,5.916,0.048,0.018,-0.031,3110,4095
2400488,7.068,2.318,6.091,0.041,-0.004,-0.007,3108,4095
2400508,7.154,2.421,6.273,0.042,-0.019,0.006,3108,4095
2400528,7.53,2.27,6.103,0.06,-0.058,-0.012,3107,4095
2400548,7.221,2.507,5.978,0.064,-0.045,0.004,3107,4095
2400568,7.23,2.435,6.091,0.043,-0.003,0.014,3106,4095
2400588,7.513,2.279,5.926,0.067,0.015,-0.015,3105,4095
2400608,7.116,2.368,6.189,0.038,-0.03,0.019,3105,4095
2400628,7.355,2.272,6.246,0.04,-0.047,0.016,3104,4095
2400648,7.46,2.303,6.062,0.051,-0.036,0.003,3103,4095
2400668,7.118,2.421,6.237,0.048,-0.018,0.015,3104,4095
2400688,7.312,2.358,6.237,0.028,-0.01,0.027,3102,4095
2400708,7.319,2.332,6.134,0.035,-0.05,0.018,3105,4095
2400728,7.266,2.37,6.129,0.033,-0.074,0.02,3104,4095
2400748,7.372,2.33,6.098,0.041,-0.073,0.014,3104,4095
2400768,7.465,2.267,6.127,0.05,-0.031,0.007,3102,4095
2400788,7.307,2.44,6.194,0.075,-0.018,0.015,3103,4095
2400808,7.271,2.411,6.081,0.054,-0.025,0.027,3102,4095
2401077,7.415,2.282,6.065,0.03,-0.075,0.035,3094,4095
2401097,7.365,2.272,6.155,0.031,-0.063,0.023,3094,4095
2401116,7.465,2.15,6.012,0.045,-0.048,0.007,3094,4095
2401136,7.381,2.231,5.988,0.011,-0.04,0.014,3093,4095
2401157,7.333,2.124,6.208,0.002,-0.069,0.031,3092,4095
2401177,7.386,2.107,6.203,0.017,-0.077,0.014,3090,4095
2401196,7.47,2.121,6.062,0.032,-0.073,-0.011,3090,4095
2401216,7.338,2.227,5.959,0.011,-0.046,-0.012,3092,4095
2401236,7.331,2.04,5.818,0.018,-0.039,-0.021,3089,4095
2401256,7.269,2.246,5.88,0.031,-0.003,-0.038,3088,4095
2401276,7.259,2.251,6.124,0.004,-0.082,0.002,3089,4095
2401296,7.458,2.286,6.045,0.043,-0.114,-0.021,3089,4095
2401316,7.295,2.358,5.983,0.027,-0.096,-0.001,3088,4095
2401336,7.745,2.157,5.717,0.03,-0.098,-0.012,3088,4095
2401502,7.666,2.066,6.567,-0.228,-1.018,-0.019,3089,4048
2401522,7.779,1.379,5.751,-0.22,-1.152,-0.157,3099,3159
2401542,8.351,1.721,5.286,-0.508,-1.203,-0.331,3119,531
2401562,8.009,0.682,4.642,-0.735,-0.997,-0.539,3135,0
2401582,7.764,1.664,3.967,-0.73,-0.667,-0.58,3127,0
2401602,7.678,2.514,4.69,-1.062,-0.412,-0.491,3074,0
2401622,7.319,2.571,4.532,-1.383,-0.579,-0.444,2957,0
2401642,8.212,2.215,3.505,-1.451,-0.501,-0.389,2827,0
2401662,7.949,1.587,1.97,-1.383,0.289,-0.335,2700,0
2401682,8.2,2.885,1.721,-1.277,1.629,0.033,2620,0
2401702,8.736,1.592,5.04,-1.779,3.001,0.507,2584,0
2401722,7.453,-0.098,11.068,-2.044,1.529,0.415,2505,0
2401742,6.273,-0.625,6.682,-1.021,0.367,-0.079,2468,0
2401762,6.778,0.929,7.23,-0.087,-0.183,-0.272,2448,0
2401782,7.252,1.654,7.594,0.353,-0.245,-0.205,2439,0
2401802,7.537,2.009,6.761,0.181,-0.1,-0.086,2435,0
2401822,7.286,1.808,6.369,0.03,0.096,-0.037,2434,0
2401842,6.931,1.93,6.23,0.033,0.024,-0.042,2436,0
2401862,7.094,1.69,6.467,0.018,-0.104,0.026,2436,0
2401882,7.288,1.207,6.649,0.055,-0.145,0.096,2440,0
2401902,7.403,0.991,6.397,0.152,-0.149,0.1,2443,0
2401922,7.405,0.919,6.093,0.139,-0.139,0.054,2449,0
2401942,7.537,0.895,6.258,0.029,-0.137,0.044,2449,0
2401962,7.764,0.405,6.304,-0.036,-0.11,0.032,2452,0
2401982,7.887,0.364,6.383,0.024,0.011,-0.022,2457,0
2402002,7.719,0.515,6.27,0.115,0.15,-0.095,2458,0
2402022,7.319,1.046,6.314,0.106,0.143,-0.115,2462,0
2402042,7.214,1.188,6.524,0.011,-0.009,-0.078,2463,0
2402062,7.491,1.065,6.625,0.011,-0.083,-0.047,2469,0
2402082,7.654,1.173,6.474,0.054,-0.009,-0.057,2475,0
2402102,7.549,1.31,6.393,0.073,0.113,-0.063,2480,0
2402122,7.223,1.437,6.146,0.073,0.156,-0.049,2480,0
2402142,7.12,1.607,6.479,0.067,0.06,-0.02,2482,0
2402162,7.25,1.441,6.618,0.047,-0.044,0.024,2485,0
2402182,7.432,1.245,6.67,0.092,-0.059,0.03,2489,0
2402202,7.422,1.243,6.546,0.131,-0.026,0.025,2491,0
2402222,7.4,1.171,6.407,0.13,-0.018,0.011,2494,0
2402242,7.381,1.14,6.23,0.118,-0.001,0.0,2497,0
2402262,7.353,1.101,6.366,0.106,0.003,-0.008,2503,0
2402282,7.338,1.144,6.515,0.092,-0.004,0.003,2510,0
2402302,7.377,1.116,6.541,0.091,-0.023,0.012,2515,0
2402322,7.338,1.125,6.428,0.1,-0.022,0.023,2522,0
2402342,7.333,1.274,6.369,0.109,-0.013,0.031,2527,0
2402362,7.338,1.243,6.39,0.1,-0.0,0.03,2527,0
2402382,7.345,1.243,6.577,0.099,-0.003,0.025,2527,0
2402439,7.333,1.214,6.479,0.107,-0.056,0.044,2531,0
2402449,7.355,1.195,6.428,0.103,-0.056,0.04,2533,0
2402458,7.36,1.192,6.39,0.092,-0.052,0.034,2533,0
2402467,7.367,1.152,6.402,0.075,-0.043,0.026,2537,0
2402482,7.345,1.049,6.385,0.061,-0.03,0.011,2536,0
2402502,7.319,0.91,6.431,0.072,-0.023,-0.005,2541,0
2402522,7.257,1.068,6.433,0.11,-0.026,-0.003,2541,0
2402542,7.25,1.252,6.416,0.095,-0.049,0.01,2543,0
2402562,7.312,1.341,6.388,0.057,-0.059,0.01,2544,0
2402582,7.369,1.207,6.371,0.03,-0.045,-0.01,2547,0
2402602,7.353,1.233,6.366,0.051,-0.028,-0.016,2550,0
2402622,7.29,1.283,6.426,0.087,-0.027,-0.011,2550,0
2402642,7.286,1.346,6.431,0.092,-0.041,0.0,2551,0
2402662,7.3,1.389,6.342,0.076,-0.062,0.02,2552,0
2402682,7.329,1.314,6.299,0.06,-0.072,0.025,2556,0
2402702,7.348,1.171,6.275,0.065,-0.051,0.017,2557,0
2402722,7.314,1.178,6.347,0.09,-0.012,0.007,2557,0
2402742,7.257,1.262,6.349,0.083,-0.008,-0.001,2558,0
2402762,7.238,1.331,6.371,0.067,-0.017,0.002,2559,0
2402782,7.274,1.281,6.383,0.055,-0.048,-0.007,2558,0
2402802,7.326,1.183,6.345,0.074,-0.043,-0.022,2559,0
2402822,7.341,1.223,6.266,0.091,-0.014,-0.019,2559,0
2402842,7.307,1.264,6.328,0.076,0.009,-0.001,2559,0
2402862,7.288,1.257,6.433,0.056,-0.005,0.008,2558,0
2402882,7.355,1.226,6.369,0.044,-0.033,-0.002,2559,0
2402902,7.338,1.204,6.323,0.057,-0.031,-0.026,2559,0
2402922,7.295,1.207,6.395,0.074,-0.004,-0.027,2559,0
2402942,7.235,1.295,6.488,0.076,0.012,-0.024,2559,0
2402962,7.257,1.386,6.548,0.088,-0.003,-0.033,2559,0
2402982,7.228,1.499,6.44,0.086,-0.015,-0.029,2559,0
2403002,7.199,1.439,6.436,0.06,-0.023,0.005,2561,0
2403022,7.259,1.235,6.467,0.058,-0.027,0.021,2562,0
2403042,7.312,1.197,6.39,0.074,-0.031,0.014,2559,0
2403062,7.319,1.211,6.314,0.078,-0.024,-0.014,2559,0
2403082,7.276,1.226,6.335,0.061,-0.014,-0.028,2559,0
2403102,7.29,1.255,6.366,0.052,0.004,-0.025,2566,0
2403122,7.271,1.3,6.436,0.053,0.008,-0.029,2563,0
2403142,7.278,1.355,6.472,0.061,-0.012,-0.033,2569,0
2403162,7.286,1.427,6.412,0.056,-0.021,-0.026,2574,0
2403182,7.283,1.408,6.407,0.041,-0.019,-0.018,2576,0
2403202,7.286,1.3,6.426,0.045,-0.004,-0.016,2577,0
2403222,7.286,1.362,6.462,0.065,0.009,-0.016,2577,0
2403242,7.24,1.425,6.486,0.052,-0.003,-0.007,2577,0
2403262,7.235,1.298,6.479,0.023,-0.041,-0.003,2581,0
2403282,7.259,1.164,6.381,0.051,-0.033,-0.028,2583,0
2403302,7.281,1.369,6.357,0.09,0.004,-0.047,2578,0
2403322,7.247,1.573,6.395,0.057,0.022,-0.027,2582,0
2403342,7.264,1.492,6.546,0.009,0.002,-0.008,2582,0
2403362,7.305,1.267,6.555,0.039,-0.011,-0.012,2582,0
2403382,7.29,1.338,6.476,0.081,-0.002,-0.02,2582,0
2403402,7.278,1.563,6.448,0.056,-0.004,-0.004,2582,0
2403422,7.274,1.46,6.577,-0.009,-0.025,0.022,2584,0
2403442,7.314,1.247,6.598,0.009,-0.044,0.009,2582,0
2403462,7.276,1.31,6.565,0.059,-0.046,-0.016,2584,0
2403482,7.228,1.439,6.467,0.074,-0.038,-0.02,2585,0
