3695495,3.163,8.973,1.817,0.014,-0.065,-0.007,2385,0
3695515,3.249,8.942,1.822,0.019,-0.051,-0.023,2387,0
3695535,3.232,9.012,1.822,0.035,-0.042,-0.029,2387,0
3695555,3.179,9.096,1.829,0.027,-0.05,-0.028,2387,0
3695575,3.208,9.0,1.769,0.023,-0.056,-0.028,2387,0
3695595,3.244,9.005,1.666,0.047,-0.055,-0.03,2388,0
3695615,3.249,9.172,1.638,0.062,-0.048,-0.029,2388,0
3695635,3.189,9.275,1.647,0.046,-0.043,-0.016,2390,0
3695655,3.163,9.254,1.681,0.038,-0.037,0.002,2390,0
3695675,3.223,8.99,1.709,0.024,-0.025,0.002,2390,0
3695695,3.256,8.906,1.743,0.051,-0.024,-0.014,2389,0
3695715,3.235,9.017,1.781,0.067,-0.021,-0.021,2389,0
3695735,3.139,9.05,1.82,0.061,-0.015,-0.015,2388,0
3695755,3.093,9.045,1.784,0.052,-0.01,-0.016,2388,0
3695775,3.139,8.938,1.748,0.046,-0.008,-0.026,2388,0
3695795,3.213,8.959,1.714,0.055,-0.002,-0.043,2387,0
3695815,3.168,9.143,1.769,0.05,0.006,-0.046,2389,0
3695835,3.055,9.306,1.82,0.041,0.005,-0.033,2390,0
3695855,3.021,9.299,1.834,0.032,-0.003,-0.021,2389,0
3695875,3.079,9.215,1.81,0.05,-0.013,-0.017,2390,0
3695895,3.179,9.23,1.76,0.072,-0.025,-0.014,2391,0
3695915,3.168,9.234,1.755,0.052,-0.022,-0.012,2390,0
3695935,3.091,9.227,1.805,0.039,-0.017,-0.012,2392,0
3695955,3.098,9.172,1.846,0.047,-0.02,0.001,2390,0
3695975,3.187,9.093,1.827,0.059,-0.027,0.01,2390,0
3695995,3.244,9.117,1.817,0.062,-0.021,0.003,2392,0
3696015,3.115,9.141,1.872,0.052,-0.017,0.002,2391,0
3696035,3.043,9.124,1.824,0.042,-0.023,0.01,2391,0
3696055,3.093,9.045,1.82,0.031,-0.025,0.01,2390,0
3696075,3.139,8.981,1.817,0.046,-0.025,-0.003,2391,0
3696095,3.084,9.084,1.841,0.063,-0.022,-0.015,2391,0
3696115,3.017,9.213,1.812,0.046,-0.027,-0.01,2392,0
3696135,3.084,9.112,1.901,0.028,-0.02,0.014,2392,0
3696155,3.141,9.052,1.958,0.049,-0.007,0.011,2391,0
3696175,3.146,9.048,2.009,0.042,-0.018,-0.001,2390,0
3696195,3.122,9.064,1.985,0.028,-0.042,-0.015,2391,0
3696215,3.105,9.081,1.875,0.014,-0.053,-0.037,2391,0
3696235,3.041,9.074,1.767,0.024,-0.053,-0.038,2391,0
3696255,3.096,9.158,1.683,0.038,-0.053,-0.03,2392,0
3696275,3.151,9.177,1.724,0.033,-0.05,-0.021,2390,0
3696295,3.122,9.199,1.695,0.039,-0.05,-0.012,2390,0
3696315,3.117,9.196,1.666,0.041,-0.047,-0.002,2390,0
3696335,3.153,9.172,1.621,0.044,-0.042,-0.006,2392,0
3696355,3.206,9.189,1.678,0.048,-0.031,0.004,2392,0
3696375,3.191,9.158,1.724,0.042,-0.026,0.007,2391,0
3696395,3.115,9.084,1.786,0.044,-0.026,0.001,2393,0
3696415,3.072,9.088,1.836,0.066,-0.023,0.001,2391,0
3696435,3.062,9.158,1.844,0.063,-0.026,0.009,2392,0
3696455,3.086,9.167,1.932,0.037,-0.035,0.009,2391,0
3696475,3.105,9.057,1.937,0.029,-0.044,0.004,2392,0
3696495,3.108,8.997,1.879,0.052,-0.047,0.001,2394,0
3696515,3.091,9.086,1.844,0.061,-0.047,-0.001,2395,0
3696535,3.077,9.1,1.846,0.048,-0.047,-0.004,2393,0
3696555,3.043,9.117,1.827,0.043,-0.056,-0.001,2393,0
3696575,3.038,9.069,1.791,0.046,-0.058,-0.006,2396,0
3696595,3.098,9.007,1.781,0.057,-0.053,-0.011,2397,0
3696615,3.112,9.076,1.767,0.065,-0.038,-0.014,2397,0
3696635,3.072,9.213,1.8,0.033,-0.043,-0.01,2399,0
3696655,3.163,9.105,1.812,0.009,-0.045,-0.013,2400,0
3696675,3.196,8.95,1.808,0.025,-0.047,-0.025,2399,0
3696695,3.235,8.947,1.846,0.074,-0.05,-0.027,2400,0
3696715,3.182,9.167,1.884,0.091,-0.052,-0.022,2399,0
3696735,3.108,9.301,1.781,0.062,-0.06,-0.015,2399,0
3696755,3.127,9.256,1.748,0.027,-0.062,-0.011,2399,0
3696775,3.17,9.153,1.712,0.031,-0.059,-0.014,2399,0
3696795,3.115,9.112,1.695,0.06,-0.056,-0.006,2399,0
3696815,3.12,9.17,1.657,0.077,-0.057,0.003,2401,0
3696835,3.124,9.127,1.599,0.052,-0.046,-0.003,2402,0
3696855,3.175,9.05,1.647,0.023,-0.044,-0.015,2404,0
3696875,3.225,9.005,1.719,0.024,-0.034,-0.022,2407,0
3696895,3.132,9.072,1.76,0.054,-0.023,-0.025,2409,0
3696915,2.99,9.227,1.803,0.055,-0.029,-0.023,2409,0
3696935,2.969,9.196,1.714,0.033,-0.041,-0.014,2409,0
3696955,3.069,9.079,1.654,0.03,-0.036,-0.015,2409,0
3696975,3.168,9.064,1.623,0.05,-0.014,-0.019,2409,0
3696995,3.1,9.1,1.693,0.043,-0.0,-0.027,2409,0
3697015,2.998,9.234,1.772,0.026,-0.012,-0.028,2409,0
3697035,3.0,9.218,1.8,0.018,-0.024,-0.023,2410,0
3697055,3.048,9.172,1.848,0.039,-0.034,-0.013,2409,0
3697075,3.093,9.108,1.925,0.062,-0.045,0.005,2409,0
3697095,3.11,9.031,1.863,0.068,-0.062,0.012,2410,0
3697115,3.191,8.964,1.834,0.062,-0.073,0.007,2410,0
3697135,3.184,9.021,1.863,0.048,-0.064,-0.015,2409,0
3697155,3.148,9.136,1.805,0.047,-0.06,-0.032,2409,0
3697175,3.091,9.27,1.695,0.056,-0.055,-0.028,2410,0
3697195,3.091,9.254,1.551,0.05,-0.047,-0.023,2411,0
3697215,3.093,9.268,1.437,0.039,-0.033,-0.02,2411,0
3697235,3.086,9.237,1.465,0.03,-0.025,-0.013,2409,0
3697255,3.079,9.215,1.607,0.042,-0.005,-0.003,2410,0
3697275,3.079,9.237,1.719,0.063,0.002,0.01,2410,0
3697295,3.057,9.172,1.753,0.043,-0.006,0.01,2410,0
3697315,3.103,9.017,1.738,0.018,-0.013,-0.012,2411,0
3697335,3.067,9.043,1.774,0.023,-0.0,-0.025,2412,0
3697355,2.988,9.139,1.923,0.03,-0.001,-0.017,2412,0
3697375,2.99,9.124,1.961,0.022,-0.011,-0.016,2410,0
3697395,3.024,9.043,1.951,0.017,-0.022,-0.025,2412,0
3697415,3.031,9.045,1.925,0.035,-0.033,-0.028,2411,0
3697435,3.048,9.153,1.882,0.04,-0.042,-0.021,2412,0
3697455,3.043,9.146,1.812,0.018,-0.048,-0.017,2412,0
3697475,3.053,9.064,1.755,0.021,-0.049,-0.016,2413,0
3697495,3.115,9.033,1.705,0.044,-0.041,-0.02,2412,0
3697515,3.124,9.072,1.676,0.043,-0.033,-0.031,2412,0
3697535,3.089,9.151,1.671,0.028,-0.031,-0.038,2413,0
3697555,3.05,9.165,1.654,0.021,-0.026,-0.037,2411,0
3697575,3.067,9.249,1.621,0.036,-0.021,-0.031,2413,0
3697595,3.115,9.292,1.58,0.031,-0.008,-0.024,2413,0
3697615,3.081,9.299,1.63,0.037,0.009,-0.01,2412,0
3697635,3.017,9.311,1.669,0.038,0.017,0.001,2412,0
3697655,3.0,9.299,1.786,0.044,0.022,0.007,2412,0
3697675,3.014,9.244,1.81,0.052,0.017,0.014,2412,0
3697695,3.029,9.158,1.946,0.05,0.014,0.018,2411,0
3697715,3.029,9.122,2.028,0.044,0.005,0.014,2410,0
3697735,2.981,9.108,2.04,0.038,-0.007,0.012,2410,0
3697755,2.986,9.096,2.035,0.026,-0.022,0.01,2411,0
3697775,2.976,9.057,1.999,0.035,-0.027,0.006,2412,0
3697795,2.974,9.005,2.009,0.041,-0.034,0.001,2412,0
3697815,3.014,8.995,2.002,0.043,-0.051,-0.007,2413,0
3697835,3.036,9.041,1.884,0.041,-0.058,-0.017,2412,0
3697855,2.962,9.146,1.762,0.035,-0.06,-0.017,2411,0
3697875,2.966,9.182,1.693,0.031,-0.051,-0.014,2413,0
3697895,2.981,9.12,1.779,0.037,-0.043,-0.01,2412,0
3697915,3.024,9.129,1.748,0.05,-0.045,-0.011,2412,0
3697935,3.048,9.081,1.712,0.032,-0.046,-0.015,2413,0
3697955,3.062,9.021,1.707,0.033,-0.039,-0.026,2414,0
3697975,3.043,9.064,1.676,0.05,-0.024,-0.026,2413,0
3697995,2.986,9.134,1.75,0.054,-0.019,-0.021,2414,0
3698015,3.01,9.153,1.829,0.054,-0.021,-0.021,2414,0
3698035,3.002,9.191,1.812,0.049,-0.03,-0.022,2414,0
3698055,2.99,9.172,1.745,0.056,-0.033,-0.019,2414,0
3698075,3.029,9.194,1.753,0.065,-0.026,-0.018,2415,0
3698095,2.99,9.297,1.805,0.067,-0.019,-0.013,2416,0
3698115,2.94,9.347,1.903,0.047,-0.025,-0.005,2416,0
3698135,3.036,9.155,1.97,0.03,-0.041,0.003,2415,0
3698155,3.084,9.036,1.968,0.051,-0.042,0.005,2415,0
3698175,3.072,9.017,1.923,0.067,-0.055,0.003,2415,0
3698195,3.067,9.081,1.865,0.052,-0.059,-0.007,2415,0
3698215,3.021,9.115,1.836,0.038,-0.054,-0.022,2415,0
3698235,2.988,9.182,1.76,0.042,-0.055,-0.024,2415,0
3698255,2.993,9.194,1.695,0.039,-0.053,-0.026,2415,0
3698275,2.978,9.237,1.731,0.048,-0.044,-0.024,2414,0
3698295,3.0,9.311,1.731,0.05,-0.035,-0.01,2414,0
3698315,3.01,9.215,1.76,0.034,-0.029,-0.007,2414,0
3698335,3.031,9.134,1.772,0.039,-0.032,-0.009,2415,0
3698355,3.0,9.079,1.721,0.041,-0.027,-0.009,2415,0
3698375,2.995,9.031,1.757,0.027,-0.027,-0.017,2414,0
3698395,2.995,8.997,1.736,0.021,-0.022,-0.027,2415,0
3698415,3.005,9.072,1.786,0.039,-0.012,-0.037,2415,0
3698435,2.981,9.184,1.791,0.064,-0.017,-0.036,2415,0
3698455,3.0,9.316,1.765,0.055,-0.032,-0.023,2415,0
3698475,2.986,9.244,1.736,0.03,-0.033,-0.022,2416,0
3698495,2.964,9.294,1.724,0.038,-0.031,-0.017,2415,0
3698515,3.014,9.364,1.676,0.038,-0.017,-0.005,2415,0
3698535,3.069,9.359,1.781,0.026,-0.001,0.011,2415,0
3698555,3.093,9.328,1.884,0.019,0.006,0.014,2415,0
3698575,3.017,9.349,1.923,0.009,0.006,0.02,2415,0
3698595,2.942,9.309,1.915,0.003,-0.009,0.026,2416,0
3698615,3.0,9.215,1.891,0.008,-0.015,0.03,2415,0
3698635,3.038,9.091,1.841,0.027,-0.022,0.03,2416,0
3698655,3.005,9.06,1.803,0.045,-0.023,0.028,2416,0
3698675,2.971,9.093,1.75,0.032,-0.025,0.024,2415,0
3698695,2.928,9.064,1.776,0.02,-0.021,0.016,2416,0
3698715,2.914,9.115,1.834,0.023,-0.016,0.015,2415,0
3698735,2.871,9.057,1.896,0.029,-0.007,0.016,2415,0
3698755,2.861,9.052,1.884,0.032,-0.014,0.015,2416,0
3698775,2.976,8.933,1.92,0.012,-0.021,0.004,2415,0
3698795,3.033,8.947,1.968,0.019,-0.021,-0.014,2416,0
3698815,3.045,8.947,1.975,0.026,-0.021,-0.023,2416,0
3698835,3.041,9.038,1.961,0.044,-0.017,-0.025,2416,0
3698855,3.105,9.148,1.86,0.016,-0.007,-0.024,2416,0
3698875,3.175,9.127,1.844,-0.014,0.019,-0.027,2416,0
3698895,3.1,9.122,1.846,-0.0,0.023,-0.03,2416,0
3698915,2.907,9.222,2.002,-0.009,0.016,-0.024,2415,0
3698935,2.88,9.175,1.918,-0.026,-0.001,-0.039,2414,0
3698955,2.966,9.163,1.896,-0.019,-0.008,-0.055,2416,0
3698975,3.048,9.177,1.8,-0.001,-0.001,-0.071,2416,0
3698995,3.014,9.23,1.865,0.014,0.016,-0.075,2416,0
3699015,2.875,9.357,1.973,0.02,0.019,-0.062,2415,0
3699035,2.837,9.402,2.018,0.003,0.007,-0.049,2416,0
3699055,2.835,9.364,2.014,0.001,-0.011,-0.042,2415,0
3699075,2.801,9.383,2.042,0.023,-0.031,-0.027,2416,0
3699095,2.682,9.45,1.966,0.036,-0.044,-0.005,2415,0
3699115,2.67,9.445,1.923,0.028,-0.045,0.027,2415,0
3699135,2.715,9.254,1.999,0.018,-0.038,0.055,2415,0
3699155,2.82,8.988,2.061,0.032,-0.048,0.068,2416,0
3699175,2.942,8.847,2.009,0.033,-0.056,0.052,2415,0
3699195,3.012,8.813,1.982,0.023,-0.056,0.027,2414,0
3699215,3.038,8.851,1.963,0.031,-0.049,0.015,2414,0
3699235,3.074,8.933,1.985,0.038,-0.046,0.009,2414,0
3699255,3.091,9.033,1.949,0.039,-0.043,-0.002,2414,0
3699275,3.112,9.112,1.906,0.028,-0.038,-0.005,2413,0
3699295,3.12,9.108,1.906,0.028,-0.023,-0.002,2414,0
3699315,3.11,9.165,1.915,0.047,-0.011,-0.001,2413,0
3699335,3.043,9.29,1.973,0.046,-0.011,0.007,2414,0
3699355,2.942,9.304,2.002,0.035,-0.02,0.02,2414,0
3699375,2.875,9.215,2.014,0.027,-0.021,0.03,2414,0
3699395,2.861,9.108,2.047,0.034,-0.013,0.034,2414,0
3699415,2.887,9.021,2.121,0.045,-0.012,0.037,2414,0
3699435,2.892,8.928,2.179,0.044,-0.019,0.029,2415,0
3699455,2.849,8.906,2.162,0.042,-0.036,0.012,2415,0
3699475,2.842,8.952,2.121,0.038,-0.048,-0.002,2415,0
3699495,2.863,8.957,2.083,0.046,-0.049,-0.007,2414,0
3699515,2.89,9.06,1.997,0.07,-0.05,-0.008,2415,0
3699535,2.928,9.131,1.92,0.054,-0.044,-0.005,2415,0
3699555,2.928,9.105,1.954,0.032,-0.035,-0.01,2414,0
3699575,2.966,9.052,1.927,0.034,-0.025,-0.017,2415,0
3699595,2.971,9.108,1.978,0.046,-0.015,-0.031,2415,0
3699615,2.988,9.206,2.105,0.056,-0.019,-0.025,2414,0
3699635,2.986,9.201,2.128,0.056,-0.017,-0.015,2415,0
3699655,2.99,9.072,2.2,0.092,-0.023,-0.012,2415,0
3699675,2.899,9.23,2.193,0.087,-0.046,-0.01,2415,0
3699695,2.969,9.258,2.042,0.03,-0.063,-0.003,2414,0
3699715,3.084,9.112,2.073,-0.003,-0.059,-0.006,2415,0
3699735,3.041,9.086,2.109,0.024,-0.046,-0.004,2415,0
3699755,2.974,9.134,2.121,0.024,-0.051,-0.001,2414,0
3699775,2.99,9.136,2.085,-0.002,-0.068,-0.005,2415,0
3699795,3.043,9.057,2.09,0.009,-0.071,-0.012,2415,0
3699815,3.021,9.127,2.066,0.052,-0.073,-0.002,2414,0
3699835,2.947,9.179,1.997,0.058,-0.076,0.012,2415,0
3699855,2.954,9.1,1.927,0.031,-0.082,0.016,2415,0
3699875,3.0,8.909,1.918,0.019,-0.078,0.001,2415,0
3699895,2.986,8.933,1.858,0.042,-0.069,-0.012,2416,0
3699915,2.978,9.021,1.875,0.06,-0.065,-0.014,2415,0
3699935,2.931,9.112,1.832,0.073,-0.058,-0.012,2416,0
3699955,2.959,9.112,1.788,0.055,-0.047,-0.01,2415,0
3699975,3.0,9.043,1.812,0.052,-0.034,-0.012,2415,0
3699995,3.005,9.074,1.927,0.058,-0.023,-0.017,2414,0
3700015,2.969,9.117,2.052,0.059,-0.023,-0.014,2415,0
3700035,2.952,9.088,2.064,0.058,-0.032,-0.014,2415,0
3700055,3.017,9.069,2.037,0.068,-0.037,-0.014,2414,0
3700075,3.065,9.115,2.009,0.081,-0.037,-0.014,2415,0
3700095,3.072,9.213,1.946,0.07,-0.035,-0.017,2415,0
3700115,3.067,9.251,1.901,0.049,-0.029,-0.014,2415,0
3700135,3.053,9.199,1.927,0.045,-0.024,-0.011,2416,0
3700155,3.01,9.206,1.939,0.058,-0.018,-0.002,2415,0
3700175,2.966,9.268,1.966,0.061,-0.022,0.005,2414,0
3700195,2.938,9.282,1.982,0.032,-0.034,0.012,2415,0
3700215,2.933,9.112,2.018,0.024,-0.042,0.009,2416,0
3700235,2.954,9.067,1.994,0.052,-0.042,0.008,2415,0
3700255,3.012,9.1,2.035,0.06,-0.038,0.001,2415,0
3700275,2.99,9.11,2.109,0.055,-0.041,0.002,2416,0
3700295,2.947,9.139,2.073,0.035,-0.053,0.003,2415,0
3700315,2.933,9.067,2.033,0.025,-0.059,0.002,2415,0
3700335,2.964,9.084,1.968,0.035,-0.054,-0.004,2415,0
3700355,2.976,9.081,1.975,0.044,-0.045,-0.007,2415,0
3700375,3.017,9.096,2.002,0.046,-0.049,-0.009,2414,0
3700395,2.969,9.1,1.99,0.033,-0.049,-0.013,2415,0
3700415,2.919,9.16,1.918,0.035,-0.045,-0.014,2416,0
3700435,2.942,9.196,1.894,0.036,-0.041,-0.001,2415,0
3700455,3.017,9.122,1.937,0.039,-0.043,0.006,2416,0
3700475,3.057,9.06,1.956,0.042,-0.051,-0.001,2415,0
3700495,3.043,9.05,1.889,0.044,-0.054,-0.004,2415,0
3700515,3.077,9.072,1.87,0.05,-0.055,-0.007,2415,0
3700535,3.077,9.086,1.884,0.056,-0.046,-0.005,2416,0
3700555,3.029,9.084,1.918,0.063,-0.043,-0.007,2416,0
3700575,2.998,9.134,1.935,0.063,-0.046,-0.005,2415,0
3700595,3.005,9.143,1.963,0.063,-0.05,-0.003,2415,0
3700615,3.024,9.153,1.942,0.06,-0.056,0.002,2416,0
3700635,3.029,9.105,1.894,0.051,-0.052,-0.0,2416,0
3700655,3.014,9.074,1.891,0.061,-0.04,-0.003,2415,0
3700675,3.012,9.148,1.903,0.07,-0.034,-0.001,2416,0
3700695,3.0,9.148,1.92,0.047,-0.032,-0.009,2416,0
3700715,2.976,9.112,1.949,0.035,-0.034,-0.015,2416,0
3700735,2.959,9.155,1.958,0.052,-0.032,-0.013,2415,0
3700755,2.964,9.225,1.956,0.057,-0.034,-0.006,2415,0
3700775,2.966,9.239,1.963,0.041,-0.037,-0.003,2415,0
3700795,3.01,9.189,1.992,0.027,-0.039,0.001,2416,0
3700815,2.99,9.12,2.028,0.028,-0.044,0.005,2414,0
3700835,3.0,9.067,1.987,0.039,-0.052,0.006,2415,0
3700855,2.993,9.05,1.98,0.051,-0.057,0.005,2416,0
3700875,2.964,9.091,1.951,0.052,-0.068,-0.01,2415,0
3700895,2.95,9.172,1.896,0.042,-0.075,-0.016,2416,0
3700915,2.95,9.16,1.812,0.052,-0.067,-0.002,2415,0
3700935,2.983,9.115,1.805,0.056,-0.056,0.004,2415,0
3700955,3.012,9.067,1.858,0.031,-0.047,-0.002,2415,0
3700975,3.041,8.99,1.903,0.015,-0.046,-0.011,2415,0
3700995,3.019,9.017,1.884,0.038,-0.046,-0.018,2414,0
3701015,2.993,9.045,1.836,0.046,-0.039,-0.017,2416,0
3701035,2.931,8.942,1.844,0.033,-0.03,-0.03,2415,0
3701055,2.959,8.775,2.009,0.027,-0.033,-0.053,2415,0
3701075,3.01,8.837,2.679,0.046,-0.073,-0.062,2416,0
3701095,3.187,8.844,3.831,0.116,-0.201,-0.033,2413,0
3701115,3.608,9.143,5.713,0.165,-0.328,-0.052,2414,0
3701135,4.231,9.828,6.826,0.097,-0.556,-0.111,2411,0
3701155,5.358,11.143,7.092,-0.062,-0.907,-0.136,2408,0
3701175,6.515,11.715,6.292,-0.306,-1.201,-0.14,2407,0
3701195,7.506,12.215,4.786,-0.406,-1.305,-0.063,2406,0
3701215,7.733,12.586,3.237,-0.48,-1.282,0.083,2411,0
3701235,7.207,12.591,1.662,-0.631,-1.236,0.13,2411,0
3701255,6.993,12.38,0.546,-0.815,-1.132,0.133,2412,0
3701275,6.68,11.54,-0.077,-0.869,-1.089,0.212,2416,0
3701295,6.596,10.161,-0.237,-0.598,-1.295,0.375,2436,0
3701315,6.639,9.007,-2.344,-0.31,-1.392,0.391,2484,0
3701335,6.735,7.956,-3.086,-0.338,-1.616,0.24,2600,0
3701355,6.108,7.666,-5.593,-0.816,-1.727,0.048,2845,0
3701375,3.28,5.768,-8.981,-0.228,-1.066,-0.253,3015,0
3701395,-1.192,7.446,-9.74,1.541,-0.024,-0.165,3131,0
3701415,-4.942,14.643,-10.882,2.264,0.943,0.284,3218,228
3701435,-7.214,17.59,-9.859,0.868,1.987,0.514,3269,2800
3701455,-8.935,13.534,-8.061,-0.369,2.905,0.406,3296,3675
3701475,-8.511,12.792,-5.222,-0.054,3.467,0.802,3312,3897
3701495,-9.79,9.014,-2.643,0.363,3.907,1.407,3316,4028
3701515,-10.58,6.285,0.199,1.325,3.985,1.566,3318,4094
3701535,-10.003,6.63,0.33,1.915,3.925,1.746,3321,4095
3701555,-9.79,7.317,2.179,1.509,3.865,1.915,3315,4095
3701575,-8.492,4.882,5.966,0.848,3.694,1.962,3307,4095
3701595,-8.638,1.415,6.953,1.356,3.519,1.565,3300,4095
3701615,-6.002,5.751,11.36,1.958,3.151,1.413,3294,4095
3701635,-6.258,5.82,17.056,1.403,2.35,1.335,3281,4095
3701655,-2.435,4.424,21.402,1.159,1.279,0.734,3277,4095
3701675,0.934,5.097,25.539,1.26,0.19,0.052,3272,4095
3701695,2.995,6.579,27.33,1.488,-1.218,-0.685,3270,4095
3701715,8.238,9.644,24.672,1.162,-2.787,-1.152,3270,4095
3701735,11.811,12.086,18.636,0.064,-3.822,-1.685,3272,4095
3701755,15.687,14.631,12.742,-1.195,-4.291,-2.023,3277,4095
3701775,16.544,15.725,7.951,-2.199,-4.392,-1.835,3278,4095
3701795,14.241,13.259,2.995,-1.612,-4.264,-1.621,3275,4095
3701815,12.797,17.267,-2.227,-0.226,-4.209,-0.861,3271,4095
3701835,9.747,20.322,-7.932,-1.63,-4.601,0.473,3266,4095
3701855,9.239,9.948,-13.63,-3.324,-4.534,0.651,3264,4095
3701875,10.611,2.239,-17.719,-0.75,-2.91,-0.519,3265,4095
3701895,4.796,12.775,-21.265,2.665,-1.34,-0.08,3268,4095
3701915,0.608,18.826,-22.175,0.399,-1.186,1.35,3262,4095
3701935,0.541,8.866,-21.208,-2.242,-0.143,1.099,3253,4095
3701955,-2.26,5.83,-17.514,-1.563,1.506,0.042,3250,4095
3701975,-6.881,7.915,-12.22,-0.581,2.743,0.275,3248,4095
3701995,-10.441,7.161,-8.356,0.113,3.333,0.828,3246,4095
3702015,-12.85,7.606,-5.782,0.624,3.867,0.98,3241,4095
3702035,-15.502,9.038,-1.788,0.252,4.375,0.834,3238,4095
3702055,-16.463,7.25,3.199,0.008,4.364,0.922,3235,4095
3702075,-15.258,6.105,6.266,0.777,4.153,1.173,3234,4095
3702095,-13.302,7.879,10.587,1.649,3.883,1.412,3231,4095
3702115,-11.432,7.752,16.47,1.741,3.244,1.471,3230,4095
3702135,-7.987,7.365,20.08,1.783,2.119,1.361,3228,4095
3702155,-3.33,6.242,23.219,1.711,0.933,1.005,3230,4095
3702175,0.496,5.533,24.921,1.738,-0.229,0.425,3231,4095
3702195,5.49,5.909,23.64,1.661,-1.433,-0.415,3232,4095
3702215,10.637,8.837,20.724,1.243,-2.413,-1.132,3240,4095
3702235,13.68,11.847,16.585,0.216,-3.007,-1.59,3245,4095
3702255,14.42,13.599,12.064,-1.234,-3.405,-1.652,3245,4095
3702275,15.605,12.5,7.503,-1.74,-3.66,-1.711,3245,4095
3702295,14.356,15.325,2.162,-1.386,-3.78,-1.456,3246,4095
3702315,11.882,17.028,-3.57,-1.73,-4.028,-0.624,3246,4095
3702335,11.186,13.132,-8.801,-1.977,-4.038,0.018,3240,4095
3702355,10.786,8.849,-14.246,-1.23,-3.395,0.144,3239,4095
3702375,9.486,10.077,-18.919,0.07,-2.21,0.204,3242,4095
3702395,6.235,13.211,-19.958,0.555,-0.87,0.556,3236,4095
3702415,2.737,12.352,-17.372,-0.478,-0.157,0.904,3232,4095
3702435,1.063,7.745,-14.794,-0.892,0.547,0.778,3231,4095
3702455,-1.247,7.858,-12.491,0.198,1.661,0.516,3227,4095
3702475,-4.954,11.456,-9.503,0.935,2.491,0.741,3226,4095
3702495,-9.158,11.025,-8.104,0.6,2.874,1.031,3223,4095
3702515,-10.511,10.561,-6.275,0.104,3.296,1.04,3224,4095
3702535,-11.109,8.521,-2.552,-0.095,3.737,1.125,3221,4095
3702555,-12.632,5.404,-0.113,0.43,3.951,0.998,3221,4095
3702575,-11.779,6.215,2.411,1.176,4.028,0.973,3218,4095
3702595,-11.176,7.259,5.44,1.226,3.851,1.139,3220,4095
3702615,-11.159,4.791,10.036,1.119,3.506,0.853,3220,4095
3702635,-8.473,5.844,16.293,1.465,2.817,0.676,3221,4095
3702655,-6.167,4.171,19.637,1.798,1.857,0.512,3219,4095
3702675,-4.13,5.059,22.905,2.214,0.686,-0.004,3218,4095
3702695,0.543,6.354,25.766,2.021,-0.659,-0.626,3220,4095
3702715,4.226,7.64,24.878,1.582,-2.009,-1.468,3218,4095
3702735,7.293,10.297,23.001,0.691,-3.126,-2.213,3220,4095
3702755,9.586,12.795,18.675,-0.379,-3.839,-2.616,3222,4095
3702775,9.713,16.577,12.321,-1.085,-4.271,-2.747,3222,4095
3702795,12.208,20.339,7.389,-2.057,-4.64,-2.31,3227,4095
3702815,10.865,19.455,3.622,-2.244,-4.695,-1.669,3224,4095
3702835,7.906,17.154,-1.113,-0.967,-4.744,-0.94,3224,4095
3702855,7.065,21.495,-7.527,-1.163,-5.132,0.283,3220,4095
3702875,8.329,17.097,-14.234,-3.04,-4.984,1.13,3223,4095
3702895,9.108,7.47,-17.839,-2.909,-3.815,0.749,3219,4095
3702915,7.264,4.544,-17.49,0.186,-1.956,0.087,3218,4095
3702935,1.911,13.668,-15.962,1.986,-1.075,0.72,3218,4095
3702955,0.728,16.678,-16.101,-0.075,-0.797,1.751,3219,4095
3702975,-0.977,7.836,-15.009,-1.548,0.498,0.986,3218,4095
3702995,-4.547,7.76,-12.67,0.253,1.913,-0.082,3217,4095
3703015,-8.504,14.825,-9.694,1.58,2.616,0.62,3222,4095
3703035,-9.562,14.473,-7.398,0.66,2.691,1.601,3217,4095
3703055,-9.361,10.022,-4.65,-0.44,3.274,1.471,3216,4019
3703075,-9.821,7.609,-1.355,-0.757,3.985,0.93,3210,3735
3703095,-10.946,6.232,1.006,-0.161,4.484,0.892,3186,2677
3703115,-11.959,5.598,3.206,0.521,4.611,1.174,3142,0
3703135,-13.453,8.04,7.396,0.71,4.616,1.513,3031,0
3703155,-12.249,5.648,10.712,0.191,4.72,1.492,2847,0
3703175,-9.804,2.047,14.346,1.377,4.415,1.481,2638,0
3703195,-6.56,3.112,18.505,2.454,2.946,1.54,2507,0
3703215,-4.573,5.176,18.589,2.933,1.645,1.263,2437,0
3703235,-1.951,5.746,18.859,1.961,0.355,0.549,2380,0
3703255,1.006,5.004,19.213,1.133,-1.317,0.003,2338,0
3703275,4.013,5.959,15.435,0.832,-2.417,-0.688,2320,0
3703295,6.409,8.475,12.56,0.334,-2.846,-1.195,2307,0
3703315,8.432,9.799,10.453,-0.487,-3.106,-1.465,2298,0
3703335,8.892,9.457,8.243,-1.134,-3.035,-1.58,2296,0
3703355,9.783,10.704,5.94,-0.986,-2.771,-1.729,2294,0
3703375,10.965,12.56,3.227,-0.949,-2.408,-1.879,2290,0
3703395,9.778,14.454,1.477,-1.351,-2.239,-1.617,2290,0
3703415,7.645,14.099,-0.737,-1.578,-2.218,-1.133,2288,0
3703435,6.273,12.737,-1.504,-1.001,-2.089,-0.631,2288,0
3703455,5.052,12.768,-2.88,-0.361,-1.769,-0.072,2288,0
3703475,4.635,12.898,-4.733,-0.402,-1.42,0.189,2289,0
3703495,4.089,10.824,-2.873,-1.137,-1.037,0.423,2291,0
3703515,3.531,8.265,-2.528,-0.932,-0.727,0.317,2294,0
3703535,2.904,7.456,-0.642,-0.599,-0.419,0.452,2297,0
3703555,2.126,7.544,-0.742,0.202,-0.102,0.317,2297,0
3703575,1.516,9.009,1.226,0.158,-0.02,0.362,2300,0
3703595,1.891,9.1,0.824,-0.002,-0.059,0.22,2301,0
3703615,1.978,8.464,2.385,-0.45,0.017,0.269,2305,0
3703635,2.155,7.743,2.16,0.047,0.094,0.112,2307,0
3703655,2.231,7.898,3.352,0.348,0.098,0.259,2307,0
3703675,3.005,8.322,2.454,0.733,-0.004,0.194,2312,0
3703695,3.005,8.583,3.457,0.275,-0.02,0.221,2314,0
3703715,3.903,7.966,2.878,0.236,-0.026,0.017,2316,0
3703735,3.266,7.815,3.67,0.111,0.009,0.034,2318,0
3703755,4.269,8.071,2.832,0.383,-0.025,-0.031,2319,0
3703775,2.887,8.226,3.311,0.218,0.046,0.046,2321,0
3703795,4.314,8.346,2.902,0.274,0.019,-0.029,2322,0
3703815,2.768,8.14,3.007,0.12,0.101,-0.072,2326,0
3703835,4.523,8.313,2.933,0.17,0.088,-0.155,2326,0
3703855,2.744,8.071,3.069,0.198,0.171,-0.175,2329,0
3703875,4.226,9.021,3.622,0.185,0.138,-0.159,2328,0
3703895,2.828,9.163,4.142,0.076,0.109,-0.156,2330,0
3703915,3.036,9.299,3.512,-0.041,-0.018,-0.098,2333,0
3703935,3.553,8.815,3.883,-0.082,-0.141,-0.07,2334,0
3703955,3.869,8.538,3.922,0.021,-0.228,-0.066,2334,0
3703975,3.943,8.55,3.603,0.115,-0.283,-0.08,2336,0
3703995,3.941,8.583,3.124,0.15,-0.297,-0.104,2338,0
3704015,4.02,8.72,2.749,0.222,-0.27,-0.091,2342,0
3704035,4.041,9.05,2.447,0.219,-0.234,-0.05,2343,0
3704055,3.96,9.086,2.219,0.08,-0.189,-0.051,2348,0
3704075,3.809,8.88,2.167,-0.066,-0.151,-0.075,2349,0
3704095,3.718,8.672,2.339,-0.077,-0.139,-0.08,2348,0
3704115,3.685,8.667,2.677,0.053,-0.136,-0.055,2348,0
3704135,3.687,8.973,2.734,0.157,-0.17,-0.015,2350,0
3704155,3.673,9.244,2.55,0.129,-0.217,0.03,2352,0
3704175,3.701,8.985,2.27,0.031,-0.23,0.046,2352,0
3704195,3.788,8.689,2.059,-0.027,-0.216,0.041,2353,0
3704215,3.855,8.437,1.863,-0.002,-0.156,0.03,2358,0
3704235,3.912,8.315,1.788,0.075,-0.069,0.028,2362,0
3704255,3.893,8.344,1.896,0.092,0.024,0.03,2362,0
3704275,3.831,8.195,2.198,0.058,0.081,-0.012,2364,0
3704295,3.699,8.32,2.509,0.062,0.086,-0.058,2363,0
3704315,3.594,8.617,2.679,0.083,0.055,-0.075,2366,0
3704335,3.57,8.818,2.701,0.084,0.004,-0.076,2370,0
3704355,3.572,8.882,2.612,0.064,-0.028,-0.082,2376,0
3704375,3.579,8.94,2.574,0.08,-0.046,-0.068,2377,0
3704395,3.491,9.052,2.911,0.124,-0.041,-0.028,2378,0
3704415,3.426,8.95,2.99,0.144,-0.07,0.007,2380,0
3704435,3.503,8.705,2.897,0.116,-0.112,0.019,2380,0
3704455,3.666,8.442,2.693,0.092,-0.133,-0.011,2381,0
3704475,3.8,8.32,2.547,0.141,-0.115,-0.045,2381,0
3704495,3.761,8.686,2.533,0.201,-0.084,-0.04,2380,0
3704515,3.596,9.002,2.449,0.113,-0.086,-0.031,2382,0
3704535,3.582,8.866,2.354,-0.011,-0.095,-0.039,2383,0
3704555,3.579,8.76,2.253,-0.033,-0.083,-0.062,2383,0
3704575,3.646,8.82,2.277,0.024,-0.053,-0.068,2383,0
3704595,3.685,8.873,2.421,0.054,-0.036,-0.042,2383,0
3704615,3.706,8.772,2.509,0.049,-0.054,-0.024,2384,0
3704635,3.733,8.768,2.456,0.01,-0.078,-0.032,2383,0
3704655,3.78,8.686,2.342,-0.026,-0.093,-0.041,2385,0
3704675,3.886,8.679,2.325,0.0,-0.089,-0.038,2387,0
3704695,3.845,8.76,2.361,0.036,-0.073,-0.029,2385,0
3704715,3.745,8.873,2.346,0.055,-0.075,-0.021,2386,0
