3829044,-0.5,6.151,7.424,-0.61,-2.146,-0.06,2303,0
3829064,-0.232,5.643,6.543,-0.788,-2.132,-0.143,2309,0
3829084,-0.409,4.755,6.309,-0.885,-2.066,-0.275,2319,0
3829104,-0.208,3.953,5.751,-0.863,-2.069,-0.475,2324,0
3829124,0.467,3.759,5.215,-0.727,-2.088,-0.697,2327,0
3829144,0.86,3.9,4.925,-0.605,-2.043,-0.918,2333,0
3829164,0.73,4.152,4.697,-0.559,-1.992,-1.134,2334,0
3829184,0.946,4.377,4.492,-0.502,-2.003,-1.339,2339,0
3829204,1.391,4.836,4.068,-0.374,-2.029,-1.522,2346,0
3829224,1.365,5.471,3.412,-0.225,-2.005,-1.632,2351,0
3829244,0.903,6.208,2.682,-0.088,-1.939,-1.674,2351,0
3829264,0.886,6.936,2.054,-0.004,-1.877,-1.714,2352,0
3829284,1.264,7.484,1.463,0.111,-1.807,-1.761,2351,0
3829304,1.348,7.774,0.359,0.249,-1.693,-1.719,2352,0
3829324,1.721,8.361,-0.694,0.398,-1.531,-1.625,2353,0
3829344,2.564,9.534,-0.917,0.268,-1.299,-1.603,2352,0
3829364,3.16,10.07,-0.646,0.112,-1.038,-1.591,2352,0
3829384,3.922,10.297,-0.148,0.248,-0.845,-1.45,2352,0
3829404,4.307,10.968,0.907,0.5,-0.691,-1.182,2351,0
3829424,4.52,11.71,1.403,0.58,-0.665,-0.922,2351,0
3829444,5.095,11.942,1.683,0.528,-0.693,-0.737,2351,0
3829464,5.796,11.863,2.078,0.512,-0.669,-0.573,2360,0
3829484,5.77,11.677,2.447,0.539,-0.593,-0.384,2362,0
3829504,5.373,11.478,2.6,0.58,-0.533,-0.174,2359,0
3829524,5.258,11.157,2.507,0.537,-0.49,-0.012,2358,0
3829544,5.459,10.511,2.449,0.399,-0.44,0.105,2357,0
3829564,5.296,9.845,2.598,0.249,-0.354,0.148,2356,0
3829584,4.872,9.366,2.808,0.179,-0.269,0.141,2357,0
3829604,4.523,9.079,2.811,0.198,-0.216,0.148,2354,0
3829624,4.489,8.947,2.708,0.229,-0.191,0.157,2356,0
3829644,4.295,8.801,2.567,0.226,-0.114,0.147,2356,0
3829664,3.965,8.746,2.442,0.219,-0.011,0.108,2354,0
3829684,3.735,8.921,2.456,0.164,0.09,0.054,2356,0
3829704,3.498,8.985,2.825,0.09,0.147,0.018,2355,0
3829724,3.16,8.966,3.079,0.095,0.152,0.022,2356,0
3829744,3.017,9.203,3.28,0.104,0.116,0.052,2353,0
3829764,3.1,9.337,3.364,0.031,0.086,0.055,2353,0
3829784,3.203,9.165,3.361,-0.026,0.061,0.056,2355,0
3829804,3.196,8.981,3.338,-0.026,0.04,0.084,2356,0
3829824,3.328,8.83,3.493,-0.025,0.037,0.091,2354,0
3829844,3.304,8.705,3.737,-0.014,0.026,0.067,2352,0
3829864,3.287,8.564,3.711,0.05,-0.023,0.058,2353,0
3829884,3.261,8.78,3.474,0.059,-0.06,0.047,2353,0
3829904,3.247,8.859,3.474,-0.055,-0.075,0.022,2353,0
3829924,3.206,8.578,3.627,-0.113,-0.071,0.003,2355,0
3829944,3.306,8.289,3.546,0.001,-0.073,0.022,2353,0
3829964,3.455,8.305,3.309,0.081,-0.046,0.031,2352,0
3829984,3.541,8.246,3.278,0.046,-0.014,0.004,2354,0
3830004,3.517,8.255,3.596,-0.015,-0.01,-0.04,2352,0
3830024,3.433,8.25,3.771,-0.052,-0.041,-0.078,2353,0
3830044,3.342,8.317,3.596,-0.05,-0.079,-0.113,2352,0
3830064,3.428,8.416,3.539,-0.012,-0.095,-0.11,2352,0
3830084,3.407,8.581,3.577,0.029,-0.07,-0.099,2353,0
3830104,3.419,8.715,3.551,0.04,-0.078,-0.08,2353,0
3830124,3.531,8.66,3.45,0.03,-0.086,-0.072,2353,0
3830144,3.613,8.657,3.335,0.01,-0.075,-0.076,2352,0
3830164,3.584,8.595,3.297,0.004,-0.052,-0.073,2352,0
3830184,3.524,8.717,3.275,0.034,-0.039,-0.068,2352,0
3830204,3.369,8.839,3.364,0.01,-0.027,-0.046,2353,0
3830224,3.259,8.753,3.359,-0.021,-0.04,-0.029,2354,0
3830244,3.426,8.696,3.361,-0.04,-0.054,-0.017,2352,0
3830264,3.491,8.564,3.486,-0.063,-0.043,-0.019,2353,0
3830284,3.397,8.428,3.598,-0.019,-0.05,-0.023,2352,0
3830304,3.371,8.49,3.508,0.057,-0.077,-0.006,2354,0
3830324,3.469,8.602,3.266,0.067,-0.079,0.004,2354,0
3830344,3.467,8.602,3.249,0.036,-0.061,0.01,2355,0
3830364,3.4,8.516,3.335,0.015,-0.036,0.023,2353,0
3830384,3.383,8.353,3.342,0.005,-0.026,0.019,2352,0
3830404,3.522,8.322,3.352,0.006,-0.016,0.002,2354,0
3830424,3.541,8.377,3.414,0.006,0.003,-0.01,2351,0
3830444,3.383,8.49,3.491,-0.01,0.009,-0.012,2352,0
3830464,3.299,8.435,3.517,-0.034,0.007,-0.013,2352,0
3830484,3.326,8.327,3.699,-0.015,0.005,-0.011,2353,0
3830504,3.316,8.375,3.855,0.05,-0.005,-0.007,2352,0
3830524,3.292,8.464,3.821,0.063,-0.035,-0.0,2354,0
3830544,3.201,8.38,3.682,0.017,-0.05,-0.008,2352,0
3830564,3.098,8.301,3.625,-0.003,-0.052,-0.033,2352,0
3830584,3.218,8.286,3.658,0.008,-0.05,-0.039,2353,0
3830604,3.314,8.396,3.625,0.03,-0.053,-0.045,2352,0
3830624,3.328,8.473,3.579,0.017,-0.051,-0.047,2352,0
3830644,3.254,8.511,3.601,0.005,-0.033,-0.05,2351,0
3830664,3.249,8.566,3.836,0.004,-0.019,-0.045,2352,0
3830684,3.302,8.636,3.929,0.023,-0.027,-0.029,2352,0
3830704,3.323,8.703,3.871,-0.001,-0.056,-0.021,2353,0
3830724,3.306,8.724,3.826,-0.035,-0.072,-0.023,2352,0
3830744,3.347,8.732,3.867,-0.019,-0.08,-0.015,2352,0
3830764,3.282,8.775,3.816,-0.011,-0.095,0.013,2352,0
3830784,3.203,8.715,3.687,-0.031,-0.114,0.042,2352,0
3830804,3.266,8.631,3.481,-0.102,-0.118,0.039,2351,0
3830824,3.321,8.449,3.457,-0.153,-0.098,0.034,2352,0
3830844,3.347,8.205,3.57,-0.156,-0.078,0.041,2352,0
3830864,3.369,7.865,3.701,-0.119,-0.065,0.038,2352,0
3830884,3.498,7.681,3.74,-0.038,-0.065,0.001,2352,0
3830904,3.57,7.86,3.766,0.049,-0.066,-0.041,2353,0
3830924,3.409,8.229,3.658,0.083,-0.068,-0.064,2352,0
3830944,3.306,8.442,3.591,0.08,-0.072,-0.05,2351,0
3830964,3.318,8.511,3.591,0.064,-0.057,-0.04,2352,0
3830984,3.297,8.444,3.651,0.068,-0.045,-0.032,2352,0
3831004,3.366,8.466,3.706,0.1,-0.053,-0.018,2351,0
3831024,3.333,8.454,3.62,0.106,-0.058,-0.011,2352,0
3831044,3.357,8.442,3.524,0.078,-0.068,-0.019,2352,0
3831064,3.469,8.44,3.515,0.037,-0.062,-0.027,2352,0
3831084,3.481,8.432,3.584,0.005,-0.044,-0.036,2352,0
3831104,3.443,8.339,3.575,0.006,-0.033,-0.037,2352,0
3831124,3.383,8.301,3.596,0.041,-0.023,-0.034,2351,0
3831144,3.33,8.396,3.615,0.066,-0.01,-0.039,2352,0
3831164,3.321,8.502,3.721,0.073,-0.011,-0.031,2352,0
3831184,3.314,8.605,3.716,0.068,-0.025,-0.019,2352,0
3831204,3.259,8.562,3.639,0.029,-0.032,-0.013,2352,0
3831224,3.28,8.404,3.63,0.026,-0.028,-0.013,2353,0
3831244,3.359,8.365,3.711,0.059,-0.018,-0.012,2352,0
3831264,3.359,8.396,3.718,0.075,-0.014,-0.011,2352,0
3831284,3.306,8.444,3.697,0.055,-0.023,-0.02,2351,0
3831304,3.263,8.442,3.742,0.033,-0.026,-0.03,2351,0
3831324,3.266,8.399,3.838,0.049,-0.028,-0.029,2352,0
3831344,3.299,8.485,3.809,0.074,-0.037,-0.024,2351,0
3831364,3.266,8.454,3.778,0.083,-0.045,-0.019,2351,0
3831384,3.199,8.59,3.68,0.101,-0.046,-0.01,2353,0
3831404,3.17,8.638,3.575,0.085,-0.039,0.003,2352,0
3831424,3.249,8.581,3.587,0.044,-0.036,0.002,2352,0
3831444,3.302,8.447,3.658,0.031,-0.033,0.0,2350,0
3831464,3.326,8.435,3.721,0.04,-0.035,-0.007,2350,0
3831484,3.328,8.411,3.716,0.047,-0.044,-0.002,2352,0
3831504,3.333,8.44,3.701,0.05,-0.047,-0.005,2351,0
3831524,3.314,8.459,3.637,0.043,-0.043,-0.012,2352,0
3831544,3.254,8.437,3.663,0.064,-0.048,-0.01,2352,0
3831564,3.254,8.442,3.577,0.119,-0.05,-0.008,2350,0
3831584,3.292,8.49,3.577,0.078,-0.067,-0.011,2350,0
3831604,3.385,8.356,3.589,0.041,-0.049,-0.017,2351,0
3831624,3.364,8.38,3.618,0.056,-0.031,-0.012,2349,0
3831644,3.297,8.375,3.575,0.061,-0.013,-0.013,2350,0
3831664,3.306,8.452,3.539,0.058,-0.017,-0.019,2349,0
3831684,3.292,8.545,3.606,0.038,-0.025,-0.028,2350,0
3831704,3.275,8.588,3.677,0.027,-0.036,-0.033,2350,0
3831724,3.27,8.61,3.706,0.037,-0.046,-0.02,2350,0
3831744,3.33,8.571,3.618,0.046,-0.046,-0.015,2350,0
3831764,3.378,8.588,3.601,0.049,-0.033,-0.011,2350,0
3831784,3.304,8.543,3.718,0.046,-0.024,-0.004,2348,0
3831804,3.208,8.528,3.764,0.058,-0.032,0.004,2349,0
3831824,3.218,8.483,3.689,0.052,-0.049,-0.001,2349,0
3831844,3.287,8.492,3.579,0.043,-0.05,-0.015,2351,0
3831864,3.321,8.499,3.496,0.036,-0.031,-0.015,2351,0
3831884,3.333,8.461,3.505,0.046,-0.007,-0.013,2350,0
3831904,3.287,8.404,3.536,0.071,0.019,-0.01,2350,0
3831924,3.187,8.42,3.498,0.075,0.039,-0.017,2351,0
3831944,3.122,8.464,3.642,0.05,0.019,-0.031,2350,0
3831964,3.057,8.535,3.711,0.016,-0.014,-0.025,2351,0
3831984,3.129,8.492,3.689,0.003,-0.037,-0.025,2350,0
3832004,3.251,8.485,3.654,0.024,-0.036,-0.035,2351,0
3832024,3.299,8.595,3.651,0.058,-0.03,-0.027,2350,0
3832044,3.292,8.72,3.67,0.062,-0.033,-0.013,2351,0
3832064,3.27,8.727,3.608,0.03,-0.033,-0.001,2350,0
3832084,3.199,8.645,3.62,0.014,-0.024,0.014,2351,0
3832104,3.235,8.459,3.661,0.028,-0.017,0.021,2351,0
3832124,3.297,8.399,3.73,0.06,-0.018,0.019,2351,0
3832144,3.285,8.49,3.733,0.058,-0.036,0.0,2351,0
3832164,3.215,8.538,3.651,0.02,-0.047,-0.009,2351,0
3832184,3.168,8.48,3.524,0.015,-0.04,-0.005,2351,0
3832204,3.27,8.392,3.452,0.03,-0.01,0.011,2350,0
3832224,3.309,8.31,3.522,0.053,0.021,0.006,2351,0
3832244,3.215,8.392,3.587,0.052,0.031,-0.019,2351,0
3832264,3.065,8.389,3.632,0.027,0.023,-0.037,2350,0
3832284,3.055,8.428,3.761,0.054,0.005,-0.022,2352,0
3832304,3.141,8.509,3.807,0.057,-0.01,-0.015,2351,0
3832324,3.187,8.545,3.857,0.037,-0.033,-0.022,2350,0
3832344,3.199,8.574,3.812,0.027,-0.047,-0.022,2350,0
3832364,3.213,8.531,3.709,0.045,-0.051,-0.01,2347,0
3832384,3.225,8.559,3.656,0.062,-0.048,0.001,2349,0
3832404,3.227,8.598,3.656,0.05,-0.042,0.003,2349,0
3832424,3.199,8.586,3.634,0.034,-0.039,0.003,2351,0
3832444,3.179,8.54,3.589,0.02,-0.037,0.004,2351,0
3832464,3.259,8.456,3.563,0.013,-0.027,-0.002,2351,0
3832484,3.294,8.428,3.668,0.025,-0.012,-0.006,2351,0
3832504,3.225,8.449,3.721,0.043,-0.01,0.001,2351,0
3832524,3.108,8.461,3.742,0.045,-0.026,0.006,2352,0
3832544,3.134,8.44,3.627,0.044,-0.039,-0.004,2352,0
3832564,3.177,8.504,3.646,0.057,-0.044,-0.007,2352,0
3832584,3.249,8.514,3.644,0.05,-0.044,-0.007,2352,0
3832604,3.208,8.535,3.646,0.047,-0.042,-0.01,2351,0
3832624,3.153,8.516,3.575,0.033,-0.04,-0.005,2350,0
3832644,3.215,8.454,3.565,0.026,-0.029,-0.009,2352,0
3832664,3.256,8.452,3.668,0.048,-0.011,-0.011,2351,0
3832684,3.191,8.528,3.78,0.06,-0.016,-0.002,2351,0
3832704,3.089,8.554,3.761,0.032,-0.035,-0.008,2351,0
3832724,3.124,8.444,3.67,0.016,-0.054,-0.015,2351,0
3832744,3.215,8.404,3.625,0.041,-0.045,-0.018,2352,0
3832764,3.22,8.495,3.642,0.055,-0.022,-0.019,2351,0
3832784,3.16,8.528,3.675,0.052,-0.016,-0.015,2351,0
3832804,3.103,8.54,3.721,0.047,-0.033,-0.014,2351,0
3832824,3.139,8.545,3.687,0.028,-0.051,-0.021,2351,0
3832844,3.189,8.552,3.721,0.045,-0.05,-0.017,2350,0
3832864,3.177,8.55,3.687,0.065,-0.044,0.002,2351,0
3832884,3.22,8.531,3.632,0.05,-0.042,0.007,2351,0
3832904,3.261,8.459,3.618,0.026,-0.031,-0.007,2351,0
3832924,3.218,8.471,3.716,0.024,-0.029,-0.015,2349,0
3832944,3.151,8.495,3.771,0.041,-0.037,-0.012,2350,0
3832964,3.079,8.509,3.764,0.046,-0.048,-0.005,2351,0
3832984,3.122,8.473,3.67,0.044,-0.058,-0.002,2351,0
3833004,3.194,8.442,3.601,0.033,-0.055,-0.012,2350,0
3833024,3.182,8.42,3.63,0.04,-0.049,-0.018,2351,0
3833044,3.129,8.511,3.634,0.067,-0.046,-0.02,2351,0
3833064,3.136,8.593,3.587,0.059,-0.051,-0.016,2352,0
3833084,3.199,8.586,3.613,0.037,-0.051,-0.015,2351,0
3833104,3.201,8.586,3.632,0.038,-0.044,-0.013,2350,0
3833124,3.158,8.562,3.658,0.039,-0.039,-0.008,2351,0
3833144,3.244,8.464,3.661,0.035,-0.042,-0.007,2351,0
3833164,3.326,8.404,3.618,0.034,-0.035,-0.023,2350,0
3833184,3.304,8.432,3.613,0.007,-0.016,-0.061,2351,0
3833204,3.175,8.349,3.668,0.003,-0.006,-0.087,2352,0
3833224,3.0,8.492,3.716,0.058,-0.019,-0.065,2352,0
3833244,3.007,8.662,3.666,0.07,-0.038,-0.021,2351,0
3833264,3.074,8.645,3.577,0.055,-0.045,-0.007,2353,0
3833284,3.112,8.593,3.548,0.047,-0.038,0.002,2352,0
3833304,3.108,8.475,3.493,0.052,-0.021,0.011,2351,0
3833324,3.108,8.464,3.56,0.061,-0.008,-0.001,2351,0
3833344,3.153,8.475,3.67,0.051,-0.013,-0.012,2352,0
3833364,3.1,8.545,3.711,0.039,-0.023,-0.025,2351,0
3833384,3.067,8.648,3.711,0.034,-0.033,-0.027,2351,0
3833404,3.103,8.629,3.735,0.035,-0.029,-0.011,2352,0
3833424,3.11,8.557,3.766,0.061,-0.031,-0.003,2352,0
3833444,3.091,8.602,3.776,0.074,-0.047,0.005,2352,0
3833464,3.103,8.636,3.709,0.06,-0.063,0.003,2352,0
3833484,3.168,8.6,3.661,0.046,-0.059,0.005,2351,0
3833504,3.187,8.538,3.701,0.05,-0.044,0.008,2352,0
3833524,3.148,8.459,3.757,0.054,-0.045,0.006,2351,0
3833544,3.148,8.418,3.646,0.038,-0.056,-0.005,2351,0
3833564,3.182,8.44,3.601,0.03,-0.053,-0.023,2351,0
3833584,3.098,8.552,3.548,0.034,-0.042,-0.031,2351,0
3833604,3.06,8.614,3.603,0.031,-0.036,-0.02,2351,0
3833624,3.045,8.571,3.685,0.044,-0.038,-0.011,2352,0
3833644,3.081,8.547,3.637,0.066,-0.046,-0.001,2351,0
3833664,3.141,8.605,3.622,0.067,-0.052,0.001,2351,0
3833684,3.165,8.617,3.594,0.035,-0.049,-0.001,2351,0
3833704,3.153,8.495,3.639,0.03,-0.038,-0.002,2352,0
3833724,3.172,8.48,3.704,0.052,-0.038,-0.006,2352,0
3833744,3.16,8.605,3.675,0.053,-0.044,-0.01,2353,0
3833764,3.086,8.693,3.711,0.036,-0.052,-0.006,2352,0
3833784,3.021,8.698,3.618,0.021,-0.057,0.007,2351,0
3833804,3.122,8.576,3.563,0.016,-0.052,0.017,2352,0
3833824,3.278,8.483,3.493,0.026,-0.034,0.011,2352,0
3833844,3.311,8.54,3.508,0.017,-0.01,-0.002,2351,0
3833864,3.158,8.626,3.613,0.006,-0.001,-0.006,2351,0
3833884,3.019,8.71,3.725,-0.003,-0.008,0.008,2351,0
3833904,2.986,8.523,3.847,0.002,-0.022,0.022,2352,0
3833924,3.084,8.406,3.893,0.045,-0.049,0.025,2351,0
3833944,3.194,8.396,3.73,0.062,-0.071,0.02,2351,0
3833964,3.218,8.401,3.606,0.05,-0.074,0.006,2352,0
3833984,3.156,8.43,3.534,0.046,-0.06,-0.0,2353,0
3834004,3.108,8.485,3.577,0.039,-0.047,-0.003,2351,0
3834024,3.172,8.468,3.661,0.033,-0.043,-0.012,2351,0
3834044,3.139,8.528,3.646,0.06,-0.041,-0.006,2352,0
3834064,3.098,8.614,3.558,0.054,-0.048,-0.002,2354,0
3834084,3.117,8.605,3.546,0.03,-0.046,0.001,2352,0
3834104,3.187,8.535,3.627,0.028,-0.036,0.003,2354,0
3834124,3.175,8.514,3.725,0.037,-0.029,0.006,2352,0
3834144,3.091,8.487,3.735,0.046,-0.038,0.002,2352,0
3834164,3.122,8.471,3.656,0.048,-0.053,-0.0,2352,0
3834184,3.184,8.475,3.646,0.052,-0.052,-0.005,2351,0
3834204,3.199,8.538,3.63,0.06,-0.049,-0.005,2351,0
3834224,3.144,8.598,3.618,0.049,-0.045,0.003,2352,0
3834244,3.148,8.485,3.613,0.023,-0.047,0.004,2352,0
3834264,3.211,8.389,3.613,0.024,-0.048,-0.007,2352,0
3834284,3.189,8.432,3.682,0.036,-0.039,-0.012,2352,0
3834304,3.139,8.519,3.666,0.05,-0.042,-0.012,2352,0
3834324,3.112,8.619,3.553,0.039,-0.044,-0.014,2352,0
3834344,3.215,8.578,3.484,0.013,-0.036,-0.013,2351,0
3834364,3.328,8.521,3.522,0.001,-0.013,-0.015,2351,0
3834384,3.208,8.566,3.658,0.021,0.002,-0.012,2351,0
3834404,3.168,8.55,3.713,0.031,-0.012,-0.001,2351,0
3834424,3.165,8.545,3.677,0.025,-0.022,-0.006,2352,0
3834444,3.086,8.504,3.745,0.03,-0.026,-0.008,2350,0
3834464,2.978,8.435,3.745,0.054,-0.029,0.004,2352,0
3834484,3.06,8.473,3.639,0.061,-0.041,0.001,2350,0
3834504,3.191,8.413,3.644,0.044,-0.042,-0.01,2351,0
3834524,3.196,8.459,3.701,0.056,-0.038,-0.016,2351,0
3834544,3.098,8.6,3.68,0.059,-0.034,-0.01,2350,0
3834564,3.038,8.581,3.701,0.05,-0.042,-0.007,2350,0
3834584,3.048,8.557,3.682,0.062,-0.047,-0.005,2350,0
3834604,3.117,8.581,3.654,0.07,-0.05,-0.003,2351,0
3834624,3.177,8.605,3.656,0.046,-0.045,-0.004,2351,0
3834644,3.132,8.545,3.682,0.03,-0.037,-0.003,2351,0
3834664,3.124,8.49,3.663,0.038,-0.035,-0.002,2351,0
3834684,3.151,8.528,3.632,0.042,-0.033,-0.005,2351,0
3834704,3.22,8.538,3.615,0.019,-0.029,-0.009,2350,0
3834724,3.232,8.466,3.622,0.013,-0.021,-0.008,2350,0
3834744,3.201,8.459,3.661,0.031,-0.02,-0.01,2350,0
3834764,3.153,8.559,3.706,0.039,-0.022,-0.009,2350,0
3834784,3.129,8.545,3.771,0.031,-0.03,-0.009,2351,0
3834804,3.115,8.531,3.78,0.051,-0.041,-0.004,2351,0
3834824,3.086,8.593,3.699,0.057,-0.054,-0.001,2350,0
3834844,3.108,8.574,3.639,0.045,-0.059,0.003,2351,0
3834864,3.165,8.502,3.587,0.056,-0.052,0.005,2349,0
3834884,3.168,8.521,3.608,0.07,-0.044,0.014,2350,0
3834904,3.115,8.502,3.582,0.053,-0.042,0.007,2351,0
3834924,3.091,8.499,3.553,0.041,-0.04,0.001,2350,0
3834944,3.105,8.459,3.565,0.038,-0.027,0.001,2351,0
3834964,3.1,8.42,3.651,0.048,-0.018,-0.003,2350,0
3834984,3.124,8.454,3.692,0.05,-0.029,-0.01,2351,0
3835004,3.091,8.531,3.701,0.038,-0.035,-0.017,2350,0
3835024,3.086,8.531,3.718,0.03,-0.042,-0.014,2351,0
3835044,3.148,8.485,3.675,0.052,-0.044,-0.003,2351,0
3835064,3.237,8.468,3.646,0.06,-0.042,-0.006,2351,0
3835084,3.191,8.473,3.661,0.06,-0.041,-0.019,2350,0
3835104,3.141,8.564,3.656,0.052,-0.047,-0.016,2351,0
3835124,3.048,8.547,3.598,0.047,-0.047,-0.006,2349,0
3835144,3.129,8.485,3.618,0.047,-0.047,-0.012,2350,0
3835164,3.182,8.492,3.565,0.06,-0.041,-0.02,2352,0
3835184,3.184,8.617,3.63,0.056,-0.037,-0.021,2352,0
3835204,3.146,8.581,3.642,0.037,-0.037,-0.014,2351,0
3835224,3.168,8.507,3.596,0.036,-0.038,-0.016,2351,0
3835244,3.182,8.514,3.639,0.029,-0.03,-0.027,2351,0
3835264,3.117,8.552,3.68,0.045,-0.028,-0.028,2352,0
3835284,3.065,8.686,3.625,0.059,-0.034,-0.018,2351,0
3835304,3.065,8.693,3.587,0.027,-0.038,-0.011,2351,0
3835324,3.127,8.583,3.575,0.017,-0.033,-0.012,2352,0
3835344,3.158,8.59,3.658,0.044,-0.023,0.001,2351,0
3835364,3.144,8.566,3.646,0.054,-0.025,0.01,2350,0
3835384,3.093,8.547,3.603,0.04,-0.031,0.002,2350,0
3835404,3.1,8.509,3.587,0.027,-0.033,-0.005,2351,0
3835424,3.124,8.521,3.61,0.038,-0.03,-0.008,2350,0
3835444,3.153,8.54,3.661,0.044,-0.025,-0.004,2350,0
3835464,3.096,8.521,3.673,0.049,-0.024,-0.002,2351,0
3835484,3.072,8.516,3.642,0.049,-0.032,-0.006,2351,0
3835504,3.057,8.521,3.598,0.047,-0.034,-0.011,2351,0
3835524,3.086,8.571,3.565,0.048,-0.036,-0.008,2351,0
3835544,3.146,8.538,3.551,0.03,-0.03,-0.004,2351,0
3835564,3.148,8.502,3.572,0.032,-0.021,-0.017,2350,0
3835584,3.122,8.581,3.625,0.035,-0.018,-0.018,2351,0
3835604,3.12,8.562,3.735,0.037,-0.014,-0.009,2350,0
3835624,3.136,8.521,3.773,0.061,-0.019,-0.002,2350,0
3835644,3.144,8.583,3.74,0.071,-0.029,0.001,2351,0
3835664,3.16,8.602,3.658,0.047,-0.039,-0.006,2351,0
3835684,3.156,8.588,3.613,0.037,-0.037,-0.006,2350,0
3835704,3.115,8.61,3.603,0.044,-0.025,0.003,2351,0
3835724,3.089,8.595,3.658,0.034,-0.017,0.011,2352,0
3835744,3.136,8.49,3.74,0.023,-0.019,0.01,2351,0
3835764,3.086,8.444,3.778,0.039,-0.023,-0.002,2350,0
3835784,3.036,8.559,3.745,0.051,-0.04,-0.003,2350,0
3835804,3.05,8.605,3.682,0.039,-0.049,0.002,2352,0
3835824,3.057,8.557,3.637,0.027,-0.043,0.003,2351,0
3835844,3.029,8.473,3.598,0.042,-0.04,0.009,2350,0
3835864,3.05,8.452,3.582,0.054,-0.038,0.001,2351,0
3835884,3.124,8.49,3.584,0.037,-0.028,-0.013,2352,0
3835904,3.105,8.497,3.658,0.027,-0.02,-0.019,2351,0
3835924,3.038,8.497,3.709,0.033,-0.029,-0.013,2351,0
3835944,3.043,8.495,3.658,0.035,-0.044,-0.009,2350,0
3835964,3.168,8.416,3.637,0.032,-0.045,-0.024,2350,0
3835984,3.227,8.511,3.594,0.046,-0.036,-0.039,2352,0
3836004,3.112,8.736,3.591,0.036,-0.032,-0.033,2351,0
3836024,3.055,8.679,3.563,0.008,-0.035,-0.017,2351,0
3836044,3.129,8.535,3.577,0.015,-0.029,-0.011,2351,0
3836064,3.215,8.514,3.639,0.046,-0.018,-0.012,2351,0
3836084,3.168,8.543,3.68,0.044,-0.017,-0.018,2350,0
3836104,3.156,8.416,3.694,0.089,-0.023,-0.008,2350,0
3836124,3.072,8.633,3.661,0.138,-0.007,0.005,2349,0
3836144,3.06,8.751,3.615,0.083,-0.019,-0.003,2349,0
3836164,3.079,8.722,3.613,0.026,-0.041,-0.004,2350,0
3836184,3.093,8.684,3.644,0.005,-0.049,0.002,2350,0
3836204,3.057,8.588,3.68,0.02,-0.042,0.016,2349,0
3836224,3.05,8.571,3.764,0.052,-0.036,0.025,2348,0
3836244,3.033,8.571,3.79,0.048,-0.043,0.024,2349,0
3836264,3.026,8.54,3.733,0.026,-0.059,0.013,2349,0
3836284,3.057,8.495,3.661,0.013,-0.063,0.009,2349,0
3836304,3.065,8.394,3.666,0.006,-0.05,0.009,2349,0
3836324,3.031,8.301,3.783,0.024,-0.04,-0.002,2348,0
3836344,2.966,8.416,3.869,0.046,-0.052,-0.012,2350,0
3836364,2.954,8.499,3.828,0.037,-0.078,-0.019,2349,0
3836384,3.026,8.535,3.768,0.038,-0.095,-0.023,2350,0
3836404,3.067,8.578,3.745,0.051,-0.096,-0.023,2350,0
3836424,3.108,8.59,3.728,0.058,-0.099,-0.024,2348,0
3836444,3.201,8.619,3.658,0.068,-0.116,-0.035,2349,0
3836464,3.27,8.729,3.536,0.073,-0.123,-0.043,2349,0
3836484,3.34,8.691,3.476,0.063,-0.121,-0.031,2347,0
3836504,3.349,8.679,3.484,0.068,-0.113,-0.031,2349,0
3836524,3.546,8.748,3.481,0.071,-0.111,-0.057,2349,0
3836544,3.575,8.988,3.371,0.08,-0.103,-0.102,2348,0
3836564,3.627,9.294,3.254,0.07,-0.112,-0.111,2349,0
3836584,3.924,9.498,3.045,0.066,-0.124,-0.119,2350,0
3836604,4.314,9.661,2.715,0.108,-0.152,-0.135,2348,0
3836624,4.585,9.838,2.14,0.228,-0.19,-0.144,2348,0
3836644,4.939,9.969,1.343,0.398,-0.23,-0.132,2348,0
3836664,5.011,9.883,0.543,0.577,-0.318,-0.152,2349,0
3836684,4.571,10.527,-0.692,0.672,-0.397,-0.211,2348,0
3836704,4.417,10.903,-2.538,0.713,-0.488,-0.297,2352,0
3836724,3.773,10.755,-4.149,0.779,-0.643,-0.301,2358,0
3836744,3.903,11.885,-6.876,0.615,-0.661,-0.106,2375,0
3836764,3.637,12.318,-9.002,0.24,-0.496,0.237,2395,0
3836784,3.251,12.28,-11.226,0.326,0.308,0.521,2440,0
3836804,4.156,13.211,-12.033,0.775,1.763,0.665,2510,0
3836824,3.613,13.755,-12.787,0.798,3.431,0.59,2544,0
3836844,-0.254,13.039,-11.38,0.524,4.954,0.643,2535,0
3836864,-4.087,11.315,-9.438,0.313,5.937,0.804,2503,0
3836884,-6.598,10.07,-4.379,-0.005,6.462,0.972,2478,0
3836904,-10.015,9.079,0.579,-0.474,6.481,1.111,2439,0
3836924,-11.712,8.195,5.497,-0.819,6.484,1.281,2400,0
3836944,-12.711,6.905,9.1,-0.066,6.383,1.736,2351,0
3836964,-11.382,7.884,13.048,0.213,5.487,1.511,2317,0
3836984,-9.505,6.469,14.703,-0.345,3.743,1.205,2301,0
3837004,-7.238,5.727,14.576,-0.642,2.273,1.317,2298,0
3837024,-5.708,4.614,12.677,-0.584,1.608,1.503,2298,0
3837044,-4.606,3.45,11.013,-0.17,1.398,1.22,2299,0
3837064,-3.44,3.989,10.245,0.105,1.242,0.729,2298,0
3837084,-2.883,5.121,9.761,0.017,1.06,0.456,2298,0
3837104,-2.471,5.856,9.349,-0.362,0.803,0.33,2521,0
3837124,-2.15,6.053,9.436,-0.798,0.623,0.167,2296,0
3837144,-1.98,5.854,9.917,-1.071,0.499,-0.077,2295,0
3837164,-1.547,5.284,9.919,-0.82,0.352,-0.252,2293,0
3837184,-1.312,5.504,9.258,-0.091,0.286,-0.233,2295,0
3837204,-1.245,6.744,8.775,0.51,0.156,-0.114,2297,0
3837224,-0.876,8.009,8.124,0.524,-0.083,-0.118,2300,0
3837244,-0.546,8.325,7.578,0.204,-0.281,-0.237,2300,0
3837264,-0.417,8.55,7.156,0.009,-0.414,-0.334,2301,0
3837284,-0.065,8.696,6.924,-0.031,-0.524,-0.293,2303,0
3837304,0.254,8.648,6.785,0.068,-0.58,-0.144,2308,0
3837324,0.318,8.641,6.591,0.204,-0.614,-0.038,2310,0
3837344,0.318,8.825,6.22,0.107,-0.692,-0.024,2315,0
3837364,0.484,8.669,5.739,-0.087,-0.729,-0.038,2318,0
3837384,0.958,8.274,5.31,-0.209,-0.733,-0.077,2317,0
3837404,1.161,8.169,4.817,-0.153,-0.682,-0.072,2317,0
3837424,1.018,8.183,4.448,-0.008,-0.573,-0.008,2317,0
3837444,1.525,8.248,4.29,0.102,-0.468,0.04,2318,0
3837464,1.614,8.234,4.365,0.205,-0.305,0.057,2320,0
