4280383,2.995,-2.212,9.002,2.728,-0.189,-0.269,3110,0
4280403,2.495,-1.372,9.39,3.363,0.083,-0.426,3054,0
4280423,2.519,-1.044,9.467,4.196,0.182,-0.674,2973,0
4280443,1.36,1.554,8.466,4.744,0.002,-0.527,2897,0
4280463,1.721,3.63,7.41,5.009,-0.047,-0.361,2799,0
4280483,1.001,3.51,6.653,5.152,-0.12,-0.132,2702,0
4280503,1.398,5.435,6.828,5.249,-0.184,0.012,2600,0
4280523,1.877,5.923,5.54,5.099,-0.398,0.042,2534,0
4280543,2.061,7.8,5.717,4.322,-0.613,0.195,2515,0
4280563,2.816,7.053,4.611,3.707,-0.617,0.129,2479,0
4280583,2.756,7.626,5.636,3.302,-0.466,0.317,2448,0
4280603,3.46,7.432,4.652,3.08,-0.5,0.137,2417,0
4280623,2.193,7.199,4.247,3.39,-0.44,0.276,2378,0
4280643,2.21,8.174,4.525,3.691,-0.334,0.179,2354,0
4280663,1.228,8.145,2.978,3.712,-0.56,0.181,2345,0
4280683,1.092,9.122,1.721,3.651,-0.606,0.189,2337,0
4280703,1.477,10.855,0.852,2.963,-0.813,0.28,2332,0
4280724,2.459,10.807,0.548,1.503,-0.958,0.176,2332,0
4280743,3.95,9.893,0.208,0.332,-0.941,0.0,2332,0
4280763,5.1,8.971,0.053,-0.147,-0.714,-0.138,2340,0
4280783,5.593,8.887,0.093,-0.021,-0.251,-0.206,2345,0
4280803,5.102,9.239,1.288,0.225,0.198,-0.269,2346,0
4280823,4.152,9.869,1.93,0.461,0.402,-0.301,2346,0
4280843,3.417,10.781,2.09,0.528,0.319,-0.258,2347,0
4280863,3.132,11.428,1.719,0.379,0.095,-0.147,2350,0
4280884,3.182,11.552,1.568,0.042,-0.102,-0.031,2353,0
4280903,3.349,10.772,1.259,-0.213,-0.199,0.056,2359,0
4280923,3.498,9.876,0.943,-0.189,-0.202,0.137,2364,0
4280943,3.598,9.416,0.654,0.011,-0.112,0.225,2368,0
4280963,3.417,9.369,0.828,0.15,0.026,0.27,2372,0
4280983,3.199,9.21,0.974,0.142,0.074,0.245,2373,0
4281003,3.069,9.115,0.996,0.064,0.046,0.22,2376,0
4281023,3.139,8.911,1.214,-0.005,0.004,0.209,2382,0
4281043,3.179,8.765,1.444,-0.029,-0.006,0.17,2382,0
4281063,3.213,8.667,1.408,0.018,-0.032,0.139,2384,0
4281083,3.251,8.602,1.168,0.119,-0.06,0.14,2386,0
4281103,3.388,8.835,1.135,0.199,-0.056,0.157,2389,0
4281123,3.484,8.959,1.259,0.127,-0.025,0.147,2390,0
4281143,3.484,8.806,1.427,0.045,-0.029,0.103,2391,0
4281163,3.531,8.782,1.346,0.075,-0.049,0.069,2392,0
4281183,3.587,8.849,1.19,0.12,-0.06,0.064,2396,0
4281203,3.651,8.995,1.161,0.102,-0.034,0.048,2399,0
4281223,3.51,8.993,1.24,0.048,0.001,0.011,2401,0
4281243,3.395,8.923,1.176,0.054,-0.01,-0.002,2402,0
4281263,3.505,9.014,1.02,0.094,-0.029,0.014,2402,0
4281283,3.531,9.108,0.994,0.08,0.007,0.007,2403,0
4281303,3.462,9.096,1.113,0.037,0.041,-0.031,2403,0
4281323,3.443,9.074,1.219,0.045,0.042,-0.041,2404,0
4281343,3.529,9.093,1.097,0.082,0.034,-0.029,2406,0
4281363,3.677,9.199,1.144,0.073,0.056,-0.023,2408,0
4281383,3.589,9.266,1.446,-0.009,0.082,-0.033,2410,0
4281403,3.512,9.165,1.671,-0.046,0.052,-0.04,2411,0
4281423,3.546,9.175,1.652,0.001,-0.011,-0.029,2412,0
4281443,3.548,9.251,1.472,0.029,-0.044,-0.018,2411,0
4281463,3.61,9.256,1.35,0.01,-0.055,-0.02,2415,0
4281484,3.61,9.208,1.252,0.006,-0.051,-0.02,2415,0
4281504,3.546,9.244,1.101,0.021,-0.041,-0.015,2416,0
4281523,3.445,9.278,0.941,0.01,-0.029,-0.005,2417,0
4281543,3.304,9.335,1.039,-0.009,-0.007,0.011,2417,0
4281563,3.168,9.342,1.142,-0.019,0.002,0.028,2418,0
4281583,3.146,9.428,1.104,-0.05,-0.011,0.055,2421,0
4281603,3.402,9.196,1.118,-0.141,-0.032,0.073,2424,0
4281623,3.505,8.957,1.372,-0.172,0.004,0.075,2424,0
4281643,3.385,8.487,1.712,-0.103,0.02,0.082,2425,0
4281663,3.328,8.248,1.863,0.16,0.019,0.092,2426,0
4281683,3.292,8.425,1.836,0.403,0.016,0.084,2425,0
4281703,3.347,8.698,1.671,0.468,-0.001,0.046,2426,0
4281723,3.268,9.89,1.456,0.243,-0.09,0.028,2424,0
4281743,2.875,11.698,1.144,-0.763,-0.353,0.005,2427,0
4281763,3.163,11.023,1.168,-2.207,-0.638,-0.074,2425,0
4281783,3.8,8.758,1.817,-2.904,-0.737,-0.25,2431,0
4281803,4.271,6.981,2.358,-2.671,-0.622,-0.366,2433,0
4281823,4.384,6.476,2.959,-1.461,-0.344,-0.295,2432,0
4281843,4.357,6.946,2.895,-0.017,-0.033,-0.162,2431,0
4281863,4.032,7.831,2.612,1.065,0.253,-0.051,2431,0
4281883,3.541,8.674,2.385,1.525,0.432,-0.053,2432,0
4281903,2.998,9.268,2.373,1.475,0.43,-0.067,2429,0
4281924,2.732,9.615,2.44,1.227,0.214,0.021,2430,0
4281943,2.883,8.878,2.758,1.126,-0.01,0.156,2431,0
4281963,3.496,7.345,2.682,1.505,-0.086,0.223,2432,0
4281983,3.879,5.701,2.428,2.843,0.106,0.208,2434,0
4282003,4.068,3.575,2.322,5.039,0.365,0.192,2446,0
4282023,4.094,2.667,-1.353,8.056,0.739,0.436,2458,0
4282043,4.65,5.392,-4.884,8.731,1.269,0.974,3280,0
4282063,3.845,9.105,-6.732,8.731,1.129,1.557,2444,0
4282083,0.862,14.365,-7.707,8.731,-0.0,1.878,2414,0
4282103,1.403,19.166,-7.525,4.18,-1.72,1.92,2404,0
4282123,4.702,6.127,-12.634,-0.504,-1.407,0.986,2415,0
4282143,5.825,1.98,-10.518,-0.673,-0.542,0.312,2416,0
4282163,4.384,4.458,-9.764,0.012,0.161,-0.0,2409,0
4282183,3.438,5.018,-8.14,-0.787,0.024,-0.001,2409,0
4282203,4.168,4.908,-6.812,-1.141,-0.129,-0.021,2406,0
4282223,4.104,2.875,-7.271,-1.04,-0.327,0.04,2408,0
4282243,4.719,4.336,-6.127,-0.408,-0.248,-0.043,2410,0
4282263,3.982,4.331,-7.578,-0.272,-0.29,-0.149,2410,0
4282283,3.991,6.591,-7.309,-0.729,-0.277,-0.262,2415,0
4282303,3.74,8.449,-8.507,-1.73,-0.223,-0.549,2419,0
4282324,3.259,8.689,-8.631,-3.356,-0.358,-0.436,2428,0
4282343,3.005,11.459,-7.992,-4.456,-0.602,-0.035,2434,0
4282363,2.167,15.749,-9.313,-7.301,-1.211,0.799,2441,0
4282383,3.713,15.584,-11.631,-8.731,-1.183,0.935,2457,0
4282403,4.489,8.811,-12.392,-8.731,-0.985,0.532,2468,0
4282423,5.217,6.634,-8.241,-8.731,-1.034,0.951,2466,0
4282443,5.171,3.637,-3.807,-8.731,-0.663,1.019,2456,0
4282463,4.669,-1.104,1.197,-8.731,-0.329,1.187,2448,0
4282483,5.203,-2.727,6.27,-6.063,0.177,0.801,2436,0
4282503,4.221,-1.032,8.028,-1.963,0.1,0.493,2432,0
4282524,4.52,2.294,7.53,0.691,0.268,0.409,2426,0
4282543,4.436,4.482,6.476,1.489,0.296,0.385,2423,0
4282563,4.314,6.323,6.172,0.862,0.184,0.298,2421,0
4282583,4.662,6.361,5.914,-0.204,-0.065,0.249,2417,0
4282603,4.958,5.121,5.938,-0.678,-0.122,0.264,2417,0
4282623,5.255,3.752,6.316,-0.315,0.029,0.178,2418,0
4282643,5.162,3.917,6.622,0.452,0.206,0.072,2416,0
4282663,4.889,4.59,6.692,0.924,0.282,-0.002,2416,0
4282683,4.786,5.169,6.814,1.05,0.223,-0.01,2415,0
4282703,4.709,6.658,6.905,0.874,0.047,0.005,2415,0
4282723,4.899,7.183,6.656,0.133,-0.081,-0.053,2417,0
4282743,4.8,7.092,7.149,-0.611,-0.155,-0.126,2416,0
4282763,4.681,5.425,7.4,-1.192,-0.211,-0.241,2416,0
4282783,4.389,2.734,8.447,-0.612,-0.234,-0.385,2415,0
4282803,4.199,0.915,8.772,0.999,-0.216,-0.489,2415,0
4282823,4.118,0.06,8.023,3.391,-0.091,-0.502,2415,0
4282843,4.355,-2.54,6.079,6.587,0.19,-0.544,2428,0
4282863,5.095,-5.643,2.449,8.731,0.694,-0.571,2449,0
4282883,6.495,-4.587,-6.61,8.731,1.796,-0.31,2470,0
4282903,5.878,3.436,-13.561,8.731,2.824,0.803,4095,0
4282923,2.94,13.549,-13.194,8.731,1.972,1.868,2434,0
4282944,-0.316,22.678,-7.76,8.731,-0.94,2.102,2399,0
4282963,-1.346,20.288,-6.989,1.11,-3.289,1.761,2387,0
4282983,4.566,2.363,-13.269,-3.143,-2.977,1.165,2419,0
4283003,5.533,-3.709,-11.643,-1.306,-1.793,0.544,2433,0
4283023,3.867,-0.103,-12.565,1.979,-0.691,0.212,2424,0
4283043,3.105,6.12,-12.158,2.261,-0.172,0.199,2416,0
4283063,2.945,6.608,-10.621,0.036,-0.295,0.221,2412,0
4283083,3.821,3.598,-10.353,-0.983,-0.402,0.26,2412,0
4283103,4.587,1.812,-9.558,-0.472,-0.305,0.268,2412,0
4283123,5.528,2.957,-8.109,0.581,-0.143,0.241,2410,0
4283143,5.327,3.242,-8.26,0.778,-0.132,0.26,2411,0
4283163,4.393,4.432,-8.521,0.689,-0.065,0.116,2410,0
4283183,4.499,4.384,-7.621,0.014,-0.26,0.143,2412,0
4283203,3.443,3.361,-8.363,-0.022,-0.29,0.087,2411,0
4283223,4.312,2.794,-7.678,0.217,-0.365,0.161,2411,0
4283244,3.405,3.213,-9.05,0.663,-0.187,0.149,2411,0
4283263,3.725,4.113,-8.181,0.428,-0.221,0.174,2412,0
4283283,2.851,3.812,-9.079,0.287,-0.201,0.065,2409,0
4283303,4.003,3.378,-8.361,0.075,-0.32,0.127,2408,0
4283323,3.371,3.084,-9.27,0.419,-0.21,0.123,2408,0
4283343,4.039,3.797,-8.408,0.288,-0.266,0.165,2408,0
4283363,3.254,4.053,-9.258,0.326,-0.215,0.069,2409,0
4283383,4.245,3.644,-8.751,0.091,-0.343,0.161,2410,0
4283403,3.565,3.627,-9.761,0.297,-0.248,0.147,2414,0
4283423,4.465,3.464,-9.177,0.017,-0.303,0.199,2416,0
4283444,3.632,3.505,-9.651,0.172,-0.112,0.052,2415,0
4283463,3.996,3.254,-9.05,0.019,-0.145,0.066,2416,0
4283483,3.28,3.847,-9.369,0.316,-0.008,0.019,2415,0
4283503,3.747,3.529,-8.94,-0.007,-0.119,0.119,2415,0
4283523,3.409,3.972,-8.916,0.031,0.02,0.008,2415,0
4283543,3.56,2.923,-8.918,-0.079,-0.09,0.079,2416,0
4283563,3.227,4.082,-9.448,0.158,0.034,0.029,2416,0
4283583,3.685,3.4,-9.433,0.075,-0.004,0.053,2417,0
4283603,3.919,3.45,-9.182,0.12,0.021,0.121,2416,0
4283624,3.893,3.417,-9.002,0.049,0.099,0.109,2416,0
4283643,3.795,2.705,-8.756,0.152,0.132,0.031,2416,0
4283663,3.826,3.021,-8.638,0.565,0.141,0.073,2420,0
4283683,3.778,3.886,-8.485,0.584,0.128,0.154,2420,0
4283703,3.675,4.087,-8.301,0.144,0.033,0.159,2421,0
4283723,3.632,3.694,-8.361,-0.235,-0.06,0.118,2422,0
4283744,3.881,2.768,-8.885,-0.357,-0.075,0.01,2423,0
4283763,4.099,2.263,-8.914,0.013,-0.008,-0.029,2423,0
4283784,4.032,2.957,-8.988,0.282,0.074,0.054,2423,0
4283803,3.826,3.512,-8.72,0.145,0.065,0.067,2421,0
4283823,3.836,3.033,-8.286,-0.086,0.035,-0.063,2420,0
4283843,3.747,2.947,-8.068,0.037,0.019,-0.101,2421,0
4283863,3.618,3.39,-8.088,0.12,-0.056,-0.007,2420,0
4283883,3.721,3.196,-8.301,0.045,-0.138,0.047,2420,0
4283904,3.838,3.077,-8.516,0.069,-0.159,0.024,2421,0
4283923,3.689,3.199,-8.736,0.1,-0.14,-0.015,2421,0
4283943,3.508,3.268,-9.041,0.079,-0.147,-0.039,2422,0
4283963,3.582,3.227,-9.313,0.028,-0.149,-0.03,2422,0
4283983,3.73,2.995,-9.275,0.054,-0.09,-0.019,2424,0
4284003,3.845,3.335,-9.079,0.141,-0.016,-0.014,2423,0
4284023,3.991,3.369,-8.906,0.101,0.017,-0.004,2424,0
4284043,4.092,3.122,-8.765,0.104,-0.005,0.015,2424,0
4284064,4.149,2.6,-8.772,0.223,-0.026,0.014,2423,0
4284083,4.185,1.894,-9.309,0.562,-0.003,-0.018,2423,0
4284103,4.697,1.307,-10.211,1.188,0.023,0.026,2426,0
4284123,4.386,1.384,-11.734,1.815,0.051,0.093,2430,0
4284143,5.277,4.269,-12.115,1.216,-0.112,0.212,2445,0
4284163,6.021,2.84,-13.484,-1.123,-0.462,-0.087,2477,0
4284183,5.959,4.264,-15.718,-3.712,-0.724,-0.919,2518,0
4284203,5.986,11.437,-20.715,-8.323,-0.719,-1.365,4095,0
4284223,6.574,19.46,-31.216,-8.731,-0.192,-0.484,3017,0
4284243,0.254,18.704,-38.298,-8.731,-0.628,1.629,3105,0
4284263,-0.943,3.225,-42.883,-8.731,0.473,2.526,3134,3846
4284283,-3.093,-15.593,-22.683,-8.731,2.483,2.56,3189,4094
4284303,-2.61,-15.397,-5.085,-8.731,3.861,0.831,3198,4095
4284323,-5.377,-9.208,6.366,-8.541,2.757,1.88,3197,4095
4284343,-4.549,-3.697,9.515,-3.719,0.526,3.804,3202,4095
4284363,-1.42,-2.928,7.678,-3.067,-0.224,3.749,3195,4095
4284383,3.294,-10.851,7.877,-3.091,0.561,2.779,3185,4095
4284403,4.501,-11.839,9.737,-0.602,1.522,1.6,3175,4095
4284423,1.999,-3.23,9.349,-0.182,1.351,0.788,3166,4095
4284443,2.224,-4.877,9.227,-1.259,0.436,0.485,3159,4095
4284463,3.666,-3.615,8.124,-0.669,0.031,0.249,3156,4095
4284483,3.089,-0.395,6.689,-0.304,0.475,0.173,3157,4095
4284503,2.569,-1.554,7.597,-0.41,1.071,0.051,3152,4095
4284523,2.03,-0.18,9.141,-0.409,1.071,0.139,3151,4095
4284543,1.422,1.137,9.543,-0.751,0.55,0.156,3149,4095
4284563,2.507,-1.216,9.828,-0.881,0.287,0.086,3148,4095
4284583,3.175,-1.678,9.857,-0.371,0.64,-0.01,3144,4095
4284603,2.586,-0.362,10.254,-0.075,0.912,-0.11,3141,4095
4284623,2.169,0.055,10.597,-0.016,0.674,-0.128,3141,4095
4284643,2.076,1.027,10.415,-0.101,0.272,-0.13,3140,4095
4284663,2.473,0.802,10.01,-0.352,0.089,-0.107,3138,4095
4284683,2.722,0.05,9.833,-0.269,0.339,-0.085,3136,4095
4284703,2.406,0.239,9.991,0.059,0.545,-0.002,3135,4095
4284723,2.102,1.027,9.991,0.07,0.428,0.065,3135,4095
4284744,2.107,0.886,9.977,-0.232,0.19,0.073,3135,4095
4284764,2.222,0.065,10.082,-0.394,0.101,0.097,3136,4095
4284783,2.301,-0.362,10.08,-0.285,0.192,0.091,3133,4095
4284803,2.241,-0.417,10.003,-0.15,0.31,0.058,3131,4095
4284823,2.03,0.034,9.972,-0.076,0.256,0.061,3130,4095
4284844,1.903,-0.01,10.015,-0.185,0.042,0.089,3131,4095
4284863,1.966,-0.311,9.934,-0.181,-0.093,0.098,3127,4095
4284884,1.839,-0.409,9.747,-0.113,-0.023,0.064,3128,4095
4284903,1.681,-0.156,9.792,-0.007,0.035,0.026,3125,4095
4284923,1.669,-0.158,9.732,0.101,-0.02,0.077,3124,4095
4284943,1.717,0.067,9.629,0.19,-0.103,0.139,3122,4095
4284963,1.923,0.01,9.462,0.172,-0.128,0.162,3121,4095
4284983,2.107,-0.517,9.574,0.265,-0.066,0.158,3121,4095
4285003,2.047,-0.733,9.661,0.505,-0.043,0.148,3121,4095
4285023,1.97,-0.692,9.601,0.615,-0.099,0.107,3124,4095
4285043,2.059,-1.101,9.515,0.647,-0.177,-0.002,3120,4095
4285063,2.184,-1.719,9.452,0.793,-0.215,-0.102,3118,4094
4285084,2.456,-2.105,9.301,1.046,-0.234,-0.218,3110,3917
4285103,3.12,-3.991,9.936,1.377,-0.133,-0.302,3097,3596
4285123,3.165,-7.956,12.005,2.633,0.153,-0.54,3070,2918
4285143,2.523,-8.176,12.692,4.701,0.276,-0.822,3020,0
4285163,2.456,-5.085,10.108,6.783,0.282,-0.948,2965,0
4285183,2.088,-5.207,8.859,8.731,0.618,-0.958,2873,0
4285203,0.316,-0.168,4.63,8.731,1.023,-0.432,2703,0
4285223,1.235,4.216,1.293,8.731,0.88,0.022,2559,0
4285243,-0.304,5.715,-3.05,8.731,0.426,0.529,2505,0
4285263,-0.462,9.704,-5.756,8.731,-0.01,0.843,2423,0
4285283,-2.598,13.094,-5.511,8.731,-1.333,0.896,3063,0
4285303,-1.398,14.679,-7.867,5.722,-2.434,0.344,4095,0
4285323,-0.16,13.623,-9.847,1.879,-2.769,0.362,4095,0
4285343,1.219,9.361,-10.757,-0.693,-2.591,0.501,4095,0
4285363,1.597,6.742,-11.346,-1.248,-1.838,0.029,4081,0
4285383,0.273,6.287,-10.032,-1.034,-1.084,-0.232,2878,0
4285403,0.73,9.007,-7.609,-0.995,-0.87,-0.196,2924,0
4285423,0.249,8.059,-7.934,-0.924,-0.544,-0.211,2908,0
4285443,0.867,10.048,-6.797,-0.973,-0.127,-0.203,2850,0
4285463,-0.685,12.732,-7.032,-2.356,-0.194,-0.119,2740,0
4285483,1.063,11.918,-6.78,-3.824,-0.32,0.049,2570,0
4285503,0.857,7.839,-3.926,-4.261,-0.513,0.271,2449,0
4285523,1.219,6.73,-1.872,-3.604,-0.527,0.156,2389,0
4285543,0.639,5.974,-1.448,-2.429,-0.275,0.057,2353,0
4285563,0.524,7.305,-0.634,-1.252,0.076,0.177,2342,0
4285583,0.318,9.61,-0.189,-0.142,0.163,0.374,2328,0
4285603,0.409,10.47,-0.333,-0.347,-0.155,0.759,2323,0
4285623,2.433,11.032,-0.682,-0.74,-0.251,0.759,2320,0
4285643,2.66,9.84,-0.45,-1.106,-0.151,0.463,2310,0
4285663,4.697,10.353,0.536,-1.484,-0.271,0.431,2301,0
4285683,4.733,8.653,0.668,-1.16,-0.176,0.281,2294,0
4285704,3.962,7.568,1.681,-0.676,0.005,0.095,2295,0
4285723,3.333,8.583,1.314,0.079,0.253,-0.208,2296,0
4285743,1.585,9.507,1.487,0.079,0.254,-0.213,2297,0
4285763,1.041,10.831,1.338,-0.253,0.056,-0.262,2293,0
4285783,-0.345,9.546,0.948,-0.639,-0.115,-0.222,2288,0
4285803,0.522,9.797,1.219,-0.448,-0.192,-0.138,2288,0
4285823,-0.419,8.636,0.306,-0.081,-0.07,-0.089,2291,0
4285844,0.8,9.685,0.388,0.136,0.139,-0.021,2296,0
4285863,-0.213,8.969,-0.122,0.269,0.302,0.012,2303,0
4285884,0.68,9.799,0.443,0.155,0.26,0.26,2306,0
4285903,-0.407,9.682,0.381,-0.055,0.226,0.227,2311,0
4285923,1.056,10.556,1.329,-0.663,0.042,0.237,2322,0
4285943,0.237,9.165,1.322,-0.948,-0.005,0.137,2342,0
4285963,1.29,9.452,2.167,-1.107,-0.083,0.268,2353,0
4285983,0.431,8.452,2.157,-0.929,-0.039,0.297,2366,0
4286003,1.041,9.996,2.272,-1.075,-0.198,0.533,2375,0
4286023,0.62,9.699,2.037,-1.462,-0.339,0.694,2387,0
4286043,1.618,9.079,3.203,-1.697,-0.519,0.92,2409,0
4286063,2.102,8.195,2.761,-1.388,-0.458,0.753,2428,0
4286083,3.242,8.643,2.993,-1.586,-0.335,0.657,2431,0
4286103,3.496,8.468,3.634,-1.765,-0.033,0.468,2428,0
4286123,2.689,8.902,4.81,-1.803,0.022,0.292,2424,0
4286143,2.389,9.383,4.362,-1.94,-0.163,0.137,2421,0
4286164,2.835,7.87,4.999,-2.19,-0.343,0.05,2421,0
4286183,3.06,6.924,5.94,-1.669,-0.348,0.095,2425,0
4286203,3.338,6.359,5.997,-0.716,-0.215,0.066,2426,0
4286224,4.125,5.136,5.48,0.265,-0.064,0.003,2425,0
4286243,4.717,4.298,5.145,1.33,0.153,-0.112,2423,0
4286263,4.322,5.507,4.583,2.047,0.281,-0.311,2420,0
4286284,3.701,7.02,3.912,2.051,0.224,-0.488,2418,0
4286303,2.871,7.891,3.541,1.648,0.202,-0.67,2420,0
4286323,1.13,10.7,3.543,1.226,0.235,-0.792,2423,0
4286343,-0.093,13.355,3.029,0.327,0.055,-0.655,2425,0
4286363,0.038,12.797,3.038,-0.653,-0.114,-0.335,2430,0
4286383,0.934,10.671,3.766,-0.9,-0.177,-0.062,2439,0
4286403,1.97,9.009,4.264,-0.434,-0.135,0.093,2446,0
4286423,2.583,8.186,4.252,0.164,-0.084,0.202,2448,0
4286443,2.801,7.918,4.039,0.555,-0.038,0.217,2457,0
4286464,2.646,7.784,3.886,0.761,0.015,0.09,2472,0
4286483,2.212,8.404,3.718,0.882,0.031,-0.032,2486,0
4286503,1.954,8.813,3.847,0.813,-0.062,-0.085,2478,0
4286524,2.169,9.072,5.047,0.763,-0.359,-0.108,2466,0
4286543,2.303,9.622,4.475,0.84,-0.746,-0.066,2545,0
4286563,0.275,14.779,2.631,0.441,-1.507,0.425,2689,0
4286583,-2.559,34.45,-10.625,-4.797,-2.735,2.101,2781,2562
4286603,1.223,37.022,-30.368,-8.731,-1.603,4.195,2822,3837
4286623,-3.005,-3.294,-26.798,-8.731,0.449,5.307,2711,4095
4286643,2.701,-32.25,14.001,-8.731,1.477,3.261,2624,4095
4286663,5.739,-15.395,16.036,-2.213,1.924,0.571,2634,4095
4286683,3.689,3.85,5.746,1.205,1.102,1.307,2616,4095
4286703,4.314,-3.802,7.779,-1.502,1.36,1.243,2598,4095
4286724,2.066,-7.463,10.364,-2.145,0.111,0.354,2594,4095
4286744,2.904,-6.256,9.134,-2.053,-0.908,-0.007,2583,4095
4286763,3.323,-5.363,7.022,-1.1,-0.734,-0.052,2577,4095
4286783,3.697,-5.646,7.539,0.101,0.061,0.136,2574,4095
4286803,3.014,-5.353,7.499,1.273,0.403,0.143,2582,4095
4286823,2.272,-2.875,7.144,1.754,0.428,0.396,2589,3970
4286843,1.743,-0.991,7.254,1.47,0.187,0.236,2595,3609
4286863,1.192,0.192,8.835,0.788,0.023,0.272,2612,3068
4286883,2.255,-2.978,9.067,0.592,0.005,0.148,2621,2277
4286903,2.03,-6.132,9.483,1.628,0.323,0.112,2627,584
4286923,2.531,-3.498,9.792,2.814,0.418,0.092,2640,0
4286943,1.753,-2.15,9.239,3.204,0.38,-0.098,2659,0
4286963,1.427,-0.113,9.467,3.045,0.334,-0.162,2656,0
4286983,1.784,-0.393,9.603,3.037,0.39,-0.481,2642,0
4287003,1.369,0.326,9.151,3.289,0.506,-0.579,2559,0
4287023,1.968,1.853,9.534,3.724,0.526,-0.435,2512,0
4287043,1.492,1.93,8.339,3.823,0.627,-0.447,2481,0
4287063,0.716,2.526,8.665,4.546,0.776,-0.247,2458,0
4287083,1.211,4.666,7.724,5.251,0.8,-0.211,2434,0
4287103,1.267,6.807,7.293,4.85,0.61,-0.127,2422,0
4287123,1.717,8.976,7.082,4.106,0.415,-0.047,2417,0
4287143,1.293,8.435,6.108,3.242,0.276,-0.176,2417,0
4287163,0.742,9.445,6.479,2.34,0.07,-0.112,2415,0
4287183,1.913,8.662,5.777,2.063,-0.103,-0.123,2416,0
4287203,1.846,8.248,4.717,2.061,-0.186,0.058,2423,0
4287223,2.65,8.753,4.693,2.067,-0.006,0.042,2423,0
4287243,1.978,8.272,3.733,2.158,0.061,0.031,2423,0
4287263,1.393,10.032,4.355,2.151,0.047,0.306,2423,0
4287283,2.332,9.256,3.967,1.762,-0.062,0.224,2416,0
4287303,1.477,9.354,3.285,1.494,-0.214,0.289,2404,0
4287323,2.342,9.79,3.146,1.299,-0.296,0.261,2399,0
4287343,1.851,9.349,2.107,1.042,-0.428,0.296,2397,0
4287363,2.136,10.467,2.423,0.725,-0.361,0.394,2399,0
4287383,2.847,8.511,1.877,0.559,-0.319,0.304,2414,0
4287403,2.294,9.014,2.205,0.553,-0.244,0.344,2422,0
4287424,3.285,8.827,2.26,0.647,-0.095,0.213,2433,0
4287443,2.361,9.041,2.073,0.555,-0.097,0.252,2445,0
4287463,3.072,9.594,2.612,0.499,-0.027,0.297,2461,0
4287483,2.789,8.21,1.891,0.411,-0.095,0.258,2480,0
4287503,2.713,9.618,2.504,0.374,-0.082,0.31,2514,0
4287523,2.919,8.404,2.102,0.326,-0.088,0.208,2551,0
4287543,2.004,9.357,2.425,0.233,-0.055,0.254,2599,0
4287563,2.952,8.586,2.466,0.313,0.012,0.126,2623,0
4287583,2.191,8.361,2.198,0.263,-0.073,0.136,2637,0
4287603,3.089,9.031,2.722,0.449,-0.072,0.138,2643,0
4287623,2.746,8.107,1.982,0.538,-0.183,0.154,2650,0
4287643,3.019,9.357,2.346,0.661,-0.108,0.139,2654,0
4287663,3.065,9.39,2.334,0.559,-0.142,0.075,2660,0
4287683,2.837,9.673,2.191,0.445,-0.126,0.027,2664,0
4287703,2.863,9.735,2.085,0.409,-0.147,0.045,2666,0
4287724,2.84,9.68,1.803,0.407,-0.152,0.094,2670,0
4287743,2.859,9.412,1.585,0.408,-0.095,0.048,2662,0
4287763,2.782,10.058,1.554,0.31,-0.065,-0.012,2630,0
4287784,2.851,10.35,1.709,0.01,-0.158,0.038,2566,0
4287803,3.0,9.711,1.81,-0.212,-0.213,0.079,2540,0
4287823,2.974,9.249,1.717,-0.302,-0.192,0.055,2522,0
4287843,2.823,9.136,1.729,-0.202,-0.096,0.018,2513,0
4287863,2.679,9.17,1.805,-0.003,-0.017,0.027,2512,0
4287883,2.593,9.426,1.932,0.164,-0.002,0.066,2508,0
4287903,2.614,9.459,1.923,0.18,-0.048,0.101,2498,0
4287923,2.768,9.275,1.796,0.061,-0.115,0.104,2492,0
4287943,2.966,8.993,1.796,-0.016,-0.14,0.064,2489,0
4287963,2.885,8.906,1.614,0.045,-0.082,0.04,2487,0
4287983,2.808,9.122,1.717,0.1,-0.051,0.055,2486,0
4288003,2.921,9.067,1.659,0.121,-0.061,0.064,2485,0
4288023,2.952,9.086,1.633,0.146,-0.033,0.05,2485,0
4288043,2.986,9.117,1.717,0.136,-0.017,0.035,2487,0
4288063,3.007,9.0,1.86,0.138,-0.047,0.028,2491,0
4288083,2.964,8.887,1.949,0.132,-0.106,-0.011,2527,0
4288103,2.969,9.036,1.808,0.101,-0.175,-0.029,2590,0
4288123,3.122,9.079,1.719,0.075,-0.205,0.019,2646,0
4288143,3.194,9.005,1.827,-0.017,-0.234,-0.03,2746,0
4288163,2.732,8.782,1.374,-0.029,-0.217,-0.114,2821,0
4288183,2.468,9.448,1.288,0.025,-0.172,-0.109,2869,0
4288203,2.559,10.23,1.721,-0.145,-0.224,-0.028,2904,0
4288223,2.737,9.878,1.86,-0.47,-0.344,0.029,2924,0
4288243,3.065,9.199,2.035,-0.664,-0.488,0.066,2955,0
4288264,3.16,8.408,2.246,-0.668,-0.607,0.081,2994,0
4288283,3.357,6.991,1.994,-0.218,-0.491,0.024,3021,0
4288303,3.984,4.568,2.399,1.199,-0.015,-0.232,3038,0
4288323,3.737,5.341,2.03,2.988,0.361,-0.527,3050,0
4288343,3.369,6.282,0.86,4.051,0.384,-0.507,3056,0
4288363,3.536,6.531,0.294,4.726,0.483,-0.562,3048,0
4288383,2.416,6.249,-0.927,5.59,0.613,-0.629,3022,0
4288403,1.235,10.348,-2.792,5.708,0.62,-0.958,2971,0
4288423,1.923,13.068,-3.689,4.078,0.129,-0.653,2897,0
4288443,1.92,12.735,-4.448,2.544,-0.116,-0.503,2738,0
4288463,0.711,11.449,-5.607,1.439,-0.368,-0.121,4095,0
4288483,0.204,14.248,-5.952,0.075,-0.752,0.036,3045,0
4288503,0.132,12.754,-7.781,-1.892,-0.986,-0.001,2875,0
4288523,2.198,11.581,-6.467,-2.74,-0.951,0.08,2743,0
4288543,2.962,9.017,-5.99,-2.266,-0.667,0.263,2799,0
4288563,4.271,9.33,-3.709,-1.273,-0.398,0.609,2987,0
4288583,4.894,7.642,-4.882,-0.075,-0.218,0.598,3052,0
4288603,4.307,8.289,-5.514,0.687,0.25,0.389,3152,0
4288623,3.867,11.03,-5.476,1.413,0.668,0.428,3223,0
4288643,0.11,16.776,-8.636,-1.048,0.92,0.593,3266,3181
4288663,-1.753,25.158,-8.902,-7.414,-0.219,1.405,3284,3832
4288683,-1.25,21.268,-17.26,-8.731,-1.506,2.49,3297,4088
4288703,2.696,7.53,-21.158,-8.731,-1.744,2.799,3291,4095
4288723,5.27,-7.36,-15.708,-8.731,-0.343,1.937,3296,4095
4288743,6.462,-23.76,1.516,-8.731,1.899,-1.144,3293,4095
4288763,0.754,-12.263,13.264,-5.053,2.73,-1.792,3272,4095
4288783,-0.725,-2.219,15.045,-0.177,1.338,0.581,3259,4095
4288803,1.822,-3.476,11.473,0.604,0.08,0.625,3256,4095
4288823,4.137,-2.909,8.327,1.246,0.298,0.18,3257,4095
4288843,2.741,1.927,7.36,0.654,0.48,-0.092,3252,4095
4288863,2.902,-0.244,7.839,-0.249,-0.093,0.035,3250,4095
4288883,3.338,-1.621,8.301,0.764,-0.157,0.275,3248,4039
4288903,3.44,-1.087,8.373,1.644,-0.062,0.408,3246,3868
4288923,3.519,-1.745,8.49,2.262,0.091,0.3,3241,3656
4288943,2.016,1.666,8.818,2.874,0.097,0.368,3240,3020
4288964,0.321,5.121,9.009,1.459,-0.604,0.385,3228,0
4288983,1.853,2.523,9.285,0.201,-1.11,0.2,3205,0
4289004,3.225,0.405,9.005,0.69,-0.789,-0.072,3168,0
4289023,3.376,0.484,8.818,2.044,-0.209,-0.293,3115,0
4289043,3.589,2.641,7.817,3.407,0.363,-0.208,3045,0
4289063,3.041,4.934,7.321,4.17,0.692,-0.054,2986,0
4289084,2.655,5.978,6.835,4.051,0.705,0.0,2923,0
4289103,2.715,6.4,6.718,3.529,0.617,-0.054,2856,0
4289123,2.77,7.283,6.316,2.989,0.481,-0.059,2795,0
4289143,3.115,7.07,6.589,2.735,0.452,0.012,2711,0
4289163,2.399,7.64,6.129,3.03,0.458,0.076,2652,0
4289183,2.526,8.782,5.801,2.947,0.632,0.153,2605,0
4289203,2.222,8.322,5.995,3.058,0.497,0.209,2569,0
4289223,2.406,8.15,6.038,3.336,0.381,0.232,2559,0
4289243,2.526,8.025,5.126,3.266,0.176,0.294,2546,0
4289264,2.557,9.254,3.601,3.383,-0.056,0.406,2536,0
4289283,2.988,8.93,2.66,3.191,0.099,0.334,2530,0
4289303,3.261,8.171,2.394,3.444,0.178,0.355,2525,0
4289323,3.01,9.187,1.872,3.544,0.237,0.327,2512,0
4289343,3.127,9.878,0.907,3.214,0.108,0.364,2497,0
4289363,3.168,10.786,0.783,2.489,0.041,0.337,4095,0
4289383,2.559,9.972,0.175,1.553,-0.185,0.253,4095,0
4289403,3.266,10.195,0.002,1.088,-0.2,0.063,4095,0
4289423,2.569,9.797,-0.385,0.448,-0.272,0.065,4095,0
4289443,3.309,9.862,-0.503,0.217,-0.175,-0.033,4095,0
4289463,2.246,9.469,-0.302,-0.201,-0.189,0.091,4095,0
4289483,3.057,9.673,-0.101,-0.161,-0.154,0.04,4095,0
4289503,2.061,9.771,0.184,-0.564,-0.267,0.166,4095,0
4289523,3.098,9.943,0.297,-0.777,-0.309,0.048,2497,0
4289543,2.492,9.21,0.472,-1.188,-0.402,0.075,4095,0
4289563,3.553,9.105,0.433,-0.988,-0.374,-0.035,2505,0
4289584,2.588,8.454,0.237,-1.071,-0.45,0.1,2515,0
4289603,3.728,8.923,0.46,-0.686,-0.335,0.074,2594,0
4289623,2.995,8.918,0.939,-0.669,-0.273,0.179,2656,0
4289643,3.903,8.672,0.675,-0.298,-0.148,0.086,4095,0
4289663,2.89,8.399,0.773,-0.248,-0.089,0.127,2733,0
4289683,3.893,8.849,0.704,0.071,-0.025,0.029,2533,0
4289703,3.239,9.479,1.384,-0.032,-0.013,0.134,2535,0
4289723,4.113,9.558,1.317,0.075,0.006,0.06,2537,0
4289743,3.326,9.584,1.659,-0.208,-0.016,0.127,2540,0
4289763,4.142,9.242,1.381,-0.135,0.016,0.003,2543,0
4289783,2.981,8.995,1.599,-0.341,-0.016,0.088,2541,0
4289803,3.656,8.906,1.41,-0.211,0.001,0.023,2544,0
4289823,3.424,9.055,1.753,-0.205,-0.01,0.051,2544,0
4289843,3.436,9.014,1.86,-0.161,0.0,0.036,2543,0
4289863,3.443,9.045,1.884,-0.03,0.027,0.041,2547,0
4289883,3.46,9.151,2.025,0.114,0.074,0.063,2547,0
4289903,3.428,9.182,2.061,0.185,0.078,0.08,2547,0
4289923,3.359,9.098,1.958,0.209,0.048,0.079,2546,0
4289943,3.239,9.246,1.882,0.203,0.006,0.068,2547,0
4289963,3.196,9.34,1.812,0.132,-0.034,0.088,2548,0
4289983,3.285,9.093,1.803,0.025,-0.065,0.093,2546,0
4290003,3.373,8.758,1.803,0.009,-0.072,0.071,2547,0
4290023,3.383,8.677,1.75,0.085,-0.059,0.039,2548,0
4290043,3.292,8.844,1.717,0.194,-0.038,0.029,2549,0
4290063,3.249,9.05,1.621,0.204,-0.043,0.03,2545,0
4290083,3.273,9.117,1.547,0.125,-0.061,0.026,2548,0
4290103,3.383,9.127,1.41,0.015,-0.073,0.011,2548,0
4290123,3.529,9.055,1.463,-0.065,-0.072,-0.001,2550,0
4290143,3.527,8.95,1.585,-0.092,-0.054,-0.008,2548,0
4290163,3.498,8.851,1.681,-0.034,-0.059,-0.001,2550,0
4290183,3.45,8.911,1.578,0.078,-0.059,0.008,2552,0
4290204,3.419,9.1,1.448,0.115,-0.045,0.01,2552,0
4290223,3.385,9.232,1.525,0.07,-0.028,0.002,2553,0
4290243,3.342,9.218,1.65,0.037,-0.026,-0.01,2556,0
4290263,3.357,9.155,1.657,0.035,-0.044,-0.005,2556,0
4290284,3.383,9.151,1.671,0.063,-0.059,0.017,2556,0
4290304,3.357,9.098,1.7,0.083,-0.06,0.042,2558,0
4290323,3.433,8.947,1.913,0.061,-0.11,0.074,2558,0
4290343,3.0,8.99,1.686,0.074,-0.074,0.092,2557,0
4290363,3.033,8.231,1.132,0.046,-0.14,0.05,2558,0
4290383,4.197,8.763,1.29,0.234,-0.063,-0.054,2558,0
4290403,3.558,9.515,1.836,0.12,-0.031,0.029,2550,0
4290423,3.247,8.226,0.783,0.091,-0.117,-0.009,2559,0
4290443,4.243,9.632,1.681,0.202,0.009,-0.042,2559,0
4290463,2.756,8.602,1.041,0.044,-0.063,0.036,2559,0
4290483,4.005,9.12,1.214,0.286,0.006,-0.05,2573,0
4290503,2.969,9.409,1.573,0.083,-0.012,0.049,2559,0
4290523,3.529,8.602,0.922,0.159,-0.038,-0.034,2577,0
4290543,3.613,9.787,1.944,0.072,0.01,0.008,2559,0
4290563,3.141,8.207,0.919,-0.018,-0.095,-0.042,2559,0
4290583,4.041,9.716,2.016,0.04,-0.004,-0.082,2565,0
4290603,2.732,8.356,1.29,-0.143,-0.114,-0.054,2558,0
4290623,4.108,9.397,1.865,0.115,-0.046,-0.114,3903,0
4290643,2.77,8.914,1.448,-0.001,-0.112,0.016,2558,0
4290663,3.97,9.244,1.24,0.225,-0.065,-0.071,2558,0
4290683,2.966,9.615,1.518,0.016,-0.07,0.052,2556,0
4290703,3.632,8.732,0.848,0.103,-0.096,-0.044,2558,0
4290723,2.942,9.328,1.465,-0.037,-0.082,0.053,2587,0
4290743,3.869,8.839,0.931,0.161,-0.082,-0.034,2558,0
4290763,3.318,9.713,1.626,0.03,-0.039,0.061,2558,0
4290783,3.467,8.468,0.63,0.07,-0.078,-0.012,2558,0
4290803,3.589,9.4,1.401,0.057,0.016,-0.003,2559,0
4290824,3.5,8.914,1.463,0.028,-0.043,0.008,2559,0
4290843,3.424,8.995,1.305,0.08,-0.027,0.006,2559,0
4290863,3.448,9.055,1.219,0.08,-0.018,-0.001,2559,0
4290883,3.481,9.06,1.288,0.05,-0.019,-0.004,2584,0
4290903,3.484,8.954,1.384,0.047,-0.025,-0.011,2562,0
4290923,3.505,9.055,1.372,0.077,-0.044,-0.011,2559,0
4290943,3.515,9.215,1.3,0.063,-0.062,-0.009,2559,0
4290963,3.445,9.196,1.257,0.029,-0.061,-0.003,2559,0
4290983,3.397,9.187,1.262,0.023,-0.053,0.001,2584,0
4291003,3.378,9.06,1.3,0.003,-0.056,0.003,2715,0
4291023,3.405,9.026,1.31,0.006,-0.065,-0.007,2623,0
4291043,3.467,8.985,1.204,0.014,-0.075,-0.004,2795,0
4291063,3.565,8.902,1.156,0.038,-0.056,-0.002,2583,0
4291083,3.551,8.906,1.202,0.048,-0.022,-0.017,2649,0
4291104,3.457,8.947,1.259,0.041,-0.007,-0.033,2683,0
4291123,3.457,8.983,1.204,0.044,-0.023,-0.036,2559,0
4291144,3.474,9.067,1.149,0.059,-0.024,-0.032,2559,0
4291163,3.476,9.117,1.156,0.054,-0.013,-0.03,2559,0
4291183,3.448,9.136,1.245,0.049,-0.003,-0.032,2562,0
4291203,3.421,9.151,1.262,0.054,-0.004,-0.032,2559,0
4291223,3.476,9.146,1.274,0.056,-0.012,-0.024,4095,0
4291243,3.474,9.127,1.317,0.055,-0.006,-0.023,4095,0
4291263,3.428,9.129,1.396,0.058,-0.002,-0.022,4095,0
4291283,3.352,9.141,1.451,0.077,-0.014,-0.014,2559,0
4291303,3.397,9.148,1.365,0.081,-0.03,-0.014,2559,0
4291323,3.417,9.155,1.247,0.071,-0.024,-0.02,2559,0
4291344,3.412,9.189,1.262,0.044,-0.017,-0.024,2562,0
4291363,3.366,9.16,1.341,0.039,-0.013,-0.032,2683,0
4291383,3.376,9.299,1.336,0.048,-0.03,-0.028,2652,0
4291403,3.474,9.306,1.226,0.035,-0.029,-0.018,2561,0
4291423,3.522,9.311,1.192,0.034,-0.011,-0.015,2559,0
4291443,3.539,9.357,1.298,0.023,0.012,-0.004,2579,0
4291463,3.464,9.282,1.41,0.014,0.014,0.006,2559,0
4291483,3.426,9.227,1.384,0.02,0.001,0.014,4095,0
4291503,3.452,9.201,1.408,0.006,0.001,0.019,4095,0
4291523,3.34,9.009,1.36,-0.061,-0.002,0.014,4095,0
4291543,2.832,9.148,1.384,-0.065,-0.035,0.067,4095,0
4291563,2.962,8.303,1.13,-0.003,-0.074,0.044,4095,0
4291583,4.056,9.146,1.65,0.17,-0.006,-0.022,3980,0
4291603,3.057,9.388,1.82,-0.031,-0.045,0.067,4095,0
4291623,3.273,8.253,0.979,0.007,-0.103,-0.034,4095,0
4291644,3.266,9.653,1.961,-0.02,-0.044,0.013,4095,0
4291663,2.626,8.442,0.996,-0.051,-0.139,0.034,4095,0
4291683,3.946,9.821,1.645,0.16,-0.022,-0.024,4095,0
4291703,2.595,8.818,0.943,-0.033,-0.102,0.053,4095,0
4291723,3.986,9.495,1.235,0.142,-0.025,-0.048,4095,0
4291743,2.746,9.311,1.343,-0.072,-0.07,0.081,4095,0
4291764,3.84,8.655,0.781,0.111,-0.063,-0.018,4095,0
4291783,3.383,9.622,1.707,0.007,0.009,0.056,2559,0
4291803,3.309,8.181,0.757,0.033,-0.056,-0.003,2559,0
4291823,3.845,9.785,1.8,0.066,0.043,0.003,2561,0
4291843,2.94,8.205,0.881,-0.076,-0.062,0.018,4095,0
4291863,4.123,9.529,1.93,0.092,0.045,-0.05,4095,0
4291883,2.682,8.475,1.465,-0.069,-0.069,0.027,4095,0
4291903,4.195,9.285,1.688,0.192,-0.024,-0.06,4095,0
4291923,2.784,9.199,1.506,-0.035,-0.085,0.038,4095,0
4291943,3.912,9.143,1.041,0.133,-0.067,-0.072,4095,0
4291963,2.99,9.787,1.583,-0.054,-0.05,0.05,4095,0
4291983,3.481,8.686,0.809,0.073,-0.068,-0.023,4095,0
4292003,3.438,9.618,1.513,0.096,0.01,0.044,4095,0
4292023,3.443,9.163,1.489,0.056,-0.048,0.06,4095,0
4292043,3.39,9.165,1.331,0.048,-0.041,0.045,4095,0
4292063,3.46,9.084,1.369,0.031,-0.052,0.033,4095,0
4292083,3.469,9.086,1.42,0.038,-0.055,0.033,4095,0
4292103,3.472,9.014,1.386,0.047,-0.059,0.043,4095,0
4292123,3.534,8.928,1.367,0.058,-0.056,0.053,4095,0
4292143,3.551,8.892,1.393,0.069,-0.049,0.039,4095,0
4292164,3.488,8.973,1.403,0.062,-0.057,0.018,4095,0
4292183,3.467,8.988,1.353,0.044,-0.073,0.018,4095,0
4292203,3.522,8.914,1.312,0.039,-0.069,0.015,4095,0
4292223,3.553,8.95,1.29,0.064,-0.051,0.009,4095,0
4292243,3.522,9.026,1.271,0.061,-0.036,0.002,4095,0
4292263,3.493,8.99,1.235,0.034,-0.039,-0.006,4095,0
4292284,3.519,8.976,1.271,0.024,-0.043,-0.017,4095,0
4292303,3.51,8.981,1.319,0.032,-0.047,-0.021,2563,0
4292323,3.467,9.088,1.355,0.051,-0.051,-0.024,2561,0
4292343,3.472,9.215,1.279,0.052,-0.054,-0.019,2562,0
4292363,3.467,9.234,1.257,0.045,-0.055,-0.005,2561,0
4292383,3.462,9.232,1.252,0.033,-0.055,0.009,2559,0
4292403,3.486,9.122,1.322,0.031,-0.056,0.022,2559,0
4292423,3.484,9.079,1.35,0.059,-0.063,0.022,2563,0
4292443,3.529,9.091,1.305,0.08,-0.077,0.032,4095,0
4292463,3.579,9.026,1.216,0.072,-0.077,0.037,4095,0
4292483,3.606,8.93,1.207,0.051,-0.072,0.029,4095,0
4292503,3.603,8.909,1.154,0.04,-0.062,0.02,4092,0
4292523,3.431,8.753,0.742,0.03,-0.018,-0.014,4095,0
4292543,3.776,8.37,0.591,0.01,-0.104,-0.033,4095,0
4292563,4.185,9.129,1.252,0.141,0.02,-0.071,3522,0
4292583,3.29,9.522,1.736,0.005,0.009,0.026,2559,0
4292603,3.675,8.341,0.769,0.095,-0.078,-0.057,2561,0
4292623,4.216,9.641,1.511,0.155,0.006,-0.06,2559,0
4292643,2.871,8.464,0.742,-0.05,-0.095,0.019,2561,0
4292663,4.271,9.481,1.31,0.16,0.019,-0.069,2559,0
4292683,2.851,9.22,1.425,-0.068,-0.024,0.05,2558,0
4292703,3.871,8.595,0.96,0.122,-0.038,-0.059,2559,0
4292723,3.527,9.749,1.817,0.018,0.001,0.017,2558,0
4292743,3.287,8.236,0.769,0.01,-0.087,-0.025,2559,0
4292764,3.982,9.893,1.824,0.099,0.012,-0.028,2561,0
4292783,2.746,8.48,0.907,-0.054,-0.101,0.033,2559,0
4292803,4.223,9.546,1.396,0.154,-0.015,-0.038,2561,0
4292823,2.911,8.878,1.176,-0.084,-0.083,0.071,2559,0
4292844,4.25,8.854,0.982,0.139,-0.03,-0.061,2561,0
4292863,3.191,9.337,1.518,-0.026,-0.022,0.036,2561,0
4292883,3.788,8.559,0.773,0.119,-0.042,-0.061,2561,0
4292903,3.486,9.864,1.81,0.021,0.015,0.017,2561,0
4292923,3.318,8.262,0.814,0.027,-0.071,-0.019,2568,0
4292943,3.891,9.881,1.844,0.085,0.018,-0.004,2559,0
4292964,3.007,8.267,0.745,-0.029,-0.084,0.013,2559,0
4292983,4.118,9.771,1.7,0.126,0.03,-0.038,2559,0
4293003,3.129,8.993,1.401,-0.019,-0.041,0.028,2561,0
4293023,3.402,9.096,1.298,0.014,-0.011,-0.011,2562,0
4293043,3.531,9.041,1.243,0.02,-0.054,-0.013,2561,0
4293063,3.551,9.076,1.269,0.047,-0.055,-0.011,2572,0
4293083,3.541,9.096,1.209,0.035,-0.051,-0.008,2565,0
4293103,3.496,9.079,1.197,0.039,-0.044,-0.001,2563,0
4293123,3.508,9.038,1.207,0.049,-0.047,0.007,2563,0
4293143,3.587,8.981,1.152,0.05,-0.046,0.001,2561,0
4293163,3.591,9.005,1.161,0.042,-0.031,-0.01,2567,0
4293184,3.57,9.012,1.233,0.038,-0.021,-0.018,2571,0
4293203,3.534,9.074,1.276,0.05,-0.027,-0.019,2567,0
4293223,3.522,9.165,1.238,0.05,-0.034,-0.014,2571,0
4293243,3.536,9.184,1.209,0.03,-0.03,-0.011,2572,0
4293263,3.541,9.122,1.25,0.025,-0.02,-0.007,2571,0
4293283,3.543,9.064,1.36,0.037,-0.016,-0.001,2580,0
4293303,3.505,9.041,1.372,0.049,-0.03,0.002,2581,0
4293323,3.515,9.052,1.35,0.045,-0.036,-0.001,2574,0
4293343,3.472,9.019,1.3,0.035,-0.041,-0.008,2580,0
4293363,3.45,9.064,1.264,0.039,-0.042,-0.013,2583,0
4293384,3.464,9.112,1.209,0.039,-0.043,-0.011,2594,0
4293403,3.481,9.1,1.228,0.043,-0.036,-0.007,3428,0
4293423,3.474,9.105,1.228,0.039,-0.031,-0.004,3389,0
4293443,3.428,9.115,1.274,0.035,-0.029,-0.004,3560,0
4293463,3.438,9.088,1.312,0.035,-0.043,-0.0,3113,0
4293483,3.512,9.029,1.324,0.048,-0.051,0.007,3038,0
4293503,3.534,8.969,1.231,0.073,-0.057,0.009,3018,0
4293524,3.673,9.076,1.628,0.086,-0.084,0.029,2848,0
4293543,3.582,9.627,2.002,0.079,0.022,0.008,2572,0
4293563,2.964,9.05,1.647,-0.109,-0.111,0.053,2570,0
4293583,3.57,8.128,0.929,0.018,-0.158,-0.054,2581,0
4293603,3.639,9.567,1.784,0.007,-0.081,-0.034,2583,0
4293623,3.069,8.296,0.79,-0.045,-0.168,-0.049,2592,0
4293643,3.922,9.505,1.559,0.019,-0.113,-0.134,2799,0
4293663,2.868,9.072,1.245,-0.322,-0.326,-0.054,2871,0
4293683,3.685,9.359,1.7,-0.395,-0.506,-0.135,2821,0
4293703,3.33,8.966,1.748,-0.836,-0.767,-0.027,2797,0
4293723,3.828,8.993,2.033,-0.703,-0.982,-0.122,2913,0
4293743,4.209,9.57,2.545,-0.937,-1.425,-0.027,3069,0
4293763,3.237,8.622,1.918,-0.535,-1.658,-0.068,3185,0
4293783,2.126,7.094,-0.97,0.064,-1.273,-0.093,3247,2267
4293803,4.889,8.131,1.832,0.713,-0.436,-0.253,3305,3807
4293823,4.073,8.265,1.075,0.949,-0.037,-0.402,3333,4093
4293844,4.195,10.178,0.888,0.857,0.288,-0.333,3331,4095
4293863,2.255,9.965,0.627,0.318,0.266,-0.283,3321,4095
4293884,3.175,10.635,1.889,-0.281,-0.026,-0.078,3308,4095
4293903,2.133,9.373,2.025,-0.517,-0.316,0.061,3295,4094
4293924,3.412,8.622,2.059,-0.216,-0.53,0.104,3285,3915
4293943,3.218,8.768,2.085,0.071,-0.555,0.256,3279,3170
4293963,3.891,8.961,0.69,0.485,-0.393,0.118,3267,184
4293983,3.45,9.819,0.591,0.333,-0.068,0.126,3244,0
4294003,2.926,9.857,0.232,0.068,0.154,0.007,3189,0
4294023,2.737,9.591,0.201,-0.343,0.265,0.064,3069,0
4294043,3.996,9.574,-0.022,-0.725,0.387,0.014,2904,0
4294063,4.815,8.787,0.455,-0.711,0.579,-0.082,2693,0
4294083,4.484,8.454,-0.512,-0.288,0.923,-0.075,2516,0
4294103,3.967,9.256,1.032,0.051,1.077,0.06,2425,0
4294123,3.232,8.993,3.127,-0.117,0.743,0.183,2359,0
4294143,2.899,8.301,1.963,-0.159,0.496,0.078,2323,0
4294163,2.689,8.928,1.7,-0.25,0.381,-0.043,2303,0
4294183,2.983,9.187,2.337,-0.068,0.232,0.03,2280,0
4294204,3.373,8.983,2.085,0.124,0.079,0.137,2261,0
4294223,3.74,9.036,1.877,0.21,0.031,0.162,2256,0
4294243,3.883,9.026,1.741,0.122,0.058,0.101,2259,0
4294263,3.661,8.981,1.719,0.054,0.134,0.014,2261,0
4294283,3.44,9.105,2.006,0.063,0.137,-0.018,2268,0
4294303,3.39,9.05,2.102,0.059,0.071,0.012,2274,0
4294323,3.452,9.002,2.066,0.075,0.028,0.032,2287,0
4294343,3.484,8.988,1.987,0.05,0.024,0.024,2293,0
4294363,3.431,8.995,2.052,0.033,0.018,0.029,2301,0
4294383,3.426,8.971,2.054,0.058,-0.001,0.043,2305,0
4294403,3.45,8.844,1.865,0.069,0.013,0.017,2311,0
4294423,3.395,8.799,1.954,0.065,0.036,-0.003,2315,0
4294443,3.338,8.93,2.071,0.062,0.043,-0.018,2320,0
4294463,3.302,8.993,2.15,0.043,0.02,-0.014,2322,0
4294483,3.338,9.036,2.064,0.035,-0.006,-0.004,2326,0
4294503,3.393,9.041,2.025,0.031,-0.009,-0.001,2330,0
4294523,3.445,8.947,2.057,0.003,-0.007,-0.006,2333,0
4294543,3.44,8.844,2.088,0.015,-0.013,-0.005,2336,0
4294563,3.445,8.878,2.071,0.054,-0.027,0.001,2342,0
4294583,3.498,8.969,1.997,0.08,-0.033,0.007,2350,0
4294603,3.469,9.122,1.923,0.069,-0.024,-0.001,2351,0
4294623,3.419,9.1,1.951,0.027,-0.027,-0.005,2352,0
4294643,3.381,8.988,2.004,-0.002,-0.035,-0.003,2352,0
4294663,3.431,8.885,2.011,0.03,-0.041,0.009,2353,0
4294683,3.433,8.868,1.937,0.068,-0.03,0.016,2355,0
4294703,3.457,8.902,1.894,0.086,-0.026,0.003,2361,0
4294723,3.443,9.0,1.86,0.082,-0.028,-0.018,2362,0
4294743,3.417,9.072,1.82,0.037,-0.032,-0.017,2366,0
4294763,3.476,8.966,1.841,0.019,-0.031,-0.011,2368,0
4294784,3.512,8.918,1.932,0.021,-0.022,0.002,2368,0
4294803,3.491,8.904,1.951,0.05,-0.014,0.011,2368,0
4294823,3.472,8.981,1.901,0.073,-0.003,0.007,2368,0
4294843,3.45,9.067,1.901,0.056,-0.003,0.003,2368,0
4294863,3.476,9.009,1.932,0.018,-0.01,-0.01,2370,0
4294883,3.488,8.871,2.018,-0.011,-0.015,-0.019,2370,0
4294903,3.479,8.799,2.105,0.042,-0.023,-0.013,2369,0
4294923,3.402,8.935,2.014,0.097,-0.023,-0.008,2368,0
4294944,3.366,9.093,1.949,0.092,-0.029,-0.003,2372,0
4294963,3.357,9.076,1.949,0.053,-0.027,0.005,2369,0
4294983,3.349,8.985,1.973,0.027,-0.028,0.002,2371,0
4295004,3.388,8.885,1.982,0.03,-0.03,-0.006,2372,0
4295024,3.383,8.969,1.958,0.05,-0.037,-0.007,2373,0
4295043,3.405,9.036,1.889,0.046,-0.029,-0.007,2373,0
4295063,3.428,9.043,1.973,0.025,-0.023,0.001,2375,0
4295083,3.388,8.954,2.03,0.029,-0.02,-0.002,2378,0
4295103,3.409,8.942,2.045,0.04,-0.035,0.001,2380,0
4295123,3.428,8.957,1.97,0.044,-0.043,-0.001,2381,0
4295143,3.469,8.952,2.006,0.036,-0.043,-0.005,2382,0
4295163,3.484,8.902,2.004,0.029,-0.044,-0.012,2381,0
4295184,3.464,8.835,1.987,0.037,-0.05,-0.019,2379,0
4295203,3.472,8.904,1.954,0.06,-0.048,-0.019,2379,0
4295223,3.393,9.055,1.844,0.063,-0.038,-0.016,2379,0
4295244,3.385,9.019,1.875,0.038,-0.034,-0.009,2379,0
4295263,3.388,8.909,1.944,0.024,-0.036,-0.009,2378,0
4295283,3.417,8.88,2.021,0.047,-0.042,-0.009,2377,0
4295303,3.493,8.906,2.006,0.072,-0.042,-0.017,2379,0
4295324,3.484,8.906,1.954,0.094,-0.033,-0.022,2380,0
4295343,3.505,8.875,1.901,0.122,-0.026,-0.022,2378,0
4295363,3.46,8.911,1.877,0.142,-0.015,-0.033,2381,0
4295383,3.443,8.894,1.923,0.173,-0.022,-0.041,2383,0
4295403,3.543,8.787,1.875,0.215,-0.024,-0.059,2394,0
4295423,3.632,8.624,1.891,0.281,-0.018,-0.098,2403,0
4295443,3.694,8.519,1.757,0.432,0.002,-0.123,2400,0
4295463,3.625,8.825,1.398,0.602,0.074,-0.14,2390,0
4295483,3.481,8.787,1.135,0.581,0.175,-0.176,2383,0
4295503,3.428,8.049,1.585,0.847,0.259,-0.253,2380,0
4295523,3.445,8.255,1.573,1.458,0.304,-0.285,4095,0
4295543,3.541,9.127,1.513,1.823,0.254,-0.267,2446,0
4295563,4.173,9.507,1.413,1.669,0.021,-0.343,2596,0
4295583,4.017,9.752,0.915,1.338,-0.303,-0.466,2849,0
4295603,2.909,9.158,-0.986,1.442,-0.396,-0.581,3070,0
4295623,1.513,12.328,-1.863,1.798,-0.422,-0.184,3196,1128
4295643,-2.629,22.855,-2.725,-1.347,-0.717,0.9,3264,3537
4295663,-2.037,28.872,-7.032,-8.731,-2.286,2.344,3299,4049
4295684,1.726,20.949,-18.421,-8.731,-2.736,3.166,3307,4095
4295703,3.991,-2.148,-16.355,-8.731,-1.822,2.997,3307,4095
4295723,7.173,-23.437,2.71,-8.731,0.222,0.315,3298,4095
4295743,5.329,-9.689,10.151,-4.301,1.588,-1.621,3279,4095
4295763,3.129,3.184,11.21,-0.222,1.816,0.197,3267,4095
4295783,2.942,-3.955,12.292,0.067,1.084,0.552,3255,4095
4295803,3.508,1.355,10.18,1.261,-0.11,0.438,3249,4095
4295824,4.259,3.63,8.401,-0.688,-0.995,0.158,3247,4095
4295843,6.273,-1.492,6.898,-0.891,-0.671,-0.153,3243,4095
4295863,6.005,-0.472,6.907,0.71,0.403,-0.062,3241,4095
4295883,3.395,4.3,7.748,0.612,0.381,0.406,3238,4095
4295903,3.816,0.51,8.368,0.338,-0.232,0.35,3238,4095
4295923,4.946,1.3,8.013,0.471,-0.369,0.251,3234,4095
4295943,4.305,2.751,7.532,0.037,-0.043,0.03,3227,4095
4295963,4.384,0.69,8.487,0.09,0.283,-0.152,3228,4095
4295984,3.869,1.999,8.995,0.443,0.244,-0.074,3225,4095
4296003,3.311,3.448,8.195,0.597,-0.031,-0.037,3224,4095
4296023,4.405,2.342,8.124,0.36,-0.139,-0.052,3221,4095
4296043,4.137,3.206,7.69,0.194,0.087,-0.065,3221,4095
4296063,3.79,3.136,8.241,0.233,0.297,-0.038,3221,4095
4296083,3.634,2.892,8.796,0.285,0.201,0.057,3218,4095
4296103,3.778,2.871,8.808,0.333,-0.016,0.101,3217,4095
4296123,4.25,2.734,8.454,0.132,-0.083,0.023,3216,4095
4296143,4.243,2.535,8.487,0.035,0.098,-0.057,3215,4095
4296163,3.972,2.782,8.746,0.036,0.142,-0.075,3215,4095
4296183,3.8,2.84,8.938,0.068,-0.019,0.039,3215,4095
4296204,4.085,2.55,8.689,0.07,-0.201,0.115,3215,4095
4296223,4.635,2.231,8.193,0.159,-0.065,0.012,3212,4095
4296243,4.24,2.823,8.382,0.163,0.24,-0.106,3212,4095
4296263,3.61,3.16,8.906,-0.03,0.143,-0.123,3210,4095
4296283,3.668,2.907,8.988,-0.022,-0.163,-0.015,3208,4095
4296303,4.056,2.909,8.461,0.019,-0.236,0.026,3210,4095
4296323,4.334,2.653,8.128,0.13,0.073,-0.013,3207,4095
4296343,3.833,3.033,8.552,0.125,0.224,-0.052,3205,4095
4296363,3.742,2.813,8.739,0.048,0.005,-0.048,3207,4095
4296383,3.982,2.89,8.485,0.045,-0.161,-0.021,3206,4095
4296403,4.039,2.854,8.368,0.026,-0.1,-0.007,3204,4095
4296423,3.958,2.911,8.432,0.092,0.035,-0.001,3203,4095
4296443,3.699,3.12,8.559,0.095,0.05,0.013,3203,4095
4296463,3.761,2.974,8.691,0.031,-0.088,0.031,3201,4095
4296483,4.065,2.813,8.574,0.045,-0.12,0.03,3202,4095
4296503,4.207,2.636,8.456,0.088,-0.024,-0.003,3202,4095
4296524,4.039,2.749,8.492,0.108,0.019,-0.015,3200,4095
4296543,3.785,3.017,8.605,0.08,-0.065,0.023,3198,4095
4296563,3.608,2.813,8.459,0.063,-0.126,0.012,3198,4095
4296583,3.639,3.019,8.507,0.047,-0.08,0.01,3197,4095
4296603,3.649,2.634,8.416,0.072,-0.023,-0.034,3195,4095
4296623,4.096,2.078,8.557,0.123,-0.01,-0.034,3196,4095
4296644,4.111,2.983,8.545,-0.001,-0.066,0.042,3194,4095
4296663,3.642,3.361,8.162,-0.015,-0.107,0.003,3193,4095
4296683,4.171,1.961,8.253,0.106,0.024,-0.105,3191,4095
4296703,4.278,2.828,8.521,0.082,0.114,-0.064,3190,4095
4296723,3.357,3.742,8.404,0.027,0.003,-0.022,3189,4095
4296743,4.147,2.164,8.365,0.123,-0.097,-0.044,3188,4095
4296764,4.547,2.722,8.282,0.195,0.068,-0.015,3189,4095
4296783,3.46,3.606,8.361,0.195,0.197,-0.114,3189,4095
4296803,3.828,2.425,9.122,0.097,0.133,-0.176,3187,4095
4296823,3.369,3.661,9.282,-0.023,-0.107,-0.006,3188,4095
4296843,3.486,3.479,8.478,0.046,-0.287,0.01,3188,4095
4296863,4.724,2.693,8.207,0.029,-0.064,0.003,3186,4095
4296883,3.579,3.967,8.222,-0.078,0.075,0.031,3185,4095
4296903,3.847,2.435,8.538,0.022,-0.029,-0.024,3185,4095
4296923,4.104,2.921,8.739,0.034,-0.09,0.069,3185,4095
4296943,3.426,3.711,8.236,0.041,-0.083,0.026,3186,4095
4296964,4.326,2.128,8.566,0.083,0.043,-0.023,3185,4095
4296983,3.651,3.637,8.535,0.005,0.029,0.065,3185,4095
4297003,3.591,2.789,8.432,0.035,-0.09,-0.001,3184,4095
4297023,4.446,2.15,8.65,0.037,-0.08,0.031,3179,4095
4297043,4.003,3.254,8.217,0.073,0.01,-0.015,3184,4095
4297064,3.886,2.942,8.296,0.112,0.109,-0.061,3185,4095
4297083,3.742,3.23,8.38,0.066,0.072,-0.038,3185,4095
