1205223,-1.776,4.590,-8.717,0.041,-0.022,-0.005,2471,3254
1205243,-1.776,4.515,-8.720,0.043,-0.032,-0.003,2473,3258
1205263,-1.760,4.501,-8.746,0.063,-0.044,-0.006,2472,3272
1205283,-1.745,4.518,-8.760,0.067,-0.039,-0.013,2472,3264
1205303,-1.750,4.590,-8.818,0.045,-0.031,-0.017,2474,3260
1205323,-1.798,4.547,-8.839,0.022,-0.021,-0.014,2473,3248
1205343,-1.942,4.752,-8.897,-0.005,-0.020,-0.003,2474,3243
1205363,-1.865,4.958,-8.935,-0.089,-0.008,0.029,2474,3214
1205383,-2.045,5.607,-9.155,-0.264,0.008,0.098,2476,3221
1205403,-2.052,6.493,-9.618,-0.629,-0.001,0.251,2477,3198
1205423,-1.470,7.563,-10.149,-1.223,0.038,0.507,2476,2863
1205443,-1.571,8.104,-10.080,-1.903,0.188,0.846,2476,1811
1205463,-1.719,8.770,-9.926,-2.559,0.285,1.213,2474,0
1205483,-1.702,8.976,-9.838,-3.020,0.310,1.590,2466,0
1205503,-1.444,8.566,-10.022,-3.171,0.343,1.932,2466,0
1205523,-1.319,8.969,-9.278,-3.149,0.438,2.230,2462,0
1205543,-0.979,8.954,-8.413,-3.208,0.497,2.353,2453,0
1205563,-0.287,8.540,-7.496,-3.109,0.542,2.494,2446,0
1205583,0.278,8.258,-6.912,-3.006,0.806,2.392,2433,0
1205603,1.113,7.642,-6.043,-2.633,0.943,2.211,2425,0
1205623,1.599,7.056,-5.066,-2.116,1.119,1.930,2418,0
1205643,1.666,6.831,-3.862,-1.722,1.216,1.478,2416,0
1205663,1.798,6.709,-3.330,-1.336,1.199,1.110,2412,0
1205683,2.090,6.941,-3.220,-0.885,1.005,0.946,2406,0
1205703,2.241,7.185,-2.828,-0.583,0.848,0.954,2399,0
1205723,2.715,6.524,-2.172,-0.820,0.890,0.676,2391,0
1205743,3.019,5.981,-1.697,-0.846,0.793,0.480,2385,0
1205763,3.158,5.569,-1.331,-0.776,0.641,0.328,2381,0
1205783,3.153,5.377,-1.326,-0.746,0.499,0.103,2375,0
1205803,3.067,5.729,-1.480,-0.513,0.392,-0.156,2368,0
1205823,2.787,6.335,-1.525,-0.431,0.232,-0.415,2366,0
1205843,2.619,7.161,-1.642,-0.262,0.084,-0.500,2365,0
1205863,2.562,8.100,-1.968,0.007,-0.048,-0.476,2359,0
1205883,2.495,8.926,-2.303,0.163,-0.127,-0.435,2358,0
1205903,2.423,9.718,-2.538,0.294,-0.103,-0.386,2357,0
1205923,2.385,9.922,-2.638,0.271,-0.162,-0.281,2354,0
1205943,2.500,10.027,-2.753,0.263,-0.233,-0.121,2352,0
1205963,2.713,9.993,-3.005,0.178,-0.254,0.014,2354,0
1205983,3.019,9.847,-3.151,0.062,-0.228,0.075,2351,0
1206003,3.235,9.519,-2.983,-0.062,-0.174,0.084,2351,0
1206023,3.306,9.273,-2.842,-0.104,-0.103,0.072,2351,0
1206043,3.268,9.230,-2.717,-0.046,-0.042,0.066,2351,0
1206063,3.242,9.299,-2.567,0.007,-0.021,0.069,2351,0
1206083,3.244,9.287,-2.456,0.002,-0.012,0.097,2351,0
1206103,3.266,9.280,-2.380,-0.038,0.018,0.104,2351,0
1206123,3.196,9.151,-2.195,-0.095,0.037,0.070,2351,0
1206143,3.077,8.971,-2.100,-0.039,0.030,0.039,2350,0
1206163,3.048,8.911,-2.107,0.074,-0.005,0.039,2350,0
1206183,3.084,9.014,-2.176,0.145,-0.036,0.050,2352,0
1206203,3.060,9.064,-2.279,0.145,-0.048,0.057,2354,0
1206223,3.038,8.918,-2.308,0.123,-0.036,0.056,2358,0
1206243,3.072,8.803,-2.368,0.124,-0.035,0.038,2363,0
1206263,3.081,8.806,-2.375,0.106,-0.029,0.003,2368,0
1206283,3.129,8.863,-2.313,0.069,-0.008,-0.026,2376,0
1206303,3.127,8.916,-2.279,0.035,0.007,-0.034,2384,0
1206323,3.112,8.928,-2.227,0.066,-0.005,-0.011,2390,0
1206343,3.146,8.976,-2.258,0.078,-0.037,-0.013,2400,0
1206363,3.120,9.112,-2.265,0.100,-0.053,-0.017,2408,0
1206383,3.151,9.103,-2.342,0.110,-0.083,0.001,2419,0
1206403,3.163,9.043,-2.318,0.135,-0.097,0.007,2432,0
1206423,3.275,9.081,-2.523,0.112,-0.102,0.006,2444,0
1206443,3.247,9.122,-2.483,0.053,-0.088,0.033,2453,0
1206463,3.117,9.179,-2.437,0.034,-0.086,0.058,2454,0
1206483,3.168,9.153,-2.521,-0.027,-0.101,0.057,2465,0
1206503,3.275,9.005,-2.437,-0.056,-0.094,0.032,2470,0
1206523,3.364,8.961,-2.430,-0.036,-0.048,-0.000,2472,0
1206543,3.266,8.971,-2.380,0.003,-0.002,-0.029,2473,0
1206563,3.175,9.041,-2.397,0.046,-0.009,-0.041,2472,0
1206583,3.139,9.112,-2.389,0.058,-0.055,-0.025,2474,0
1206603,3.191,9.096,-2.454,0.059,-0.064,-0.001,2472,0
1206623,3.179,9.079,-2.401,0.054,-0.036,0.019,2473,0
1206643,3.158,9.048,-2.468,0.053,-0.024,0.015,2474,0
1206663,3.175,9.045,-2.428,0.060,-0.031,0.006,2474,0
1206683,3.215,8.976,-2.406,0.067,-0.029,0.009,2475,0
1206703,3.165,8.983,-2.377,0.091,-0.008,0.013,2477,0
1206723,3.129,8.921,-2.380,0.102,-0.004,0.003,2477,0
1206743,3.148,8.871,-2.370,0.097,-0.013,-0.018,2478,0
1206763,3.163,8.899,-2.409,0.092,-0.009,-0.029,2478,0
1206783,3.096,8.973,-2.411,0.072,-0.007,-0.021,2479,0
1206803,3.055,9.045,-2.492,0.039,-0.027,-0.005,2479,0
1206823,3.050,8.976,-2.490,0.013,-0.043,0.012,2480,0
1206843,3.091,8.894,-2.500,0.006,-0.048,0.009,2480,0
1206863,3.127,8.906,-2.435,0.015,-0.042,-0.006,2480,0
1206883,3.177,8.947,-2.413,0.029,-0.031,-0.013,2484,0
1206903,3.184,8.971,-2.492,0.042,-0.022,-0.021,2484,0
1206923,3.100,8.921,-2.559,0.026,-0.023,-0.033,2485,0
1206943,2.974,8.906,-2.617,0.026,-0.037,-0.037,2486,0
1206963,2.904,8.928,-2.689,0.034,-0.048,-0.032,2488,0
1206983,2.823,8.882,-2.722,0.034,-0.051,-0.015,2491,0
1207003,2.914,8.882,-2.631,0.034,-0.057,0.006,2494,0
1207023,3.148,8.940,-2.557,0.022,-0.046,0.007,2496,0
1207043,3.220,8.914,-2.394,0.021,-0.002,-0.019,2497,0
1207063,3.232,8.914,-2.325,0.030,0.024,-0.050,2499,0
1207083,3.237,8.978,-2.274,0.042,0.020,-0.054,2501,0
1207103,3.225,9.057,-2.207,0.054,0.012,-0.054,2502,0
1207123,3.194,9.076,-2.164,0.064,0.005,-0.053,2501,0
1207143,3.093,9.088,-2.227,0.055,-0.019,-0.045,2502,0
1207163,3.077,9.158,-2.298,0.034,-0.060,-0.035,2504,0
1207183,3.237,9.242,-2.375,-0.016,-0.075,-0.037,2508,0
1207203,3.306,9.256,-2.363,-0.042,-0.053,-0.044,2508,0
1207223,3.225,9.275,-2.387,-0.039,-0.017,-0.041,2508,0
1207243,3.100,9.275,-2.346,-0.036,-0.017,-0.024,2509,0
1207263,3.041,9.395,-2.296,-0.026,-0.059,0.025,2510,0
1207283,3.038,9.445,-2.354,-0.031,-0.100,0.075,2511,0
1207303,3.026,9.335,-2.425,-0.048,-0.113,0.108,2512,0
1207323,3.151,9.218,-2.466,-0.057,-0.095,0.110,2512,0
1207343,3.261,9.129,-2.435,-0.040,-0.044,0.097,2514,0
1207363,3.244,9.115,-2.315,-0.029,0.003,0.091,2514,0
1207383,3.203,9.098,-2.286,-0.054,0.014,0.083,2514,0
1207403,3.179,9.057,-2.231,-0.064,0.003,0.073,2514,0
1207423,3.146,8.983,-2.224,-0.025,-0.006,0.066,2513,0
1207443,3.117,8.964,-2.231,0.025,-0.004,0.065,2514,0
1207463,3.139,8.906,-2.284,0.029,-0.001,0.064,2514,0
1207483,3.100,8.844,-2.198,0.004,-0.018,0.060,2516,0
1207503,3.110,8.861,-2.205,-0.030,-0.040,0.069,2514,0
1207523,3.100,8.861,-2.239,-0.063,-0.049,0.078,2514,0
1207543,3.208,8.784,-2.203,-0.102,-0.036,0.067,2515,0
1207563,3.285,8.703,-2.093,-0.106,-0.015,0.035,2515,0
1207583,3.268,8.691,-2.040,-0.054,-0.001,0.001,2516,0
1207603,3.235,8.780,-2.040,0.006,-0.006,-0.024,2515,0
1207623,3.261,8.882,-2.033,0.044,-0.022,-0.032,2515,0
1207643,3.302,8.983,-2.030,0.050,-0.037,-0.035,2516,0
1207663,3.309,9.048,-2.018,0.051,-0.044,-0.033,2515,0
1207683,3.263,9.057,-2.018,0.043,-0.034,-0.015,2514,0
1207703,3.232,9.064,-2.004,0.023,-0.021,-0.007,2516,0
1207723,3.290,8.969,-1.958,-0.009,-0.029,-0.017,2514,0
1207743,3.395,8.993,-1.954,-0.003,-0.059,-0.033,2513,0
1207763,3.412,9.043,-1.980,0.007,-0.068,-0.046,2513,0
1207783,3.318,9.117,-2.040,0.019,-0.065,-0.048,2514,0
1207803,3.309,9.124,-2.066,0.042,-0.059,-0.037,2515,0
1207823,3.275,9.146,-2.119,0.075,-0.056,-0.027,2515,0
1207843,3.251,9.251,-2.162,0.068,-0.056,-0.027,2515,0
1207863,3.182,9.263,-2.186,0.053,-0.054,-0.011,2515,0
1207883,3.191,9.254,-2.246,0.047,-0.052,0.014,2516,0
1207903,3.292,9.127,-2.172,0.045,-0.040,0.019,2515,0
1207923,3.335,9.024,-2.093,0.069,-0.008,0.007,2517,0
1207943,3.273,9.024,-2.073,0.103,0.019,-0.009,2517,0
1207963,3.239,9.029,-2.047,0.094,0.014,-0.021,2517,0
1207983,3.256,9.048,-2.090,0.066,-0.008,-0.022,2516,0
1208003,3.208,9.091,-2.052,0.047,-0.025,-0.016,2517,0
1208023,3.156,9.088,-2.047,0.043,-0.046,0.004,2517,0
1208043,3.141,8.997,-2.093,0.043,-0.057,0.019,2515,0
1208063,3.215,8.935,-2.105,0.034,-0.049,0.007,2516,0
1208083,3.259,8.904,-2.102,0.041,-0.032,-0.013,2517,0
1208103,3.191,8.983,-2.114,0.042,-0.029,-0.027,2517,0
1208123,3.112,9.043,-2.138,0.022,-0.042,-0.023,2517,0
1208143,3.146,8.995,-2.152,0.015,-0.055,-0.010,2517,0
1208163,3.242,8.957,-2.143,0.033,-0.053,-0.013,2516,0
1208183,3.294,8.993,-2.116,0.058,-0.034,-0.030,2517,0
1208203,3.230,9.127,-2.143,0.058,-0.017,-0.041,2516,0
1208223,3.148,9.146,-2.128,0.038,-0.010,-0.034,2515,0
1208243,3.156,9.115,-2.059,0.027,-0.011,-0.022,2517,0
1208263,3.175,9.064,-1.997,0.026,-0.032,-0.019,2518,0
1208283,3.211,9.064,-2.059,0.029,-0.066,-0.019,2516,0
1208303,3.266,9.120,-2.148,0.032,-0.078,-0.013,2516,0
1208323,3.309,9.110,-2.148,0.042,-0.059,-0.015,2517,0
1208343,3.247,9.112,-2.119,0.059,-0.028,-0.021,2516,0
1208363,3.158,9.129,-2.109,0.066,-0.021,-0.015,2517,0
1208383,3.074,9.179,-2.121,0.031,-0.041,0.001,2518,0
1208403,3.074,9.103,-2.131,-0.002,-0.054,0.008,2516,0
1208423,3.120,9.036,-2.174,0.018,-0.052,0.009,2515,0
1208443,3.170,9.029,-2.207,0.062,-0.045,0.000,2516,0
1208463,3.177,9.074,-2.205,0.084,-0.024,-0.010,2516,0
1208483,3.215,9.062,-2.164,0.067,-0.010,-0.014,2515,0
1208503,3.218,9.086,-2.107,0.048,-0.012,-0.018,2516,0
1208523,3.225,9.120,-2.093,0.032,-0.011,-0.024,2516,0
1208543,3.172,9.103,-2.052,0.030,-0.013,-0.011,2513,0
1208563,3.163,9.098,-2.028,0.039,-0.022,0.003,2515,0
1208583,3.184,9.041,-1.990,0.042,-0.034,0.002,2515,0
1208603,3.156,9.017,-1.994,0.052,-0.044,-0.002,2516,0
1208623,3.170,9.007,-2.040,0.070,-0.053,0.001,2514,0
1208643,3.189,9.009,-2.112,0.061,-0.052,-0.002,2513,0
1208663,3.160,9.012,-2.152,0.041,-0.045,-0.014,2514,0
1208683,3.127,9.098,-2.176,0.046,-0.045,-0.013,2514,0
1208703,3.103,9.117,-2.198,0.050,-0.053,0.002,2514,0
1208723,3.165,8.993,-2.215,0.040,-0.049,0.002,2513,0
1208743,3.208,8.947,-2.205,0.035,-0.036,-0.016,2514,0
1208763,3.201,9.002,-2.160,0.035,-0.024,-0.032,2514,0
1208783,3.136,9.072,-2.143,0.037,-0.014,-0.032,2514,0
1208803,3.048,9.084,-2.083,0.036,-0.013,-0.018,2515,0
1208823,3.074,9.009,-2.100,0.030,-0.028,-0.011,2514,0
1208843,3.132,8.957,-2.095,0.030,-0.038,-0.020,2512,0
1208863,3.215,8.957,-2.107,0.040,-0.037,-0.037,2515,0
1208883,3.232,9.069,-2.064,0.047,-0.033,-0.053,2513,0
1208903,3.244,9.160,-2.083,0.049,-0.032,-0.051,2514,0
1208923,3.182,9.249,-2.097,0.044,-0.030,-0.041,2513,0
1208943,3.100,9.239,-2.114,0.044,-0.034,-0.023,2514,0
1208963,3.074,9.206,-2.191,0.043,-0.045,-0.003,2513,0
1208983,3.091,9.155,-2.215,0.044,-0.050,0.005,2515,0
1209003,3.134,9.129,-2.253,0.048,-0.046,-0.003,2514,0
1209023,3.134,9.148,-2.265,0.055,-0.032,-0.011,2515,0
1209043,3.120,9.151,-2.210,0.059,-0.012,-0.011,2514,0
1209063,3.115,9.108,-2.172,0.055,-0.004,0.000,2513,0
1209083,3.158,9.050,-2.100,0.051,-0.010,-0.003,2514,0
1209103,3.136,9.021,-2.093,0.042,-0.019,-0.011,2513,0
1209123,3.089,9.072,-2.124,0.040,-0.029,-0.006,2515,0
1209143,3.077,9.055,-2.114,0.038,-0.033,-0.001,2513,0
1209163,3.055,9.103,-2.121,0.043,-0.027,-0.002,2514,0
1209183,3.089,9.115,-2.097,0.044,-0.023,-0.005,2514,0
1209203,3.096,9.098,-2.124,0.035,-0.024,0.001,2512,0
1209223,3.086,9.033,-2.128,0.023,-0.030,0.001,2512,0
1209243,3.132,9.031,-2.090,0.026,-0.037,-0.010,2513,0
1209263,3.148,9.079,-2.085,0.051,-0.042,-0.011,2512,0
1209283,3.136,9.136,-2.083,0.056,-0.039,-0.011,2513,0
1209303,3.151,9.115,-2.114,0.046,-0.037,-0.006,2513,0
1209323,3.122,9.129,-2.160,0.047,-0.032,0.001,2513,0
1209343,3.115,9.131,-2.140,0.036,-0.030,-0.002,2513,0
1209363,3.144,9.072,-2.100,0.022,-0.028,0.000,2512,0
1209383,3.122,9.050,-2.073,0.025,-0.030,-0.002,2512,0
1209403,3.084,9.048,-2.071,0.034,-0.032,0.001,2512,0
1209423,3.048,9.067,-2.105,0.042,-0.040,0.004,2513,0
1209443,3.096,8.990,-2.105,0.031,-0.048,-0.002,2514,0
1209463,3.160,8.966,-2.131,0.044,-0.054,-0.008,2512,0
1209483,3.220,9.057,-2.181,0.035,-0.054,-0.027,2512,0
1209503,3.179,9.098,-2.157,0.026,-0.035,-0.033,2512,0
1209523,3.100,9.108,-2.121,0.040,-0.021,-0.029,2513,0
1209543,3.065,9.105,-2.112,0.061,-0.026,-0.018,2512,0
1209563,3.005,9.088,-2.162,0.066,-0.045,-0.010,2512,0
1209583,2.964,8.973,-2.136,0.081,-0.072,0.004,2511,0
1209603,3.091,8.904,-2.229,0.096,-0.085,0.008,2512,0
1209623,3.172,8.933,-2.195,0.112,-0.054,-0.003,2512,0
1209643,3.117,8.976,-2.157,0.113,-0.011,-0.020,2514,0
1209663,3.074,9.021,-2.229,0.080,0.006,-0.037,2512,0
1209683,3.067,9.000,-2.195,0.029,0.000,-0.042,2513,0
1209703,3.074,9.096,-2.179,0.010,-0.010,-0.051,2513,0
1209723,3.053,9.179,-2.188,0.017,-0.022,-0.059,2513,0
1209743,3.050,9.232,-2.212,0.056,-0.039,-0.046,2512,0
1209763,3.100,9.287,-2.270,0.072,-0.046,-0.038,2515,0
1209783,3.091,9.270,-2.255,0.060,-0.032,-0.033,2513,0
1209803,3.045,9.340,-2.258,0.068,-0.013,-0.021,2511,0
1209823,3.067,9.359,-2.229,0.064,-0.007,-0.008,2512,0
1209843,3.079,9.328,-2.212,0.056,-0.009,0.018,2512,0
1209863,3.100,9.256,-2.200,0.050,-0.021,0.029,2512,0
1209883,3.089,9.215,-2.195,0.058,-0.033,0.033,2511,0
1209903,3.127,9.146,-2.205,0.074,-0.026,0.034,2512,0
1209923,3.110,9.124,-2.231,0.091,-0.007,0.026,2512,0
1209943,3.077,9.108,-2.210,0.081,0.001,0.018,2512,0
1209963,3.050,9.074,-2.174,0.083,-0.008,0.030,2511,0
1209983,3.074,8.993,-2.138,0.094,-0.020,0.034,2512,0
1210003,3.120,8.902,-2.131,0.117,-0.020,0.013,2512,0
1210023,3.115,8.823,-2.131,0.156,-0.010,-0.016,2512,0
1210043,2.995,8.950,-2.198,0.173,-0.009,-0.032,2512,0
1210063,2.919,9.124,-2.255,0.098,-0.034,-0.011,2512,0
1210083,2.954,9.158,-2.272,-0.007,-0.063,0.024,2511,0
1210103,3.026,9.036,-2.212,-0.062,-0.078,0.040,2511,0
1210123,3.127,8.914,-2.224,-0.043,-0.070,0.024,2512,0
1210143,3.230,8.906,-2.227,0.023,-0.045,0.001,2512,0
1210163,3.218,9.007,-2.239,0.077,-0.035,-0.019,2512,0
1210183,3.098,9.124,-2.289,0.105,-0.052,-0.014,2512,0
1210203,3.005,9.170,-2.394,0.091,-0.076,0.010,2512,0
1210223,2.998,9.115,-2.423,0.071,-0.074,0.032,2512,0
1210243,3.089,9.043,-2.476,0.076,-0.055,0.027,2512,0
1210263,3.096,9.050,-2.444,0.081,-0.022,0.007,2511,0
1210283,3.043,9.067,-2.478,0.070,-0.005,0.006,2512,0
1210303,3.038,9.093,-2.442,0.051,-0.006,0.021,2512,0
1210323,3.117,9.002,-2.303,0.042,-0.001,0.022,2512,0
1210343,3.117,8.976,-2.272,0.062,0.009,0.008,2511,0
1210363,3.108,9.017,-2.224,0.065,0.004,-0.008,2510,0
1210383,3.112,9.062,-2.212,0.059,-0.015,-0.002,2512,0
1210403,3.191,9.038,-2.179,0.061,-0.027,0.007,2512,0
1210423,3.189,8.995,-2.164,0.075,-0.029,0.002,2511,0
1210443,3.163,9.069,-2.231,0.094,-0.037,-0.002,2511,0
1210463,3.158,9.110,-2.263,0.082,-0.044,-0.003,2512,0
1210483,3.208,9.072,-2.251,0.074,-0.044,0.000,2512,0
1210503,3.244,9.081,-2.270,0.080,-0.046,-0.006,2511,0
1210523,3.263,9.146,-2.298,0.090,-0.044,-0.010,2511,0
1210543,3.249,9.189,-2.325,0.078,-0.040,-0.007,2512,0
1210563,3.232,9.177,-2.325,0.062,-0.042,0.003,2513,0
1210583,3.151,9.143,-2.365,0.058,-0.047,0.027,2512,0
1210603,3.132,9.172,-2.454,0.054,-0.064,0.053,2512,0
1210623,3.158,9.115,-2.461,0.040,-0.063,0.057,2512,0
1210643,3.139,8.973,-2.471,0.053,-0.046,0.043,2513,0
1210663,3.112,8.938,-2.452,0.078,-0.036,0.034,2512,0
1210683,3.136,8.914,-2.447,0.091,-0.046,0.034,2512,0
1210703,3.156,8.911,-2.437,0.083,-0.050,0.033,2512,0
1210723,3.115,8.885,-2.416,0.071,-0.052,0.028,2513,0
1210743,3.112,8.871,-2.406,0.069,-0.051,0.025,2514,0
1210763,3.132,8.827,-2.370,0.067,-0.040,0.013,2513,0
1210783,3.105,8.815,-2.404,0.066,-0.039,0.005,2511,0
1210803,3.110,8.832,-2.423,0.056,-0.050,0.005,2512,0
1210823,3.153,8.875,-2.444,0.046,-0.052,-0.005,2512,0
1210843,3.199,8.935,-2.425,0.042,-0.044,-0.021,2512,0
1210863,3.165,8.993,-2.411,0.040,-0.039,-0.025,2511,0
1210883,3.170,8.981,-2.375,0.037,-0.048,-0.013,2512,0
1210903,3.203,8.971,-2.449,0.041,-0.065,-0.008,2512,0
1210923,3.218,8.981,-2.485,0.055,-0.064,-0.007,2511,0
1210943,3.184,9.038,-2.552,0.057,-0.056,-0.007,2511,0
1210963,3.254,9.029,-2.550,0.053,-0.050,-0.011,2512,0
1210983,3.266,9.012,-2.540,0.056,-0.033,-0.018,2511,0
1211003,3.225,9.076,-2.540,0.070,-0.013,-0.017,2511,0
1211023,3.225,9.103,-2.500,0.057,-0.013,-0.006,2511,0
1211043,3.306,9.005,-2.428,0.044,-0.014,-0.008,2512,0
1211063,3.273,8.969,-2.423,0.056,-0.018,-0.019,2511,0
1211083,3.175,9.019,-2.471,0.059,-0.027,-0.022,2511,0
1211103,3.160,9.060,-2.473,0.052,-0.037,0.004,2509,0
1211123,3.151,9.079,-2.492,0.044,-0.039,0.026,2511,0
1211143,3.184,8.947,-2.490,0.026,-0.027,0.022,2511,0
1211163,3.184,8.894,-2.488,0.034,-0.019,0.012,2510,0
1211183,3.189,8.938,-2.466,0.029,-0.014,-0.007,2509,0
1211203,3.179,8.966,-2.476,0.027,-0.011,-0.014,2511,0
1211223,3.139,8.983,-2.444,0.040,-0.021,-0.006,2511,0
1211243,3.151,9.019,-2.471,0.048,-0.035,0.001,2511,0
1211263,3.177,8.961,-2.485,0.053,-0.030,0.007,2511,0
1211283,3.220,8.950,-2.500,0.058,-0.030,-0.002,2511,0
1211303,3.218,9.012,-2.509,0.072,-0.020,-0.006,2509,0
1211323,3.168,9.062,-2.552,0.047,-0.018,0.002,2511,0
1211343,3.165,9.043,-2.535,0.025,-0.020,0.010,2511,0
1211363,3.227,8.978,-2.514,0.031,-0.015,0.007,2511,0
1211383,3.196,9.000,-2.523,0.050,-0.011,0.010,2511,0
1211403,3.194,8.921,-2.538,0.070,-0.008,0.014,2510,0
1211423,3.206,8.892,-2.562,0.091,-0.006,0.016,2510,0
1211443,3.270,8.902,-2.507,0.127,-0.011,0.001,2510,0
1211463,3.261,8.945,-2.442,0.136,-0.013,-0.014,2511,0
1211483,3.189,8.969,-2.468,0.146,-0.009,-0.011,2509,0
1211503,3.158,9.026,-2.579,0.131,-0.012,0.003,2509,0
1211523,3.175,9.019,-2.531,0.096,-0.018,0.007,2510,0
1211543,3.194,9.012,-2.485,0.073,-0.026,0.012,2509,0
1211563,3.175,9.050,-2.478,0.055,-0.038,0.021,2511,0
1211583,3.235,9.096,-2.473,0.030,-0.053,0.034,2509,0
1211603,3.294,9.041,-2.444,0.018,-0.054,0.038,2510,0
1211623,3.311,9.007,-2.437,0.033,-0.054,0.036,2510,0
1211643,3.184,9.088,-2.497,0.054,-0.059,0.040,2510,0
1211663,3.163,9.086,-2.564,0.027,-0.059,0.042,2510,0
1211683,3.191,9.012,-2.540,0.017,-0.049,0.043,2511,0
1211703,3.278,9.012,-2.552,0.033,-0.039,0.032,2510,0
1211723,3.247,9.086,-2.598,0.026,-0.020,0.032,2510,0
1211743,3.206,9.093,-2.605,0.001,-0.012,0.053,2510,0
1211763,3.254,9.045,-2.509,-0.021,-0.017,0.071,2510,0
1211783,3.306,8.897,-2.488,-0.043,-0.014,0.078,2509,0
1211803,3.333,8.904,-2.476,-0.061,-0.004,0.068,2508,0
1211823,3.347,9.024,-2.461,-0.114,0.003,0.070,2508,0
1211843,3.388,9.179,-2.411,-0.208,0.003,0.096,2508,0
1211863,3.450,9.220,-2.382,-0.365,0.003,0.140,2507,0
1211883,3.503,9.160,-2.207,-0.539,0.018,0.180,2507,0
1211903,3.543,9.222,-2.054,-0.710,0.029,0.201,2505,0
1211923,3.608,9.275,-1.832,-0.896,0.022,0.217,2502,0
1211943,3.613,9.474,-1.676,-1.105,-0.026,0.267,2499,0
1211963,3.642,9.855,-1.875,-1.502,-0.102,0.368,2496,0
1211983,3.701,9.886,-1.767,-1.947,-0.098,0.490,2489,0
1212003,3.603,9.888,-1.310,-2.484,-0.075,0.580,2482,0
1212023,3.871,9.926,-1.034,-2.946,-0.053,0.691,2479,0
1212043,4.096,9.867,-0.771,-3.491,-0.042,0.811,2471,0
1212063,4.334,9.261,-0.299,-3.928,0.007,0.884,2462,0
1212083,4.274,8.516,0.766,-3.968,0.117,0.961,2451,0
1212103,4.336,8.033,1.820,-3.815,0.048,0.994,2441,0
1212123,4.140,8.605,1.853,-3.891,-0.102,1.136,2432,0
1212143,4.369,7.932,2.351,-4.162,-0.164,1.377,2418,0
1212163,4.762,6.835,2.847,-4.281,-0.135,1.554,2413,0
1212183,4.939,6.057,3.725,-4.493,-0.216,1.741,2410,0
1212203,4.731,5.217,4.180,-4.811,-0.356,1.952,2403,0
1212223,4.843,4.518,4.199,-4.942,-0.219,2.126,2403,0
1212243,4.944,3.259,5.009,-4.862,-0.163,2.091,2422,0
1212263,5.126,0.757,6.227,-4.288,-0.217,1.978,2463,0
1212283,5.533,-0.225,6.874,-3.424,-0.177,1.844,2502,0
1212303,6.045,-0.759,7.266,-2.198,-0.090,1.304,2514,0
1212323,6.639,0.122,7.432,-1.241,-0.071,0.873,2531,1579
1212343,6.879,0.864,7.456,-0.938,0.011,0.722,2543,2506
1212363,7.010,0.747,7.681,-0.671,0.200,0.636,2545,3030
1212383,6.804,1.044,7.951,-0.496,0.266,0.563,2545,3164
1212403,6.831,0.876,7.973,-0.508,0.193,0.488,2544,3340
1212423,6.981,0.043,8.217,-0.293,0.157,0.369,2544,3370
1212443,7.137,0.041,8.466,0.166,0.108,0.168,2543,3438
1212463,7.154,0.421,8.454,0.500,0.018,-0.025,2542,3489
1212483,7.168,0.266,8.519,0.816,-0.150,-0.200,2536,3553
1212503,7.317,-0.749,8.679,1.482,-0.358,-0.470,2531,3558
1212523,7.353,-0.915,8.547,2.572,-0.565,-0.975,2530,3522
1212543,6.821,0.268,7.855,3.482,-0.790,-1.519,2529,3552
1212563,6.266,1.267,7.228,4.134,-1.025,-1.941,2528,3425
1212583,5.519,1.346,6.500,4.972,-1.271,-2.341,2529,3412
1212603,5.634,1.980,4.484,5.722,-1.157,-2.871,2530,3261
1212623,5.590,2.720,1.896,6.171,-0.756,-3.432,2532,3284
1212643,4.798,3.163,0.175,6.451,-0.244,-3.846,2539,3310
1212663,4.511,3.826,-0.927,6.628,0.143,-4.117,2540,3336
1212683,2.974,4.140,-1.305,6.934,0.084,-4.401,2537,3343
1212703,1.638,4.405,-1.776,7.283,0.160,-4.597,2534,3240
1212723,0.330,5.107,-3.673,7.642,0.312,-4.683,2533,3252
1212743,-0.527,6.007,-5.758,7.821,0.277,-4.575,2533,3217
1212763,-1.398,5.607,-6.879,8.083,0.043,-4.372,2527,3200
1212783,-2.421,5.241,-7.444,8.497,-0.031,-4.101,2518,3137
1212803,-3.572,5.966,-9.091,8.731,-0.333,-3.667,2511,3115
1212823,-3.352,9.835,-10.812,7.856,-1.100,-2.761,2503,3126
1212843,-3.476,11.155,-11.483,5.477,-1.607,-1.630,2497,3141
1212863,-2.722,10.707,-11.435,2.743,-1.550,-0.442,2495,3145
1212883,-1.717,8.119,-11.121,0.706,-0.912,0.247,2491,3018
1212903,-1.525,5.430,-10.664,-0.018,-0.292,0.424,2485,2962
1212923,-1.705,3.857,-9.783,0.184,-0.063,0.243,2481,2945
1212943,-1.592,4.214,-9.589,0.666,-0.301,0.001,2480,2958
1212963,-1.554,4.685,-9.586,0.895,-0.493,-0.316,2480,2929
1212983,-1.671,5.107,-9.558,0.996,-0.493,-0.519,2479,2809
1213003,-1.891,6.096,-10.015,0.924,-0.391,-0.541,2478,2772
1213023,-2.368,6.340,-10.199,0.676,-0.255,-0.324,2478,2766
1213043,-2.650,6.093,-10.156,0.328,-0.177,0.036,2474,2856
1213063,-2.665,5.169,-10.072,0.028,-0.099,0.297,2476,2897
1213083,-2.547,4.147,-9.890,-0.092,-0.060,0.345,2476,2958
1213103,-2.368,3.412,-9.754,0.011,-0.044,0.275,2476,3011
1213123,-2.344,3.297,-9.723,0.174,-0.031,0.181,2473,3028
1213143,-2.351,3.385,-9.673,0.220,-0.015,0.106,2474,3043
1213163,-2.310,3.503,-9.565,0.162,0.021,0.053,2475,3087
1213183,-2.277,3.567,-9.467,0.074,0.074,0.031,2473,3091
1213203,-2.109,3.697,-9.325,-0.020,0.109,0.043,2473,3098
1213223,-2.014,3.603,-9.194,-0.093,0.119,0.055,2472,3133
1213243,-2.018,3.342,-9.033,-0.119,0.110,0.043,2470,3163
1213263,-2.045,3.335,-8.923,-0.080,0.075,0.023,2472,3210
1213283,-2.011,3.340,-9.036,-0.013,0.031,0.008,2471,3221
1213303,-1.920,3.469,-9.124,0.056,0.013,0.001,2473,3176
1213323,-1.745,3.699,-9.141,0.056,0.043,-0.016,2472,3196
1213343,-1.745,3.778,-8.969,-0.007,0.095,-0.021,2471,3214
1213363,-1.925,3.776,-8.827,-0.064,0.080,0.000,2473,3251
1213383,-1.944,3.737,-8.863,-0.065,-0.010,0.040,2471,3280
1213403,-1.784,3.639,-8.961,-0.031,-0.070,0.051,2470,3278
1213423,-1.671,3.512,-9.021,0.003,-0.053,0.019,2471,3302
1213443,-1.774,3.548,-9.098,0.040,-0.019,-0.002,2469,3313
1213463,-1.961,3.697,-9.098,0.062,-0.026,0.015,2469,3341
1213483,-2.016,3.699,-9.127,0.041,-0.051,0.032,2468,3369
1213503,-1.920,3.639,-9.120,0.003,-0.060,0.033,2468,3381
1213523,-1.870,3.555,-9.117,0.003,-0.066,0.032,2465,3421
1213543,-1.817,3.577,-9.131,0.022,-0.062,0.014,2468,3422
1213563,-1.844,3.596,-9.081,0.029,-0.041,-0.012,2468,3444
1213583,-1.930,3.713,-9.098,0.021,-0.033,-0.024,2469,3458
1213603,-1.875,3.711,-9.079,-0.011,-0.027,-0.020,2467,3472
1213623,-1.829,3.680,-8.983,-0.029,-0.018,-0.010,2468,3469
1213643,-1.808,3.610,-8.882,-0.046,-0.029,-0.020,2468,3515
1213663,-1.760,3.524,-8.921,-0.002,-0.048,-0.040,2469,3554
1213683,-1.650,3.682,-8.959,0.025,-0.081,-0.050,2468,3579
1213703,-1.726,3.706,-9.024,0.014,-0.108,-0.070,2468,3579
1213723,-1.913,3.761,-9.091,0.042,-0.131,-0.093,2468,3591
1213743,-2.116,3.867,-9.354,0.146,-0.140,-0.099,2466,3609
1213763,-2.131,4.053,-9.627,0.252,-0.119,-0.078,2467,3612
1213783,-2.174,4.171,-9.823,0.258,-0.068,-0.007,2466,3631
1213803,-2.133,4.041,-9.895,0.177,0.004,0.062,2467,3646
1213823,-1.879,3.728,-9.797,0.115,0.110,0.079,2470,3656
1213843,-1.736,3.632,-9.474,0.074,0.194,0.073,2467,3656
1213863,-1.762,3.462,-9.136,0.056,0.198,0.060,2465,3662
1213883,-1.844,3.381,-9.021,0.102,0.124,0.047,2465,3669
1213903,-1.736,3.431,-9.163,0.121,0.039,0.001,2468,3673
1213923,-1.621,3.594,-9.263,0.087,0.021,-0.045,2465,3685
1213943,-1.820,3.692,-9.179,0.046,0.048,-0.059,2465,3688
1213963,-2.076,3.840,-9.031,0.033,0.032,-0.007,2463,3684
1213983,-2.306,3.766,-8.923,0.039,-0.016,0.082,2464,3719
1214003,-2.301,3.606,-8.837,0.077,-0.020,0.124,2464,3725
1214023,-2.222,3.663,-8.808,0.102,0.019,0.095,2463,3730
1214043,-2.210,3.622,-8.708,0.083,0.038,0.066,2463,3736
1214063,-2.042,3.510,-8.523,0.051,0.017,0.045,2465,3739
1214083,-1.930,3.462,-8.461,0.065,-0.015,0.005,2462,3737
1214103,-1.695,3.594,-8.526,0.068,-0.060,-0.022,2464,3744
1214123,-1.683,3.613,-8.631,0.054,-0.098,-0.023,2463,3744
1214143,-1.573,3.632,-8.823,0.031,-0.124,-0.022,2464,3757
1214163,-1.520,3.589,-8.945,0.026,-0.124,-0.036,2462,3757
