1165463,-2.387,3.146,-9.158,-0.010,-0.020,0.004,2512,3847
1165483,-2.375,3.024,-9.177,0.033,-0.033,-0.004,2513,3847
1165503,-2.332,3.206,-9.206,0.062,-0.029,-0.007,2512,3851
1165523,-2.370,3.270,-9.134,0.029,-0.015,-0.003,2513,3852
1165543,-2.423,3.266,-9.122,0.007,-0.020,0.003,2512,3852
1165563,-2.389,3.124,-9.112,0.011,-0.045,0.005,2511,3850
1165583,-2.377,3.139,-9.129,0.025,-0.042,-0.002,2512,3854
1165603,-2.368,3.170,-9.055,0.010,-0.028,-0.010,2512,3859
1165623,-2.404,3.148,-9.045,0.021,-0.043,-0.010,2511,3865
1165643,-2.425,3.129,-9.165,0.038,-0.081,-0.007,2512,3864
1165663,-2.327,3.139,-9.256,0.038,-0.073,-0.013,2512,3868
1165683,-2.370,3.146,-9.203,0.000,-0.034,-0.020,2511,3854
1165703,-2.480,3.127,-9.096,0.002,-0.032,-0.027,2512,3855
1165723,-2.399,3.163,-9.105,0.051,-0.070,-0.021,2512,3855
1165743,-2.327,3.263,-9.170,0.072,-0.086,-0.017,2512,3855
1165763,-2.270,3.285,-9.213,0.034,-0.059,-0.016,2513,3854
1165783,-2.433,3.208,-9.232,0.019,-0.037,-0.015,2512,3855
1165803,-2.502,3.144,-9.292,0.027,-0.058,-0.018,2511,3857
1165823,-2.401,3.194,-9.342,0.056,-0.065,-0.033,2512,3857
1165843,-2.394,3.259,-9.345,0.043,-0.040,-0.035,2512,3858
1165863,-2.466,3.242,-9.342,0.019,-0.030,-0.022,2512,3856
1165883,-2.428,3.189,-9.306,0.029,-0.036,-0.005,2513,3857
1165903,-2.361,3.191,-9.256,0.033,-0.024,-0.004,2512,3857
1165923,-2.444,3.259,-9.196,0.016,-0.013,-0.008,2512,3857
1165943,-2.437,3.254,-9.151,0.017,-0.025,-0.014,2512,3861
1165963,-2.380,3.187,-9.177,0.039,-0.036,-0.013,2513,3863
1165983,-2.399,3.314,-9.175,0.037,-0.027,-0.009,2511,3865
1166003,-2.454,3.275,-9.122,-0.011,-0.010,-0.001,2512,3865
1166023,-2.409,3.120,-9.122,-0.010,-0.024,0.002,2513,3863
1166043,-2.342,3.086,-9.117,0.033,-0.057,-0.020,2512,3864
1166063,-2.282,3.251,-9.213,0.066,-0.061,-0.039,2512,3859
1166083,-2.332,3.445,-9.256,0.045,-0.041,-0.023,2512,3857
1166103,-2.461,3.369,-9.206,0.006,-0.028,0.003,2512,3855
1166123,-2.514,3.187,-9.244,0.018,-0.031,0.003,2511,3858
1166143,-2.480,3.225,-9.301,0.055,-0.032,-0.014,2511,3859
1166163,-2.514,3.273,-9.263,0.056,-0.014,-0.015,2513,3858
1166183,-2.545,3.254,-9.175,0.036,-0.002,-0.008,2511,3850
1166203,-2.495,3.148,-9.115,0.022,-0.014,-0.023,2513,3851
1166223,-2.459,3.211,-9.103,0.047,-0.026,-0.035,2514,3854
1166243,-2.473,3.249,-9.041,0.049,-0.037,-0.019,2513,3855
1166263,-2.435,3.235,-9.115,0.049,-0.054,0.001,2512,3854
1166283,-2.356,3.227,-9.160,0.067,-0.065,0.000,2512,3857
1166303,-2.368,3.314,-9.206,0.071,-0.053,-0.006,2512,3857
1166323,-2.430,3.397,-9.203,0.051,-0.044,0.009,2512,3856
1166343,-2.471,3.251,-9.230,0.032,-0.045,0.014,2513,3859
1166363,-2.459,3.201,-9.273,0.050,-0.048,-0.004,2511,3858
1166383,-2.428,3.259,-9.280,0.050,-0.031,-0.023,2512,3860
1166403,-2.471,3.323,-9.251,0.031,-0.020,-0.004,2513,3865
1166423,-2.456,3.220,-9.201,0.009,-0.028,0.010,2512,3863
1166443,-2.416,3.191,-9.170,0.023,-0.028,-0.001,2512,3863
1166463,-2.416,3.299,-9.131,0.025,-0.014,-0.019,2513,3862
1166483,-2.447,3.297,-9.076,0.016,-0.005,-0.018,2513,3867
1166503,-2.409,3.247,-9.033,0.028,-0.009,-0.007,2512,3863
1166523,-2.433,3.110,-9.050,0.032,-0.020,-0.008,2511,3860
1166543,-2.516,3.065,-9.017,0.042,-0.032,-0.021,2512,3857
1166563,-2.521,3.120,-9.086,0.052,-0.083,-0.025,2513,3859
1166583,-2.397,3.017,-9.323,0.104,-0.132,-0.017,2512,3856
1166603,-2.318,3.091,-9.603,0.139,-0.118,-0.022,2512,3856
1166623,-2.399,3.203,-9.644,0.088,-0.042,-0.030,2512,3855
1166643,-2.387,3.184,-9.491,0.003,0.031,-0.039,2512,3858
1166663,-2.504,3.160,-9.201,0.001,0.054,-0.046,2513,3858
1166683,-2.547,3.304,-9.019,0.033,0.016,-0.048,2512,3857
1166703,-2.377,3.397,-8.985,0.050,-0.018,-0.042,2513,3856
1166723,-2.337,3.419,-9.052,0.046,-0.026,-0.021,2513,3858
1166743,-2.416,3.349,-9.127,0.022,-0.044,0.004,2512,3858
1166763,-2.380,3.156,-9.232,0.014,-0.053,0.003,2513,3864
1166783,-2.409,3.179,-9.244,0.019,-0.030,-0.025,2512,3860
1166803,-2.504,3.323,-9.139,0.005,-0.017,-0.033,2512,3863
1166823,-2.638,3.378,-9.074,0.002,-0.046,-0.010,2513,3860
1166843,-2.588,3.498,-9.019,-0.005,-0.098,0.039,2512,3862
1166863,-2.399,3.306,-9.076,-0.026,-0.109,0.051,2512,3859
1166883,-2.346,3.230,-9.103,-0.004,-0.082,0.040,2513,3872
1166903,-2.485,3.292,-9.098,0.006,-0.078,0.027,2512,3882
1166923,-2.502,3.259,-9.081,-0.019,-0.078,0.020,2513,3887
1166943,-2.454,3.223,-9.088,-0.025,-0.065,0.021,2513,3890
1166963,-2.564,3.165,-9.120,0.001,-0.062,0.010,2512,3895
1166983,-2.492,3.232,-9.165,0.039,-0.070,-0.003,2513,3901
1167003,-2.480,3.275,-9.172,0.044,-0.057,-0.019,2512,3903
1167023,-2.490,3.335,-9.182,0.039,-0.041,-0.021,2513,3903
1167043,-2.478,3.311,-9.163,0.031,-0.037,-0.019,2513,3903
1167063,-2.473,3.342,-9.115,0.028,-0.026,-0.036,2514,3904
1167083,-2.480,3.469,-8.990,0.010,-0.016,-0.037,2512,3903
1167103,-2.502,3.359,-8.950,-0.004,-0.035,-0.025,2512,3903
1167123,-2.480,3.280,-9.009,0.034,-0.072,-0.025,2511,3904
1167143,-2.495,3.361,-9.203,0.067,-0.092,-0.029,2512,3893
1167163,-2.444,3.460,-9.292,0.047,-0.069,-0.032,2512,3886
1167183,-2.624,3.431,-9.189,0.021,-0.039,-0.031,2513,3860
1167203,-2.761,3.462,-9.148,0.016,-0.066,-0.013,2513,3796
1167223,-2.612,3.500,-9.251,-0.006,-0.095,-0.007,2513,3765
1167243,-2.500,3.436,-9.249,-0.031,-0.067,-0.032,2512,3762
1167263,-2.559,3.402,-9.155,-0.035,-0.029,-0.051,2514,3770
1167283,-2.509,3.326,-9.055,0.010,-0.024,-0.024,2513,3776
1167303,-2.483,3.496,-9.076,0.064,-0.027,0.006,2514,3788
1167323,-2.509,3.567,-9.048,0.043,-0.025,0.010,2515,3786
1167343,-2.531,3.455,-9.067,0.016,-0.035,0.015,2514,3792
1167363,-2.488,3.309,-9.155,0.044,-0.048,0.016,2514,3800
1167383,-2.519,3.338,-9.179,0.089,-0.035,0.002,2516,3802
1167403,-2.514,3.472,-9.163,0.096,-0.006,0.010,2516,3800
1167423,-2.586,3.426,-9.086,0.095,0.004,0.038,2514,3798
1167443,-2.610,3.431,-9.091,0.077,-0.022,0.055,2515,3797
1167463,-2.559,3.280,-9.093,0.046,-0.040,0.028,2516,3803
1167483,-2.425,3.235,-9.105,0.044,-0.026,-0.001,2515,3807
1167503,-2.497,3.309,-9.000,0.046,-0.016,-0.013,2517,3800
1167523,-2.591,3.381,-8.928,0.058,-0.039,-0.012,2514,3808
1167543,-2.531,3.412,-9.017,0.074,-0.060,-0.003,2514,3807
1167563,-2.447,3.402,-9.024,0.079,-0.048,0.006,2515,3800
1167583,-2.538,3.393,-9.052,0.092,-0.043,0.013,2515,3804
1167603,-2.559,3.357,-9.120,0.100,-0.061,0.015,2515,3801
1167623,-2.550,3.273,-9.143,0.086,-0.058,0.005,2514,3793
1167643,-2.564,3.273,-9.131,0.065,-0.040,-0.002,2514,3790
1167663,-2.624,3.259,-9.096,0.048,-0.054,-0.006,2516,3793
1167683,-2.500,3.254,-9.230,0.067,-0.079,-0.015,2515,3795
1167703,-2.440,3.366,-9.280,0.079,-0.061,-0.028,2515,3795
1167723,-2.605,3.452,-9.299,0.066,-0.039,-0.012,2515,3803
1167743,-2.626,3.366,-9.306,0.040,-0.037,0.007,2515,3804
1167763,-2.598,3.299,-9.270,0.044,-0.019,0.007,2514,3807
1167783,-2.629,3.290,-9.165,0.025,0.008,-0.001,2515,3809
1167803,-2.674,3.208,-9.052,0.019,0.005,0.001,2515,3814
1167823,-2.552,3.189,-8.988,0.046,-0.015,-0.009,2515,3813
1167843,-2.569,3.261,-9.005,0.079,-0.022,-0.028,2515,3813
1167863,-2.504,3.455,-9.050,0.076,-0.029,-0.022,2513,3808
1167883,-2.500,3.376,-9.072,0.029,-0.037,0.001,2513,3809
1167903,-2.437,3.223,-9.100,0.019,-0.040,-0.007,2515,3811
1167923,-2.375,3.347,-9.122,0.046,-0.024,-0.033,2514,3810
1167943,-2.437,3.510,-8.990,0.058,-0.012,-0.027,2515,3815
1167963,-2.509,3.563,-8.818,0.060,-0.021,-0.009,2514,3816
1167983,-2.555,3.539,-8.921,0.079,-0.060,0.019,2517,3817
1168003,-2.504,3.450,-9.041,0.086,-0.098,0.045,2515,3819
1168023,-2.514,3.311,-9.155,0.085,-0.083,0.053,2517,3823
1168043,-2.626,3.230,-9.179,0.066,-0.062,0.048,2516,3822
1168063,-2.720,3.129,-9.208,0.066,-0.075,0.046,2515,3823
1168083,-2.667,3.175,-9.309,0.065,-0.087,0.030,2515,3822
1168103,-2.543,3.179,-9.359,0.039,-0.064,0.015,2516,3823
1168123,-2.602,3.218,-9.282,0.035,-0.041,0.008,2518,3827
1168143,-2.638,3.237,-9.297,0.049,-0.047,0.004,2515,3824
1168163,-2.507,3.263,-9.316,0.071,-0.036,0.010,2516,3825
1168183,-2.552,3.273,-9.270,0.062,-0.009,0.014,2519,3825
1168203,-2.598,3.239,-9.208,0.046,-0.014,0.014,2514,3826
1168223,-2.507,3.218,-9.179,0.050,-0.030,0.003,2514,3825
1168243,-2.404,3.266,-9.141,0.051,-0.016,-0.007,2516,3824
1168263,-2.456,3.273,-9.163,0.036,0.001,-0.009,2515,3824
1168283,-2.552,3.244,-9.124,0.031,-0.008,-0.005,2516,3815
1168303,-2.559,3.235,-9.112,0.042,-0.020,-0.005,2516,3825
1168323,-2.557,3.261,-9.117,0.051,-0.022,0.002,2516,3828
1168343,-2.617,3.227,-9.134,0.056,-0.022,0.006,2515,3826
1168363,-2.646,3.141,-9.172,0.065,-0.026,-0.001,2515,3826
1168383,-2.600,3.235,-9.189,0.063,-0.028,-0.007,2516,3831
1168403,-2.488,3.225,-9.129,0.036,-0.012,-0.012,2517,3837
1168423,-2.500,3.196,-9.100,0.030,-0.003,-0.023,2516,3831
1168443,-2.502,3.177,-9.060,0.049,-0.019,-0.031,2516,3827
1168463,-2.492,3.280,-9.115,0.063,-0.029,-0.035,2516,3830
1168483,-2.519,3.359,-9.129,0.053,-0.028,-0.023,2515,3830
1168503,-2.533,3.354,-9.076,0.033,-0.021,-0.010,2516,3828
1168523,-2.528,3.280,-9.048,0.029,-0.018,-0.007,2515,3825
1168543,-2.550,3.249,-9.076,0.046,-0.027,-0.018,2516,3830
1168563,-2.569,3.285,-9.148,0.060,-0.039,-0.022,2515,3831
1168583,-2.564,3.297,-9.158,0.042,-0.046,-0.013,2515,3833
1168603,-2.497,3.213,-9.172,0.038,-0.040,-0.005,2516,3835
1168623,-2.485,3.259,-9.170,0.034,-0.026,-0.014,2515,3835
1168643,-2.519,3.263,-9.120,0.031,-0.022,-0.023,2516,3833
1168663,-2.581,3.347,-9.074,0.031,-0.036,-0.021,2515,3834
1168683,-2.502,3.342,-9.079,0.034,-0.043,-0.013,2516,3833
1168703,-2.512,3.306,-9.093,0.040,-0.038,-0.008,2516,3833
1168723,-2.500,3.306,-9.048,0.036,-0.033,-0.005,2514,3820
1168743,-2.490,3.199,-8.938,0.036,-0.039,-0.003,2516,3822
1168763,-2.571,3.247,-8.954,0.050,-0.060,-0.010,2516,3824
1168783,-2.545,3.259,-9.062,0.052,-0.087,-0.014,2517,3823
1168803,-2.557,3.196,-9.163,0.044,-0.078,-0.020,2516,3816
1168823,-2.600,3.230,-9.189,0.035,-0.057,-0.025,2516,3819
1168843,-2.636,3.201,-9.249,0.015,-0.059,-0.028,2514,3821
1168863,-2.562,3.194,-9.258,0.037,-0.067,-0.031,2515,3817
1168883,-2.531,3.326,-9.251,0.048,-0.048,-0.039,2513,3818
1168903,-2.593,3.373,-9.184,0.040,-0.033,-0.030,2514,3827
1168923,-2.624,3.321,-9.208,0.037,-0.046,-0.014,2515,3824
1168943,-2.593,3.211,-9.246,0.053,-0.065,-0.007,2515,3825
1168963,-2.557,3.218,-9.282,0.079,-0.065,-0.006,2514,3832
1168983,-2.602,3.500,-9.278,0.073,-0.031,-0.013,2515,3833
1169003,-2.607,3.326,-9.086,0.037,-0.020,0.001,2514,3830
1169023,-2.507,3.359,-9.043,0.047,-0.024,0.002,2514,3836
1169043,-2.521,3.342,-9.048,0.040,-0.022,-0.010,2514,3833
1169063,-2.612,3.333,-9.064,0.032,-0.030,-0.014,2513,3830
1169083,-2.626,3.275,-9.167,0.030,-0.050,-0.009,2515,3829
1169103,-2.612,3.225,-9.254,0.049,-0.050,-0.008,2515,3828
1169123,-2.612,3.323,-9.270,0.044,-0.023,-0.006,2513,3831
1169143,-2.646,3.321,-9.182,0.020,-0.011,0.001,2515,3831
1169163,-2.569,3.242,-9.189,0.024,-0.021,-0.002,2515,3837
1169183,-2.519,3.275,-9.163,0.040,-0.018,-0.022,2513,3833
1169203,-2.516,3.385,-9.081,0.028,-0.010,-0.019,2514,3827
1169223,-2.509,3.323,-9.072,0.022,-0.007,0.003,2514,3830
1169243,-2.538,3.285,-9.043,0.028,-0.023,0.016,2514,3828
1169263,-2.516,3.232,-9.048,0.032,-0.030,0.007,2514,3829
1169283,-2.564,3.270,-9.029,0.054,-0.023,0.001,2514,3828
1169303,-2.610,3.280,-9.012,0.045,-0.027,0.001,2514,3832
1169323,-2.629,3.215,-9.055,0.043,-0.045,0.012,2515,3829
1169343,-2.581,3.148,-9.120,0.050,-0.054,0.002,2515,3834
1169363,-2.555,3.213,-9.155,0.070,-0.043,-0.010,2514,3835
1169383,-2.610,3.309,-9.108,0.049,-0.033,-0.009,2514,3834
1169403,-2.658,3.254,-9.055,0.022,-0.039,0.006,2514,3834
1169423,-2.567,3.151,-9.050,0.003,-0.037,-0.005,2514,3835
1169443,-2.557,3.151,-9.024,0.030,-0.035,-0.031,2513,3833
1169463,-2.538,3.278,-9.072,0.054,-0.058,-0.034,2513,3836
1169483,-2.509,3.338,-9.187,0.061,-0.079,-0.020,2514,3836
1169503,-2.490,3.347,-9.227,0.053,-0.059,-0.018,2513,3834
1169523,-2.622,3.433,-9.215,0.034,-0.036,-0.009,2513,3837
1169543,-2.727,3.321,-9.196,0.030,-0.041,0.005,2514,3837
1169563,-2.677,3.206,-9.266,0.043,-0.046,0.004,2515,3838
1169583,-2.602,3.206,-9.230,0.042,-0.029,-0.015,2514,3835
1169603,-2.555,3.309,-9.167,0.032,-0.008,-0.026,2514,3838
1169623,-2.588,3.364,-9.081,0.022,-0.010,-0.029,2516,3835
1169643,-2.646,3.393,-9.108,0.039,-0.034,-0.022,2515,3829
1169663,-2.571,3.417,-9.251,0.043,-0.048,-0.013,2515,3834
1169683,-2.485,3.409,-9.266,0.040,-0.030,-0.007,2514,3830
1169703,-2.509,3.424,-9.249,0.030,-0.003,0.003,2514,3833
1169723,-2.586,3.364,-9.131,0.029,0.004,0.019,2515,3826
1169743,-2.624,3.287,-9.067,0.059,-0.005,0.028,2514,3825
1169763,-2.605,3.292,-9.038,0.072,-0.018,0.027,2515,3816
1169783,-2.600,3.223,-9.057,0.058,-0.023,0.019,2515,3814
1169803,-2.545,3.189,-9.143,0.038,-0.020,0.011,2515,3815
1169823,-2.598,3.144,-9.112,0.017,-0.012,-0.001,2517,3815
1169843,-2.559,3.146,-9.026,0.016,-0.014,-0.017,2515,3816
1169863,-2.528,3.211,-9.050,0.038,-0.022,-0.026,2514,3813
1169883,-2.555,3.345,-9.060,0.072,-0.031,-0.015,2516,3799
1169903,-2.550,3.405,-9.081,0.055,-0.034,-0.009,2515,3794
1169923,-2.526,3.321,-9.072,0.038,-0.030,0.002,2516,3796
1169943,-2.526,3.259,-9.098,0.030,-0.030,0.003,2514,3794
1169963,-2.526,3.179,-9.112,0.035,-0.043,-0.003,2514,3789
1169983,-2.504,3.227,-9.120,0.040,-0.043,-0.017,2515,3795
1170003,-2.497,3.290,-9.064,0.029,-0.027,-0.030,2515,3795
1170023,-2.576,3.376,-9.017,0.036,-0.027,-0.023,2515,3796
1170043,-2.629,3.335,-9.057,0.054,-0.050,-0.004,2516,3798
1170063,-2.600,3.282,-9.141,0.070,-0.058,-0.000,2516,3800
1170083,-2.557,3.259,-9.141,0.054,-0.041,-0.013,2515,3791
1170103,-2.567,3.273,-9.105,0.039,-0.034,-0.009,2514,3756
1170123,-2.512,3.172,-9.105,0.040,-0.049,-0.010,2517,3757
1170143,-2.468,3.196,-9.165,0.055,-0.059,-0.023,2518,3757
1170163,-2.550,3.321,-9.237,0.039,-0.052,-0.033,2516,3782
1170183,-2.588,3.330,-9.227,0.020,-0.036,-0.023,2515,3795
1170203,-2.626,3.292,-9.160,0.017,-0.023,-0.014,2517,3796
1170223,-2.660,3.259,-9.134,0.025,-0.029,-0.016,2516,3794
1170243,-2.624,3.232,-9.179,0.046,-0.042,-0.020,2515,3795
1170263,-2.564,3.223,-9.234,0.073,-0.037,-0.025,2517,3794
1170283,-2.581,3.321,-9.189,0.059,-0.022,-0.023,2516,3797
1170303,-2.595,3.270,-9.127,0.027,-0.015,-0.022,2517,3798
1170323,-2.576,3.306,-9.127,0.013,-0.023,-0.032,2517,3798
1170343,-2.555,3.278,-9.139,0.017,-0.028,-0.038,2515,3799
1170363,-2.500,3.364,-9.124,0.024,-0.028,-0.039,2516,3795
1170383,-2.528,3.385,-9.117,0.038,-0.026,-0.039,2517,3799
1170403,-2.521,3.505,-9.187,0.052,-0.032,-0.016,2516,3800
1170423,-2.488,3.455,-9.146,0.030,-0.021,0.007,2517,3798
1170443,-2.531,3.326,-9.048,0.021,0.001,0.008,2515,3798
1170463,-2.605,3.306,-9.000,0.033,-0.012,0.005,2516,3796
1170483,-2.576,3.239,-9.041,0.050,-0.047,0.006,2517,3800
1170503,-2.514,3.270,-9.091,0.044,-0.046,-0.006,2517,3800
1170523,-2.631,3.328,-9.041,0.024,-0.026,-0.013,2516,3799
1170543,-2.703,3.333,-9.084,0.024,-0.038,-0.001,2517,3799
1170563,-2.567,3.223,-9.153,0.047,-0.054,0.002,2516,3800
1170583,-2.557,3.306,-9.163,0.048,-0.038,-0.006,2515,3803
1170603,-2.567,3.321,-9.098,0.021,-0.020,-0.007,2518,3802
1170623,-2.579,3.294,-9.019,0.026,-0.028,-0.005,2517,3802
1170643,-2.581,3.292,-9.062,0.045,-0.045,-0.003,2517,3803
1170663,-2.567,3.335,-9.043,0.042,-0.040,-0.005,2516,3803
1170683,-2.591,3.378,-9.009,0.006,-0.023,-0.007,2518,3803
1170703,-2.624,3.357,-8.952,-0.022,-0.013,-0.008,2517,3762
1170723,-2.693,3.414,-9.033,-0.001,-0.014,-0.012,2518,3754
1170743,-2.794,3.883,-9.577,-0.048,-0.006,0.018,2516,3724
1170763,-2.660,4.487,-10.350,-0.250,0.144,0.125,2521,3543
1170783,-2.662,4.774,-10.690,-0.632,0.441,0.287,2530,3122
1170803,-2.437,4.848,-10.769,-0.974,0.681,0.398,2544,1987
1170823,-2.538,4.956,-10.247,-1.226,0.787,0.437,2559,0
1170843,-2.227,5.258,-10.139,-1.374,0.825,0.521,2561,0
1170863,-1.760,5.660,-9.831,-1.405,0.785,0.609,2561,0
1170883,-1.295,6.668,-10.111,-1.638,0.792,0.716,2559,0
1170903,-1.022,6.732,-9.838,-1.888,0.892,0.892,2559,0
1170923,-0.972,7.405,-9.491,-2.075,0.909,1.168,2559,0
1170943,-0.888,8.092,-9.385,-2.376,0.824,1.515,2559,0
1170963,-0.893,8.543,-9.189,-2.970,0.814,1.819,2557,0
1170983,-0.828,8.490,-8.851,-3.519,0.806,2.101,2552,0
1171003,-0.445,8.085,-8.243,-4.008,0.942,2.247,2544,0
1171023,0.093,7.468,-7.693,-3.955,0.922,2.385,2529,0
1171043,0.599,7.147,-6.718,-3.835,0.960,2.389,2510,0
1171063,0.936,7.175,-5.871,-3.619,1.008,2.229,2481,0
1171083,1.444,7.125,-5.095,-3.473,1.082,2.004,2452,0
1171103,2.464,6.148,-4.693,-3.049,1.166,1.694,2432,0
1171123,2.416,5.863,-3.575,-2.235,1.492,1.318,2413,0
1171143,2.696,5.370,-2.653,-1.508,1.801,0.628,2401,0
1171163,2.222,5.748,-1.571,-0.845,1.686,0.170,2395,0
1171183,2.471,6.723,-0.979,-0.460,1.546,-0.006,2392,0
1171203,2.528,7.444,-0.218,-0.546,1.081,0.026,2389,0
1171223,2.624,7.432,-0.481,-0.720,0.676,0.068,2384,0
1171243,2.909,7.331,-0.733,-0.687,0.384,0.062,2381,0
1171263,3.115,7.630,-0.862,-0.536,0.204,0.041,2380,0
1171283,3.302,7.989,-0.828,-0.476,0.162,-0.031,2377,0
1171303,3.381,7.946,-0.742,-0.377,0.148,-0.128,2373,0
1171323,3.237,8.370,-0.730,-0.165,0.060,-0.163,2372,0
1171343,3.330,8.712,-0.838,0.033,-0.051,-0.110,2369,0
1171363,3.527,9.031,-0.986,0.161,-0.104,-0.060,2369,0
1171383,3.656,9.098,-1.109,0.217,-0.130,-0.058,2368,0
1171403,3.730,9.120,-1.178,0.217,-0.145,-0.085,2368,0
1171423,3.809,9.060,-1.214,0.259,-0.114,-0.118,2368,0
1171443,3.704,9.175,-1.262,0.338,-0.050,-0.154,2369,0
1171463,3.541,9.266,-1.381,0.364,-0.016,-0.152,2367,0
1171483,3.472,9.357,-1.504,0.292,-0.026,-0.095,2368,0
1171503,3.428,9.416,-1.518,0.120,-0.054,-0.037,2366,0
1171523,3.397,9.158,-1.355,0.002,-0.058,-0.016,2365,0
1171543,3.445,9.014,-1.324,0.029,-0.046,-0.038,2366,0
1171563,3.548,9.112,-1.377,0.098,-0.024,-0.071,2365,0
1171583,3.512,9.282,-1.393,0.104,0.019,-0.093,2365,0
1171603,3.381,9.325,-1.365,0.055,0.055,-0.087,2363,0
1171623,3.364,9.225,-1.233,0.046,0.044,-0.057,2364,0
1171643,3.424,9.170,-1.223,0.054,0.017,-0.044,2363,0
1171663,3.378,9.251,-1.238,0.059,0.008,-0.029,2364,0
1171683,3.292,9.354,-1.231,0.025,0.005,-0.004,2364,0
1171703,3.314,9.313,-1.113,-0.011,0.014,0.028,2363,0
1171723,3.428,9.158,-1.022,-0.059,-0.005,0.027,2362,0
1171743,3.498,8.950,-0.924,-0.028,-0.014,-0.004,2362,0
1171763,3.472,8.997,-0.979,0.076,-0.014,-0.045,2363,0
1171783,3.421,9.208,-1.087,0.124,-0.024,-0.077,2363,0
1171803,3.373,9.297,-1.120,0.107,-0.043,-0.057,2362,0
1171823,3.330,9.419,-1.171,0.077,-0.052,-0.006,2362,0
1171843,3.347,9.400,-1.207,0.012,-0.059,0.026,2362,0
1171863,3.393,9.354,-1.199,-0.022,-0.044,0.029,2363,0
1171883,3.388,9.254,-1.188,-0.028,-0.035,0.007,2362,0
1171903,3.352,9.153,-1.156,0.007,-0.025,0.000,2360,0
1171923,3.326,9.105,-1.202,0.054,-0.025,0.010,2361,0
1171943,3.345,9.062,-1.176,0.090,-0.046,0.015,2362,0
1171963,3.376,9.096,-1.233,0.088,-0.063,0.005,2360,0
1171983,3.309,9.189,-1.238,0.072,-0.044,-0.015,2363,0
1172003,3.249,9.189,-1.276,0.049,-0.029,-0.018,2361,0
1172023,3.330,9.184,-1.226,0.032,-0.041,-0.005,2361,0
1172043,3.381,9.139,-1.219,0.026,-0.041,0.005,2361,0
1172063,3.333,9.112,-1.204,0.030,-0.031,0.009,2360,0
1172083,3.338,9.062,-1.176,0.041,-0.043,0.010,2360,0
1172103,3.373,9.057,-1.209,0.057,-0.058,0.004,2361,0
1172123,3.342,9.064,-1.216,0.050,-0.047,-0.009,2360,0
1172143,3.280,9.019,-1.223,0.031,-0.044,-0.016,2360,0
1172163,3.338,9.052,-1.188,0.039,-0.048,-0.021,2360,0
1172183,3.428,9.105,-1.211,0.041,-0.052,-0.034,2361,0
1172203,3.452,9.210,-1.233,0.049,-0.046,-0.047,2361,0
1172223,3.364,9.328,-1.279,0.046,-0.046,-0.037,2360,0
1172243,3.397,9.378,-1.274,0.038,-0.068,-0.008,2361,0
1172263,3.409,9.333,-1.255,0.030,-0.081,0.013,2361,0
1172283,3.397,9.290,-1.300,0.031,-0.068,0.017,2361,0
1172303,3.366,9.311,-1.338,0.039,-0.060,0.016,2361,0
1172323,3.347,9.340,-1.324,0.022,-0.052,0.028,2361,0
1172343,3.383,9.299,-1.274,-0.016,-0.039,0.041,2362,0
1172363,3.393,9.234,-1.211,-0.055,-0.039,0.053,2359,0
1172383,3.440,9.232,-1.252,-0.120,-0.055,0.066,2359,0
1172403,3.460,9.273,-1.197,-0.207,-0.045,0.080,2358,0
1172423,3.474,9.261,-1.123,-0.268,-0.027,0.097,2358,0
1172443,3.474,9.242,-0.965,-0.305,-0.025,0.109,2359,0
1172463,3.455,9.349,-0.936,-0.331,-0.035,0.133,2359,0
1172483,3.462,9.263,-0.876,-0.399,-0.036,0.161,2357,0
1172503,3.431,9.062,-0.785,-0.379,-0.031,0.155,2358,0
1172523,3.443,8.957,-0.678,-0.246,-0.032,0.108,2358,0
1172543,3.479,9.055,-0.718,-0.119,-0.044,0.068,2358,0
1172563,3.381,9.275,-0.819,-0.088,-0.042,0.068,2360,0
1172583,3.254,9.488,-0.869,-0.208,-0.075,0.139,2360,0
1172603,3.038,10.168,-1.092,-0.562,-0.149,0.307,2362,0
1172623,2.966,11.083,-1.415,-1.382,-0.240,0.589,2363,0
1172643,2.933,11.535,-1.149,-2.671,-0.358,1.047,2365,0
1172663,2.902,12.009,-1.463,-4.291,-0.331,1.619,2364,0
1172683,3.251,10.350,-0.802,-5.735,-0.266,2.162,2362,0
1172703,3.390,8.164,0.476,-6.627,-0.399,2.557,2358,0
1172723,3.670,6.196,1.585,-6.861,-0.645,2.789,2353,0
1172743,4.750,5.037,2.725,-6.960,-0.762,2.826,2352,0
1172763,5.502,3.924,2.873,-7.037,-0.730,2.639,2347,0
1172783,5.495,1.465,4.841,-6.494,-0.941,2.670,2338,0
1172803,6.843,-0.441,4.520,-5.209,-0.873,2.497,2330,0
1172823,7.901,-2.777,6.014,-3.430,-0.642,1.677,2320,0
1172843,7.853,-1.994,6.297,-1.520,-0.342,0.856,2317,0
1172863,8.109,0.424,5.859,-0.809,-0.005,0.379,2312,1442
1172883,8.009,1.274,6.421,-0.718,0.361,0.136,2311,2657
1172903,7.547,0.508,7.345,-0.654,0.466,0.023,2314,3143
1172923,7.302,0.278,7.946,-0.124,0.233,-0.095,2316,3309
1172943,7.618,0.838,7.681,0.347,-0.033,-0.229,2322,3495
1172963,7.934,0.965,7.427,0.715,-0.101,-0.459,2322,3579
1172983,8.033,0.053,7.434,1.374,-0.111,-0.907,2324,3613
1173003,7.738,-0.735,7.544,2.621,-0.218,-1.601,2326,3619
1173023,7.154,0.165,6.656,3.910,-0.415,-2.378,2324,3621
1173043,6.258,1.863,5.215,4.871,-0.533,-3.048,2321,3531
1173063,5.574,2.976,4.300,5.334,-0.386,-3.483,2320,3520
1173083,4.477,3.431,3.077,5.926,-0.211,-4.012,2320,3466
1173103,3.335,4.271,0.924,6.599,0.027,-4.495,2322,3463
1173123,3.050,5.873,-1.063,6.917,0.580,-4.940,2323,3440
1173143,1.887,5.966,-2.895,7.251,0.774,-5.149,2327,3524
1173163,-0.304,5.629,-3.989,8.034,0.622,-4.974,2329,3515
1173183,-1.609,6.646,-5.035,8.731,0.116,-4.723,2334,3454
1173203,-2.198,7.214,-7.242,8.612,0.362,-4.601,2334,3389
1173223,-2.286,6.835,-9.258,8.354,0.241,-4.538,2341,3423
1173243,-2.406,6.464,-10.640,8.275,-0.007,-4.324,2345,3437
1173263,-3.081,7.075,-11.559,7.685,-0.010,-3.868,2348,3441
1173283,-3.843,10.312,-12.471,6.485,-0.377,-2.923,2349,3379
1173303,-3.321,12.431,-11.337,4.053,-0.886,-1.479,2349,3207
1173323,-2.832,10.714,-10.558,1.183,-0.634,-0.194,2348,3112
1173343,-2.069,7.422,-10.053,-0.540,-0.210,0.608,2346,3110
1173363,-1.647,4.451,-9.335,-0.831,0.185,0.664,2344,3112
1173383,-1.465,3.433,-8.681,-0.085,0.268,0.281,2341,3108
1173403,-1.578,4.053,-8.325,0.761,0.019,-0.066,2340,3091
1173423,-1.705,4.688,-8.885,0.975,-0.256,-0.281,2338,3110
1173443,-1.183,5.267,-9.096,0.734,-0.332,-0.405,2341,3122
1173463,-0.965,5.535,-9.165,0.429,-0.170,-0.468,2339,3136
1173483,-1.578,5.945,-9.232,0.187,0.010,-0.380,2338,3139
1173503,-2.310,5.947,-9.108,-0.003,-0.010,-0.175,2338,3165
1173523,-2.397,5.504,-9.033,-0.077,-0.082,0.011,2338,3185
1173543,-2.274,5.131,-9.062,-0.057,-0.078,0.097,2338,3216
1173563,-2.224,4.752,-9.064,-0.018,-0.055,0.125,2337,3228
1173583,-2.169,4.357,-9.084,0.056,-0.038,0.124,2338,3274
1173603,-2.064,4.278,-9.120,0.111,-0.013,0.106,2337,3379
1173623,-2.047,4.281,-9.072,0.092,0.017,0.084,2337,3402
