4142646,3.412,8.736,-5.059,0.035,-0.087,0.017,3077,4095
4142666,1.432,7.257,-5.859,0.068,0.000,-0.006,3080,4095
4142686,2.964,8.207,-5.590,0.054,-0.028,-0.026,3077,4095
4142706,2.155,7.987,-5.183,-0.041,-0.043,0.016,3076,4095
4142726,2.138,7.278,-5.914,0.096,-0.047,-0.049,3075,4095
4142746,3.139,8.839,-4.982,0.055,-0.055,0.021,3074,4095
4142766,1.307,7.197,-6.151,0.082,-0.016,-0.021,3073,4095
4142786,3.342,8.782,-5.241,-0.015,-0.089,0.021,3076,4095
4142806,1.585,7.855,-5.646,-0.132,-0.079,0.019,3077,4095
4142826,2.559,8.660,-5.734,-0.254,-0.164,0.016,3082,4095
4142846,1.966,9.833,-4.736,-0.861,-0.319,0.125,3088,4095
4142866,0.898,8.200,-5.567,-1.296,-0.439,0.005,3094,3989
4142886,2.332,9.294,-4.774,-1.627,-0.585,-0.038,3101,3695
4142906,1.642,8.657,-5.610,-1.848,-0.493,-0.060,3107,3405
4142926,1.607,11.729,-4.906,-2.637,-0.554,0.222,3110,2160
4142946,0.397,13.376,-5.186,-4.410,-0.838,0.617,3087,0
4142966,1.207,11.535,-6.677,-6.860,-1.116,0.675,3057,0
4142986,2.461,7.772,-4.329,-7.261,-1.036,0.265,3019,0
4143006,3.433,6.103,-2.325,-6.223,-0.925,0.120,2957,0
4143026,3.230,7.379,-1.106,-4.908,-0.403,0.000,2852,0
4143046,3.309,8.926,0.235,-3.664,-0.143,0.353,2736,0
4143066,2.581,9.232,0.453,-3.784,0.110,0.442,2637,0
4143086,2.940,9.246,2.191,-3.794,0.126,0.442,2570,0
4143106,3.136,7.549,3.299,-3.887,0.110,0.139,2524,0
4143126,2.514,6.115,4.539,-3.102,-0.068,0.299,2452,0
4143146,2.241,9.486,4.846,-2.706,-0.234,0.420,2396,0
4143166,2.365,9.143,4.357,-3.685,-0.468,0.358,2364,0
4143186,3.314,6.314,5.715,-4.360,-0.578,0.302,2345,0
4143206,3.651,4.096,6.069,-3.533,-0.517,0.167,2331,0
4143226,3.610,4.025,7.001,-2.762,-0.431,0.219,2320,0
4143246,3.364,4.662,6.608,-1.909,-0.297,0.064,2305,0
4143266,3.548,4.599,7.922,-1.958,-0.217,0.143,2299,0
4143286,3.546,3.809,7.410,-0.971,-0.106,0.193,2297,0
4143306,3.749,4.178,8.219,-0.486,0.084,0.286,2296,0
4143326,3.232,3.931,7.578,0.164,0.239,0.065,2294,0
4143346,3.606,5.361,8.459,0.035,0.138,0.110,2291,0
4143366,2.837,4.867,7.671,0.006,0.039,0.014,2289,0
4143386,3.869,4.858,8.423,-0.221,-0.032,0.116,2290,0
4143406,2.734,3.926,7.796,0.195,0.070,-0.012,2294,0
4143426,3.692,5.523,8.243,0.140,-0.030,0.066,2294,0
4143446,2.342,5.488,7.422,-0.203,-0.101,-0.061,2292,0
4143466,3.852,5.107,8.301,-0.660,-0.258,-0.007,2294,0
4143486,3.072,3.409,8.025,-0.287,-0.147,0.006,2300,0
4143506,3.450,3.666,7.968,0.354,-0.055,0.053,2303,0
4143526,3.165,5.262,7.669,0.519,0.029,0.041,2304,0
4143546,3.158,5.725,7.362,0.083,0.012,-0.019,2306,0
4143566,3.282,4.937,7.822,-0.271,-0.041,-0.061,2310,0
4143586,3.385,4.149,8.042,-0.102,-0.054,-0.051,2312,0
4143606,3.328,4.350,7.925,0.240,-0.019,-0.022,2315,0
4143626,3.235,5.021,7.616,0.274,0.003,-0.036,2317,0
4143646,3.302,5.140,7.678,0.033,-0.009,-0.090,2318,0
4143666,3.299,4.779,7.860,-0.061,-0.025,-0.112,2320,0
4143686,3.203,4.707,7.896,0.076,-0.042,-0.075,2321,0
4143706,3.156,5.013,7.796,0.210,-0.028,-0.052,2325,0
4143726,3.187,5.291,7.822,0.164,-0.015,-0.072,2325,0
4143746,3.268,5.339,7.867,0.068,-0.022,-0.083,2327,0
4143766,3.254,5.296,7.879,0.056,-0.030,-0.067,2329,0
4143786,3.153,5.205,7.786,0.091,-0.053,-0.038,2332,0
4143806,3.165,5.229,7.681,0.162,-0.072,0.008,2335,0
4143826,3.278,5.358,7.609,0.158,-0.062,0.020,2336,0
4143846,3.314,5.353,7.515,0.056,-0.041,-0.008,2338,0
4143866,3.278,5.133,7.563,-0.008,-0.017,-0.026,2339,0
4143886,3.311,4.877,7.649,0.082,0.003,-0.030,2340,0
4143906,3.333,4.834,7.731,0.302,0.036,-0.008,2345,0
4143926,3.259,5.136,7.695,0.499,0.048,0.028,2348,0
4143946,3.117,5.816,7.535,0.397,0.010,0.030,2348,0
4143966,3.144,5.871,7.441,0.035,-0.043,-0.011,2352,0
4143986,3.316,5.334,7.635,-0.163,-0.066,-0.039,2352,0
4144006,3.598,5.191,8.157,-0.051,-0.022,-0.026,2352,0
4144026,3.637,5.499,7.724,0.147,-0.010,0.023,2351,0
4144046,2.866,5.590,7.877,0.217,-0.002,0.056,2351,0
4144066,3.177,5.397,7.128,0.278,-0.029,-0.029,2355,0
4144086,3.508,6.096,7.918,-0.171,-0.071,0.047,2355,0
4144106,3.354,4.942,7.298,-0.078,-0.056,-0.076,2357,0
4144126,3.608,5.509,7.889,-0.173,-0.084,0.035,2358,0
4144146,2.907,4.472,7.242,0.156,-0.025,-0.052,2360,0
4144166,2.847,5.595,7.877,0.057,-0.021,0.028,2360,0
4144186,3.488,5.387,7.324,0.156,-0.029,-0.037,2363,0
4144206,2.598,5.617,7.788,-0.110,-0.034,0.015,2366,0
4144226,3.709,5.327,7.408,-0.075,-0.075,-0.027,2367,0
4144246,2.638,4.820,7.683,-0.120,-0.027,-0.023,2367,0
4144266,3.931,5.217,7.640,0.089,-0.038,-0.002,2368,0
4144286,2.406,4.755,7.532,0.177,0.009,-0.022,2368,0
4144306,3.836,5.933,7.700,0.079,-0.056,0.026,2368,0
4144326,2.574,4.815,7.283,0.023,-0.024,-0.075,2369,0
4144346,3.819,5.851,7.925,-0.174,-0.071,0.009,2370,0
4144366,2.895,4.369,7.446,0.050,-0.006,-0.103,2371,0
4144386,3.407,5.581,8.167,0.023,-0.037,0.024,2371,0
4144406,3.218,4.796,7.357,0.291,-0.018,-0.067,2371,0
4144426,2.971,5.952,7.930,0.037,-0.033,0.015,2372,0
4144446,3.639,5.409,7.384,0.055,-0.057,-0.058,2372,0
4144466,2.660,5.313,7.815,-0.103,-0.033,-0.012,2373,0
4144486,3.366,5.109,7.494,0.051,-0.037,-0.031,2377,0
4144506,3.158,5.227,7.824,0.107,-0.010,-0.004,2378,0
4144526,3.115,5.416,7.530,0.120,-0.027,0.014,2380,0
4144546,3.172,5.363,7.614,0.033,-0.049,-0.001,2381,0
4144566,3.139,5.284,7.570,-0.004,-0.053,-0.017,2381,0
4144586,3.151,5.231,7.566,0.021,-0.050,-0.012,2382,0
4144606,3.172,5.183,7.539,0.077,-0.040,-0.004,2383,0
4144626,3.151,5.313,7.489,0.082,-0.029,-0.003,2383,0
4144646,3.187,5.329,7.554,0.028,-0.029,-0.013,2384,0
4144666,3.179,5.253,7.630,-0.010,-0.033,-0.022,2385,0
4144686,3.223,5.222,7.671,0.015,-0.037,-0.014,2384,0
4144706,3.259,5.274,7.657,0.030,-0.039,-0.015,2384,0
4144726,3.203,5.325,7.659,0.048,-0.038,-0.017,2384,0
4144746,3.153,5.437,7.621,0.059,-0.041,-0.008,2386,0
4144766,3.139,5.483,7.570,0.019,-0.043,-0.001,2387,0
4144786,3.194,5.418,7.575,-0.042,-0.050,-0.002,2387,0
4144806,3.282,5.298,7.623,-0.065,-0.058,-0.002,2387,0
4144826,3.278,5.243,7.621,-0.055,-0.046,-0.001,2388,0
4144846,3.213,5.119,7.661,-0.002,-0.027,0.004,2389,0
4144866,3.093,5.148,7.681,0.080,-0.026,0.021,2389,0
4144886,3.184,5.229,7.628,0.080,-0.036,0.021,2390,0
4144906,3.268,5.198,7.563,0.025,-0.038,0.002,2390,0
4144926,3.251,5.080,7.594,0.019,-0.022,-0.009,2391,0
4144946,3.160,5.030,7.669,0.083,-0.014,0.005,2391,0
4144966,3.141,5.104,7.688,0.140,-0.020,0.015,2392,0
4144986,3.218,5.212,7.599,0.119,-0.029,0.006,2389,0
4145006,3.124,5.320,7.341,0.052,-0.055,-0.028,2389,0
4145026,2.952,4.532,7.448,0.032,-0.035,-0.065,2390,0
4145046,3.637,5.210,7.688,0.064,-0.031,-0.020,2391,0
4145066,2.801,5.289,7.889,0.075,-0.016,0.029,2393,0
4145086,3.725,5.461,7.527,0.250,-0.039,-0.010,2395,0
4145106,2.433,5.677,7.712,0.054,-0.024,0.013,2395,0
4145126,3.721,5.650,7.501,-0.042,-0.076,-0.038,2395,0
4145146,2.569,5.013,7.879,-0.146,-0.036,-0.017,2394,0
4145166,3.931,5.227,7.638,0.075,-0.062,-0.012,2396,0
4145186,2.588,4.968,7.642,0.103,-0.000,-0.007,2395,0
4145206,4.025,5.794,7.594,0.107,-0.039,0.000,2397,0
4145226,2.411,5.033,7.537,0.005,-0.004,-0.027,2397,0
4145246,3.953,5.717,7.807,-0.057,-0.073,0.019,2397,0
4145266,2.428,4.583,7.458,0.032,-0.023,-0.038,2398,0
4145286,4.008,5.835,7.882,0.018,-0.059,0.043,2397,0
4145306,2.538,4.700,7.307,0.140,-0.001,-0.049,2401,0
4145326,3.694,6.076,7.932,-0.026,-0.059,0.054,2399,0
4145346,2.701,4.688,7.166,0.089,-0.025,-0.058,2399,0
4145366,3.491,5.839,7.970,-0.078,-0.051,0.058,2400,0
4145386,3.041,4.690,7.266,0.134,-0.020,-0.044,2399,0
4145406,3.081,5.672,8.009,-0.041,-0.026,0.057,2400,0
4145426,3.448,4.958,7.355,0.141,-0.034,-0.038,2401,0
4145446,2.835,5.459,7.903,-0.034,-0.027,0.036,2401,0
4145466,3.802,5.346,7.532,0.064,-0.056,-0.025,2400,0
4145486,2.926,5.303,7.848,-0.064,-0.033,0.006,2404,0
4145506,3.103,5.167,7.444,0.017,-0.051,-0.001,2405,0
4145526,3.249,5.119,7.769,0.084,-0.036,0.004,2405,0
4145546,3.168,5.291,7.621,0.093,-0.034,0.002,2406,0
4145566,3.141,5.291,7.537,0.023,-0.050,-0.003,2408,0
4145586,3.156,5.181,7.544,-0.015,-0.050,-0.007,2407,0
4145606,3.213,5.059,7.602,0.019,-0.026,-0.005,2407,0
4145626,3.182,5.088,7.654,0.077,-0.013,-0.003,2409,0
4145646,3.141,5.253,7.630,0.074,-0.029,-0.016,2408,0
4145666,3.165,5.329,7.585,0.032,-0.042,-0.024,2408,0
4145686,3.227,5.327,7.614,0.006,-0.042,-0.026,2409,0
4145706,3.213,5.322,7.645,0.021,-0.031,-0.017,2410,0
4145726,3.112,5.282,7.683,0.062,-0.020,-0.003,2410,0
4145746,3.148,5.298,7.616,0.078,-0.023,0.009,2410,0
4145766,3.326,5.239,7.707,0.063,-0.031,0.007,2409,0
4145786,3.314,5.179,7.870,0.051,-0.045,-0.014,2411,0
4145806,3.184,5.112,8.009,0.077,-0.073,-0.027,2411,0
4145826,3.103,5.150,7.870,0.149,-0.101,-0.027,2412,0
4145846,3.120,5.301,7.594,0.209,-0.097,-0.015,2414,0
4145866,3.127,5.552,7.300,0.169,-0.080,0.003,2412,0
4145886,3.163,5.466,7.149,0.034,-0.062,0.005,2414,0
4145906,3.292,5.171,7.259,-0.037,-0.037,-0.015,2414,0
4145926,3.268,5.045,7.429,0.024,-0.004,-0.015,2414,0
4145946,3.156,5.210,7.551,0.089,0.007,-0.010,2416,0
4145966,3.117,5.406,7.554,0.067,-0.001,-0.011,2415,0
4145986,3.163,5.485,7.549,0.009,-0.006,-0.013,2416,0
4146006,3.189,5.399,7.556,-0.035,-0.005,-0.014,2416,0
4146026,3.196,5.234,7.645,-0.013,0.001,-0.018,2415,0
4146046,3.177,5.203,7.731,0.049,-0.001,-0.015,2416,0
4146066,3.182,5.344,7.724,0.094,-0.021,0.000,2416,0
4146086,3.239,5.444,7.647,0.053,-0.027,-0.006,2415,0
4146106,3.177,5.444,7.635,-0.011,-0.025,-0.015,2417,0
4146126,3.100,5.404,7.685,-0.051,-0.042,-0.009,2416,0
4146146,3.122,5.212,7.649,-0.041,-0.049,-0.008,2416,0
4146166,3.189,5.126,7.618,0.041,-0.036,-0.007,2416,0
4146186,3.239,5.198,7.578,0.116,-0.016,0.010,2416,0
4146206,3.177,5.303,7.582,0.112,-0.009,0.011,2416,0
4146226,3.084,5.365,7.554,0.028,-0.020,-0.003,2417,0
4146246,3.108,5.262,7.547,-0.051,-0.035,-0.015,2417,0
4146266,3.235,5.045,7.638,-0.042,-0.029,-0.026,2419,0
4146286,3.242,5.052,7.736,0.060,-0.009,-0.032,2421,0
4146306,3.177,5.246,7.726,0.148,-0.003,-0.022,2421,0
4146326,3.086,5.468,7.657,0.148,-0.010,-0.011,2421,0
4146346,3.084,5.535,7.594,0.050,-0.034,-0.011,2421,0
4146366,3.165,5.358,7.652,-0.025,-0.041,-0.016,2420,0
4146386,3.158,5.207,7.685,0.003,-0.033,-0.018,2420,0
4146406,3.141,5.277,7.688,0.074,-0.023,-0.011,2419,0
4146426,3.129,5.409,7.661,0.091,-0.025,0.001,2421,0
4146446,3.136,5.473,7.580,0.046,-0.035,0.000,2422,0
4146466,3.132,5.425,7.609,-0.012,-0.035,0.001,2422,0
4146486,3.089,5.236,7.657,-0.028,-0.039,0.003,2423,0
4146506,3.191,5.100,7.664,0.031,-0.042,0.001,2421,0
4146526,3.290,5.128,7.647,0.093,-0.024,-0.000,2422,0
4146546,3.165,5.219,7.688,0.114,-0.022,-0.008,2423,0
4146566,3.024,5.454,7.642,0.104,-0.041,-0.005,2422,0
4146586,3.005,5.444,7.527,0.033,-0.062,0.000,2424,0
4146606,3.096,5.255,7.494,-0.004,-0.060,-0.010,2425,0
4146626,3.170,5.090,7.609,0.045,-0.039,-0.010,2426,0
4146646,3.208,5.076,7.616,0.104,-0.032,-0.010,2424,0
4146666,3.199,5.152,7.647,0.113,-0.033,-0.030,2423,0
4146686,3.165,5.313,7.678,0.070,-0.045,-0.051,2421,0
4146706,3.050,5.490,7.690,0.033,-0.065,-0.050,2421,0
4146726,3.033,5.574,7.599,0.047,-0.067,-0.026,2420,0
4146746,3.086,5.552,7.479,0.070,-0.045,-0.009,2421,0
4146766,3.182,5.471,7.444,0.078,-0.022,0.010,2422,0
4146786,3.230,5.373,7.487,0.083,-0.006,0.017,2421,0
4146806,3.187,5.332,7.582,0.081,-0.003,0.010,2422,0
4146826,3.151,5.329,7.623,0.045,-0.017,0.004,2421,0
4146846,3.177,5.310,7.652,0.002,-0.033,-0.018,2421,0
4146866,3.124,5.282,7.681,0.013,-0.034,-0.021,2423,0
4146886,3.031,5.380,7.626,0.072,-0.041,-0.003,2425,0
4146906,3.072,5.480,7.472,0.070,-0.040,0.006,2426,0
4146926,3.177,5.461,7.477,-0.006,-0.034,-0.005,2425,0
4146946,3.213,5.303,7.578,-0.034,-0.031,-0.013,2427,0
4146966,3.110,5.301,7.640,0.018,-0.031,-0.002,2426,0
4146986,3.077,5.370,7.587,0.048,-0.030,0.005,2425,0
4147006,3.091,5.420,7.594,0.039,-0.024,0.003,2428,0
4147026,3.134,5.368,7.657,0.035,-0.030,0.005,2428,0
4147046,3.144,5.313,7.582,0.041,-0.037,0.013,2431,0
4147066,3.158,5.279,7.503,0.035,-0.031,0.007,2428,0
4147086,3.177,5.282,7.489,0.028,-0.022,0.003,2429,0
4147106,3.220,5.212,7.606,0.045,-0.004,0.005,2428,0
4147126,3.105,5.229,7.702,0.088,0.004,0.004,2429,0
4147146,2.988,5.430,7.733,0.116,-0.015,0.013,2430,0
4147166,3.019,5.535,7.618,0.055,-0.042,0.010,2430,0
4147186,3.160,5.409,7.547,-0.025,-0.046,-0.005,2430,0
4147206,3.179,5.265,7.626,-0.013,-0.033,-0.002,2430,0
4147226,3.096,5.262,7.693,0.034,-0.032,0.004,2430,0
4147246,3.029,5.277,7.714,0.045,-0.047,-0.000,2427,0
4147266,3.124,5.296,7.638,0.033,-0.059,-0.007,2429,0
4147286,3.227,5.243,7.590,0.015,-0.047,-0.008,2429,0
4147306,3.127,5.279,7.673,0.018,-0.041,-0.008,2429,0
4147326,3.026,5.380,7.647,0.011,-0.049,-0.006,2429,0
4147346,3.055,5.308,7.602,0.002,-0.057,-0.006,2430,0
4147366,3.168,5.262,7.549,0.027,-0.048,-0.019,2431,0
4147386,3.196,5.294,7.506,0.043,-0.029,-0.014,2430,0
4147406,3.127,5.368,7.491,0.036,-0.021,-0.006,2430,0
4147426,3.124,5.325,7.573,0.031,-0.018,-0.005,2430,0
4147446,3.148,5.270,7.659,0.033,-0.023,-0.009,2429,0
4147466,3.158,5.306,7.683,0.036,-0.033,-0.015,2429,0
4147486,3.122,5.394,7.695,0.046,-0.038,-0.010,2429,0
4147506,3.033,5.480,7.578,0.033,-0.051,0.002,2430,0
4147526,3.127,5.420,7.530,0.002,-0.056,0.012,2430,0
4147546,3.282,5.234,7.542,0.005,-0.040,0.013,2429,0
4147566,3.299,5.128,7.606,0.054,-0.017,0.006,2429,0
4147586,3.141,5.203,7.645,0.093,-0.014,0.005,2429,0
4147606,3.005,5.377,7.626,0.067,-0.033,0.000,2429,0
4147626,3.048,5.411,7.582,0.011,-0.056,-0.002,2431,0
4147646,3.168,5.327,7.527,0.003,-0.050,-0.001,2431,0
4147666,3.153,5.248,7.590,0.041,-0.027,0.004,2431,0
4147686,3.103,5.236,7.594,0.082,-0.025,0.014,2431,0
4147706,3.108,5.306,7.544,0.050,-0.038,0.009,2430,0
4147726,3.206,5.222,7.566,-0.003,-0.040,-0.003,2431,0
4147746,3.182,5.155,7.664,0.011,-0.033,-0.017,2430,0
4147766,3.081,5.267,7.693,0.073,-0.027,-0.007,2428,0
4147786,3.012,5.394,7.666,0.097,-0.041,0.009,2430,0
4147806,3.117,5.368,7.575,0.058,-0.048,0.010,2432,0
4147826,3.249,5.294,7.563,0.023,-0.036,0.003,2433,0
4147846,3.191,5.200,7.597,0.013,-0.025,-0.003,2431,0
4147866,3.077,5.219,7.623,0.043,-0.023,-0.010,2431,0
4147886,3.120,5.320,7.645,0.069,-0.031,-0.003,2431,0
4147906,3.168,5.341,7.673,0.055,-0.031,-0.003,2434,0
4147926,3.112,5.349,7.738,0.022,-0.042,-0.010,2433,0
4147946,3.096,5.267,7.652,0.016,-0.051,-0.010,2430,0
4147966,3.139,5.265,7.594,0.033,-0.046,-0.006,2432,0
4147986,3.247,5.284,7.590,0.060,-0.034,0.005,2430,0
4148006,3.213,5.289,7.621,0.057,-0.022,0.005,2431,0
4148026,3.093,5.356,7.681,0.026,-0.027,0.001,2430,0
4148046,3.057,5.250,7.693,0.003,-0.048,-0.008,2430,0
4148066,3.148,5.222,7.709,0.037,-0.060,-0.006,2430,0
4148086,3.156,5.339,7.659,0.075,-0.068,-0.003,2431,0
4148106,3.122,5.365,7.633,0.035,-0.087,-0.007,2430,0
4148126,3.096,5.329,7.537,0.002,-0.084,-0.003,2431,0
4148146,3.175,5.164,7.520,0.003,-0.067,0.002,2430,0
4148166,3.318,5.092,7.549,0.060,-0.036,0.002,2431,0
4148186,3.263,5.272,7.693,0.094,-0.017,-0.008,2431,0
4148206,3.093,5.473,7.688,0.056,-0.032,-0.015,2430,0
4148226,3.065,5.444,7.640,-0.008,-0.056,-0.015,2430,0
4148246,3.175,5.270,7.649,-0.018,-0.063,-0.005,2429,0
4148266,3.290,5.131,7.642,0.043,-0.042,0.003,2430,0
4148286,3.235,5.224,7.614,0.094,-0.025,0.002,2430,0
4148306,3.175,5.301,7.547,0.082,-0.024,-0.000,2430,0
4148326,3.189,5.265,7.556,0.046,-0.025,-0.005,2429,0
4148346,3.158,5.315,7.609,0.034,-0.032,-0.010,2430,0
4148366,3.098,5.327,7.609,0.030,-0.039,-0.006,2429,0
4148386,3.077,5.260,7.554,0.037,-0.051,-0.003,2428,0
4148406,3.223,5.205,7.465,0.057,-0.045,-0.002,2429,0
4148426,3.259,5.229,7.487,0.059,-0.033,-0.009,2428,0
4148446,3.199,5.327,7.558,0.047,-0.029,-0.016,2431,0
4148466,3.151,5.377,7.549,0.041,-0.028,-0.010,2431,0
4148486,3.187,5.339,7.626,0.053,-0.030,-0.001,2430,0
4148506,3.225,5.341,7.630,0.066,-0.030,0.002,2429,0
4148526,3.201,5.397,7.585,0.058,-0.027,0.001,2431,0
4148546,3.139,5.361,7.556,0.035,-0.020,0.003,2430,0
4148566,3.134,5.282,7.585,0.033,-0.015,0.011,2431,0
4148586,3.103,5.212,7.580,0.039,-0.010,0.014,2430,0
4148606,3.115,5.183,7.590,0.032,-0.014,0.004,2432,0
4148626,3.223,5.092,7.602,0.025,-0.014,-0.015,2432,0
4148646,3.273,5.078,7.690,0.069,-0.009,-0.035,2432,0
4148666,3.165,5.344,7.731,0.112,-0.013,-0.030,2431,0
4148686,3.050,5.576,7.678,0.079,-0.034,-0.012,2431,0
4148706,3.103,5.499,7.666,0.011,-0.041,-0.011,2432,0
4148726,3.223,5.308,7.726,0.009,-0.040,-0.010,2431,0
4148746,3.309,5.272,7.774,0.050,-0.038,-0.007,2432,0
4148766,3.179,5.318,7.767,0.071,-0.039,0.000,2430,0
4148786,3.033,5.375,7.683,0.059,-0.054,0.004,2432,0
4148806,3.041,5.377,7.568,0.026,-0.066,0.015,2431,0
4148826,3.163,5.267,7.446,-0.010,-0.064,0.007,2432,0
4148846,3.285,5.145,7.484,-0.005,-0.038,-0.006,2433,0
4148866,3.215,5.148,7.537,0.040,-0.013,-0.010,2436,0
4148886,3.100,5.224,7.635,0.072,-0.008,-0.007,2438,0
4148906,3.026,5.351,7.590,0.058,-0.021,-0.016,2436,0
4148926,3.110,5.399,7.491,0.003,-0.040,-0.018,2436,0
4148946,3.196,5.313,7.537,-0.014,-0.033,-0.013,2436,0
4148966,3.179,5.250,7.618,0.018,-0.022,-0.010,2434,0
4148986,3.196,5.301,7.640,0.043,-0.024,-0.002,2434,0
4149006,3.282,5.361,7.702,0.024,-0.048,-0.003,2434,0
4149026,3.340,5.543,7.769,-0.042,-0.089,-0.011,2436,0
4149046,3.409,5.681,7.942,-0.203,-0.156,-0.025,2434,0
4149066,3.508,5.504,8.066,-0.338,-0.214,-0.039,2435,0
4149086,3.721,5.823,8.250,-0.423,-0.297,-0.070,2437,0
4149106,3.771,6.436,8.337,-0.844,-0.462,0.034,2447,0
4149126,3.850,7.053,7.908,-1.797,-0.750,0.088,2462,0
4149146,4.697,7.116,7.575,-2.688,-0.958,0.012,2486,0
4149166,4.604,5.930,7.638,-3.383,-1.223,0.250,2551,0
4149186,4.034,5.207,6.744,-4.493,-1.109,0.228,2699,0
4149206,3.632,-0.113,7.061,-3.540,-0.634,0.015,2899,0
4149226,3.673,-1.547,8.775,-1.099,0.100,-0.257,3071,2953
4149246,3.804,1.156,8.521,0.526,0.514,-0.211,3171,3740
4149266,3.443,-0.589,8.667,1.187,0.727,-0.296,3216,3980
4149286,3.383,-2.004,8.950,2.498,0.864,-0.396,3227,4089
4149306,4.082,-5.313,8.466,5.539,1.185,-0.175,3223,4095
4149326,3.761,-3.500,4.824,8.731,1.784,0.071,3222,4095
4149346,4.140,-0.311,0.354,8.731,2.594,0.211,3211,4095
4149366,3.876,4.743,-2.169,8.731,2.704,0.443,3229,4095
4149386,1.599,7.345,-5.334,8.731,2.753,0.136,3250,4095
4149406,1.767,14.703,-7.654,8.731,2.457,0.413,3262,4095
4149426,1.417,14.772,-5.710,8.731,1.590,0.838,3248,4095
4149446,1.944,14.020,-6.278,7.384,0.694,0.944,3231,4095
4149466,2.844,11.267,-6.996,3.889,0.376,0.355,3231,4095
4149486,1.776,8.660,-7.202,1.935,0.093,0.079,3222,4095
4149506,3.699,7.891,-6.653,0.982,-0.149,-0.126,3215,4095
4149526,2.696,8.157,-6.649,0.413,-0.240,-0.063,3205,4095
4149546,3.132,8.171,-6.924,-0.104,-0.249,-0.108,3200,4095
4149566,3.572,7.293,-5.835,-0.435,-0.245,-0.059,3198,4095
4149586,1.841,6.373,-6.337,-0.172,-0.324,-0.088,3195,4095
4149606,3.970,7.132,-6.256,0.033,-0.302,-0.117,3190,4095
4149626,2.533,8.586,-6.819,0.184,-0.138,-0.021,3187,4095
4149646,2.586,8.234,-6.603,-0.048,-0.072,-0.034,3187,4095
4149666,3.407,7.980,-5.717,-0.127,-0.125,0.150,3184,4095
4149686,1.987,6.644,-6.618,0.090,-0.103,0.090,3183,4095
4149706,4.039,7.436,-6.304,0.230,-0.030,0.064,3182,4095
4149726,2.081,7.587,-6.404,0.151,0.061,0.068,3180,4095
4149746,2.576,7.458,-6.127,-0.158,-0.045,0.063,3182,4095
4149766,3.091,6.457,-5.804,-0.179,-0.127,0.064,3182,4095
4149786,3.124,6.661,-5.859,0.027,-0.067,0.038,3179,4095
4149806,3.031,7.159,-5.916,0.068,-0.013,-0.028,3179,4095
4149826,2.605,7.592,-5.578,-0.072,-0.035,-0.086,3176,4095
4149846,2.646,7.353,-5.485,-0.149,-0.123,-0.044,3174,4095
4149866,2.923,7.065,-5.820,-0.076,-0.133,-0.066,3174,4095
4149886,3.041,7.484,-6.237,-0.015,-0.047,-0.157,3170,4095
4149906,2.535,7.697,-6.242,0.033,0.039,-0.193,3167,4095
4149926,2.485,7.985,-6.151,-0.042,-0.029,-0.032,3167,4095
4149946,2.720,7.614,-6.009,0.009,-0.046,0.046,3167,4095
4149966,2.954,7.891,-6.014,0.059,-0.059,0.058,3164,4095
4149986,2.954,7.475,-6.060,0.013,0.006,0.036,3165,4095
4150006,2.686,7.532,-5.816,0.001,-0.027,0.047,3164,4095
4150026,2.801,7.221,-5.885,0.006,-0.053,0.034,3161,4095
4150046,2.837,7.678,-5.978,0.006,-0.039,0.019,3160,4095
4150066,2.856,7.570,-5.880,0.010,-0.015,-0.005,3160,4095
4150086,2.660,7.673,-5.727,-0.010,-0.021,0.021,3158,4095
4150106,2.823,7.247,-5.787,0.020,-0.037,0.042,3160,4095
4150126,2.861,7.535,-5.830,0.036,-0.040,0.045,3155,4095
4150146,2.971,7.525,-5.856,-0.075,-0.056,0.027,3155,4095
4150166,2.916,7.240,-5.665,-0.155,-0.072,-0.002,3157,4095
4150186,2.840,7.087,-5.540,-0.031,-0.078,-0.006,3153,4095
4150206,2.799,7.499,-5.672,0.111,-0.089,0.007,3152,4095
4150226,2.892,7.697,-5.918,0.055,-0.074,-0.005,3151,4095
4150246,2.830,7.523,-5.895,-0.010,-0.039,-0.020,3147,4095
4150266,2.713,7.482,-5.595,-0.016,-0.070,0.004,3149,4095
4150286,2.940,7.767,-5.729,0.042,-0.093,0.045,3147,4095
4150306,2.193,7.025,-6.211,0.061,-0.059,0.011,3145,4095
4150326,3.026,7.592,-6.141,0.071,-0.056,-0.032,3144,4095
4150346,3.472,8.277,-5.499,-0.037,-0.076,0.035,3143,4095
4150366,2.014,6.835,-6.225,-0.015,-0.071,0.006,3143,4095
4150386,3.445,7.807,-6.021,0.081,-0.063,-0.026,3141,4095
4150406,3.230,7.963,-5.669,0.001,-0.009,0.034,3140,4095
4150426,1.889,6.907,-6.297,0.029,0.003,-0.029,3140,4095
4150446,3.591,8.042,-5.610,0.009,-0.044,0.001,3141,4095
4150466,2.746,7.561,-5.734,-0.035,-0.013,0.050,3138,4095
4150486,2.265,6.673,-6.258,0.090,0.037,-0.043,3138,4095
4150506,3.701,8.425,-5.394,0.011,-0.021,-0.001,3138,4095
4150526,2.164,7.223,-5.904,-0.070,-0.032,-0.008,3137,4095
