4172226,2.942,4.161,7.867,0.090,0.013,0.035,2332,0
4172246,3.780,5.981,7.994,-0.201,-0.082,0.151,2336,0
4172266,3.297,4.293,7.355,-0.440,-0.036,-0.005,2338,0
4172286,3.663,5.239,7.906,-0.727,-0.051,0.056,2343,0
4172306,3.381,3.642,7.384,-0.467,0.046,-0.043,2346,0
4172326,3.361,4.980,8.198,-0.540,0.023,0.082,2348,0
4172346,3.282,3.603,7.800,-0.290,0.080,-0.000,2352,0
4172366,3.005,5.143,8.404,-0.443,0.023,0.103,2352,0
4172386,3.084,3.730,8.109,-0.404,0.033,0.014,2355,0
4172406,3.144,3.421,8.672,-0.476,0.060,0.011,2359,0
4172426,3.244,3.421,8.610,0.056,0.006,0.048,2362,0
4172446,3.338,3.757,8.183,0.334,-0.006,0.046,2365,0
4172466,3.393,4.135,7.963,0.357,0.013,0.024,2363,0
4172486,3.347,4.305,7.867,0.232,0.021,-0.009,2368,0
4172506,3.282,4.453,7.865,0.062,0.009,-0.021,2370,0
4172526,3.326,4.298,8.033,-0.067,-0.005,-0.019,2371,0
4172546,3.436,4.015,8.210,-0.020,0.017,-0.014,2376,0
4172566,3.407,4.154,8.334,0.123,0.052,-0.009,2377,0
4172586,3.302,4.460,8.313,0.164,0.063,-0.009,2378,0
4172606,3.266,4.515,8.238,0.126,0.055,-0.012,2378,0
4172626,3.275,4.436,8.315,0.129,0.055,0.001,2382,0
4172646,3.168,4.482,8.437,0.168,0.054,0.031,2382,0
4172666,3.091,4.444,8.375,0.144,0.025,0.036,2383,0
4172686,3.091,4.401,8.356,0.107,-0.013,0.019,2383,0
4172706,3.196,4.585,8.274,0.049,-0.044,0.006,2386,0
4172726,3.290,4.408,8.224,-0.071,-0.046,-0.014,2386,0
4172746,3.232,4.209,8.339,-0.044,-0.035,-0.015,2389,0
4172766,3.148,4.247,8.384,0.103,-0.027,0.016,2392,0
4172786,3.163,4.559,8.279,0.178,-0.035,0.048,2393,0
4172806,3.282,4.592,8.128,0.039,-0.052,0.047,2396,0
4172826,3.393,4.283,8.102,-0.088,-0.057,0.029,2398,0
4172846,3.409,3.965,8.186,-0.074,-0.037,0.006,2398,0
4172866,3.357,3.891,8.217,0.039,-0.017,-0.012,2398,0
4172886,3.227,4.053,8.262,0.160,-0.006,-0.022,2399,0
4172906,3.136,4.578,8.171,0.210,-0.022,-0.013,2399,0
4172926,3.105,4.894,8.056,0.055,-0.045,-0.002,2400,0
4172946,3.208,4.630,8.104,-0.132,-0.062,-0.004,2401,0
4172966,3.285,4.132,8.248,-0.102,-0.052,0.009,2408,0
4172986,3.223,4.087,8.229,0.068,-0.035,0.020,2407,0
4173006,3.177,4.350,8.083,0.144,-0.030,0.023,2408,0
4173026,3.191,4.503,8.023,0.071,-0.034,0.017,2408,0
4173046,3.213,4.396,8.054,-0.031,-0.032,-0.001,2409,0
4173066,3.215,4.226,8.109,-0.034,-0.030,0.005,2413,0
4173086,3.230,4.221,8.040,0.001,-0.025,0.022,2412,0
4173106,3.278,4.159,8.049,0.008,-0.012,0.026,2412,0
4173126,3.211,4.147,8.071,0.010,-0.004,0.011,2413,0
4173146,3.199,4.338,8.021,-0.048,-0.023,0.004,2415,0
4173166,3.294,4.458,7.958,-0.213,-0.042,-0.013,2414,0
4173186,3.347,4.135,8.090,-0.354,-0.030,-0.042,2415,0
4173206,3.263,3.859,8.349,-0.276,-0.017,-0.048,2415,0
4173226,3.179,3.883,8.358,-0.084,-0.011,-0.020,2416,0
4173246,3.168,4.180,8.174,0.012,-0.014,0.005,2415,0
4173266,3.132,4.446,8.001,-0.093,-0.023,0.003,2417,0
4173286,3.194,4.276,8.037,-0.261,-0.039,-0.005,2416,0
4173306,3.314,3.847,8.224,-0.280,-0.039,-0.014,2419,0
4173326,3.349,3.579,8.310,-0.088,0.000,-0.013,2420,0
4173346,3.278,3.879,8.358,0.139,0.040,-0.005,2421,0
4173366,3.170,4.408,8.341,0.117,0.038,0.009,2421,0
4173386,3.199,4.484,8.435,-0.161,-0.016,0.011,2422,0
4173406,3.361,3.974,8.607,-0.432,-0.023,-0.024,2422,0
4173426,3.445,3.385,8.768,-0.271,-0.026,-0.028,2424,0
4173446,3.421,3.345,8.792,-0.091,0.009,-0.047,2423,0
4173466,3.254,3.788,8.803,-0.020,-0.003,-0.039,2425,0
4173486,3.065,4.104,8.722,-0.187,-0.038,-0.030,2426,0
4173506,3.048,4.025,8.775,-0.365,-0.064,-0.030,2427,0
4173526,3.065,3.615,8.906,-0.344,-0.106,-0.017,2428,0
4173546,3.321,3.438,9.167,-0.114,-0.040,0.035,2430,0
4173566,2.998,3.395,9.165,-0.050,0.015,0.030,2431,0
4173586,3.093,4.149,8.404,0.144,-0.061,0.055,2432,0
4173606,3.002,4.128,8.274,-0.264,-0.127,0.017,2432,0
4173626,3.189,3.304,8.327,-0.454,-0.139,0.029,2434,0
4173646,3.247,2.634,8.353,-0.374,-0.097,0.022,2437,0
4173666,3.208,2.490,8.373,-0.015,-0.048,0.035,2439,0
4173686,3.187,3.033,8.258,0.093,-0.021,0.005,2441,0
4173706,3.179,3.112,8.167,0.026,-0.047,-0.030,2442,0
4173726,3.371,3.455,8.394,-0.008,0.018,-0.030,2444,0
4173746,3.436,3.290,8.487,0.369,0.027,0.075,2447,0
4173766,3.237,2.962,9.012,0.474,0.093,0.124,2447,0
4173786,3.287,4.113,8.698,0.778,0.051,0.194,2447,0
4173806,3.055,4.118,8.672,0.442,0.013,0.164,2447,0
4173826,3.287,4.223,8.147,0.210,-0.026,0.163,2447,0
4173846,3.112,3.096,8.511,0.011,-0.030,0.101,2448,0
4173866,3.328,3.524,8.021,0.045,-0.029,0.018,2449,0
4173886,3.177,3.263,8.701,0.133,0.031,-0.047,2449,0
4173906,3.124,3.546,8.636,0.249,0.069,-0.094,2450,0
4173926,3.019,4.152,8.614,0.184,0.053,-0.134,2449,0
4173946,3.062,4.341,8.578,-0.003,0.001,-0.110,2449,0
4173966,3.036,4.077,8.610,-0.318,-0.024,-0.122,2450,0
4173986,3.179,3.831,8.480,-0.323,-0.039,-0.108,2452,0
4174006,3.237,3.615,8.487,-0.130,-0.032,-0.047,2454,0
4174026,3.251,3.903,8.282,-0.119,-0.019,-0.018,2455,0
4174046,3.335,3.778,8.437,-0.086,0.014,0.025,2456,0
4174066,3.290,4.266,8.054,-0.189,0.008,0.005,2458,0
4174086,3.213,3.522,8.622,-0.225,-0.033,0.058,2457,0
4174106,3.100,3.160,8.677,-0.326,-0.043,0.007,2458,0
4174126,3.141,2.993,8.830,-0.156,-0.016,0.019,2458,0
4174146,3.127,3.074,8.947,-0.046,0.009,0.005,2458,0
4174166,3.005,3.862,8.516,-0.204,-0.028,-0.002,2460,0
4174186,3.031,3.953,8.229,-0.528,-0.091,-0.012,2458,0
4174206,3.060,2.124,9.155,-0.523,-0.119,0.026,2461,0
4174226,3.017,2.083,9.000,-0.616,-0.028,-0.124,2460,0
4174246,3.402,2.583,8.507,0.123,0.058,-0.003,2463,0
4174266,3.249,2.763,8.543,-0.023,0.123,-0.050,2463,0
4174286,3.194,2.986,8.866,0.379,0.117,0.027,2460,0
4174306,3.048,3.627,8.600,-0.058,0.054,-0.141,2460,0
4174326,2.993,3.117,8.672,-0.488,0.014,-0.251,2460,0
4174346,3.182,2.421,8.875,0.216,0.065,-0.150,2462,0
4174366,2.813,3.529,8.993,0.141,0.187,-0.196,2462,0
4174386,2.605,4.154,9.177,-0.051,0.084,-0.112,2462,0
4174406,2.756,3.666,9.225,-0.100,-0.001,0.052,2462,0
4174426,2.787,3.656,8.128,-0.633,-0.109,0.070,2459,0
4174446,3.247,2.787,8.849,-0.804,-0.138,0.035,2462,0
4174466,3.247,2.586,8.777,-0.562,-0.050,-0.021,2464,0
4174486,2.907,2.428,9.093,-0.465,0.044,0.018,2463,0
4174506,2.988,1.942,9.708,-0.015,0.051,0.208,2464,0
4174526,2.710,3.338,9.804,0.311,0.004,0.318,2462,0
4174546,2.502,4.374,9.701,-0.578,-0.188,0.229,2463,0
4174566,2.909,2.514,9.677,-0.963,-0.346,0.331,2466,0
4174586,3.199,1.585,9.093,-0.339,-0.420,0.393,2474,0
4174606,3.402,0.429,8.906,-0.397,-0.383,0.314,2479,0
4174626,3.828,1.022,7.683,-0.140,-0.184,0.169,2483,0
4174646,3.879,0.929,8.092,-0.131,0.108,-0.010,2483,0
4174666,3.673,0.759,8.641,-0.421,0.178,-0.163,2480,0
4174686,3.062,2.500,8.710,-0.337,0.221,-0.159,2480,0
4174706,2.646,1.396,10.716,0.420,0.137,0.079,2481,0
4174726,3.163,1.417,11.066,0.666,-0.010,0.128,2478,0
4174746,3.067,2.488,10.671,0.900,-0.063,0.159,2478,0
4174766,2.923,3.711,10.041,0.425,-0.298,0.174,2476,0
4174786,2.875,1.939,9.752,-0.006,-0.551,0.292,2477,0
4174806,3.285,0.989,8.770,0.262,-0.607,0.400,2479,0
4174826,3.256,1.027,7.463,0.632,-0.508,0.487,2480,0
4174846,3.309,2.978,6.122,-0.183,-0.289,0.094,2483,0
4174866,3.199,2.334,6.788,-0.725,0.005,-0.086,2484,0
4174886,3.096,1.444,7.278,-0.614,0.223,-0.032,2485,0
4174906,3.278,1.666,7.508,-0.508,0.334,-0.024,2487,0
4174926,3.828,1.305,8.298,-0.291,0.426,0.023,2488,0
4174946,3.761,0.706,9.503,0.262,0.602,-0.004,2487,0
4174966,2.902,1.233,10.669,0.735,0.630,-0.005,2482,0
4174986,2.430,1.970,11.162,1.105,0.378,0.178,2480,0
4175006,2.303,2.849,10.788,0.634,0.058,0.194,2478,0
4175026,2.710,1.403,10.807,0.114,-0.151,0.159,2479,0
4175046,3.292,0.503,10.063,0.603,-0.269,0.295,2479,0
4175066,3.450,0.311,9.108,1.121,-0.214,0.211,2480,0
4175086,3.349,2.298,8.622,0.974,-0.144,-0.070,2479,0
4175106,2.923,3.247,8.887,0.143,-0.096,-0.385,2479,0
4175126,2.727,2.919,9.445,-0.450,-0.072,-0.600,2480,0
4175146,2.983,1.772,9.558,-0.263,-0.061,-0.566,2479,0
4175166,2.942,2.442,9.093,0.407,-0.020,-0.480,2479,0
4175186,2.799,5.100,8.483,0.151,-0.059,-0.526,2479,0
4175206,2.981,4.470,8.825,-0.088,-0.161,-0.297,2480,0
4175226,3.378,2.796,8.964,0.156,-0.188,-0.048,2480,0
4175246,3.821,1.896,8.416,0.608,-0.079,-0.059,2481,0
4175266,3.711,1.662,8.315,0.978,0.111,-0.190,2482,0
4175286,3.256,4.451,7.748,0.604,0.213,-0.316,2482,0
4175306,2.646,4.503,8.126,0.017,0.063,-0.155,2481,0
4175326,2.772,3.014,8.602,-0.376,-0.053,-0.042,2480,0
4175346,3.117,1.865,8.923,-0.108,0.021,0.002,2481,0
4175366,3.017,2.435,8.727,0.378,0.102,0.013,2481,0
4175386,2.921,3.943,8.523,0.435,0.069,0.042,2482,0
4175406,2.954,3.883,8.487,0.055,0.015,0.077,2482,0
4175426,3.005,2.978,8.638,-0.173,-0.011,0.101,2482,0
4175446,2.885,2.665,8.835,-0.167,-0.002,0.062,2483,0
4175466,2.808,2.998,8.957,-0.126,-0.046,0.084,2483,0
4175486,2.907,2.938,8.961,-0.091,-0.134,0.184,2485,0
4175506,3.201,2.555,8.756,-0.061,-0.140,0.193,2484,0
4175526,3.017,2.648,8.899,-0.129,-0.052,0.095,2485,0
4175546,2.816,2.535,9.146,-0.036,-0.053,0.066,2484,0
4175566,2.921,2.784,9.072,0.009,-0.050,0.027,2483,0
4175586,2.808,3.716,8.938,-0.226,-0.068,-0.054,2483,0
4175606,2.816,3.639,8.693,-0.656,-0.103,-0.067,2482,0
4175626,3.010,2.535,8.827,-0.779,-0.125,-0.031,2484,0
4175646,3.170,2.169,8.914,-0.492,-0.097,0.014,2483,0
4175666,3.191,2.289,8.820,-0.201,-0.049,0.044,2484,0
4175686,3.208,2.078,8.681,-0.111,-0.011,0.028,2484,0
4175706,3.230,1.968,8.851,0.021,0.035,0.021,2483,0
4175726,3.158,2.136,9.081,0.198,0.063,0.037,2484,0
4175746,3.132,2.136,9.218,0.195,0.062,0.020,2482,0
4175766,3.002,2.229,9.483,0.161,0.070,-0.044,2483,0
4175786,2.942,2.433,9.524,0.170,0.039,-0.055,2482,0
4175806,2.950,2.382,9.579,0.224,0.001,-0.026,2486,0
4175826,2.861,2.737,9.531,0.262,-0.033,0.001,2484,0
4175846,2.614,3.060,9.206,0.040,-0.079,-0.018,2483,0
4175866,2.751,2.454,9.139,-0.284,-0.137,-0.067,2483,0
4175886,3.108,1.901,9.357,-0.198,-0.104,-0.029,2482,0
4175906,3.290,2.025,8.966,0.274,-0.080,0.088,2483,0
4175926,3.342,2.502,8.909,0.373,-0.068,0.082,2483,0
4175946,3.122,2.974,8.950,0.153,-0.075,0.034,2482,0
4175966,2.921,2.784,8.918,-0.083,-0.129,0.016,2482,0
4175986,2.899,2.370,8.799,-0.184,-0.169,0.019,2483,0
4176006,2.974,1.930,8.724,-0.067,-0.141,0.016,2481,0
4176026,3.000,1.946,8.751,0.165,-0.074,-0.013,2482,0
4176046,2.981,2.399,8.760,0.257,-0.046,-0.039,2484,0
4176066,3.014,2.804,8.775,0.176,-0.051,-0.049,2483,0
4176086,2.971,2.789,8.871,0.012,-0.066,-0.063,2483,0
4176106,3.081,2.634,8.928,-0.045,-0.080,-0.079,2482,0
4176126,3.139,2.461,9.117,0.055,-0.075,-0.096,2482,0
4176146,2.986,2.744,9.218,0.186,-0.087,-0.097,2481,0
4176166,2.887,3.191,9.057,0.207,-0.111,-0.056,2480,0
4176186,2.957,3.211,8.952,0.084,-0.139,-0.009,2479,0
4176206,3.081,2.933,8.856,-0.023,-0.136,0.016,2479,0
4176226,3.218,2.535,8.887,-0.019,-0.111,0.034,2480,0
4176246,3.328,2.349,8.882,0.091,-0.087,0.057,2480,0
4176266,3.306,2.413,8.818,0.149,-0.083,0.073,2481,0
4176286,3.208,2.600,8.691,0.086,-0.080,0.070,2481,0
4176306,3.144,2.545,8.629,-0.024,-0.076,0.042,2480,0
4176326,3.194,2.306,8.598,-0.049,-0.061,0.018,2481,0
4176346,3.309,2.172,8.720,0.046,-0.039,0.007,2480,0
4176366,3.397,2.389,8.722,0.156,-0.015,-0.002,2480,0
4176386,3.306,2.789,8.835,0.081,-0.011,-0.028,2480,0
4176406,3.208,2.679,8.971,-0.053,-0.033,-0.052,2477,0
4176426,3.261,2.478,9.079,-0.019,-0.058,-0.054,2477,0
4176446,3.306,2.653,8.904,0.120,-0.059,-0.029,2475,0
4176466,3.333,2.935,8.712,0.142,-0.045,-0.020,2476,0
4176486,3.318,2.940,8.686,0.052,-0.029,-0.013,2477,0
4176506,3.268,2.763,8.772,-0.015,-0.029,-0.017,2477,0
4176526,3.247,2.586,8.832,-0.002,-0.035,-0.009,2477,0
4176546,3.225,2.579,8.892,0.068,-0.034,-0.002,2477,0
4176566,3.160,2.610,8.959,0.120,-0.025,0.002,2477,0
4176586,2.998,2.784,8.993,0.111,-0.038,0.007,2476,0
4176606,3.014,2.763,8.911,0.028,-0.064,0.004,2476,0
4176626,3.160,2.523,8.844,-0.005,-0.066,-0.001,2477,0
4176646,3.340,2.435,8.768,0.062,-0.041,-0.003,2478,0
4176666,3.400,2.550,8.770,0.103,-0.010,0.012,2477,0
4176686,3.225,2.564,8.849,0.049,-0.013,0.003,2478,0
4176706,3.129,2.516,8.890,-0.010,-0.034,-0.024,2478,0
4176726,3.213,2.624,8.825,-0.002,-0.039,-0.031,2478,0
4176746,3.232,2.887,8.736,-0.043,-0.035,-0.018,2478,0
4176766,3.232,2.780,8.768,-0.147,-0.037,-0.002,2478,0
4176786,3.223,2.380,8.873,-0.169,-0.030,-0.011,2478,0
4176806,3.282,2.040,8.969,-0.025,-0.013,-0.022,2479,0
4176826,3.244,2.184,8.964,0.202,0.003,-0.019,2477,0
4176846,3.153,2.840,8.875,0.237,-0.007,-0.013,2479,0
4176866,3.153,2.849,8.899,0.033,-0.038,-0.028,2478,0
4176886,3.165,2.631,8.988,-0.088,-0.055,-0.054,2478,0
4176906,3.227,2.464,8.969,-0.010,-0.043,-0.027,2477,0
4176926,3.227,2.368,8.942,0.147,-0.023,0.003,2479,0
4176946,3.191,2.583,8.930,0.217,-0.014,0.004,2479,0
4176966,3.134,2.811,8.947,0.136,-0.033,-0.009,2478,0
4176986,3.168,2.777,8.938,-0.008,-0.059,-0.025,2479,0
4177006,3.177,2.543,9.014,-0.021,-0.058,-0.030,2478,0
4177026,3.153,2.698,8.878,0.056,-0.061,-0.011,2478,0
4177046,3.168,3.127,8.739,-0.057,-0.086,0.011,2479,0
4177066,3.259,2.727,8.768,-0.311,-0.099,-0.008,2478,0
4177086,3.354,1.954,8.904,-0.296,-0.086,-0.033,2478,0
4177106,3.345,1.638,8.985,0.071,-0.037,-0.019,2479,0
4177126,3.328,1.994,8.897,0.441,0.011,-0.006,2478,0
4177146,3.117,2.581,8.897,0.548,0.015,0.003,2479,0
4177166,3.024,3.309,8.863,0.321,-0.055,0.002,2477,0
4177186,3.208,2.964,8.847,-0.056,-0.117,-0.042,2478,0
4177206,3.318,2.291,9.014,-0.092,-0.106,-0.078,2479,0
4177226,3.359,1.607,9.232,0.339,-0.039,-0.062,2479,0
4177246,3.321,1.937,9.222,0.999,0.011,-0.012,2479,0
4177266,3.239,2.825,9.076,1.307,0.017,0.023,2478,0
4177286,3.287,3.103,9.060,1.277,-0.044,0.013,2479,0
4177306,3.359,3.002,9.069,1.257,-0.094,-0.010,2478,0
4177326,3.450,3.017,8.902,1.444,-0.089,-0.046,2478,0
4177346,3.369,3.369,8.665,1.696,-0.049,-0.071,2478,0
4177366,3.124,4.374,8.238,1.859,-0.031,-0.046,2478,0
4177386,2.902,5.890,7.791,1.538,-0.110,0.011,2480,0
4177406,2.919,6.407,7.341,0.713,-0.213,0.028,2477,0
4177426,3.199,5.605,7.266,-0.158,-0.257,-0.023,2479,0
4177446,3.400,4.444,7.570,-0.415,-0.212,-0.073,2479,0
4177466,3.484,3.996,7.614,-0.125,-0.117,-0.072,2479,0
4177486,3.347,4.456,7.587,0.203,-0.047,-0.033,2479,0
4177506,3.213,4.901,7.575,0.251,-0.027,0.012,2479,0
4177526,3.187,4.745,7.798,0.099,-0.040,0.017,2478,0
4177546,3.247,4.503,7.949,0.034,-0.071,-0.020,2479,0
4177566,3.419,4.463,7.889,0.066,-0.083,-0.046,2477,0
4177586,3.498,4.278,7.848,0.170,-0.064,-0.055,2479,0
4177606,3.481,4.345,7.946,0.347,-0.044,-0.073,2480,0
4177626,3.405,4.855,7.863,0.479,-0.040,-0.057,2479,0
4177646,3.352,5.540,7.585,0.371,-0.057,-0.029,2480,0
4177666,3.433,5.397,7.530,0.086,-0.059,-0.028,2480,0
4177686,3.551,4.848,7.800,-0.031,-0.043,-0.058,2481,0
4177706,3.539,4.757,7.829,0.083,-0.020,-0.060,2483,0
4177726,3.462,4.827,7.748,0.226,0.007,-0.042,2483,0
4177746,3.373,5.025,7.719,0.271,0.031,-0.043,2483,0
4177766,3.223,5.183,7.887,0.218,0.016,-0.029,2481,0
4177786,3.160,5.286,7.858,0.110,-0.041,-0.001,2480,0
4177806,3.182,5.033,7.829,0.026,-0.066,0.015,2481,0
4177826,3.354,4.884,7.822,0.035,-0.062,0.012,2481,0
4177846,3.414,4.863,7.760,0.061,-0.045,0.011,2482,0
4177866,3.357,4.760,7.807,0.097,-0.036,0.001,2482,0
4177886,3.235,4.970,7.843,0.124,-0.045,-0.009,2483,0
4177906,3.275,5.219,7.719,0.028,-0.070,-0.011,2482,0
4177926,3.376,5.049,7.717,-0.097,-0.073,-0.014,2481,0
4177946,3.385,4.793,7.788,-0.105,-0.063,-0.023,2481,0
4177966,3.440,4.681,7.817,-0.007,-0.052,-0.026,2482,0
4177986,3.505,4.853,7.807,0.112,-0.033,-0.029,2481,0
4178006,3.445,5.109,7.839,0.134,-0.026,-0.026,2481,0
4178026,3.330,5.320,7.822,0.055,-0.048,-0.015,2481,0
4178046,3.275,5.341,7.887,-0.048,-0.084,0.001,2480,0
4178066,3.448,5.157,7.913,-0.092,-0.110,0.011,2481,0
4178086,3.613,4.930,7.879,-0.057,-0.099,0.005,2480,0
4178106,3.601,4.896,7.877,0.025,-0.070,-0.001,2481,0
4178126,3.589,5.033,7.865,0.087,-0.059,0.015,2479,0
4178146,3.464,5.157,7.776,0.090,-0.068,0.041,2479,0
4178166,3.263,5.183,7.695,0.006,-0.087,0.044,2474,0
4178186,3.117,4.994,7.544,-0.064,-0.094,0.048,2469,0
4178206,3.041,4.755,7.465,-0.039,-0.074,0.059,2465,0
4178226,3.153,4.640,7.386,0.025,-0.050,0.066,2460,0
4178246,3.208,4.597,7.398,0.048,-0.052,0.061,2459,0
4178266,3.225,4.492,7.372,0.011,-0.061,0.029,2458,0
4178286,3.345,4.439,7.477,-0.016,-0.064,-0.009,2456,0
4178306,3.378,4.441,7.614,0.030,-0.045,-0.041,2457,0
4178326,3.304,4.743,7.781,0.099,-0.051,-0.047,2455,0
4178346,3.381,4.855,7.870,0.097,-0.104,-0.029,2455,0
4178366,3.601,5.076,7.877,0.002,-0.151,-0.031,2455,0
4178386,3.788,4.922,8.037,-0.147,-0.189,-0.063,2455,0
4178406,4.063,4.707,8.267,-0.175,-0.209,-0.096,2454,0
4178426,4.700,5.102,8.344,-0.136,-0.259,-0.076,2453,0
4178446,5.138,6.033,8.313,-0.367,-0.243,-0.054,2452,0
4178466,5.224,5.741,8.957,-0.880,-0.268,-0.153,2446,0
4178486,4.693,6.443,10.056,-1.168,-0.483,-0.201,2437,0
4178506,4.094,7.884,9.210,-1.936,-0.928,0.013,2423,0
4178526,4.628,7.405,7.697,-3.043,-1.191,0.272,2413,0
4178546,5.404,3.809,7.365,-3.542,-1.108,0.205,2477,0
4178566,5.890,1.199,6.981,-2.690,-0.754,0.058,2652,0
4178586,4.992,-0.156,5.796,-1.226,-0.168,-0.106,2821,0
4178606,3.191,0.338,6.730,-0.086,0.454,-0.163,2973,436
4178626,3.792,1.231,7.192,0.043,0.407,-0.038,3090,3315
4178646,3.888,0.127,7.302,0.123,0.622,-0.190,3134,3715
4178666,2.504,-1.173,8.432,0.756,0.951,-0.380,3157,3860
4178686,2.351,-5.550,8.997,2.975,1.261,-0.565,3173,3904
4178706,1.870,-5.770,6.419,7.508,1.925,-0.779,3184,3875
4178726,2.476,-3.098,2.440,8.731,2.679,-0.699,3198,3901
4178746,2.025,-0.244,-3.366,8.731,3.489,-0.279,3214,3976
4178766,-1.027,9.821,-6.038,8.731,3.496,0.087,3230,4012
4178786,-0.558,15.299,-6.263,8.731,2.714,0.629,3227,4054
4178806,-0.871,15.644,-6.340,8.731,1.681,1.054,3219,4095
4178826,1.286,14.653,-6.129,7.600,0.958,0.734,3216,4095
4178846,1.247,11.909,-6.891,4.903,0.457,0.847,3212,4095
4178866,2.356,9.984,-7.728,3.107,0.146,0.740,3199,4095
4178886,4.192,10.027,-6.316,1.579,0.007,0.580,3188,4095
4178906,3.124,8.492,-6.285,0.504,-0.096,0.305,3183,4095
4178926,4.731,8.871,-4.537,-0.141,-0.322,0.278,3177,4095
4178946,3.469,6.665,-4.657,0.017,-0.285,0.223,3173,4092
4178966,3.759,7.649,-5.729,0.526,-0.253,0.143,3168,4093
4178986,4.106,9.759,-5.258,0.061,-0.257,0.186,3163,4094
4179006,2.442,6.285,-6.282,-0.176,-0.172,-0.067,3162,4081
4179026,3.986,8.677,-5.119,-0.177,-0.282,-0.022,3158,4069
4179046,2.145,7.149,-5.669,-0.316,-0.299,0.045,3157,4064
4179066,3.184,7.597,-6.067,-0.131,-0.309,-0.015,3157,4075
4179086,3.369,7.412,-5.674,-0.167,-0.213,0.058,3153,4078
4179106,1.767,6.354,-6.756,0.206,-0.109,-0.018,3153,4071
4179126,3.666,8.657,-5.799,0.089,-0.191,0.063,3151,4069
4179146,2.423,7.195,-6.330,-0.124,-0.155,0.043,3153,4076
4179166,3.017,7.247,-6.242,-0.137,-0.084,-0.001,3152,4076
4179186,2.866,7.034,-5.947,0.018,-0.019,-0.063,3151,4061
4179206,2.705,7.805,-5.854,0.017,-0.094,-0.023,3149,4060
4179226,2.983,7.762,-5.873,-0.080,-0.110,-0.015,3148,4053
4179246,2.952,7.542,-5.806,-0.072,-0.060,-0.008,3146,4061
4179266,2.842,7.453,-5.660,0.016,-0.025,-0.012,3144,4062
4179286,2.672,7.638,-5.516,0.037,-0.019,-0.033,3143,4066
4179306,2.655,7.738,-5.528,0.013,-0.056,-0.026,3142,4058
4179326,2.715,7.614,-5.617,0.001,-0.046,-0.040,3139,4064
4179346,2.674,7.649,-5.624,0.016,-0.038,-0.036,3140,4077
4179366,2.670,7.645,-5.768,0.046,-0.043,-0.035,3138,4071
4179386,2.557,7.875,-5.808,-0.023,-0.062,-0.024,3138,4083
4179406,2.662,7.695,-5.753,-0.059,-0.072,-0.032,3137,4083
4179426,2.756,7.738,-5.674,-0.019,-0.058,-0.019,3136,4085
4179446,2.828,7.685,-5.768,-0.003,-0.028,-0.023,3135,4089
4179466,2.701,7.700,-5.708,-0.011,-0.018,-0.034,3133,4081
4179486,2.660,7.958,-5.535,-0.053,-0.063,-0.020,3133,4068
4179506,2.835,7.807,-5.526,-0.025,-0.026,-0.023,3132,4035
4179526,2.658,8.198,-5.375,0.057,0.008,0.012,3130,4028
4179546,2.806,7.997,-5.377,0.039,0.004,0.027,3129,4043
4179566,2.595,7.831,-5.430,0.085,-0.017,0.041,3127,4058
4179586,2.672,7.796,-5.729,0.100,-0.055,0.035,3126,4061
