1492097,8.966,3.357,2.040,0.066,-0.019,-0.019,2625,0
1492117,8.930,3.529,1.978,0.077,-0.025,-0.028,2625,0
1492137,8.954,3.627,2.042,0.030,-0.022,-0.006,2625,0
1492157,8.985,3.536,2.124,0.032,-0.015,0.002,2627,0
1492177,8.981,3.455,2.078,0.073,-0.034,-0.009,2625,0
1492197,9.014,3.455,1.968,0.079,-0.034,-0.006,2626,0
1492217,9.019,3.409,1.994,0.043,-0.018,0.011,2626,0
1492237,9.017,3.397,2.124,0.034,-0.005,0.009,2626,0
1492257,8.950,3.433,2.284,0.060,-0.021,-0.003,2625,0
1492930,8.952,3.534,1.987,0.077,-0.022,-0.023,2626,0
1492950,8.914,3.560,2.028,0.053,-0.009,-0.007,2627,0
1492970,8.942,3.484,2.124,0.021,-0.028,0.005,2626,0
1492990,8.971,3.409,2.109,0.036,-0.034,0.001,2627,0
1493010,8.995,3.373,2.030,0.055,-0.036,-0.007,2626,0
1493030,8.990,3.388,1.999,0.044,-0.023,-0.012,2626,0
1493050,8.959,3.359,2.059,0.031,-0.027,-0.013,2625,0
1493070,8.990,3.354,2.023,0.042,-0.042,-0.022,2626,0
1493090,9.005,3.498,1.944,0.045,-0.031,-0.026,2625,0
1493110,8.966,3.606,2.006,0.034,-0.017,-0.014,2626,0
1493130,8.985,3.620,2.109,0.028,-0.022,0.003,2626,0
1493150,9.043,3.515,2.150,0.044,-0.034,0.004,2626,0
1493170,8.976,3.462,2.133,0.063,-0.044,-0.005,2626,0
1493190,8.935,3.505,2.040,0.059,-0.055,-0.002,2626,0
1493210,8.966,3.531,2.057,0.050,-0.045,0.008,2626,0
1493230,8.959,3.575,2.095,0.055,-0.034,0.011,2626,0
1493250,8.926,3.519,2.057,0.061,-0.060,0.015,2627,0
1493270,8.978,3.496,1.954,0.076,-0.050,0.014,2626,0
1493290,8.969,3.479,1.954,0.072,-0.036,0.009,2626,0
1493310,9.036,3.397,2.097,0.066,-0.028,0.009,2627,0
1494003,8.918,3.637,1.961,0.045,-0.029,0.002,2625,0
1494023,8.923,3.658,1.927,0.052,-0.031,0.001,2626,0
1494043,8.909,3.625,1.954,0.063,-0.028,-0.001,2627,0
1494063,8.897,3.610,1.932,0.069,-0.023,-0.006,2626,0
1494083,8.820,3.634,1.980,0.060,-0.030,-0.009,2625,0
1494103,8.859,3.651,2.021,0.046,-0.040,0.005,2625,0
1494123,8.902,3.493,1.997,0.034,-0.053,0.009,2626,0
1494143,8.959,3.364,1.966,0.065,-0.039,-0.015,2626,0
1494163,8.897,3.357,1.896,0.077,-0.030,-0.039,2627,0
1494183,8.875,3.450,1.882,0.056,-0.021,-0.038,2626,0
1494203,8.947,3.488,1.985,0.013,-0.020,-0.025,2627,0
1494223,9.036,3.618,2.090,0.025,-0.004,-0.031,2626,0
1494243,8.952,3.737,2.100,0.055,-0.012,-0.030,2627,0
1494263,8.959,3.773,2.014,0.076,-0.025,-0.015,2626,0
1494283,8.959,3.670,2.006,0.076,-0.019,0.000,2626,0
1494303,8.957,3.601,2.018,0.068,-0.016,0.003,2626,0
1494323,8.942,3.582,1.997,0.045,-0.021,0.009,2625,0
1494343,8.971,3.539,2.049,0.048,-0.020,0.005,2626,0
1494363,8.928,3.608,2.148,0.076,-0.018,-0.005,2626,0
1494383,8.918,3.620,2.174,0.052,-0.039,0.000,2627,0
1494403,8.947,3.496,2.150,0.024,-0.052,0.005,2626,0
1494423,8.988,3.409,2.081,0.026,-0.048,-0.008,2626,0
1494443,8.990,3.409,2.028,0.029,-0.037,-0.026,2626,0
1494463,8.918,3.467,2.037,0.023,-0.029,-0.026,2625,0
1494483,8.923,3.539,2.040,-0.005,-0.034,-0.002,2626,0
1494503,8.969,3.491,2.016,-0.017,-0.036,0.003,2626,0
1494523,8.954,3.491,1.920,0.019,-0.029,-0.011,2628,0
1494543,8.878,3.551,1.846,0.039,-0.019,-0.014,2627,0
1494563,8.863,3.608,1.860,0.037,-0.017,-0.004,2626,0
1494583,8.880,3.644,1.906,0.021,-0.026,0.007,2626,0
1494603,8.902,3.622,1.968,0.016,-0.040,0.008,2627,0
1494623,8.892,3.601,2.002,0.040,-0.041,-0.012,2626,0
1494643,8.851,3.584,1.975,0.074,-0.051,-0.035,2627,0
1494663,8.825,3.625,1.915,0.078,-0.055,-0.041,2627,0
1494683,8.849,3.637,1.985,0.053,-0.042,-0.030,2626,0
1494703,8.885,3.563,2.004,0.027,-0.033,-0.021,2627,0
1494723,8.935,3.486,2.030,0.035,-0.040,-0.021,2626,0
1494743,9.007,3.448,1.992,0.054,-0.035,-0.041,2626,0
1494763,8.983,3.563,1.956,0.059,-0.034,-0.048,2627,0
1494783,9.007,3.639,2.025,0.014,-0.031,-0.031,2628,0
1494803,8.993,3.656,2.047,0.012,-0.035,-0.026,2628,0
1494823,8.969,3.646,2.049,0.030,-0.036,-0.026,2627,0
1494843,8.938,3.768,1.992,0.047,-0.032,-0.022,2626,0
1494863,8.871,3.768,1.985,0.033,-0.037,-0.002,2628,0
1494883,8.911,3.663,1.954,0.010,-0.047,0.019,2626,0
1494903,8.928,3.500,1.946,0.001,-0.034,0.017,2628,0
1494923,8.894,3.443,1.942,0.028,-0.027,-0.006,2626,0
1494943,8.904,3.541,1.932,0.059,-0.031,-0.034,2626,0
1494963,8.875,3.735,1.896,0.033,-0.023,-0.026,2625,0
1494983,8.916,3.711,1.942,-0.021,-0.029,0.002,2627,0
1495003,8.981,3.553,1.990,0.005,-0.031,-0.012,2627,0
1495023,8.971,3.560,1.935,0.072,-0.028,-0.043,2627,0
1495043,8.973,3.718,1.903,0.074,-0.020,-0.034,2627,0
1495063,8.954,3.711,1.987,0.030,-0.026,-0.006,2626,0
1495083,8.964,3.651,2.049,0.029,-0.037,0.001,2626,0
1495103,8.942,3.668,2.004,0.051,-0.049,-0.005,2627,0
1495123,8.899,3.694,2.035,0.060,-0.056,-0.001,2627,0
1495143,8.911,3.646,1.990,0.060,-0.049,0.007,2627,0
1495163,8.849,3.598,1.963,0.059,-0.048,0.001,2627,0
1495183,8.854,3.598,1.920,0.052,-0.037,-0.003,2626,0
1495203,8.835,3.637,1.982,0.028,-0.029,0.004,2626,0
1495223,8.885,3.567,2.093,0.027,-0.019,-0.009,2625,0
1495243,8.866,3.627,2.090,0.062,-0.020,-0.027,2626,0
1495263,8.859,3.706,1.999,0.060,-0.029,-0.024,2626,0
1495283,8.897,3.749,1.980,0.032,-0.015,-0.001,2626,0
1495303,8.899,3.630,2.083,0.002,-0.019,0.018,2625,0
1495323,8.954,3.476,2.047,0.011,-0.034,0.008,2626,0
1495343,8.973,3.512,1.990,0.039,-0.035,-0.029,2626,0
1495363,8.930,3.692,1.982,0.043,-0.031,-0.033,2627,0
1495383,8.940,3.795,2.016,0.019,-0.033,-0.004,2624,0
1495403,8.978,3.725,2.023,0.011,-0.036,0.009,2626,0
1495423,8.926,3.658,2.025,0.034,-0.047,0.000,2626,0
1495443,8.882,3.613,1.992,0.050,-0.064,0.002,2626,0
1495463,8.914,3.589,1.894,0.051,-0.052,0.009,2626,0
1495483,8.897,3.618,1.925,0.036,-0.034,0.011,2625,0
1495503,8.897,3.565,1.911,0.039,-0.034,0.007,2625,0
1495523,8.863,3.596,1.913,0.045,-0.031,-0.006,2625,0
1495543,8.897,3.654,1.992,0.049,-0.019,-0.009,2625,0
1495563,8.887,3.754,2.085,0.054,-0.011,-0.004,2626,0
1495583,8.940,3.706,2.071,0.049,-0.026,0.009,2627,0
1495603,8.966,3.563,2.059,0.046,-0.033,0.012,2626,0
1495623,9.000,3.500,2.035,0.053,-0.039,0.001,2626,0
1495643,8.969,3.531,2.047,0.050,-0.046,-0.010,2625,0
1495663,8.969,3.637,2.095,0.050,-0.041,-0.009,2626,0
1495683,8.890,3.699,2.095,0.042,-0.050,0.006,2626,0
1495703,8.859,3.699,2.049,0.031,-0.069,0.022,2626,0
1495723,8.899,3.563,1.973,0.027,-0.069,0.027,2626,0
1495743,8.890,3.450,1.911,0.035,-0.050,0.007,2626,0
1495763,8.856,3.457,1.882,0.037,-0.025,-0.017,2627,0
1495783,8.811,3.594,1.958,0.032,-0.018,-0.022,2628,0
1495803,8.882,3.685,1.990,0.010,-0.014,-0.002,2626,0
1495823,8.935,3.639,2.083,-0.000,-0.014,0.008,2625,0
1495843,8.952,3.579,2.047,0.018,-0.027,-0.003,2627,0
1495863,8.933,3.551,1.958,0.050,-0.039,-0.020,2626,0
1495883,8.938,3.620,1.865,0.048,-0.042,-0.015,2627,0
1495903,8.945,3.553,1.848,0.016,-0.032,-0.003,2626,0
1495923,8.950,3.541,1.918,0.024,-0.025,-0.010,2626,0
1495943,8.914,3.608,1.918,0.039,-0.032,-0.017,2626,0
1495963,8.950,3.634,1.906,0.055,-0.032,-0.018,2626,0
1495983,8.911,3.706,1.949,0.049,-0.022,-0.011,2627,0
1496003,8.899,3.682,2.021,0.041,-0.029,0.004,2626,0
1496023,8.926,3.642,1.990,0.039,-0.044,0.016,2628,0
1496043,8.957,3.565,2.002,0.053,-0.039,0.006,2625,0
1496063,8.856,3.587,2.016,0.059,-0.035,0.000,2627,0
1496083,8.899,3.572,2.021,0.058,-0.043,-0.007,2627,0
1496103,8.856,3.639,1.997,0.056,-0.035,-0.014,2627,0
1496123,8.926,3.632,1.956,0.059,-0.037,-0.018,2626,0
1496143,8.926,3.701,1.980,0.065,-0.021,-0.020,2625,0
1496163,8.926,3.733,2.045,0.052,-0.029,-0.002,2627,0
1496183,8.983,3.692,2.109,0.054,-0.034,0.007,2626,0
1496203,8.969,3.651,2.083,0.059,-0.041,0.011,2625,0
1496223,8.918,3.620,2.085,0.050,-0.057,0.014,2627,0
1496243,8.966,3.575,2.073,0.047,-0.058,0.017,2627,0
1496263,8.914,3.582,2.095,0.056,-0.052,0.008,2625,0
1496283,8.887,3.565,2.052,0.056,-0.076,0.005,2626,0
1496303,8.914,3.598,2.025,0.041,-0.074,0.005,2626,0
1496323,8.902,3.575,1.999,0.028,-0.065,-0.000,2626,0
1496343,8.882,3.577,1.970,0.041,-0.062,-0.005,2626,0
1496363,8.851,3.560,1.949,0.045,-0.047,-0.014,2628,0
1496383,8.823,3.548,1.942,0.044,-0.041,-0.024,2625,0
1496403,8.830,3.591,1.958,0.038,-0.059,-0.030,2626,0
1496423,8.902,3.680,1.856,0.026,-0.057,-0.022,2626,0
1496443,8.940,3.747,1.911,0.021,-0.035,-0.011,2627,0
1496463,8.947,3.759,1.956,0.032,-0.026,-0.019,2626,0
1496483,8.928,3.773,1.903,0.054,-0.028,-0.019,2626,0
1496503,8.933,3.764,1.879,0.037,-0.047,-0.006,2626,0
1496523,9.067,3.704,1.846,0.022,-0.038,0.006,2627,0
1497224,8.935,3.946,2.066,0.055,-0.053,-0.015,2625,0
1497243,9.052,3.646,2.078,0.030,-0.049,-0.006,2624,0
1497263,9.055,3.579,2.203,0.079,-0.023,-0.042,2625,0
1497283,9.012,3.651,2.282,0.103,-0.028,-0.056,2624,0
1497303,8.926,3.816,2.270,0.075,-0.041,-0.033,2625,0
1497323,8.882,3.764,2.193,0.010,-0.063,0.007,2626,0
1497343,8.887,3.594,2.093,-0.006,-0.064,0.015,2627,0
1497363,8.866,3.591,2.035,0.013,-0.052,-0.005,2625,0
1497383,8.823,3.649,1.942,0.021,-0.046,-0.020,2625,0
1497403,8.782,3.761,1.836,0.015,-0.025,-0.023,2626,0
1497423,8.765,3.780,1.839,0.013,-0.037,-0.019,2626,0
1497443,8.897,3.788,1.853,0.018,-0.029,-0.024,2625,0
1497464,8.861,3.838,1.930,0.005,-0.016,-0.009,2625,0
1497483,8.894,3.752,1.980,0.009,-0.023,-0.003,2625,0
1497503,8.902,3.749,1.994,0.036,-0.044,-0.010,2625,0
1497523,8.940,3.694,1.949,0.046,-0.052,-0.011,2626,0
1497557,8.921,3.596,1.899,0.025,-0.035,0.004,2624,0
1497567,8.921,3.541,1.896,0.025,-0.033,-0.002,2626,0
1497583,8.926,3.548,1.894,0.031,-0.030,-0.009,2626,0
1497603,8.882,3.622,1.844,0.031,-0.034,-0.014,2626,0
1497623,8.935,3.709,1.788,0.018,-0.031,-0.006,2626,0
1497643,8.976,3.682,1.923,0.024,-0.010,-0.002,2625,0
1497663,8.897,3.754,2.021,0.042,-0.010,0.004,2625,0
1497683,8.961,3.740,2.023,0.041,-0.050,0.006,2625,0
1497703,8.981,3.709,1.973,0.062,-0.045,0.002,2625,0
1497723,8.894,3.725,1.985,0.046,-0.053,0.007,2626,0
1497743,8.890,3.632,1.975,0.030,-0.057,0.008,2626,0
1497763,8.863,3.632,2.011,0.023,-0.041,0.002,2626,0
1497783,8.914,3.663,2.071,0.035,-0.029,-0.013,2626,0
1497803,8.859,3.737,2.124,0.046,-0.027,-0.006,2626,0
1497823,8.871,3.675,2.037,0.038,-0.040,0.014,2625,0
1497843,8.894,3.584,1.954,0.027,-0.032,0.017,2626,0
1497863,8.918,3.610,1.954,0.010,-0.037,0.017,2627,0
1497883,8.880,3.582,1.994,0.002,-0.030,0.014,2625,0
1497903,8.827,3.579,1.985,0.020,-0.038,0.005,2625,0
1497923,8.784,3.603,1.877,0.042,-0.050,-0.016,2626,0
1497943,8.739,3.637,1.755,0.025,-0.059,-0.021,2625,0
1497963,8.815,3.637,1.762,0.020,-0.045,-0.033,2628,0
1497983,8.792,3.773,1.896,0.031,-0.020,-0.038,2626,0
1498003,8.768,3.895,1.973,0.054,-0.020,-0.030,2626,0
1498023,8.825,3.850,1.889,0.049,-0.049,-0.013,2627,0
1498043,8.935,3.689,1.856,0.061,-0.035,-0.018,2624,0
1498063,8.973,3.603,1.894,0.066,-0.015,-0.023,2625,0
1498083,9.014,3.666,1.992,0.062,-0.007,-0.021,2625,0
1498103,9.048,3.675,2.040,0.047,-0.017,-0.010,2625,0
1498123,9.064,3.630,2.028,0.056,-0.026,-0.014,2626,0
1498143,9.088,3.713,2.016,0.060,-0.033,-0.022,2625,0
1498163,9.050,3.850,2.112,0.047,-0.028,-0.007,2626,0
1498183,9.007,3.864,2.186,0.019,-0.042,0.025,2626,0
1498203,8.978,3.706,2.200,0.035,-0.063,0.035,2625,0
1498223,8.878,3.661,2.071,0.073,-0.082,0.026,2626,0
1498243,8.861,3.587,1.899,0.059,-0.094,0.021,2626,0
1498263,8.818,3.584,1.966,0.025,-0.064,0.023,2626,0
1498283,8.765,3.539,1.980,0.003,-0.049,0.018,2627,0
1498303,8.732,3.572,1.963,0.029,-0.054,-0.009,2627,0
1498349,8.758,3.761,1.839,0.031,-0.027,-0.011,2625,0
1498359,8.772,3.728,1.803,0.025,-0.026,-0.005,2626,0
1498369,8.811,3.673,1.779,0.016,-0.023,-0.001,2625,0
1498383,8.878,3.555,1.738,0.016,-0.007,-0.005,2627,0
1498403,8.890,3.570,1.796,0.010,0.010,-0.013,2627,0
1498423,9.017,3.632,1.963,0.028,0.005,-0.025,2626,0
1498443,9.024,3.871,2.047,0.058,0.007,-0.023,2626,0
1498463,8.997,3.879,2.025,0.052,-0.026,0.006,2626,0
1498483,9.079,3.761,1.956,0.045,-0.035,0.029,2626,0
1498503,9.072,3.704,2.066,0.039,-0.045,0.027,2625,0
1498523,9.036,3.685,2.112,0.065,-0.073,0.015,2625,0
1498543,9.019,3.776,2.009,0.081,-0.086,0.019,2626,0
1498563,8.981,3.730,1.935,0.059,-0.087,0.025,2626,0
1498583,8.921,3.658,1.913,0.057,-0.073,0.029,2626,0
1498603,8.835,3.689,1.968,0.052,-0.074,0.043,2625,0
1498623,8.837,3.546,1.930,0.014,-0.091,0.060,2627,0
1498643,8.882,3.412,1.858,0.023,-0.063,0.044,2627,0
1498663,8.772,3.417,1.846,0.035,-0.043,0.016,2625,0
1498683,8.772,3.457,1.810,0.022,-0.038,0.001,2626,0
1498703,8.787,3.534,1.839,0.009,-0.030,0.001,2626,0
1498723,8.902,3.563,1.877,-0.003,-0.020,0.001,2626,0
1498743,8.911,3.610,1.987,0.011,0.007,-0.022,2627,0
1498763,8.842,3.673,2.018,0.032,-0.006,-0.028,2625,0
1498783,8.837,3.673,1.935,0.026,-0.050,-0.018,2626,0
1498803,8.935,3.543,1.822,-0.001,-0.049,-0.004,2626,0
1498823,8.983,3.474,1.798,-0.001,-0.016,-0.011,2625,0
1498843,8.950,3.567,1.908,0.031,0.005,-0.028,2626,0
1498863,8.933,3.716,1.937,0.041,-0.002,-0.022,2625,0
1498883,8.935,3.764,1.937,0.018,-0.037,0.001,2626,0
1498903,9.045,3.632,1.925,0.018,-0.036,0.000,2625,0
1498923,9.014,3.582,1.951,0.044,-0.012,-0.016,2627,0
1498943,8.938,3.668,1.987,0.041,-0.013,-0.013,2626,0
1498963,8.935,3.656,2.076,0.023,-0.031,0.011,2626,0
1498983,8.926,3.570,2.073,0.015,-0.051,0.023,2627,0
1499003,8.930,3.474,2.066,0.017,-0.054,0.005,2626,0
1499023,8.873,3.491,2.052,0.021,-0.043,-0.018,2625,0
1499044,8.775,3.567,2.066,0.036,-0.047,-0.029,2627,0
1499063,8.780,3.685,1.930,0.018,-0.057,-0.012,2626,0
1499083,8.839,3.598,1.894,-0.026,-0.042,0.003,2626,0
1499103,8.887,3.493,1.939,-0.017,-0.009,-0.019,2627,0
1499123,8.851,3.606,2.004,0.026,0.006,-0.045,2626,0
1499143,8.820,3.704,2.042,0.013,-0.017,-0.033,2625,0
1499163,8.892,3.637,2.064,-0.007,-0.027,-0.014,2626,0
1499183,8.938,3.553,2.021,-0.008,-0.023,-0.017,2625,0
1499203,8.914,3.558,1.968,0.009,-0.024,-0.033,2627,0
1499223,8.882,3.675,1.891,0.014,-0.038,-0.026,2625,0
1499243,8.945,3.673,1.870,0.005,-0.043,-0.017,2625,0
1499263,8.926,3.603,1.841,0.013,-0.023,-0.021,2625,0
1499283,8.906,3.610,1.846,0.043,-0.008,-0.031,2626,0
1499303,8.863,3.725,1.836,0.060,-0.013,-0.036,2625,0
1499324,8.892,3.802,1.820,0.057,-0.015,-0.025,2626,0
1499343,8.890,3.780,1.896,0.021,-0.014,0.001,2625,0
1499363,8.926,3.589,2.028,0.035,-0.021,-0.007,2625,0
1499383,8.916,3.596,2.023,0.096,-0.033,-0.026,2623,0
1499403,8.923,3.651,1.937,0.095,-0.055,-0.028,2625,0
1499423,8.947,3.661,1.884,0.050,-0.048,-0.022,2626,0
1499443,8.954,3.634,1.973,0.037,-0.045,-0.021,2627,0
1499463,8.983,3.670,1.956,0.076,-0.043,-0.038,2628,0
1499483,9.007,3.819,1.889,0.100,-0.026,-0.042,2627,0
1499503,9.005,3.929,1.946,0.077,-0.013,-0.015,2625,0
1499523,9.017,3.833,2.078,0.046,-0.026,0.011,2626,0
1499543,9.005,3.788,2.112,0.070,-0.034,0.016,2625,0
1499563,9.029,3.804,2.042,0.090,-0.034,0.021,2626,0
1499583,8.961,3.828,1.990,0.087,-0.018,0.037,2626,0
1499603,8.911,3.797,1.994,0.063,-0.015,0.061,2625,0
1499623,8.914,3.735,2.071,0.051,-0.022,0.062,2625,0
1499643,8.928,3.680,2.107,0.065,-0.024,0.050,2625,0
1499663,8.902,3.677,2.148,0.067,-0.025,0.043,2625,0
1499903,8.861,3.551,1.946,-0.000,-0.031,-0.001,2625,0
1499923,8.921,3.438,1.903,0.021,-0.042,-0.013,2626,0
1499943,8.921,3.460,1.853,0.033,-0.029,-0.030,2626,0
1499963,8.911,3.527,1.829,0.027,-0.018,-0.019,2627,0
1499984,8.990,3.536,1.915,0.007,-0.012,-0.005,2625,0
1500003,8.985,3.479,2.028,0.019,-0.010,-0.015,2626,0
1500023,8.990,3.488,2.018,0.060,-0.026,-0.042,2625,0
1500043,8.988,3.649,1.932,0.076,-0.031,-0.045,2625,0
1500063,8.971,3.685,1.956,0.052,-0.016,-0.017,2626,0
1500083,8.983,3.627,1.973,0.031,-0.014,0.012,2625,0
1500103,9.009,3.529,2.035,0.037,-0.036,0.015,2625,0
1500123,9.029,3.498,1.992,0.067,-0.041,-0.002,2625,0
1500143,8.969,3.567,1.999,0.073,-0.038,-0.010,2626,0
1500163,8.935,3.637,2.009,0.057,-0.039,0.007,2626,0
1500183,8.952,3.603,2.033,0.039,-0.038,0.022,2625,0
1500203,8.959,3.589,2.076,0.050,-0.028,0.017,2626,0
1500224,8.930,3.618,2.162,0.049,-0.037,0.013,2625,0
1500243,8.928,3.563,2.212,0.037,-0.050,0.016,2625,0
1500263,8.930,3.469,2.176,0.027,-0.056,0.023,2626,0
1500283,8.935,3.402,2.100,0.030,-0.044,0.021,2625,0
1500303,8.899,3.407,1.966,0.025,-0.043,0.015,2625,0
1500323,8.904,3.412,1.906,-0.006,-0.050,0.020,2626,0
1500343,9.002,3.409,1.951,-0.017,-0.036,0.010,2625,0
1500363,8.918,3.577,2.078,0.005,-0.027,-0.003,2625,0
1500487,8.875,3.539,1.695,0.066,-0.071,0.004,2625,0
1500506,8.923,3.548,1.695,0.058,-0.061,0.010,2627,0
1500526,8.894,3.508,1.731,0.065,-0.047,0.013,2624,0
1500546,8.942,3.431,1.724,0.088,-0.054,-0.007,2624,0
1500566,8.918,3.460,1.681,0.111,-0.030,-0.025,2624,0
1500586,8.940,3.515,1.774,0.105,-0.003,-0.017,2625,0
1500606,8.985,3.474,1.975,0.093,-0.008,-0.010,2625,0
1500627,9.041,3.431,1.985,0.112,-0.014,-0.023,2626,0
1500646,9.012,3.539,1.937,0.110,-0.012,-0.027,2626,0
1500666,9.007,3.587,1.951,0.099,-0.003,-0.016,2626,0
1500686,8.971,3.579,1.992,0.089,0.006,-0.002,2625,0
1500706,8.882,3.625,2.021,0.071,-0.015,0.014,2624,0
1500726,8.957,3.579,1.992,0.068,-0.031,0.019,2626,0
1500746,8.959,3.577,1.915,0.091,-0.019,0.001,2626,0
1500766,8.902,3.661,1.865,0.107,0.001,-0.013,2626,0
1500786,8.849,3.701,1.882,0.078,-0.003,0.000,2625,0
1500806,8.892,3.620,1.923,0.073,-0.010,-0.008,2625,0
1500826,8.906,3.680,1.915,0.097,-0.012,-0.026,2626,0
1500846,8.928,3.771,1.985,0.094,-0.006,-0.013,2624,0
1500866,8.985,3.711,2.061,0.087,-0.011,-0.003,2626,0
1500886,9.000,3.656,2.133,0.096,-0.027,-0.016,2625,0
1500906,9.064,3.685,2.236,0.097,-0.047,-0.019,2624,0
1500926,9.081,3.637,2.332,0.082,-0.060,-0.007,2625,0
1500946,9.072,3.584,2.363,0.079,-0.078,-0.004,2624,0
1501042,8.880,3.412,2.035,0.015,-0.059,0.014,2626,0
1501052,8.904,3.438,1.978,0.004,-0.062,0.021,2626,0
1501062,8.923,3.431,1.961,-0.001,-0.047,0.027,2627,0
1501072,8.899,3.467,1.927,-0.001,-0.029,0.033,2626,0
1501082,8.878,3.510,1.896,-0.006,-0.018,0.040,2624,0
1501092,8.842,3.496,1.899,-0.020,-0.017,0.051,2625,0
1501102,8.887,3.424,1.915,-0.037,-0.022,0.057,2625,0
1501111,8.940,3.352,1.915,-0.041,-0.027,0.051,2625,0
1501126,8.990,3.292,1.899,-0.025,-0.026,0.016,2625,0
1501147,8.973,3.433,1.844,0.030,-0.022,-0.037,2625,0
1501166,8.894,3.735,1.769,0.047,-0.008,-0.031,2625,0
1501186,8.875,3.838,1.800,-0.002,-0.015,0.025,2625,0
1501206,8.976,3.603,1.879,-0.014,-0.022,0.047,2624,0
1501226,9.036,3.457,1.932,0.026,-0.023,0.026,2625,0
1501246,9.021,3.390,1.961,0.063,-0.036,-0.002,2624,0
1501266,8.990,3.445,1.908,0.080,-0.048,-0.009,2624,0
1501286,8.928,3.496,1.872,0.063,-0.047,0.004,2624,0
1501306,8.906,3.491,1.908,0.038,-0.058,0.015,2626,0
1501326,8.971,3.419,1.961,0.045,-0.066,0.003,2626,0
1501346,8.950,3.421,1.927,0.076,-0.063,-0.015,2624,0
1501366,8.930,3.467,1.891,0.080,-0.051,-0.017,2624,0
1501386,8.904,3.508,1.877,0.064,-0.041,-0.006,2624,0
1501406,8.904,3.496,1.920,0.040,-0.047,0.006,2627,0
1501426,8.950,3.450,1.966,0.042,-0.053,0.001,2625,0
1501447,8.969,3.440,1.975,0.065,-0.033,-0.014,2625,0
1501466,8.921,3.452,1.946,0.069,-0.027,-0.018,2625,0
1501486,8.923,3.464,1.879,0.040,-0.037,-0.013,2625,0
1501506,8.947,3.481,1.875,0.023,-0.036,-0.017,2623,0
1501526,8.985,3.488,1.951,0.029,-0.028,-0.020,2624,0
1501546,8.981,3.529,1.956,0.050,-0.014,-0.022,2624,0
1501666,8.971,3.567,1.899,0.029,-0.015,-0.020,2625,0
1501675,8.995,3.560,1.915,0.024,-0.018,-0.020,2626,0
1501685,9.012,3.555,1.908,0.022,-0.022,-0.022,2625,0
1501695,9.029,3.519,1.913,0.030,-0.023,-0.026,2625,0
1501704,9.031,3.508,1.901,0.042,-0.020,-0.027,2624,0
1501714,9.014,3.551,1.903,0.054,-0.014,-0.026,2625,0
1501724,8.990,3.565,1.906,0.060,-0.012,-0.021,2624,0
1501734,9.000,3.565,1.887,0.056,-0.014,-0.015,2624,0
1501744,9.002,3.560,1.915,0.052,-0.013,-0.010,2626,0
1501756,8.964,3.555,1.970,0.045,-0.021,-0.005,2624,0
1501766,8.988,3.527,1.999,0.041,-0.038,-0.003,2624,0
1501786,9.069,3.476,1.978,0.051,-0.037,-0.007,2625,0
1501806,8.971,3.558,1.982,0.063,-0.021,-0.011,2624,0
1501826,8.921,3.584,1.966,0.047,-0.036,0.007,2624,0
1501846,8.954,3.486,1.911,0.038,-0.045,0.009,2624,0
1501867,8.935,3.479,1.963,0.037,-0.038,-0.005,2624,0
1501886,8.952,3.529,1.963,0.047,-0.042,-0.016,2625,0
1501906,8.964,3.591,1.946,0.054,-0.031,-0.011,2624,0
1501926,8.954,3.587,1.992,0.042,-0.013,0.000,2625,0
1501946,8.952,3.510,1.975,0.030,-0.013,0.007,2624,0
1501966,8.926,3.440,1.985,0.036,-0.030,0.001,2625,0
1501986,8.950,3.486,1.956,0.030,-0.051,-0.005,2625,0
1502006,9.026,3.488,1.978,0.026,-0.034,-0.016,2625,0
1502026,8.954,3.591,2.011,0.031,-0.023,-0.018,2625,0
1502046,8.947,3.646,1.963,0.041,-0.044,-0.007,2624,0
1502066,8.981,3.637,1.858,0.041,-0.050,0.004,2625,0
1502087,8.954,3.539,1.863,0.027,-0.035,0.012,2624,0
1502106,8.921,3.361,1.867,0.029,-0.034,0.004,2624,0
1502126,8.954,3.304,1.836,0.062,-0.027,-0.016,2624,0
1502146,8.923,3.505,1.851,0.061,-0.013,-0.019,2624,0
1502167,8.909,3.601,1.944,0.011,-0.021,-0.001,2624,0
1502186,8.981,3.555,2.028,0.003,-0.034,0.005,2624,0
1502206,8.993,3.519,2.009,0.048,-0.042,-0.016,2624,0
1502226,8.983,3.536,1.851,0.083,-0.039,-0.030,2625,0
1502247,8.950,3.570,1.786,0.059,-0.017,-0.016,2625,0
1502266,8.976,3.479,1.875,0.023,-0.017,0.003,2624,0
1502286,9.043,3.479,1.951,0.024,-0.010,0.000,2625,0
1502306,9.007,3.567,2.078,0.045,-0.012,-0.005,2625,0
1502326,9.017,3.613,2.116,0.057,-0.036,-0.000,2624,0
1502346,8.973,3.594,2.028,0.064,-0.054,0.007,2624,0
1502366,8.933,3.493,1.932,0.050,-0.066,0.011,2625,0
1502386,8.945,3.414,1.879,0.042,-0.058,0.003,2624,0
1502406,8.906,3.421,1.858,0.039,-0.036,-0.013,2624,0
1502426,8.873,3.510,1.887,0.045,-0.031,-0.017,2624,0
1502446,8.909,3.529,1.891,0.045,-0.025,-0.017,2625,0
1502467,8.904,3.512,1.915,0.044,-0.021,-0.012,2626,0
1502486,8.914,3.448,1.906,0.032,-0.021,-0.016,2624,0
1502506,8.959,3.440,1.899,0.033,-0.019,-0.026,2624,0
1502527,8.959,3.450,1.911,0.027,-0.011,-0.034,2625,0
1502546,8.938,3.531,1.970,0.026,-0.017,-0.037,2624,0
1502566,8.990,3.543,1.956,0.030,-0.032,-0.040,2624,0
1502586,9.021,3.474,1.901,0.064,-0.025,-0.056,2624,0
1502606,8.993,3.543,1.966,0.126,-0.015,-0.094,2624,0
1502626,8.868,3.733,1.889,0.103,-0.034,-0.068,2624,0
1502646,8.899,3.496,1.750,0.033,-0.056,-0.024,2624,0
1502667,8.971,3.268,1.717,0.023,-0.033,-0.041,2624,0
1502686,8.930,3.160,1.717,0.068,-0.012,-0.088,2624,0
1502706,8.890,3.103,1.616,0.105,-0.007,-0.138,2625,0
1502726,8.885,2.830,1.496,0.124,0.011,-0.210,2625,0
1502746,8.842,2.485,1.393,0.208,0.025,-0.337,2624,0
1502766,8.787,2.456,1.202,0.270,0.046,-0.479,2624,0
1502786,8.770,2.626,1.049,0.253,0.097,-0.619,2624,0
1502806,8.499,2.521,1.130,0.290,0.150,-0.748,2624,0
1502826,8.334,2.219,0.836,0.380,0.130,-0.867,2624,0
1502846,8.492,2.227,0.565,0.511,0.167,-1.099,2623,0
1502866,8.399,2.674,0.503,0.554,0.313,-1.382,2623,0
1502887,8.143,3.333,0.618,0.601,0.539,-1.593,2624,0
1502906,7.685,3.505,0.797,0.628,0.717,-1.746,2634,0
1502926,7.264,3.405,0.467,0.739,0.816,-1.931,2660,0
1502946,7.049,4.676,0.644,0.892,1.017,-2.216,2703,0
1502966,6.189,5.806,0.567,1.003,1.297,-2.423,2743,0
1502987,5.327,6.541,0.639,0.961,1.518,-2.463,2781,0
1503006,4.484,6.630,0.364,0.993,1.654,-2.369,2816,0
1503026,3.994,7.712,0.919,0.947,1.672,-2.335,2863,0
1503046,3.294,9.380,1.360,0.697,1.799,-2.240,2917,0
1503066,1.860,10.788,1.279,0.412,2.180,-1.991,2951,0
1503110,0.218,11.734,3.474,0.079,2.008,-1.127,3017,0
1503119,0.702,11.633,4.013,0.073,1.903,-0.953,3026,0
1503129,0.699,11.722,4.183,0.130,1.904,-0.821,3038,0
1503146,-0.323,11.660,3.723,0.166,2.056,-0.638,3049,0
1503166,-0.431,10.994,4.752,0.034,2.053,-0.431,3058,0
1503186,0.309,9.706,6.687,0.017,1.714,-0.216,3089,0
1503230,0.848,8.009,7.020,0.232,1.310,-0.384,3127,0
1503240,2.061,8.035,6.883,0.102,1.442,-0.407,3132,0
1503250,2.389,8.380,8.155,0.095,1.607,-0.353,3137,0
1503266,2.473,8.468,9.304,-0.125,1.574,-0.433,3142,0
1503286,1.609,8.667,10.350,-0.384,1.086,-0.441,3147,2250
1503306,3.309,7.860,11.006,-0.744,0.329,-0.426,3158,3053
1503326,4.817,6.718,10.633,-0.815,-0.103,-0.521,3164,3288
1503347,6.445,5.171,10.192,-0.556,-0.466,-0.887,3165,3308
1503366,6.950,6.014,8.509,-0.260,-0.896,-1.274,3161,3393
1503386,6.974,7.204,6.893,-0.151,-1.262,-1.305,3162,3483
1503406,7.396,8.471,4.796,-0.309,-1.543,-1.172,3159,3566
1503426,6.570,8.856,3.627,-0.559,-1.826,-0.979,3153,3574
1503446,6.946,9.282,2.107,-0.697,-2.040,-0.785,3149,3554
1503466,5.930,8.744,0.797,-0.578,-2.009,-0.595,3147,3535
1503486,5.741,9.108,-0.141,-0.250,-1.739,-0.517,3148,3580
1503506,3.606,11.080,-0.702,-0.019,-1.487,-0.501,3141,3572
1503526,2.385,11.880,-0.740,-0.091,-1.372,-0.121,3135,3556
1503546,2.162,10.724,-1.140,0.104,-1.113,0.032,3128,3517
1503566,0.986,9.902,-1.223,0.560,-0.723,0.008,3124,3518
1503586,0.464,10.704,-1.343,0.898,-0.183,-0.123,3122,3517
1503606,-2.176,12.522,-0.599,0.834,0.143,0.024,3120,3564
1503626,-2.272,12.610,0.160,0.323,0.309,0.434,3118,3600
1503646,-2.713,11.281,1.374,0.246,0.678,0.537,3115,3617
1503666,-3.534,10.965,2.763,0.565,1.115,0.475,3112,3619
1503686,-4.144,10.932,3.730,0.820,1.350,0.517,3109,3623
1503706,-4.087,9.957,4.302,0.867,1.430,0.590,3107,3565
1503726,-3.421,8.808,4.858,0.805,1.542,0.602,3104,3582
1503746,-3.029,8.004,5.511,0.638,1.662,0.536,3103,3610
1503766,-2.851,7.659,6.141,0.604,1.785,0.363,3104,3612
1503786,-2.461,7.501,7.065,0.840,1.984,0.218,3102,3631
1503806,-1.884,7.776,8.358,1.022,1.969,0.152,3100,3590
1503826,-0.812,7.678,9.213,0.778,1.671,0.125,3097,3586
1503887,2.796,6.347,12.258,-0.117,0.927,-0.341,3094,3639
1503897,3.220,6.201,12.364,-0.014,0.638,-0.452,3094,3665
1503907,3.685,6.393,12.103,0.079,0.318,-0.568,3093,3690
1503918,4.293,6.833,11.578,0.087,-0.059,-0.704,3094,3690
1503928,4.970,7.171,10.908,0.017,-0.380,-0.796,3098,3677
1503946,5.918,7.422,9.483,-0.119,-0.802,-0.937,3094,3676
1503966,6.450,7.882,7.908,-0.169,-1.089,-1.063,3096,3679
1503987,6.361,9.433,6.060,-0.230,-1.364,-1.012,3098,3679
1504007,6.342,10.702,4.104,-0.539,-1.656,-0.735,3098,3700
1504026,6.560,10.065,2.188,-0.956,-1.912,-0.403,3098,3694
1504047,6.677,8.320,0.766,-0.933,-1.931,-0.242,3093,3691
1504066,6.007,8.159,-0.170,-0.456,-1.699,-0.279,3093,3694
1504086,4.329,10.525,-0.898,-0.110,-1.535,-0.196,3091,3694
1504106,3.060,11.581,-1.573,-0.318,-1.470,0.135,3089,3700
1504126,2.519,10.640,-1.906,-0.510,-1.304,0.430,3088,3709
1504146,1.829,9.445,-1.800,-0.191,-0.958,0.418,3087,3705
1504166,0.833,9.936,-1.616,0.420,-0.580,0.272,3084,3708
1504186,-0.488,11.770,-1.468,0.740,-0.204,0.289,3083,3667
1504206,-1.800,12.349,-1.058,0.536,0.087,0.548,3078,3665
1504226,-1.865,11.396,-0.508,0.197,0.344,0.738,3076,3672
1504246,-2.500,9.373,0.555,0.167,0.590,0.739,3075,3689
1504266,-2.758,9.270,1.238,0.665,0.999,0.432,3076,3725
1504286,-4.211,11.013,2.313,0.834,1.328,0.440,3070,3693
1504306,-4.089,11.202,3.438,0.479,1.540,0.621,3069,3683
1504326,-4.056,9.639,4.872,0.147,1.597,0.786,3071,3684
1504346,-3.036,8.092,5.547,0.301,1.717,0.626,3070,3692
1504366,-2.612,8.114,6.998,0.523,1.935,0.495,3069,3681
1504386,-2.550,7.630,8.368,0.648,1.924,0.326,3068,3665
1504406,-1.288,7.939,9.244,0.479,1.605,0.317,3066,3660
1504426,-0.673,7.547,10.257,0.142,1.310,0.274,3066,3631
1504446,1.030,6.948,11.080,-0.343,1.056,0.189,3064,3599
1504466,1.623,5.423,11.890,-0.611,0.586,0.064,3062,3599
1504486,3.266,4.547,11.351,-0.646,-0.043,-0.278,3063,3544
1504506,5.124,4.422,10.673,-0.596,-0.423,-0.565,3062,3503
1504527,5.308,5.100,10.139,-0.632,-0.698,-0.904,3061,3468
1504546,6.546,6.266,9.230,-0.817,-1.035,-1.019,3060,3427
1504566,6.728,6.814,7.958,-0.928,-1.421,-1.113,3058,3397
1504586,7.518,7.788,5.981,-0.989,-1.704,-1.109,3058,3449
1504607,7.204,7.649,4.729,-1.049,-1.898,-0.977,3057,3463
1504627,7.051,7.324,3.438,-0.774,-1.932,-1.010,3057,3455
1504646,5.657,9.110,2.423,-0.535,-2.081,-0.926,3056,3385
1504666,4.647,11.145,1.099,-0.774,-2.211,-0.623,3056,3365
1504686,4.075,10.661,0.318,-0.897,-2.054,-0.287,3057,3394
1504706,3.361,9.737,-0.084,-0.489,-1.706,-0.237,3056,3410
1504726,1.662,10.654,0.084,0.305,-1.283,-0.408,3056,3416
1504747,-0.455,12.967,0.017,0.879,-1.004,-0.355,3056,3405
1504766,-1.791,14.897,-0.223,0.643,-0.856,0.140,3055,3338
1504786,-1.956,13.491,-0.041,0.287,-0.509,0.551,3055,3340
1504806,-2.471,11.744,0.436,0.282,-0.103,0.691,3054,3361
1504826,-2.919,10.202,1.097,0.574,0.299,0.641,3053,3357
1504846,-3.500,10.173,1.719,0.891,0.627,0.601,3053,3343
1504866,-3.711,10.214,2.363,0.870,0.939,0.681,3052,3331
1504886,-3.900,10.250,3.508,0.564,1.239,0.867,3051,3320
1504906,-3.263,8.803,5.112,0.103,1.388,1.078,3050,3312
1504926,-2.349,7.077,6.574,-0.094,1.494,1.077,3049,3284
1504946,-1.937,6.098,7.858,0.035,1.571,0.852,3048,3204
1504966,-1.360,5.526,9.270,0.612,1.672,0.472,3045,3136
1504986,-0.797,5.799,10.082,1.070,1.601,0.165,3043,3112
1505006,-0.220,6.591,10.274,0.916,1.292,-0.021,3041,3085
1505027,1.087,6.639,10.654,0.304,1.014,-0.050,3040,3062
1505046,2.198,5.923,11.270,-0.078,0.798,-0.104,3039,3064
1505066,3.613,4.879,11.485,-0.148,0.495,-0.295,3040,3092
1505086,5.262,4.671,11.061,0.023,0.172,-0.583,3039,3066
1505106,6.627,5.370,10.501,-0.065,-0.175,-0.802,3038,3053
1505127,7.410,5.871,9.876,-0.352,-0.594,-0.942,3038,3079
1505146,7.635,7.173,8.703,-0.556,-1.067,-1.050,3037,3079
1505166,7.848,7.860,6.761,-0.674,-1.443,-1.032,3038,3075
1505186,7.748,7.738,4.944,-0.397,-1.649,-1.073,3037,3118
1505206,7.250,8.863,3.100,0.013,-1.746,-1.070,3037,3120
1505226,5.291,10.242,1.575,0.063,-1.889,-0.843,3036,3142
1505246,4.238,11.758,0.220,-0.260,-1.955,-0.533,3035,3125
1505266,3.431,11.988,-0.407,-0.526,-1.801,-0.078,3036,3156
1505286,2.442,10.422,-0.809,-0.317,-1.516,0.064,3036,3173
1505306,2.093,10.036,-1.049,0.227,-1.194,0.054,3036,3187
1505326,0.196,10.544,-1.283,0.746,-0.868,-0.039,3036,3186
1505346,-0.263,12.265,-1.542,0.699,-0.540,0.164,3035,3159
1505366,-1.657,11.404,-0.812,0.391,-0.216,0.475,3035,3160
1505386,-1.492,10.235,-0.254,0.471,0.131,0.521,3033,3175
1505406,-2.435,9.931,0.567,0.758,0.465,0.448,3034,3183
1505426,-2.871,10.384,1.142,0.943,0.839,0.372,3032,3185
1505447,-3.369,10.937,2.155,0.826,1.127,0.535,3034,3184
1505466,-3.713,10.228,3.127,0.553,1.379,0.676,3032,3180
1505486,-2.880,9.510,4.274,0.193,1.559,0.884,3033,3177
1505506,-2.737,7.396,5.667,0.141,1.726,0.862,3031,3165
1505526,-1.676,6.677,6.718,0.361,1.888,0.644,3030,3182
1505546,-1.858,6.709,7.889,0.597,1.896,0.415,3030,3179
1505566,-1.094,7.216,8.820,0.614,1.838,0.237,3030,3225
1505587,-0.117,7.381,9.919,0.333,1.653,0.219,3029,3230
1505606,0.555,5.938,10.606,0.220,1.391,0.043,3027,3237
1505626,2.334,6.460,11.028,0.166,1.174,-0.154,3027,3240
1505647,2.641,6.151,11.734,-0.099,0.867,-0.298,3027,3238
1505666,3.603,5.681,11.662,-0.249,0.395,-0.503,3026,3251
1505686,4.535,5.909,11.013,-0.274,-0.092,-0.746,3029,3252
1505706,5.167,6.893,10.123,-0.379,-0.546,-0.914,3027,3254
1505727,5.574,8.114,8.753,-0.581,-0.944,-0.979,3027,3251
1505746,5.974,8.880,7.044,-0.805,-1.290,-0.938,3028,3248
1505766,6.412,9.014,5.301,-0.876,-1.527,-0.837,3029,3234
1505786,6.539,8.832,3.776,-0.731,-1.693,-0.780,3032,3213
1505807,6.208,9.067,2.224,-0.478,-1.785,-0.699,3030,3275
1505826,5.473,10.039,1.089,-0.280,-1.749,-0.594,3030,3280
1505846,4.197,11.645,0.220,-0.283,-1.654,-0.352,3029,3289
1505866,3.357,11.521,-0.419,-0.414,-1.537,0.022,3028,3296
1505886,2.784,10.317,-0.807,-0.239,-1.337,0.205,3027,3294
1505906,2.045,9.821,-1.140,0.205,-1.047,0.215,3027,3306
1505926,1.010,10.534,-1.276,0.602,-0.698,0.185,3026,3310
1505946,-0.510,12.759,-0.974,0.444,-0.370,0.357,3026,3311
1505966,-1.226,12.270,-0.024,0.092,-0.059,0.687,3027,3306
1505986,-1.700,10.762,1.077,0.234,0.230,0.781,3026,3297
1506006,-1.997,9.618,1.607,0.698,0.494,0.733,3027,3296
1506026,-2.188,8.890,2.004,1.063,0.788,0.605,3026,3296
1506046,-2.840,9.242,2.602,1.148,1.095,0.469,3026,3302
1506066,-3.316,9.663,3.390,0.968,1.309,0.544,3025,3305
1506086,-2.916,8.586,4.432,0.704,1.451,0.645,3025,3310
1506106,-2.272,7.329,5.662,0.591,1.612,0.578,3025,3314
1506126,-1.930,6.388,6.481,0.624,1.640,0.400,3025,3320
1506146,-1.434,6.153,6.665,0.798,1.565,0.184,3024,3330
1506167,-0.503,6.677,7.300,0.744,1.634,0.056,3023,3323
1506186,-0.204,6.634,8.665,0.421,1.624,-0.055,3023,3328
1506206,0.388,6.407,9.685,0.162,1.310,-0.200,3023,3337
1506226,1.587,6.819,10.178,-0.019,0.937,-0.321,3023,3325
1506246,1.956,6.440,10.549,-0.089,0.635,-0.464,3022,3309
1506266,2.684,6.869,10.269,-0.005,0.355,-0.726,3023,3269
1506286,3.086,7.757,9.883,-0.057,-0.014,-0.814,3021,3264
1506306,3.407,7.520,9.115,-0.202,-0.390,-0.924,3023,3262
1506326,4.616,8.399,7.894,-0.309,-0.683,-0.993,3023,3254
1506346,4.482,9.165,7.072,-0.506,-0.952,-0.963,3023,3238
1506366,5.203,9.567,6.081,-0.731,-1.147,-0.899,3023,3234
1506386,5.097,10.087,5.337,-0.754,-1.363,-0.769,3024,3220
1506406,5.073,9.910,3.960,-0.607,-1.564,-0.663,3023,3185
1506426,5.210,10.738,2.758,-0.376,-1.603,-0.492,3024,3152
1506447,3.792,11.698,1.889,-0.311,-1.596,-0.293,3023,3123
1506467,3.689,12.754,1.039,-0.571,-1.583,0.072,3022,3151
1506486,2.385,11.966,0.783,-0.635,-1.384,0.373,3021,3197
1506506,2.385,11.212,0.622,-0.369,-1.179,0.571,3021,3199
1506526,1.338,9.799,0.560,0.204,-1.037,0.601,3023,3189
1506546,1.554,9.804,0.079,0.700,-0.792,0.545,3021,3202
1506567,0.263,10.348,0.136,0.756,-0.551,0.614,3022,3200
1506586,0.271,10.527,0.314,0.425,-0.202,0.748,3022,3214
1506606,-0.843,9.804,1.590,0.225,0.051,0.882,3022,3237
1506627,-0.445,8.600,2.327,0.274,0.221,0.865,3021,3260
1506647,-0.663,7.642,3.112,0.485,0.383,0.794,3021,3278
1506667,-0.417,7.242,3.807,0.611,0.582,0.605,3023,3280
1506686,-0.350,7.300,4.788,0.496,0.701,0.495,3022,3285
1506707,-0.031,7.159,5.849,0.265,0.704,0.451,3022,3294
1506726,0.692,6.517,6.352,0.100,0.615,0.400,3022,3298
1506746,1.532,6.036,6.797,0.107,0.545,0.255,3021,3283
1506766,1.982,6.361,7.278,0.112,0.464,0.091,3022,3275
1506786,2.303,6.785,7.496,0.047,0.305,-0.036,3022,3276
1506807,2.574,7.424,7.314,-0.030,0.096,-0.141,3020,3280
1506826,2.907,7.604,6.905,0.055,-0.066,-0.212,3019,3295
1506846,3.129,8.497,6.232,0.181,-0.170,-0.268,3020,3297
1506866,3.050,9.692,5.885,0.009,-0.219,-0.201,3020,3278
1506886,3.043,9.924,5.887,-0.257,-0.316,-0.062,3019,3278
1506906,3.333,9.744,5.756,-0.289,-0.408,0.040,3020,3282
1506926,3.464,10.034,5.669,-0.187,-0.450,0.114,3019,3267
1506946,3.275,11.001,5.820,-0.144,-0.501,0.234,3018,3172
1506966,2.899,12.294,5.904,-0.416,-0.672,0.511,3021,3010
1506986,2.449,13.233,6.096,-0.915,-0.940,0.930,3020,2722
1507006,2.495,12.524,6.426,-1.255,-1.310,1.425,3022,1884
1507026,2.832,10.932,6.359,-1.136,-1.737,1.717,3024,0
1507046,3.778,9.914,5.952,-0.957,-2.143,1.870,3012,0
1507066,3.938,9.234,5.198,-0.993,-2.328,2.035,2995,0
1507086,3.132,8.758,5.059,-0.950,-2.526,2.208,2973,0
1507106,3.455,8.023,3.721,-0.984,-3.042,2.494,2940,0
1507126,5.741,6.352,2.593,-0.999,-2.818,2.716,2891,0
1507146,6.426,5.298,2.169,-0.967,-2.117,2.703,2827,0
1507166,5.308,3.967,1.697,-1.086,-1.782,2.570,2766,0
1507187,6.431,3.749,1.966,-1.096,-1.705,2.383,2706,0
1507206,7.135,3.304,3.517,-0.952,-1.828,2.220,2677,0
1507226,6.155,1.719,2.387,-0.742,-2.046,2.034,2638,0
1507246,7.151,2.241,0.843,-0.461,-1.965,1.800,2572,0
1507266,7.001,1.494,1.199,-0.435,-1.853,1.468,2531,0
1507287,8.600,1.032,0.960,-0.168,-1.507,1.189,2506,0
1507307,7.341,0.464,0.065,0.034,-1.029,0.852,2492,0
1507326,7.484,1.168,-0.340,0.125,-0.806,0.613,2480,0
1507346,7.144,0.615,-0.196,0.037,-0.686,0.384,2471,0
1507366,8.246,0.560,-0.103,-0.036,-0.483,0.290,2463,0
1507386,8.729,0.658,-0.204,0.035,-0.011,0.044,2461,0
1507407,8.363,0.824,0.591,0.048,0.311,-0.136,2455,0
1507426,8.959,1.877,0.735,0.142,0.490,-0.312,2454,0
1507446,7.925,2.540,1.841,-0.045,0.399,-0.302,2453,0
1507466,9.761,2.770,1.966,-0.046,0.236,-0.247,2454,0
1507486,9.100,2.971,2.406,-0.030,0.342,-0.273,2456,0
1507506,10.180,3.127,2.193,-0.017,0.403,-0.261,2460,0
1507526,9.105,3.445,2.701,0.068,0.442,-0.301,2457,0
1507547,9.182,3.428,3.081,0.030,0.130,-0.160,2459,0
1507566,10.039,3.601,2.744,0.095,0.019,-0.121,2463,0
1507586,9.390,3.220,2.931,0.035,0.059,-0.075,2466,0
1507606,9.924,2.976,2.241,0.120,0.088,-0.087,2472,0
1507626,8.435,2.928,2.586,0.124,-0.009,-0.096,2475,0
1507647,9.859,2.837,2.186,0.132,-0.116,-0.047,2476,0
1507666,9.187,2.962,2.277,0.104,-0.002,-0.052,2480,0
1507686,9.172,2.909,2.461,0.062,0.057,-0.063,2483,0
1507706,8.940,2.995,2.574,0.043,0.081,-0.068,2486,0
1507726,8.760,3.129,2.708,0.070,0.014,-0.054,2491,0
1507746,8.823,3.079,2.473,0.114,-0.077,-0.038,2494,0
1507766,9.019,3.117,2.306,0.122,-0.029,-0.040,2496,0
1507786,8.849,3.141,2.289,0.058,0.050,-0.035,2501,0
1507806,8.768,2.895,2.236,0.006,0.078,-0.026,2501,0
1507826,8.741,2.976,2.368,0.032,0.059,-0.009,2504,0
1507846,8.976,2.950,2.545,0.079,0.037,-0.024,2507,0
1507866,9.081,3.050,2.543,0.108,0.047,-0.058,2511,0
1507887,9.225,3.055,2.682,0.074,0.068,-0.073,2514,0
1507906,9.088,2.964,2.576,0.056,0.108,-0.074,2515,0
1507926,8.906,3.031,2.665,0.040,0.044,-0.044,2514,0
1507946,9.062,3.043,2.526,0.047,-0.029,-0.030,2515,0
1507966,9.155,3.084,2.461,0.032,0.023,-0.048,2520,0
1507986,8.990,3.117,2.643,0.035,0.095,-0.077,2522,0
1508007,8.799,3.065,2.751,0.058,0.051,-0.094,2524,0
1508026,8.734,3.017,2.631,0.127,0.008,-0.112,2528,0
1508046,8.839,3.182,2.442,0.132,-0.001,-0.127,2535,0
1508066,8.799,3.316,2.502,0.079,0.055,-0.107,2534,0
1508086,8.720,3.333,2.586,-0.000,0.055,-0.057,2535,0
1508106,8.777,3.120,2.619,-0.020,0.013,-0.027,2537,0
1508126,8.894,3.089,2.653,0.026,0.038,-0.056,2540,0
1508146,8.844,3.172,2.763,0.106,0.077,-0.099,2540,0
1508166,8.933,3.349,2.775,0.139,0.077,-0.103,2539,0
1508186,8.622,3.330,2.873,0.082,0.052,-0.086,2540,0
1508207,8.492,3.335,2.859,0.052,0.055,-0.083,2541,0
1508226,9.469,3.505,2.516,0.032,0.034,-0.035,2542,0
1508246,8.490,3.270,2.911,-0.007,0.039,-0.001,2541,0
1508266,9.469,3.445,2.600,0.069,0.041,0.016,2542,0
1508286,8.435,3.318,2.897,-0.002,-0.015,0.060,2543,0
1508306,9.615,3.242,2.404,-0.002,-0.015,0.056,2543,0
1508326,8.502,2.981,2.895,-0.021,-0.002,0.031,2544,0
1508346,9.510,3.357,2.373,0.057,0.009,0.016,2544,0
1508366,8.262,3.242,2.691,0.009,-0.001,0.013,2544,0
1508386,9.416,3.421,2.322,0.012,-0.018,0.030,2546,0
1508406,8.301,3.170,2.696,0.022,0.016,-0.012,2547,0
1508426,9.285,3.467,2.538,0.059,-0.015,-0.010,2546,0
1508447,8.461,3.407,2.741,0.111,0.014,-0.067,2546,0
1508466,8.988,3.527,2.682,0.083,-0.038,-0.011,2548,0
1508486,8.638,3.397,2.763,0.111,0.003,-0.035,2548,0
1508506,8.777,3.316,2.935,0.078,-0.034,0.013,2550,0
1508526,8.921,3.311,2.842,0.139,0.008,-0.042,2548,0
1508546,8.507,3.254,3.067,0.101,-0.026,-0.019,2549,0
1508566,9.055,3.230,2.665,0.189,-0.019,-0.074,2553,0
1508586,8.222,3.098,3.026,0.152,-0.055,-0.075,2556,0
1508606,9.340,3.393,2.617,0.191,-0.021,-0.088,2558,0
1508626,8.246,3.194,3.005,0.127,0.016,-0.088,2559,0
1508646,9.270,3.601,2.782,0.155,0.029,-0.071,2559,0
1509083,8.672,3.536,2.926,0.055,-0.028,-0.006,2598,0
1509103,8.782,3.498,2.890,0.043,-0.060,-0.005,2600,0
1509123,8.777,3.479,2.904,0.052,-0.020,-0.030,2601,0
1509143,8.691,3.618,2.940,0.083,-0.009,-0.055,2600,0
1509163,8.622,3.713,2.950,0.099,-0.024,-0.039,2601,0
