1412734,8.672,3.620,2.591,0.024,-0.037,-0.014,2610,0
1412754,8.655,3.735,2.655,0.035,-0.018,-0.018,2610,0
1412773,8.638,3.828,2.837,0.028,-0.019,-0.005,2609,0
1412793,8.626,3.857,2.835,0.032,-0.038,-0.006,2610,0
1412813,8.629,3.838,2.782,0.051,-0.057,-0.002,2609,0
1412833,8.648,3.812,2.698,0.059,-0.057,0.002,2609,0
1412853,8.617,3.733,2.665,0.048,-0.054,0.003,2611,0
1412874,8.645,3.654,2.646,0.043,-0.041,-0.008,2611,0
1412893,8.643,3.735,2.691,0.051,-0.018,-0.026,2610,0
1412914,8.636,3.852,2.801,0.052,-0.012,-0.026,2610,0
1412933,8.662,3.871,2.885,0.035,-0.028,-0.003,2611,0
1412953,8.739,3.711,2.832,0.030,-0.043,0.013,2609,0
1412973,8.741,3.627,2.796,0.040,-0.037,0.000,2610,0
1412994,8.672,3.627,2.749,0.046,-0.041,-0.005,2610,0
1413013,8.641,3.649,2.662,0.033,-0.037,-0.003,2611,0
1413033,8.624,3.713,2.729,0.029,-0.031,-0.005,2611,0
1413053,8.607,3.788,2.770,0.028,-0.037,-0.003,2611,0
1413074,8.619,3.819,2.710,0.021,-0.047,0.004,2609,0
1413093,8.598,3.733,2.602,0.034,-0.050,-0.005,2611,0
1413113,8.600,3.728,2.502,0.069,-0.025,-0.028,2611,0
1413133,8.521,3.833,2.514,0.070,-0.002,-0.030,2612,0
1413153,8.598,3.850,2.708,0.034,0.005,-0.006,2611,0
1413174,8.655,3.752,2.880,0.018,0.001,0.007,2611,0
1413194,8.705,3.649,2.942,0.051,-0.026,-0.010,2610,0
1413214,8.722,3.658,2.808,0.082,-0.041,-0.030,2611,0
1413234,8.724,3.721,2.682,0.066,-0.034,-0.028,2610,0
1413253,8.665,3.757,2.722,0.034,-0.023,-0.019,2611,0
1413273,8.698,3.780,2.816,0.010,-0.031,-0.009,2612,0
1413293,8.715,3.790,2.880,0.032,-0.031,-0.017,2611,0
1413313,8.631,3.836,2.835,0.070,-0.049,-0.026,2611,0
1413333,8.638,3.922,2.758,0.074,-0.056,-0.007,2610,0
1413353,8.629,3.826,2.670,0.036,-0.046,0.019,2610,0
1413374,8.629,3.658,2.655,0.030,-0.032,0.013,2612,0
1413394,8.614,3.651,2.689,0.044,-0.027,-0.002,2610,0
1413413,8.578,3.733,2.763,0.044,-0.013,-0.009,2611,0
1413433,8.574,3.821,2.789,0.039,-0.022,-0.002,2611,0
1413453,8.631,3.757,2.753,0.034,-0.029,-0.002,2610,0
1413474,8.672,3.701,2.725,0.045,-0.015,-0.020,2610,0
1413493,8.612,3.771,2.737,0.047,-0.009,-0.029,2611,0
1413513,8.665,3.826,2.787,0.038,-0.019,-0.015,2611,0
1413533,8.717,3.812,2.837,0.036,-0.015,-0.006,2611,0
1413553,8.710,3.809,2.828,0.055,-0.024,-0.014,2611,0
1413573,8.641,3.831,2.765,0.051,-0.044,-0.003,2612,0
1413594,8.691,3.790,2.746,0.027,-0.044,0.014,2612,0
1413613,8.648,3.697,2.772,0.035,-0.037,0.012,2612,0
1413634,8.602,3.668,2.775,0.049,-0.046,-0.004,2611,0
1413653,8.605,3.725,2.732,0.038,-0.049,-0.007,2612,0
1413673,8.612,3.792,2.784,0.016,-0.039,-0.009,2611,0
1413694,8.622,3.843,2.825,0.024,-0.034,-0.013,2612,0
1413714,8.605,3.859,2.811,0.044,-0.036,-0.013,2613,0
1413733,8.576,3.819,2.780,0.041,-0.042,-0.001,2612,0
1413961,8.669,3.670,2.775,0.030,-0.068,0.009,2611,0
1413981,8.593,3.716,2.734,0.023,-0.053,0.014,2612,0
1414001,8.583,3.622,2.720,0.001,-0.069,0.026,2611,0
1414021,8.624,3.548,2.574,0.018,-0.060,0.000,2612,0
1414041,8.593,3.627,2.540,0.039,-0.037,-0.037,2613,0
1414061,8.600,3.766,2.614,0.026,-0.025,-0.037,2612,0
1414081,8.636,3.795,2.622,0.019,-0.022,-0.025,2611,0
1414101,8.638,3.816,2.612,0.007,-0.021,-0.009,2610,0
1414121,8.681,3.859,2.655,0.019,-0.018,-0.004,2611,0
1414141,8.650,3.859,2.710,0.039,-0.028,-0.006,2610,0
1414161,8.705,3.838,2.708,0.049,-0.051,0.004,2611,0
1414181,8.679,3.824,2.746,0.044,-0.039,0.011,2611,0
1414201,8.655,3.795,2.761,0.050,-0.052,0.018,2610,0
1414221,8.650,3.716,2.670,0.071,-0.062,0.010,2610,0
1414335,8.679,3.740,2.811,0.048,-0.057,0.020,2611,0
1414345,8.701,3.711,2.768,0.044,-0.056,0.022,2610,0
1414357,8.696,3.618,2.758,0.034,-0.049,0.017,2612,0
1414367,8.727,3.584,2.792,0.033,-0.047,0.010,2611,0
1414376,8.717,3.565,2.787,0.034,-0.042,0.003,2611,0
1414386,8.701,3.601,2.787,0.035,-0.042,-0.001,2611,0
1414397,8.703,3.661,2.787,0.033,-0.043,-0.006,2611,0
1414409,8.703,3.711,2.808,0.027,-0.041,-0.007,2611,0
1414419,8.689,3.759,2.772,0.024,-0.045,-0.006,2612,0
1414430,8.677,3.780,2.739,0.021,-0.045,-0.004,2611,0
1414441,8.657,3.778,2.674,0.024,-0.051,-0.001,2613,0
1414461,8.686,3.816,2.636,0.026,-0.057,0.006,2610,0
1414481,8.679,3.778,2.650,0.029,-0.035,0.013,2611,0
1414501,8.598,3.711,2.638,0.023,-0.044,0.019,2610,0
1414521,8.645,3.615,2.552,0.031,-0.058,0.012,2612,0
1414541,8.648,3.680,2.512,0.044,-0.027,-0.010,2611,0
1414561,8.566,3.795,2.602,0.037,-0.014,-0.003,2612,0
1414581,8.645,3.795,2.646,0.038,-0.027,0.005,2611,0
1414601,8.696,3.737,2.650,0.054,-0.029,-0.008,2612,0
1414621,8.712,3.704,2.617,0.077,-0.027,-0.025,2610,0
1414641,8.679,3.790,2.617,0.070,-0.026,-0.021,2612,0
1414661,8.732,3.735,2.602,0.048,-0.027,-0.003,2611,0
1414681,8.782,3.663,2.672,0.051,-0.001,-0.010,2610,0
1414701,8.684,3.658,2.813,0.067,-0.006,-0.023,2611,0
1414721,8.648,3.742,2.832,0.076,-0.060,-0.013,2610,0
1414741,8.717,3.718,2.638,0.051,-0.071,0.008,2611,0
1414761,8.662,3.632,2.638,0.048,-0.037,-0.002,2611,0
1414781,8.598,3.649,2.638,0.068,-0.029,-0.022,2611,0
1414801,8.581,3.807,2.682,0.066,-0.024,-0.018,2612,0
1414821,8.586,3.833,2.713,0.041,-0.037,-0.007,2610,0
1414841,8.626,3.790,2.665,0.050,-0.036,-0.008,2612,0
1414861,8.586,3.785,2.598,0.055,-0.024,-0.003,2610,0
1414881,8.607,3.675,2.591,0.042,-0.006,0.002,2611,0
1414901,8.588,3.587,2.660,0.041,-0.003,-0.012,2612,0
1414921,8.602,3.618,2.638,0.056,-0.007,-0.032,2611,0
1414941,8.657,3.718,2.660,0.048,-0.014,-0.042,2611,0
1414961,8.660,3.836,2.684,0.052,-0.007,-0.052,2611,0
1414981,8.665,3.919,2.715,0.063,-0.010,-0.045,2612,0
1415001,8.672,3.931,2.749,0.059,-0.009,-0.029,2612,0
1415021,8.701,3.888,2.763,0.053,-0.016,-0.017,2610,0
1415041,8.681,3.783,2.770,0.054,-0.034,-0.015,2610,0
1415061,8.715,3.670,2.768,0.051,-0.051,-0.015,2611,0
1415081,8.701,3.587,2.717,0.045,-0.037,-0.021,2610,0
1415101,8.698,3.639,2.739,0.051,-0.021,-0.031,2612,0
1415121,8.614,3.709,2.713,0.050,-0.025,-0.038,2611,0
1415141,8.660,3.833,2.658,0.040,-0.034,-0.031,2613,0
1415161,8.686,3.912,2.646,0.006,-0.003,-0.011,2613,0
1415181,8.710,3.898,2.818,0.010,0.013,-0.007,2610,0
1415201,8.703,3.941,2.825,0.054,0.002,-0.004,2611,0
1415221,8.708,3.876,2.792,0.047,-0.019,0.009,2610,0
1415241,8.734,3.685,2.737,0.023,-0.030,0.019,2610,0
1415261,8.727,3.560,2.734,0.024,-0.021,0.004,2612,0
1415281,8.684,3.697,2.799,0.041,-0.021,-0.011,2611,0
1415301,8.643,3.824,2.861,0.038,-0.037,-0.015,2612,0
1415321,8.614,3.891,2.763,0.043,-0.056,-0.006,2611,0
1415341,8.593,3.838,2.674,0.067,-0.055,-0.012,2612,0
1415361,8.571,3.824,2.631,0.093,-0.042,-0.036,2612,0
1415381,8.519,3.831,2.586,0.083,-0.039,-0.036,2613,0
1415401,8.514,3.888,2.610,0.058,-0.031,-0.033,2612,0
1415421,8.511,3.864,2.710,0.075,-0.022,-0.034,2612,0
1415441,8.576,3.838,2.763,0.103,-0.028,-0.043,2612,0
1415461,8.598,3.780,2.703,0.111,-0.027,-0.056,2611,0
1415481,8.602,3.826,2.677,0.097,-0.023,-0.058,2611,0
1415768,8.583,4.056,2.648,0.054,0.002,-0.040,2611,0
1415787,8.595,4.125,2.799,0.029,0.001,-0.010,2613,0
1415807,8.626,4.046,2.804,0.013,-0.033,0.020,2611,0
1415827,8.660,3.917,2.684,0.033,-0.050,0.024,2610,0
1415847,8.672,3.938,2.571,0.040,-0.048,0.018,2611,0
1415867,8.643,3.948,2.624,0.037,-0.038,0.021,2612,0
1415887,8.559,3.977,2.696,0.035,-0.043,0.029,2611,0
1415907,8.569,3.948,2.634,0.047,-0.073,0.028,2612,0
1415927,8.576,3.883,2.547,0.068,-0.070,0.010,2612,0
1415947,8.533,3.895,2.555,0.089,-0.059,-0.004,2610,0
1415967,8.492,3.958,2.526,0.090,-0.050,-0.006,2612,0
1415987,8.526,3.934,2.588,0.067,-0.044,0.008,2609,0
1416007,8.564,3.809,2.689,0.055,-0.041,0.004,2612,0
1416027,8.593,3.802,2.768,0.083,-0.039,-0.018,2611,0
1416047,8.590,3.883,2.823,0.080,-0.041,-0.026,2611,0
1416067,8.607,3.831,2.753,0.051,-0.058,-0.015,2612,0
1416087,8.660,3.740,2.703,0.033,-0.051,-0.017,2611,0
1416107,8.610,3.790,2.727,0.026,-0.023,-0.029,2611,0
1416127,8.586,3.874,2.734,0.002,-0.027,-0.013,2612,0
1416147,8.674,3.871,2.729,0.010,-0.025,-0.008,2610,0
1416167,8.667,3.919,2.665,0.029,-0.017,-0.017,2611,0
1416187,8.631,3.989,2.586,0.023,-0.014,-0.006,2611,0
1416207,8.617,3.948,2.612,-0.010,-0.011,0.018,2611,0
1416227,8.665,3.804,2.665,0.003,-0.021,0.017,2610,0
1416247,8.636,3.819,2.655,0.040,-0.026,-0.009,2612,0
1416267,8.617,3.895,2.571,0.035,-0.037,-0.016,2611,0
1416287,8.619,3.919,2.579,0.024,-0.030,-0.014,2612,0
1416307,8.586,3.946,2.593,0.034,-0.027,-0.015,2613,0
1416327,8.600,3.943,2.559,0.048,-0.040,-0.016,2612,0
1416347,8.631,3.898,2.523,0.052,-0.034,-0.011,2614,0
1416367,8.653,3.840,2.547,0.056,-0.028,-0.012,2613,0
1416387,8.624,3.836,2.579,0.045,-0.020,-0.009,2611,0
1416407,8.629,3.869,2.684,0.033,-0.023,-0.006,2613,0
1416427,8.586,3.903,2.713,0.042,-0.034,-0.010,2612,0
1416447,8.605,3.946,2.746,0.072,-0.047,-0.025,2612,0
1416467,8.562,4.049,2.674,0.074,-0.047,-0.018,2613,0
1416487,8.571,3.972,2.686,0.049,-0.044,-0.002,2611,0
1416507,8.566,3.962,2.677,0.050,-0.036,-0.009,2613,0
1416527,8.533,3.967,2.660,0.061,-0.042,-0.022,2612,0
1416547,8.528,3.958,2.586,0.054,-0.045,-0.011,2612,0
1416567,8.583,3.879,2.667,0.037,-0.024,-0.002,2611,0
1416587,8.626,3.833,2.770,0.038,-0.011,-0.010,2613,0
1416607,8.595,3.941,2.763,0.048,-0.022,-0.019,2612,0
1416627,8.643,3.979,2.758,0.035,-0.034,-0.008,2613,0
1416647,8.665,3.977,2.761,0.026,-0.042,0.001,2612,0
1416667,8.674,3.912,2.679,0.028,-0.047,-0.006,2614,0
1416687,8.631,3.967,2.605,0.052,-0.046,-0.017,2612,0
1416707,8.626,4.080,2.591,0.058,-0.039,-0.012,2613,0
1416727,8.610,4.190,2.634,0.064,-0.035,0.010,2613,0
1416747,8.619,4.087,2.691,0.055,-0.048,0.031,2614,0
1416767,8.648,3.934,2.713,0.056,-0.061,0.039,2611,0
1416787,8.638,3.735,2.667,0.052,-0.076,0.034,2612,0
1416807,8.684,3.649,2.626,0.063,-0.070,0.013,2613,0
1416827,8.648,3.749,2.638,0.064,-0.056,-0.005,2612,0
1416847,8.598,3.840,2.686,0.049,-0.062,-0.005,2613,0
1416867,8.600,3.876,2.650,0.029,-0.068,0.001,2613,0
1416887,8.665,3.912,2.631,0.028,-0.060,-0.008,2612,0
1416907,8.633,3.962,2.552,0.046,-0.035,-0.021,2612,0
1416927,8.602,4.058,2.476,0.060,-0.026,-0.011,2614,0
1416947,8.662,4.075,2.409,0.034,-0.006,0.021,2613,0
1416967,8.696,4.041,2.550,0.018,0.014,0.036,2615,0
1416987,8.631,4.015,2.729,0.040,0.009,0.035,2612,0
1417007,8.662,4.017,2.717,0.051,-0.011,0.040,2612,0
1417027,8.681,3.996,2.698,0.046,-0.022,0.046,2612,0
1417047,8.667,3.960,2.768,0.019,-0.023,0.047,2611,0
1417067,8.650,3.910,2.859,-0.011,-0.047,0.044,2611,0
1417087,8.665,3.867,2.959,0.010,-0.053,0.027,2611,0
1417107,8.629,3.915,2.897,0.035,-0.067,0.018,2610,0
1417127,8.598,3.869,2.761,0.020,-0.075,0.022,2612,0
1417147,8.564,3.812,2.693,-0.015,-0.062,0.031,2613,0
1417167,8.614,3.716,2.761,-0.047,-0.048,0.043,2612,0
1417187,8.650,3.613,2.832,-0.042,-0.038,0.034,2611,0
1417207,8.655,3.601,2.823,-0.041,-0.038,0.029,2612,0
1417227,8.619,3.658,2.842,-0.067,-0.036,0.028,2612,0
1417247,8.602,3.644,2.887,-0.074,-0.041,0.025,2611,0
1417267,8.626,3.632,2.897,-0.069,-0.059,0.023,2612,0
1417287,8.564,3.658,2.717,-0.072,-0.071,0.020,2612,0
1417307,8.533,3.596,2.576,-0.080,-0.067,0.022,2613,0
1417327,8.571,3.515,2.461,-0.082,-0.041,0.015,2613,0
1417347,8.552,3.517,2.478,-0.082,-0.017,0.002,2613,0
1417367,8.557,3.591,2.521,-0.095,-0.032,0.010,2612,0
1417387,8.641,3.570,2.595,-0.099,-0.038,0.006,2612,0
1417407,8.684,3.582,2.626,-0.075,-0.027,-0.020,2613,0
1417427,8.660,3.680,2.629,-0.044,-0.051,-0.044,2614,0
1417447,8.739,3.768,2.492,-0.038,-0.054,-0.046,2613,0
1417467,8.736,3.749,2.488,-0.052,-0.030,-0.038,2612,0
1417487,8.698,3.737,2.605,-0.048,-0.035,-0.042,2614,0
1417507,8.758,3.761,2.648,-0.003,-0.049,-0.042,2612,0
1417527,8.724,3.831,2.540,0.023,-0.059,-0.039,2612,0
1417547,8.705,3.876,2.442,0.027,-0.069,-0.028,2613,0
1417567,8.698,3.965,2.365,0.026,-0.043,-0.006,2614,0
1417587,8.641,3.900,2.444,0.027,-0.031,0.008,2614,0
1417647,8.614,3.915,2.708,0.090,-0.029,-0.027,2613,0
1417657,8.643,3.926,2.777,0.090,-0.029,-0.026,2612,0
1417667,8.653,3.936,2.820,0.088,-0.027,-0.026,2613,0
1417676,8.631,3.931,2.883,0.082,-0.028,-0.022,2612,0
1417687,8.641,3.888,2.954,0.073,-0.038,-0.012,2614,0
1417707,8.705,3.800,3.055,0.062,-0.041,-0.006,2612,0
1417727,8.655,3.740,3.021,0.068,-0.055,-0.011,2612,0
1417747,8.705,3.675,2.916,0.065,-0.054,-0.011,2613,0
1417767,8.717,3.634,2.885,0.027,-0.028,0.000,2612,0
1417787,8.691,3.594,2.911,-0.016,-0.024,0.013,2613,0
1417807,8.705,3.510,2.847,-0.028,-0.044,0.017,2613,0
1417827,8.758,3.457,2.761,-0.011,-0.037,-0.001,2614,0
1417847,8.732,3.601,2.638,-0.019,-0.002,-0.012,2611,0
1417867,8.657,3.675,2.741,-0.043,-0.005,0.007,2612,0
1417887,8.681,3.651,2.686,-0.062,-0.027,0.026,2612,0
1418141,8.545,3.735,2.579,0.085,-0.022,-0.057,2612,0
1418161,8.605,3.828,2.598,0.095,-0.025,-0.055,2612,0
1418181,8.617,3.862,2.650,0.102,-0.018,-0.063,2613,0
1418201,8.610,3.876,2.698,0.125,-0.023,-0.070,2613,0
1418221,8.617,3.898,2.658,0.141,-0.038,-0.068,2611,0
1418241,8.679,3.845,2.643,0.117,-0.033,-0.056,2613,0
1418261,8.686,3.802,2.698,0.119,-0.018,-0.062,2613,0
1418281,8.653,3.874,2.725,0.135,-0.013,-0.069,2612,0
1418301,8.638,3.857,2.660,0.132,-0.016,-0.056,2613,0
1418321,8.686,3.867,2.624,0.130,-0.021,-0.047,2613,0
1418341,8.741,3.931,2.665,0.119,-0.005,-0.040,2615,0
1418361,8.763,3.926,2.746,0.110,0.006,-0.040,2613,0
1418381,8.741,3.979,2.832,0.130,0.005,-0.046,2611,0
1418401,8.696,4.108,2.835,0.140,-0.010,-0.041,2612,0
1418421,8.667,4.147,2.842,0.107,-0.017,-0.007,2613,0
1418441,8.744,3.986,2.931,0.086,-0.028,0.010,2613,0
1418461,8.746,3.967,3.050,0.107,-0.018,-0.004,2613,0
1418481,8.691,4.017,3.110,0.103,-0.027,0.001,2613,0
1418501,8.686,4.010,3.033,0.059,-0.048,0.026,2612,0
1418521,8.684,3.879,3.041,0.027,-0.053,0.031,2612,0
1418541,8.679,3.845,3.000,0.013,-0.044,0.033,2613,0
1418561,8.669,3.785,3.024,-0.007,-0.040,0.036,2612,0
1418581,8.679,3.728,3.021,0.003,-0.031,0.023,2612,0
1418601,8.629,3.759,2.892,-0.003,-0.023,0.021,2613,0
1418621,8.617,3.740,2.844,-0.049,-0.030,0.042,2612,0
1418641,8.662,3.692,2.806,-0.080,-0.038,0.053,2612,0
1418661,8.672,3.718,2.780,-0.077,-0.031,0.048,2612,0
1418681,8.629,3.826,2.725,-0.062,-0.041,0.046,2612,0
1418701,8.588,3.869,2.648,-0.067,-0.054,0.057,2611,0
1418721,8.566,3.807,2.579,-0.056,-0.060,0.056,2614,0
1418741,8.566,3.778,2.473,-0.042,-0.075,0.041,2614,0
1418761,8.622,3.764,2.437,-0.023,-0.062,0.018,2614,0
1418781,8.547,3.838,2.473,-0.015,-0.048,0.007,2613,0
1418801,8.574,3.855,2.598,0.002,-0.039,0.003,2613,0
1418821,8.612,3.879,2.682,0.010,-0.054,0.009,2613,0
1418841,8.622,3.747,2.756,0.004,-0.057,0.017,2612,0
1418861,8.653,3.637,2.789,0.015,-0.067,0.012,2613,0
1418881,8.715,3.570,2.787,0.019,-0.060,0.001,2612,0
1418901,8.744,3.570,2.772,0.010,-0.055,0.001,2613,0
1418921,8.751,3.553,2.792,0.004,-0.042,-0.003,2614,0
1418941,8.775,3.673,2.875,0.010,-0.038,-0.007,2614,0
1418961,8.765,3.749,2.947,-0.016,-0.041,0.007,2612,0
1418981,8.813,3.711,2.976,-0.022,-0.059,0.025,2613,0
1419001,8.784,3.670,2.902,-0.007,-0.064,0.037,2612,0
1419021,8.763,3.577,2.784,-0.009,-0.068,0.038,2613,0
1419041,8.727,3.582,2.784,-0.025,-0.054,0.044,2613,0
1419061,8.760,3.567,2.775,-0.044,-0.059,0.049,2613,0
1419081,8.679,3.594,2.792,-0.031,-0.064,0.031,2614,0
1419101,8.629,3.673,2.686,-0.012,-0.074,0.030,2614,0
1419121,8.677,3.689,2.610,-0.028,-0.067,0.039,2612,0
1419141,8.734,3.546,2.610,-0.026,-0.064,0.033,2612,0
1419161,8.753,3.553,2.631,0.002,-0.055,0.015,2613,0
1419181,8.736,3.682,2.629,0.010,-0.066,0.010,2613,0
1419201,8.744,3.737,2.674,0.004,-0.079,0.019,2613,0
1419221,8.708,3.694,2.583,0.001,-0.094,0.035,2613,0
1419241,8.696,3.527,2.473,0.015,-0.110,0.035,2614,0
1419261,8.698,3.503,2.346,0.041,-0.096,0.019,2615,0
1419281,8.610,3.546,2.363,0.057,-0.076,0.006,2614,0
1419301,8.643,3.687,2.394,0.047,-0.075,0.018,2612,0
1419321,8.705,3.634,2.468,0.041,-0.067,0.023,2611,0
1419341,8.739,3.618,2.533,0.064,-0.059,0.012,2612,0
1419361,8.696,3.608,2.653,0.084,-0.060,0.006,2613,0
1419381,8.763,3.649,2.643,0.098,-0.083,0.012,2613,0
1419401,8.827,3.613,2.662,0.096,-0.076,0.012,2611,0
1419421,8.808,3.572,2.689,0.092,-0.086,0.023,2612,0
1419441,8.823,3.402,2.667,0.066,-0.098,0.037,2613,0
1419461,8.830,3.256,2.679,0.080,-0.093,0.024,2614,0
1419481,8.811,3.299,2.562,0.088,-0.102,0.005,2613,0
1419501,8.815,3.357,2.358,0.056,-0.100,0.006,2612,0
1419521,8.770,3.347,2.301,0.024,-0.080,0.011,2612,0
1419541,8.827,3.438,2.351,0.038,-0.070,-0.004,2614,0
1419561,8.751,3.548,2.385,0.053,-0.060,-0.013,2613,0
1419581,8.696,3.610,2.298,0.075,-0.092,-0.011,2612,0
1419601,8.794,3.620,2.188,0.090,-0.087,-0.011,2613,0
1419621,8.753,3.613,2.186,0.088,-0.057,-0.010,2614,0
1419641,8.820,3.656,2.342,0.077,-0.058,-0.005,2613,0
1419661,8.854,3.613,2.483,0.109,-0.059,-0.030,2613,0
1419681,8.803,3.733,2.480,0.165,-0.069,-0.055,2614,0
1419701,8.748,3.847,2.370,0.185,-0.068,-0.047,2614,0
1419721,8.799,3.840,2.373,0.153,-0.043,-0.011,2613,0
1419741,8.832,3.721,2.471,0.126,-0.010,0.019,2614,0
1419761,8.863,3.558,2.593,0.132,-0.010,0.026,2614,0
1419781,8.871,3.551,2.612,0.161,-0.015,0.009,2612,0
1419801,8.851,3.584,2.600,0.157,0.005,0.012,2614,0
1419821,8.818,3.539,2.638,0.111,-0.002,0.026,2613,0
1419841,8.847,3.539,2.682,0.074,-0.007,0.020,2614,0
1419861,8.866,3.646,2.667,0.083,-0.007,0.003,2613,0
1419881,8.820,3.680,2.737,0.071,-0.015,0.000,2612,0
1419901,8.796,3.730,2.765,0.059,-0.029,0.003,2612,0
1419921,8.722,3.716,2.739,0.056,-0.043,0.003,2613,0
1419941,8.748,3.709,2.612,0.041,-0.062,0.013,2613,0
1419961,8.753,3.646,2.519,0.014,-0.046,0.025,2613,0
1419981,8.720,3.603,2.574,0.010,-0.047,0.024,2613,0
1420001,8.698,3.584,2.576,0.026,-0.053,0.009,2613,0
1420021,8.638,3.579,2.483,0.027,-0.065,0.006,2614,0
1420041,8.686,3.512,2.409,0.002,-0.071,0.009,2613,0
1420061,8.722,3.417,2.430,0.005,-0.051,-0.015,2613,0
1420081,8.691,3.515,2.456,0.026,-0.038,-0.027,2612,0
1420101,8.684,3.584,2.411,0.014,-0.045,-0.018,2612,0
1420121,8.729,3.508,2.370,-0.004,-0.047,-0.014,2612,0
1420141,8.777,3.476,2.354,-0.002,-0.025,-0.026,2612,0
1420161,8.753,3.541,2.389,0.007,-0.005,-0.034,2612,0
1420181,8.801,3.579,2.437,0.017,-0.013,-0.033,2612,0
1420201,8.827,3.627,2.464,0.014,-0.013,-0.034,2612,0
1420221,8.921,3.615,2.456,0.011,-0.013,-0.045,2613,0
1420241,8.875,3.692,2.483,0.037,-0.001,-0.052,2613,0
1420261,8.887,3.713,2.476,0.033,-0.018,-0.041,2613,0
1420281,8.938,3.649,2.428,0.007,-0.012,-0.021,2615,0
1420301,8.880,3.548,2.514,0.009,-0.004,-0.021,2613,0
1420321,8.837,3.598,2.466,0.032,-0.033,-0.017,2613,0
1420341,8.878,3.589,2.380,0.012,-0.038,0.000,2613,0
1420361,8.825,3.519,2.430,-0.005,-0.025,0.005,2614,0
1420381,8.808,3.448,2.404,0.028,-0.033,-0.017,2614,0
1420401,8.799,3.570,2.339,0.050,-0.022,-0.038,2613,0
1420421,8.710,3.654,2.380,0.025,-0.010,-0.023,2615,0
1420441,8.693,3.596,2.433,-0.002,-0.029,-0.018,2613,0
1420461,8.782,3.563,2.476,0.024,-0.036,-0.043,2614,0
1420481,8.732,3.582,2.416,0.030,-0.023,-0.049,2616,0
1420501,8.672,3.448,2.413,0.035,-0.016,-0.050,2615,0
1420521,8.765,3.373,2.397,0.033,-0.028,-0.071,2614,0
1420541,8.777,3.354,2.437,0.038,-0.003,-0.114,2614,0
1420561,8.772,3.294,2.528,0.072,-0.008,-0.176,2614,0
1420581,8.717,3.431,2.540,0.089,-0.028,-0.227,2612,0
1420601,8.787,3.031,2.444,0.147,-0.018,-0.290,2612,0
1420621,8.696,3.393,2.449,0.221,0.019,-0.391,2611,0
1420641,8.509,3.558,2.543,0.231,0.001,-0.446,2609,0
1420661,8.375,3.642,2.406,0.193,-0.100,-0.463,2608,0
1420681,8.499,3.254,2.184,0.149,-0.168,-0.492,2613,0
1420701,8.595,2.983,1.990,0.135,-0.137,-0.577,2634,0
1420721,8.521,2.890,1.784,0.237,-0.055,-0.747,2673,0
1420741,8.365,3.124,1.733,0.370,-0.001,-0.958,2714,0
1420761,7.997,2.871,1.161,0.398,-0.010,-1.092,2745,0
1420781,8.088,3.017,1.168,0.366,-0.093,-1.204,2774,0
1420801,8.327,2.990,1.173,0.298,-0.064,-1.374,2813,0
1420821,8.387,2.871,0.996,0.410,0.137,-1.649,2850,0
1420841,8.346,3.129,0.395,0.474,0.355,-1.928,2878,0
1420861,7.949,3.448,-0.455,0.454,0.577,-2.147,2895,0
1420881,6.615,4.413,-0.852,0.481,0.834,-2.282,2909,0
1420901,5.320,6.795,-0.551,0.403,1.212,-2.320,2928,0
1420921,4.738,8.253,0.687,0.319,1.523,-2.174,2961,0
1420941,3.412,8.200,0.658,0.494,1.622,-1.982,2992,0
1420961,2.820,8.262,0.567,0.943,1.547,-1.869,3017,0
1420981,1.894,9.747,0.204,1.294,1.678,-1.897,3033,0
1421001,1.379,11.248,0.211,1.452,2.028,-1.814,3058,0
1421021,0.570,12.167,1.154,1.466,2.548,-1.626,3084,0
1421056,-1.786,13.238,1.980,1.305,2.875,-0.973,3114,0
1421065,-1.980,13.628,2.593,1.220,2.937,-0.796,3121,0
1421081,-1.671,13.465,2.978,0.897,3.051,-0.374,3131,0
1421101,-1.714,12.151,3.689,0.275,3.215,-0.013,3140,0
1421121,-1.322,9.828,4.764,-0.106,3.146,0.297,3148,0
1421141,-1.231,8.104,5.964,-0.112,3.069,0.176,3150,1149
1421161,-0.584,7.982,7.288,0.039,3.006,-0.021,3152,1821
1421181,-0.989,7.719,8.753,0.192,2.693,-0.272,3152,1924
1421201,-0.038,8.296,9.206,0.353,2.402,-0.410,3153,1970
1421221,0.622,8.775,10.199,0.213,2.179,-0.334,3152,2147
1421241,1.022,8.068,11.193,-0.138,1.790,-0.460,3149,2358
1421261,2.241,7.587,11.971,-0.386,1.118,-0.584,3144,2683
1421281,2.837,6.522,11.933,-0.451,0.369,-0.801,3142,2696
1421301,3.594,6.218,10.939,-0.225,-0.216,-1.148,3144,2723
1421321,3.922,6.910,9.682,0.100,-0.776,-1.308,3145,2615
1421341,4.360,7.448,8.088,0.353,-1.153,-1.436,3143,2646
1421361,5.210,9.622,6.120,0.160,-1.444,-1.381,3142,2581
1421381,5.018,9.907,4.666,-0.410,-1.657,-1.170,3140,2575
1421401,5.473,9.708,3.517,-0.824,-1.801,-0.996,3145,2784
1421421,4.896,10.623,2.964,-0.919,-1.962,-0.760,3146,2890
1421441,4.322,9.917,2.169,-0.801,-2.116,-0.497,3139,2825
1421461,4.738,9.845,1.166,-0.504,-2.112,-0.265,3134,2884
1421481,4.235,9.558,0.373,-0.199,-1.976,-0.122,3130,2870
1421501,3.345,9.840,-0.371,0.091,-1.764,-0.054,3130,2926
1421521,2.267,10.250,-0.931,0.195,-1.572,0.033,3129,3042
1421541,1.135,10.702,-1.013,0.328,-1.424,0.134,3127,3049
1421561,0.294,11.040,-0.991,0.628,-1.172,0.180,3124,3047
1421581,-0.409,11.439,-1.341,0.995,-0.737,0.209,3120,3102
1421601,-1.671,12.088,-1.587,0.954,-0.246,0.294,3120,3070
1421621,-2.571,11.346,-0.972,0.622,0.116,0.456,3119,3090
1421641,-3.673,11.119,0.184,0.479,0.425,0.499,3117,3181
1421661,-4.350,10.721,1.142,0.668,0.775,0.514,3117,3194
1421681,-4.863,10.523,1.800,1.024,1.155,0.457,3117,3213
1421701,-4.901,10.233,2.662,1.108,1.529,0.445,3116,3207
1421827,-1.159,8.377,9.409,0.286,1.632,-0.126,3106,3195
1421847,0.108,7.891,10.424,-0.277,1.369,-0.184,3105,3182
1421867,1.214,7.226,11.344,-0.547,1.038,-0.351,3104,3209
1421887,2.193,7.233,11.985,-0.438,0.589,-0.574,3102,3219
1421907,3.242,7.353,11.514,-0.313,0.080,-0.756,3103,3210
1421927,4.262,7.580,10.262,-0.331,-0.400,-0.911,3103,3216
1421947,4.681,8.595,8.679,-0.516,-0.837,-0.997,3102,3201
1421967,5.145,9.670,6.905,-0.831,-1.247,-0.957,3102,3194
1421987,5.746,10.080,5.176,-1.163,-1.534,-0.808,3101,3224
1422007,6.120,9.141,3.831,-1.088,-1.655,-0.707,3099,3197
1422027,5.820,8.787,2.593,-0.557,-1.742,-0.690,3097,3170
1422047,4.932,10.740,0.939,-0.199,-1.863,-0.541,3096,3154
1422067,4.123,12.866,-0.460,-0.617,-2.014,-0.033,3091,3086
1422087,3.529,11.389,-0.996,-1.064,-1.940,0.367,3089,3117
1422107,3.237,9.402,-1.049,-0.787,-1.580,0.458,3089,3179
1422127,2.389,9.857,-0.936,-0.094,-1.197,0.434,3088,3243
1422147,0.781,11.183,-0.864,0.390,-0.916,0.470,3088,3226
1422167,-0.637,11.076,-0.903,0.520,-0.688,0.536,3087,3233
1422187,-1.092,11.650,-0.824,0.524,-0.394,0.617,3086,3252
1422207,-1.856,11.437,-0.488,0.473,0.009,0.774,3086,3264
1422227,-3.146,9.912,0.113,0.631,0.405,0.731,3085,3282
1422247,-3.948,9.814,0.915,0.901,0.743,0.585,3084,3325
1422267,-4.503,10.898,1.851,0.978,1.039,0.537,3081,3319
1422287,-5.308,10.652,2.851,0.939,1.277,0.574,3083,3326
1422307,-4.999,9.081,3.407,0.850,1.534,0.563,3079,3316
1422327,-3.953,8.468,4.317,0.760,1.826,0.518,3077,3284
1422347,-3.996,8.370,6.060,0.637,1.994,0.406,3076,3220
1422367,-4.350,8.133,7.108,0.636,1.896,0.262,3078,3213
1422387,-3.053,8.210,6.993,0.584,1.740,0.244,3074,3166
1422407,-1.269,7.642,8.006,0.361,1.757,0.241,3075,3182
1422427,-0.704,6.601,9.898,0.220,1.756,0.023,3075,3167
1422447,0.481,6.148,11.246,0.273,1.510,-0.221,3073,3199
1422467,1.633,7.221,12.158,0.327,1.085,-0.431,3077,3212
1422487,2.456,7.381,12.220,0.066,0.567,-0.599,3078,3218
1422507,3.359,7.168,11.643,-0.236,0.027,-0.714,3079,3237
1422527,4.130,7.355,10.922,-0.339,-0.469,-0.884,3080,3256
1422547,4.616,8.310,9.505,-0.292,-0.968,-0.992,3081,3225
1422567,5.272,9.629,7.302,-0.476,-1.391,-0.941,3079,3173
1422587,5.837,9.905,5.519,-0.753,-1.616,-0.801,3082,3131
1422607,5.952,9.330,4.104,-0.853,-1.808,-0.655,3079,3112
1422627,5.760,8.612,2.655,-0.738,-2.013,-0.560,3078,3113
1422647,5.341,8.856,1.113,-0.448,-2.036,-0.483,3075,3132
1422667,4.458,9.874,0.146,-0.250,-1.900,-0.318,3073,3170
1422687,3.816,10.053,-0.577,-0.110,-1.742,-0.131,3070,3171
1422707,2.986,9.936,-1.322,0.013,-1.569,0.030,3070,3202
1422727,2.064,9.931,-1.784,0.016,-1.385,0.127,3070,3238
1422747,1.120,10.460,-1.937,0.078,-1.042,0.164,3069,3254
1422767,-0.383,11.171,-1.441,0.258,-0.584,0.204,3069,3268
1422787,-1.537,11.217,-0.828,0.545,-0.354,0.306,3069,3272
1422807,-2.210,11.107,-0.869,0.782,-0.149,0.354,3070,3274
1422827,-3.050,11.021,-0.792,0.744,0.111,0.420,3067,3251
1422847,-3.728,10.570,-0.383,0.597,0.445,0.444,3069,3263
1422867,-4.403,10.410,0.522,0.641,0.925,0.393,3069,3299
1422887,-4.982,10.630,1.539,0.753,1.290,0.435,3068,3300
1422908,-4.726,9.859,2.416,0.707,1.571,0.519,3067,3293
1422927,-4.422,8.981,3.575,0.564,1.816,0.504,3066,3274
1422947,-4.322,8.396,4.973,0.423,1.944,0.441,3068,3259
1422967,-3.991,8.054,5.875,0.419,1.911,0.332,3064,3245
1422987,-3.270,8.368,6.792,0.472,1.954,0.216,3063,3228
1423007,-2.835,8.286,8.107,0.354,2.019,0.117,3062,3212
1423027,-2.105,7.530,9.110,0.376,1.772,-0.061,3062,3199
1423047,-0.833,8.219,9.433,0.384,1.431,-0.203,3062,3199
1423067,0.029,8.590,10.312,0.134,1.169,-0.257,3061,3194
1423087,0.572,7.554,11.018,-0.071,0.775,-0.400,3071,3182
1423107,1.879,6.902,10.953,-0.069,0.253,-0.634,3064,3193
1423127,3.103,7.913,10.599,-0.069,-0.207,-0.769,3063,3195
1423147,3.618,7.925,10.149,-0.256,-0.632,-0.856,3064,3199
1423167,4.410,7.724,8.973,-0.433,-1.050,-0.997,3071,3176
1423187,5.152,9.167,7.451,-0.652,-1.408,-1.004,3067,3206
1423207,5.150,9.495,6.021,-0.820,-1.691,-0.897,3067,3216
1423227,5.289,8.744,4.685,-0.724,-1.867,-0.846,3067,3235
1423247,5.236,10.484,3.148,-0.454,-1.930,-0.729,3067,3255
1423267,4.065,11.854,1.927,-0.488,-1.955,-0.418,3066,3280
1423287,3.730,10.760,0.742,-0.679,-2.001,-0.124,3065,3288
1423307,3.704,10.348,-0.103,-0.659,-2.002,0.087,3064,3302
1423327,2.468,10.992,-0.584,-0.176,-1.791,0.194,3063,3308
1423465,-2.595,10.151,-0.273,0.782,0.379,0.685,3059,3253
1423484,-2.942,9.050,0.498,0.837,0.672,0.607,3064,3257
1423505,-3.105,8.538,1.137,1.022,1.003,0.472,3062,3262
1423524,-3.570,9.203,2.105,1.086,1.244,0.364,3063,3276
1423544,-4.056,9.893,3.148,0.727,1.346,0.403,3059,3277
1423564,-3.943,9.210,4.077,0.388,1.415,0.447,3060,3281
1423584,-3.330,8.049,4.896,0.410,1.538,0.379,3061,3283
1423604,-3.103,8.059,5.729,0.611,1.678,0.210,3060,3278
1423624,-2.974,8.497,6.330,0.609,1.691,0.098,3059,3274
1423644,-2.899,8.978,6.819,0.436,1.570,0.006,3058,3249
1423664,-2.363,8.950,7.166,0.382,1.444,-0.053,3058,3220
1423684,-1.504,8.796,7.518,0.407,1.369,-0.131,3058,3168
1423704,-0.757,8.471,8.054,0.291,1.239,-0.227,3059,3072
1423724,-0.045,8.157,8.593,0.133,0.970,-0.377,3058,3025
1423744,0.943,8.267,8.954,-0.010,0.668,-0.514,3059,2980
1423764,1.810,8.265,9.369,-0.193,0.325,-0.590,3059,2976
1423785,2.928,7.635,9.426,-0.304,-0.140,-0.737,3061,2939
1423804,3.977,7.597,9.029,-0.290,-0.563,-0.913,3061,2885
1423824,4.415,8.150,8.255,-0.370,-0.946,-1.005,3064,2875
1423844,4.690,9.091,7.147,-0.567,-1.350,-0.990,3066,2876
1423864,5.078,9.541,5.689,-0.842,-1.657,-0.888,3065,2917
1423884,5.485,8.849,4.384,-0.840,-1.871,-0.821,3064,3019
1423904,5.392,9.213,3.057,-0.463,-1.930,-0.765,3064,3094
1423924,4.401,10.980,1.719,-0.273,-1.936,-0.569,3064,3124
1423944,3.697,11.949,0.352,-0.538,-2.037,-0.217,3064,3144
1423964,3.342,11.418,-0.582,-0.729,-1.993,0.073,3062,3160
1423985,2.952,11.023,-1.314,-0.500,-1.709,0.243,3061,3175
1424004,2.093,10.963,-1.772,-0.126,-1.337,0.373,3057,3182
1424024,1.080,11.708,-2.018,0.077,-1.066,0.483,3057,3205
1424044,0.244,12.275,-1.944,-0.030,-0.773,0.678,3057,3217
1424064,-0.215,11.942,-1.381,-0.114,-0.428,0.860,3056,3214
1424084,-1.226,10.582,-0.654,0.173,-0.037,0.832,3056,3212
1424104,-1.666,9.558,-0.239,0.726,0.310,0.695,3057,3266
1424184,-3.151,9.191,2.919,0.693,1.348,0.595,3055,3287
1424194,-3.187,9.141,3.553,0.642,1.436,0.595,3056,3273
1424203,-3.184,8.985,4.135,0.582,1.498,0.598,3055,3268
1424212,-3.338,8.641,4.748,0.503,1.521,0.594,3055,3268
1424224,-3.479,7.424,5.179,0.455,1.510,0.506,3054,3262
1424233,-3.091,6.792,5.262,0.467,1.487,0.394,3054,3260
1424246,-2.708,7.652,5.602,0.487,1.485,0.326,3055,3244
1424264,-2.796,8.066,6.491,0.422,1.515,0.201,3054,3204
1424284,-2.717,7.712,7.444,0.285,1.402,0.065,3054,3155
1424304,-1.657,8.033,7.424,0.285,1.119,-0.026,3054,3188
1424324,-1.135,7.958,7.144,0.366,0.926,-0.135,3054,2932
1424345,0.081,8.207,7.427,0.239,0.921,-0.259,3053,2855
1424364,0.642,8.662,8.097,0.013,0.784,-0.297,3054,2786
1424384,0.790,7.839,8.511,-0.071,0.496,-0.443,3054,2726
1424404,2.095,8.064,8.504,-0.005,0.116,-0.585,3055,2694
1424424,2.370,8.835,8.104,-0.039,-0.248,-0.648,3055,2701
1424444,3.144,8.475,7.417,-0.106,-0.516,-0.743,3056,2698
1424464,3.527,9.732,6.905,-0.217,-0.764,-0.733,3055,2692
1424485,3.464,9.665,6.053,-0.362,-1.031,-0.733,3055,2684
1424504,3.903,10.561,5.054,-0.517,-1.269,-0.578,3057,2711
1424524,4.391,10.175,3.869,-0.553,-1.421,-0.402,3057,2720
1424545,4.664,9.426,3.033,-0.413,-1.446,-0.273,3058,2755
1424564,4.374,9.426,2.157,-0.183,-1.442,-0.216,3058,2749
1424585,3.493,10.783,1.132,-0.126,-1.403,-0.113,3056,2796
1424605,2.715,11.801,0.328,-0.346,-1.350,0.127,3057,2895
1424624,2.294,11.219,-0.029,-0.400,-1.202,0.384,3055,3009
1424644,1.891,10.465,-0.069,-0.117,-0.954,0.530,3057,3083
1424664,1.386,9.586,0.007,0.188,-0.673,0.600,3056,3102
1424684,0.769,9.139,0.292,0.399,-0.400,0.587,3055,3128
1424704,0.017,9.136,0.867,0.274,-0.188,0.564,3054,3147
1424724,-0.517,8.475,1.731,0.087,-0.078,0.551,3053,3150
1424744,-0.692,8.097,2.337,0.145,-0.001,0.478,3054,3172
1424764,-0.606,7.736,2.727,0.270,0.149,0.375,3053,3191
1424784,-0.697,7.863,3.110,0.299,0.300,0.254,3053,3240
1424804,-0.496,7.898,3.637,0.179,0.378,0.194,3053,3238
1424824,0.002,7.645,4.195,0.121,0.414,0.115,3053,3233
1424844,0.510,7.731,4.707,0.136,0.423,0.013,3054,3179
1424864,0.907,8.162,5.109,0.124,0.373,-0.064,3052,3179
1424884,1.211,8.552,5.243,0.080,0.277,-0.117,3052,3172
1424905,1.422,9.002,5.373,0.030,0.185,-0.131,3052,3230
1424925,1.695,9.170,5.358,0.021,0.072,-0.136,3053,3239
1424945,1.879,9.500,5.200,0.070,-0.018,-0.140,3054,3243
1424964,1.937,10.113,5.069,0.054,-0.094,-0.108,3053,3183
1424984,2.030,10.487,4.946,-0.012,-0.177,-0.015,3054,3184
1425004,2.081,10.736,4.803,-0.068,-0.249,0.083,3054,3171
1425024,2.076,11.217,4.762,-0.098,-0.354,0.224,3050,3146
1425045,2.073,11.471,4.681,-0.100,-0.440,0.379,3050,2969
1425064,1.645,12.354,4.717,-0.185,-0.549,0.563,3047,2629
1425084,1.152,13.405,4.875,-0.515,-0.789,0.916,3050,2233
1425104,1.401,13.544,4.956,-0.802,-1.189,1.461,3053,1736
1425124,1.602,12.246,4.882,-1.030,-1.631,1.824,3055,0
1425144,1.630,10.843,4.922,-1.139,-1.968,2.006,3033,0
1425165,1.367,11.236,5.102,-1.238,-2.655,2.395,3005,0
1425184,0.860,9.888,4.243,-1.614,-3.603,2.806,2969,0
1425204,3.460,7.807,2.988,-1.537,-3.863,3.099,2927,0
1425225,5.564,6.527,1.796,-1.476,-3.245,3.395,2862,0
1425244,5.076,5.581,1.274,-1.886,-2.567,3.530,2785,0
1425264,5.734,4.144,2.014,-2.221,-2.477,3.583,2714,0
1425284,7.254,2.444,4.051,-2.186,-2.753,3.262,2635,0
1425304,6.831,0.852,2.995,-1.681,-2.938,2.928,2591,0
1425324,7.269,1.597,0.905,-1.059,-2.669,2.641,2535,0
1425345,7.374,0.924,1.274,-0.731,-2.590,2.133,2499,0
1425365,8.064,0.232,0.615,-0.496,-2.426,1.759,2480,0
1425384,8.487,0.151,-0.342,-0.258,-1.885,1.346,2465,0
1425404,7.491,-0.151,-0.883,-0.195,-1.407,1.017,2456,0
1425424,7.963,0.393,-1.106,-0.076,-1.083,0.682,2448,0
1425444,7.527,0.043,-1.034,-0.090,-0.815,0.387,2447,0
1425464,8.942,0.290,-1.544,-0.034,-0.410,0.155,2446,0
1425485,8.394,0.551,-0.670,0.005,0.094,-0.139,2442,0
1425504,8.545,1.099,0.077,0.078,0.218,-0.268,2442,0
1425524,8.638,2.002,0.412,0.096,0.173,-0.323,2443,0
1425544,9.301,2.638,0.860,-0.015,0.157,-0.301,2441,0
1425564,9.936,2.842,1.111,-0.079,0.211,-0.278,2441,0
1425584,9.910,2.804,1.142,-0.027,0.268,-0.274,2443,0
1425605,9.840,2.703,1.178,0.090,0.250,-0.296,2444,0
1425624,9.759,2.907,1.257,0.168,0.141,-0.270,2446,0
1425644,10.056,3.139,1.250,0.072,0.045,-0.157,2447,0
1425664,10.221,2.873,1.226,-0.042,0.085,-0.067,2448,0
1425684,10.053,2.325,1.331,0.039,0.171,-0.089,2449,0
1425704,9.471,2.504,1.235,0.167,0.139,-0.130,2451,0
1425724,9.215,2.571,1.298,0.173,-0.029,-0.083,2452,0
1425744,9.527,2.607,1.075,0.098,-0.096,0.003,2459,0
1425764,9.697,2.349,1.013,0.017,0.023,0.017,2461,0
1425785,9.594,2.291,0.934,0.009,0.182,-0.040,2465,0
1425804,9.041,2.222,0.843,0.083,0.363,-0.082,2465,0
1425824,8.741,2.389,1.458,0.061,0.283,-0.051,2465,0
1425844,9.045,2.452,1.484,0.058,0.139,-0.033,2465,0
1425864,9.345,2.401,1.511,0.047,0.153,-0.050,2467,0
1425884,9.395,2.583,1.575,0.043,0.249,-0.074,2471,0
1425904,9.112,2.660,1.645,0.047,0.285,-0.090,2474,0
1425924,9.057,2.679,1.757,0.060,0.183,-0.093,2475,0
1425944,9.246,2.808,1.757,0.100,0.104,-0.107,2479,0
1425964,9.321,2.849,1.712,0.086,0.118,-0.083,2481,0
1425984,9.409,2.756,1.709,0.062,0.130,-0.047,2488,0
1426005,9.407,2.650,1.858,0.039,0.144,-0.051,2489,0
1426024,9.297,2.495,1.899,0.084,0.097,-0.085,2488,0
1426044,9.754,2.363,1.788,0.163,0.047,-0.125,2489,0
1426064,9.914,2.598,1.678,0.185,0.071,-0.147,2492,0
1426084,8.969,2.564,2.054,0.121,0.114,-0.162,2494,0
1426104,9.728,2.844,1.568,0.113,0.145,-0.139,2495,0
1426125,8.744,2.792,1.913,0.008,0.114,-0.096,2495,0
1426144,9.720,2.938,1.841,0.042,0.081,-0.093,2493,0
1426164,8.892,2.756,2.246,0.077,0.050,-0.099,2495,0
1426185,9.766,3.010,1.908,0.139,0.057,-0.094,2496,0
1426204,8.643,2.820,2.164,0.082,0.020,-0.099,2497,0
1426224,9.713,3.026,1.798,0.054,-0.015,-0.046,2501,0
1426244,8.772,2.844,2.286,0.006,0.024,-0.034,2503,0
1426265,9.400,2.959,2.085,0.046,-0.001,-0.011,2504,0
1426284,8.799,2.787,2.167,0.099,0.016,-0.072,2506,0
1426304,9.409,3.060,1.688,0.108,-0.020,-0.046,2506,0
1426324,8.954,2.849,1.901,0.076,0.030,-0.082,2509,0
1426344,9.177,2.835,1.822,0.059,0.004,-0.023,2510,0
1426364,9.613,2.911,1.664,0.115,0.057,-0.046,2510,0
1426385,8.691,2.818,2.191,0.055,0.055,-0.051,2510,0
1426404,9.613,3.163,1.891,0.115,0.063,-0.061,2511,0
1426424,8.581,2.837,2.229,0.131,0.045,-0.091,2512,0
1426445,9.378,3.067,1.834,0.128,-0.001,-0.058,2512,0
1426464,8.799,2.890,2.061,0.067,0.040,-0.092,2515,0
1426485,9.060,3.053,2.126,0.014,0.005,-0.042,2517,0
1426504,8.926,3.122,2.274,0.039,0.033,-0.076,2520,0
1426524,9.091,3.139,2.145,0.054,-0.001,-0.083,2523,0
1426544,9.103,3.153,2.215,0.066,-0.013,-0.079,2527,0
1426564,9.108,3.165,2.126,0.041,-0.037,-0.047,2527,0
1426584,9.199,3.065,2.100,0.006,-0.051,-0.030,2532,0
1426604,9.256,2.993,2.066,0.032,-0.043,-0.032,2531,0
1426624,9.311,3.048,2.052,0.061,-0.019,-0.045,2532,0
1426644,9.275,3.124,2.085,0.056,-0.004,-0.048,2533,0
1426664,9.163,3.163,2.085,0.042,-0.032,-0.030,2535,0
1426684,9.220,3.129,1.956,0.042,-0.051,-0.010,2537,0
1426704,9.244,3.132,2.006,0.039,-0.026,0.007,2540,0
1426724,9.155,3.091,2.112,0.050,-0.021,0.013,2540,0
1426744,9.086,3.079,2.066,0.064,-0.057,0.016,2540,0
1426764,9.148,3.026,1.865,0.069,-0.067,0.006,2541,0
1426784,9.093,3.038,1.930,0.074,-0.023,-0.009,2544,0
1426805,9.062,3.163,1.980,0.072,-0.007,-0.011,2544,0
1426824,8.988,3.239,2.004,0.058,-0.021,-0.001,2545,0
1426844,9.012,3.172,1.930,0.059,-0.041,0.005,2548,0
1426864,9.021,3.117,1.935,0.050,-0.040,0.002,2549,0
1426884,9.057,3.053,2.047,0.057,-0.023,-0.015,2551,0
1426905,9.064,3.050,1.990,0.087,-0.030,-0.028,2552,0
1426924,9.122,3.043,1.918,0.096,-0.017,-0.042,2553,0
1426944,9.021,3.158,1.925,0.059,0.010,-0.036,2553,0
1426964,8.947,3.122,2.025,0.021,0.002,-0.007,2553,0
1426984,9.045,3.060,2.121,0.025,-0.026,-0.002,2554,0
1427004,9.115,3.057,2.093,0.064,-0.028,-0.031,2555,0
1427024,9.052,3.091,1.963,0.088,-0.021,-0.055,2555,0
1427044,9.064,3.100,1.906,0.076,-0.002,-0.056,2555,0
1427064,9.081,3.208,1.961,0.036,0.034,-0.048,2555,0
1427084,9.002,3.323,2.136,0.023,0.045,-0.029,2554,0
1427104,9.038,3.330,2.212,0.040,0.020,-0.014,2554,0
1427125,9.141,3.316,2.195,0.047,0.011,-0.007,2554,0
1427144,9.100,3.201,2.251,0.020,0.007,0.007,2555,0
1427165,9.182,3.103,2.243,0.033,-0.039,0.016,2553,0
1427184,9.256,3.089,2.093,0.053,-0.037,0.002,2555,0
1427204,9.222,3.165,2.114,0.045,-0.004,-0.007,2555,0
1427224,9.036,3.239,2.191,0.032,-0.006,0.013,2555,0
1427245,9.084,3.129,2.195,0.029,-0.072,0.028,2554,0
1427264,9.172,3.048,2.033,0.052,-0.085,0.007,2554,0
1427284,9.131,3.086,1.985,0.064,-0.036,-0.014,2555,0
1427304,8.933,3.170,2.021,0.021,-0.033,0.022,2556,0
1427324,8.976,3.014,2.061,0.010,-0.062,0.037,2557,0
1427344,9.038,2.928,1.982,0.040,-0.052,-0.002,2556,0
1427364,9.079,3.194,2.040,0.063,-0.018,-0.039,2556,0
1427384,8.995,3.354,2.227,0.061,0.006,-0.026,2558,0
1427404,8.945,3.352,2.167,0.052,-0.032,0.008,2557,0
1427424,9.019,3.194,2.049,0.036,-0.054,0.017,2558,0
1427445,9.096,3.100,2.083,0.039,-0.039,0.007,2557,0
1427464,9.079,3.048,2.090,0.067,-0.023,-0.009,2557,0
1427484,9.096,3.065,2.061,0.080,-0.023,-0.016,2557,0
