2968241,4.958,3.991,7.470,0.037,-0.019,-0.018,2540,0
2968261,4.944,3.974,7.456,0.039,-0.018,-0.016,2538,0
2968281,4.961,3.996,7.465,0.039,-0.031,-0.009,2539,0
2968301,4.994,4.034,7.491,0.040,-0.029,-0.003,2539,0
2968321,4.970,3.955,7.487,0.045,-0.019,-0.005,2540,0
2968341,4.894,3.970,7.456,0.053,-0.016,-0.003,2538,0
2968361,4.903,3.998,7.468,0.053,-0.023,0.005,2539,0
2968381,4.951,4.017,7.525,0.052,-0.021,0.005,2539,0
2968400,4.954,3.986,7.527,0.055,-0.016,0.001,2540,0
2968421,4.913,3.984,7.501,0.062,-0.012,-0.005,2538,0
2968441,4.894,3.970,7.439,0.057,-0.018,-0.004,2538,0
2968461,4.884,4.013,7.434,0.047,-0.038,-0.003,2538,0
2968481,4.963,4.080,7.465,0.040,-0.039,-0.005,2538,0
2968501,4.949,3.991,7.487,0.038,-0.030,-0.011,2536,0
2968521,4.942,3.977,7.463,0.037,-0.022,-0.017,2539,0
2968541,4.934,3.979,7.460,0.038,-0.023,-0.019,2537,0
2968561,4.970,4.020,7.446,0.032,-0.021,-0.018,2536,0
2968580,4.954,3.982,7.499,0.038,-0.014,-0.016,2535,0
2968600,4.927,3.982,7.484,0.043,-0.010,-0.018,2537,0
2968621,4.956,3.979,7.518,0.050,-0.004,-0.012,2537,0
2968641,4.951,3.998,7.463,0.056,0.009,-0.013,2537,0
2968660,4.913,4.010,7.518,0.058,0.019,-0.009,2538,0
2968681,4.865,3.979,7.503,0.055,0.020,-0.007,2536,0
2968701,4.863,4.025,7.458,0.055,0.004,-0.008,2536,0
2968720,4.872,4.092,7.465,0.047,-0.003,-0.007,2536,0
2968741,4.875,4.003,7.530,0.044,-0.008,-0.003,2536,0
2968760,4.901,3.986,7.532,0.047,-0.008,-0.008,2536,0
2968781,4.865,4.001,7.503,0.050,-0.009,-0.015,2536,0
2968801,4.820,4.039,7.465,0.049,-0.026,-0.010,2536,0
2968821,4.870,4.051,7.489,0.042,-0.032,-0.003,2536,0
2968840,4.870,3.982,7.503,0.047,-0.027,-0.005,2534,0
2968861,4.836,3.996,7.563,0.052,-0.025,-0.006,2537,0
2968881,4.834,4.037,7.458,0.058,-0.032,-0.006,2537,0
2968901,4.829,4.063,7.479,0.045,-0.039,-0.001,2536,0
2968920,4.882,4.034,7.503,0.045,-0.043,0.001,2535,0
2968941,4.901,4.008,7.530,0.047,-0.037,-0.003,2537,0
2968961,4.867,4.075,7.487,0.050,-0.033,-0.010,2537,0
2968981,4.824,4.063,7.448,0.039,-0.032,-0.010,2536,0
2969000,4.865,4.063,7.472,0.031,-0.043,-0.005,2536,0
2969020,4.915,4.008,7.523,0.027,-0.037,-0.005,2537,0
2969041,4.918,3.991,7.523,0.036,-0.026,-0.008,2536,0
2969061,4.865,4.051,7.499,0.040,-0.017,-0.012,2537,0
2969081,4.853,4.070,7.479,0.041,-0.014,-0.008,2537,0
2969101,4.855,4.005,7.532,0.034,-0.013,-0.003,2536,0
2969121,4.867,3.994,7.513,0.043,-0.015,-0.004,2536,0
2969141,4.860,4.020,7.518,0.043,-0.011,-0.003,2535,0
2969161,4.853,4.056,7.532,0.043,-0.007,0.002,2536,0
2969181,4.841,4.015,7.527,0.040,0.001,0.002,2536,0
2969201,4.855,4.017,7.525,0.036,0.004,-0.002,2536,0
2969220,4.834,4.077,7.539,0.030,0.000,-0.010,2537,0
2969240,4.827,4.068,7.503,0.021,0.002,-0.014,2538,0
2969261,4.824,4.022,7.530,0.016,-0.004,-0.011,2536,0
2969281,4.817,3.972,7.542,0.018,-0.007,-0.016,2537,0
2969301,4.817,4.008,7.544,0.021,-0.018,-0.013,2534,0
2969321,4.820,4.046,7.525,0.020,-0.024,-0.012,2536,0
2969340,4.800,4.027,7.558,0.017,-0.022,-0.009,2538,0
2969361,4.812,3.994,7.573,0.020,-0.019,-0.009,2537,0
2969381,4.793,3.967,7.580,0.026,-0.015,-0.007,2537,0
2969401,4.796,4.001,7.587,0.033,-0.013,-0.008,2536,0
2969421,4.803,4.020,7.568,0.037,-0.006,-0.013,2536,0
2969441,4.812,4.022,7.551,0.032,-0.001,-0.015,2538,0
2969461,4.786,4.013,7.558,0.028,-0.000,-0.014,2537,0
2969481,4.757,4.008,7.530,0.026,0.001,-0.014,2536,0
2969500,4.767,3.982,7.578,0.027,-0.005,-0.013,2537,0
2969521,4.784,3.986,7.599,0.027,-0.010,-0.010,2538,0
2969541,4.748,4.005,7.578,0.027,-0.012,-0.011,2539,0
2969560,4.729,4.010,7.573,0.025,-0.013,-0.008,2539,0
2969581,4.741,3.989,7.585,0.025,-0.021,-0.003,2537,0
2969601,4.745,3.972,7.599,0.030,-0.022,-0.003,2539,0
2969621,4.752,3.979,7.602,0.034,-0.023,-0.006,2538,0
2969641,4.755,3.984,7.592,0.037,-0.023,-0.003,2537,0
2969661,4.760,3.991,7.594,0.038,-0.024,-0.009,2540,0
2969681,4.760,4.015,7.566,0.036,-0.027,-0.005,2536,0
2969701,4.736,3.994,7.578,0.030,-0.031,-0.003,2539,0
2969721,4.745,3.979,7.609,0.033,-0.034,-0.001,2537,0
2969740,4.748,3.998,7.594,0.034,-0.031,-0.004,2539,0
2969761,4.752,4.003,7.628,0.032,-0.027,-0.002,2539,0
2969781,4.774,3.979,7.604,0.031,-0.023,-0.007,2538,0
2969801,4.738,3.972,7.578,0.030,-0.026,-0.009,2538,0
2969821,4.719,3.994,7.573,0.030,-0.031,-0.007,2538,0
2969840,4.755,3.974,7.642,0.035,-0.034,-0.002,2539,0
2969861,4.774,3.960,7.647,0.041,-0.030,-0.004,2539,0
2969881,4.729,3.974,7.635,0.043,-0.029,-0.004,2538,0
2969900,4.712,3.984,7.628,0.044,-0.030,-0.001,2540,0
2969921,4.721,3.982,7.609,0.050,-0.032,-0.006,2537,0
2969941,4.729,4.003,7.549,0.047,-0.034,-0.007,2538,0
2969961,4.752,3.996,7.602,0.042,-0.037,-0.006,2538,0
2969981,4.776,3.977,7.630,0.038,-0.039,-0.006,2537,0
2970001,4.772,3.989,7.597,0.038,-0.038,-0.009,2538,0
2970021,4.738,3.996,7.604,0.036,-0.033,-0.009,2539,0
2970041,4.731,3.962,7.638,0.041,-0.032,-0.003,2537,0
2970061,4.755,3.936,7.623,0.048,-0.028,-0.005,2537,0
2970081,4.750,3.979,7.609,0.054,-0.029,-0.005,2539,0
2970101,4.729,4.020,7.609,0.057,-0.028,-0.003,2537,0
2970121,4.755,3.996,7.590,0.054,-0.031,0.001,2534,0
2970141,4.743,4.003,7.614,0.052,-0.031,0.001,2538,0
2970161,4.755,3.984,7.621,0.053,-0.028,-0.002,2537,0
2970181,4.752,3.965,7.649,0.062,-0.024,-0.005,2538,0
2970201,4.729,3.991,7.645,0.065,-0.020,-0.010,2537,0
2970220,4.697,4.063,7.575,0.061,-0.022,-0.013,2538,0
2970241,4.731,4.010,7.635,0.058,-0.020,-0.006,2537,0
2970260,4.743,3.946,7.628,0.072,-0.019,-0.007,2537,0
2970281,4.726,4.017,7.606,0.071,-0.020,-0.010,2535,0
2970301,4.724,4.065,7.575,0.067,-0.023,-0.004,2537,0
2970321,4.736,4.025,7.623,0.059,-0.024,-0.002,2537,0
2970341,4.764,3.977,7.728,0.091,-0.028,-0.005,2536,0
2970360,4.798,3.900,7.647,0.124,-0.024,-0.017,2534,0
2970380,4.791,3.917,7.661,0.142,0.001,-0.036,2535,0
2970401,4.752,4.092,7.635,0.153,0.018,-0.038,2537,0
2970421,4.911,4.101,7.822,0.175,0.068,-0.049,2538,0
2970441,5.083,3.903,8.164,0.282,0.167,-0.103,2538,0
2970461,5.143,3.694,8.267,0.416,0.232,-0.189,2538,0
2970481,5.270,3.754,8.334,0.585,0.361,-0.289,2540,0
2970501,5.131,4.092,8.681,0.773,0.508,-0.370,2540,0
2970520,5.160,4.525,8.892,0.896,0.629,-0.466,2541,0
2970541,4.994,4.752,9.280,0.977,0.796,-0.619,2536,0
2970561,4.468,4.338,9.550,1.077,1.003,-0.837,2536,0
2970581,3.402,6.665,9.802,1.833,1.197,-1.360,2547,0
2970601,1.920,9.153,10.738,2.086,0.825,-1.387,2559,0
2970620,1.470,10.242,10.341,1.679,-0.003,-0.845,2580,0
2970641,2.054,10.602,9.761,0.893,-0.572,-0.086,2583,0
2970661,2.832,9.421,9.321,0.165,-0.779,0.542,2591,0
2970681,3.366,7.851,8.866,-0.110,-0.849,0.831,2597,0
2970700,3.632,6.797,8.437,0.002,-0.868,0.830,2600,0
2970720,3.773,6.292,7.970,0.192,-0.977,0.774,2604,0
2970740,3.855,6.388,7.250,0.216,-1.145,0.770,2603,0
2970761,3.970,5.820,6.713,0.110,-1.238,0.810,2606,0
2970781,4.178,5.025,6.098,0.018,-1.308,0.863,2608,0
2970801,4.520,4.535,5.454,0.037,-1.359,0.856,2609,0
2970821,4.659,4.288,4.841,0.050,-1.341,0.803,2610,0
2970841,4.793,4.434,4.427,0.036,-1.269,0.737,2610,0
2970861,4.776,4.396,4.135,-0.030,-1.216,0.719,2612,0
2970881,5.033,4.338,4.017,-0.138,-1.226,0.730,2613,0
2970901,5.370,4.108,3.881,-0.231,-1.151,0.715,2615,0
2970921,5.567,3.778,3.747,-0.220,-1.030,0.634,2616,0
2970941,5.794,3.721,3.476,-0.082,-0.911,0.488,2615,0
2970961,5.926,3.816,3.141,0.027,-0.757,0.358,2616,0
2970981,6.065,4.130,3.093,0.080,-0.564,0.258,2614,0
2971001,6.019,4.317,3.163,0.049,-0.386,0.198,2613,0
2971021,5.995,4.389,3.266,0.028,-0.311,0.187,2612,0
2971041,6.019,4.611,3.405,0.020,-0.290,0.185,2613,0
2971061,6.112,4.676,3.486,-0.033,-0.272,0.187,2613,0
2971081,6.232,4.520,3.366,-0.048,-0.212,0.164,2612,0
2971101,6.414,4.302,3.378,-0.017,-0.087,0.115,2613,0
2971121,6.395,4.379,3.812,0.051,0.089,0.034,2613,0
2971141,6.167,4.329,4.140,0.163,0.136,-0.034,2612,0
2971160,6.136,4.195,4.125,0.260,0.041,-0.084,2612,0
2971181,6.254,3.962,3.950,0.298,-0.042,-0.145,2612,0
2971201,6.551,4.135,3.946,0.273,0.018,-0.229,2611,0
2971221,6.598,4.571,4.161,0.220,0.212,-0.337,2611,0
2971240,6.474,5.064,4.549,0.195,0.370,-0.402,2613,0
2971260,6.261,5.476,4.978,0.220,0.423,-0.383,2613,0
2971281,6.321,5.832,5.454,0.213,0.339,-0.302,2611,0
2971301,6.395,5.904,5.737,0.142,0.267,-0.222,2610,0
2971321,6.529,5.703,5.844,0.096,0.196,-0.154,2610,0
2971340,6.601,5.717,5.875,0.072,0.159,-0.119,2609,0
2971361,6.570,5.631,6.048,0.074,0.124,-0.100,2609,0
2971381,6.464,5.466,6.127,0.113,-0.006,-0.100,2609,0
2971400,6.608,5.301,5.868,0.194,-0.162,-0.136,2609,0
2971420,6.833,5.160,5.626,0.242,-0.194,-0.169,2609,0
2971441,6.785,5.294,5.543,0.215,-0.129,-0.173,2609,0
2971460,6.665,5.298,5.547,0.135,-0.127,-0.162,2609,0
2971481,6.603,5.272,5.471,0.089,-0.152,-0.143,2609,0
2971501,6.598,5.423,5.341,0.082,-0.164,-0.115,2610,0
2971521,6.620,5.365,5.193,0.055,-0.151,-0.076,2610,0
2971541,6.570,5.322,4.961,0.032,-0.125,-0.049,2610,0
2971561,6.524,5.243,4.843,0.013,-0.120,-0.043,2610,0
2971581,6.524,5.306,4.702,0.017,-0.093,-0.048,2609,0
2971600,6.524,5.334,4.621,0.060,-0.045,-0.060,2609,0
2971621,6.383,5.423,4.578,0.105,-0.011,-0.066,2610,0
2971641,6.280,5.416,4.405,0.120,-0.034,-0.067,2609,0
2971661,6.199,5.392,4.238,0.133,-0.033,-0.068,2609,0
2971681,6.165,5.555,4.293,0.119,0.007,-0.060,2610,0
2971701,6.084,5.634,4.365,0.082,0.045,-0.031,2610,0
2971721,6.153,5.681,4.460,0.041,0.072,-0.020,2611,0
2971740,6.167,5.748,4.666,0.029,0.122,-0.029,2611,0
2971761,6.067,5.856,4.877,0.050,0.119,-0.029,2610,0
2971781,6.136,5.890,4.994,0.063,0.050,-0.023,2609,0
2971801,6.306,5.866,5.114,0.072,0.033,-0.032,2609,0
2971820,6.309,5.816,5.253,0.086,0.055,-0.038,2608,0
2971841,6.316,5.794,5.310,0.117,0.049,-0.045,2608,0
2971860,6.220,5.710,5.310,0.145,0.007,-0.071,2608,0
2971881,6.151,5.787,5.349,0.165,-0.056,-0.092,2608,0
2971900,6.266,5.827,5.370,0.139,-0.096,-0.078,2608,0
2971921,6.325,5.782,5.327,0.099,-0.071,-0.065,2609,0
2971941,6.254,5.708,5.375,0.073,-0.055,-0.070,2608,0
2971961,6.134,5.703,5.308,0.081,-0.084,-0.076,2608,0
2971981,6.139,5.708,5.210,0.090,-0.143,-0.074,2608,0
2972000,6.201,5.689,5.023,0.077,-0.141,-0.064,2608,0
2972021,6.187,5.696,4.903,0.052,-0.100,-0.059,2608,0
2972041,6.098,5.689,4.851,0.034,-0.078,-0.066,2607,0
2972061,6.076,5.751,4.786,0.026,-0.053,-0.072,2609,0
2972081,6.091,5.806,4.750,-0.002,-0.015,-0.064,2609,0
2972100,6.019,5.825,4.834,0.001,0.009,-0.056,2608,0
2972135,6.096,5.935,4.839,0.009,-0.026,-0.042,2608,0
2972144,6.112,5.904,4.769,0.005,-0.022,-0.039,2608,0
2972161,6.132,5.839,4.673,0.005,-0.003,-0.042,2607,0
2972181,6.088,5.827,4.621,0.016,0.029,-0.061,2608,0
2972200,6.091,5.887,4.685,0.032,0.027,-0.068,2608,0
2972221,6.144,6.012,4.762,0.033,0.023,-0.059,2607,0
2972240,6.141,6.081,4.884,0.024,0.019,-0.052,2608,0
2972260,6.141,6.110,4.985,0.046,0.015,-0.058,2608,0
2972280,6.136,6.184,5.028,0.082,0.011,-0.059,2608,0
2972300,6.160,6.184,4.999,0.092,0.010,-0.039,2607,0
2972321,6.141,6.079,5.001,0.079,0.000,-0.014,2607,0
2972341,6.146,6.014,5.104,0.075,-0.015,-0.001,2607,0
2972361,6.189,5.942,5.085,0.080,-0.032,0.003,2608,0
2972381,6.139,5.859,5.057,0.078,-0.029,0.003,2607,0
2972401,6.115,5.823,5.069,0.068,-0.040,0.001,2607,0
2972421,6.098,5.813,5.033,0.052,-0.053,-0.005,2606,0
2972441,6.091,5.823,5.088,0.054,-0.061,-0.016,2607,0
2972460,6.072,5.926,5.090,0.065,-0.065,-0.015,2607,0
2972481,6.038,6.012,5.023,0.057,-0.067,-0.012,2605,0
2972501,6.009,6.009,4.954,0.048,-0.074,-0.007,2605,0
2972521,5.995,5.978,4.944,0.030,-0.071,0.007,2604,0
2972540,5.988,5.933,4.884,0.021,-0.068,0.006,2606,0
2972561,6.002,5.899,4.858,0.019,-0.054,-0.002,2603,0
2972580,5.978,5.880,4.800,0.026,-0.048,-0.007,2606,0
2972601,6.007,5.914,4.784,0.037,-0.048,-0.012,2605,0
2972621,5.978,6.014,4.834,0.037,-0.037,-0.027,2604,0
2972641,5.978,6.048,4.887,0.041,-0.027,-0.023,2605,0
2972660,6.026,6.021,4.884,0.051,-0.030,-0.011,2604,0
2972681,6.100,5.995,4.891,0.061,-0.021,-0.006,2604,0
2972701,6.091,5.983,4.882,0.047,-0.007,0.001,2604,0
2972721,6.122,5.906,4.934,0.023,-0.021,-0.000,2604,0
2972741,6.153,5.880,4.942,0.018,-0.025,-0.004,2604,0
2972761,6.146,5.902,4.997,0.015,-0.015,-0.006,2604,0
2972781,6.067,5.959,4.954,0.013,0.008,0.011,2604,0
2972801,6.057,5.940,4.970,0.011,-0.018,0.016,2603,0
2972821,6.105,5.933,4.860,-0.009,-0.046,-0.007,2603,0
2972841,6.048,5.871,4.800,-0.004,-0.026,-0.025,2604,0
2972860,6.036,5.938,4.899,0.019,0.006,-0.022,2601,0
2972881,5.959,5.993,4.956,0.056,0.028,-0.019,2603,0
2972901,5.849,6.098,5.076,0.080,0.002,-0.005,2601,0
2972921,5.861,6.045,5.042,0.086,-0.050,0.013,2601,0
2972941,5.940,5.825,4.870,0.093,-0.071,0.017,2600,0
2972961,6.031,5.765,4.834,0.104,-0.046,0.009,2602,0
2972980,6.019,5.808,4.870,0.091,-0.001,-0.006,2602,0
2973000,5.997,5.885,4.942,0.076,0.031,-0.012,2600,0
2973021,5.923,5.909,5.042,0.084,0.017,-0.007,2600,0
2973040,6.000,6.017,5.064,0.100,-0.014,0.003,2600,0
2973061,6.117,6.074,5.030,0.090,-0.003,0.008,2601,0
2973081,6.062,6.031,5.047,0.059,0.020,0.010,2600,0
2973101,6.065,6.017,5.124,0.041,0.014,0.018,2600,0
2973121,6.033,5.957,5.109,0.063,-0.003,0.019,2601,0
2973141,6.050,6.009,5.097,0.077,-0.016,0.020,2600,0
2973161,6.053,6.000,5.045,0.060,-0.020,0.023,2600,0
2973181,6.055,5.904,4.942,0.036,-0.030,0.016,2599,0
2973201,6.050,5.868,4.903,0.024,-0.025,-0.001,2599,0
2973221,6.029,5.906,4.956,0.027,-0.014,-0.007,2600,0
2973241,6.017,5.978,5.033,0.029,-0.005,0.002,2599,0
2973261,5.966,5.921,5.061,0.026,-0.023,0.012,2600,0
2973281,5.974,5.887,5.033,0.034,-0.062,0.008,2601,0
2973301,6.065,5.895,4.966,0.027,-0.068,-0.002,2598,0
2973321,6.009,5.921,5.018,0.018,-0.042,-0.012,2599,0
2973341,6.002,5.930,5.035,0.027,-0.050,-0.009,2598,0
2973361,6.019,5.921,4.894,0.038,-0.065,-0.015,2598,0
2973381,5.995,5.911,4.831,0.042,-0.058,-0.031,2594,0
2973401,5.959,5.952,4.767,0.048,-0.046,-0.036,2597,0
2973421,5.995,6.033,4.841,0.046,-0.034,-0.024,2596,0
2973441,5.988,6.069,4.899,0.041,-0.015,-0.015,2598,0
2973461,5.986,6.048,4.913,0.043,-0.007,-0.005,2597,0
2973481,5.990,6.017,4.918,0.053,-0.005,0.004,2597,0
2973501,5.990,6.007,4.922,0.053,-0.012,0.005,2596,0
2973521,5.983,5.988,4.992,0.053,-0.016,0.005,2596,0
2973540,5.990,5.928,5.016,0.056,-0.018,0.009,2598,0
2973561,6.024,5.918,5.033,0.056,-0.012,0.004,2596,0
2973581,6.014,5.938,5.069,0.048,-0.014,0.003,2595,0
2973601,6.021,5.954,5.085,0.045,-0.035,0.001,2596,0
2973621,6.057,5.986,5.078,0.051,-0.042,-0.003,2595,0
2973641,6.012,6.043,5.136,0.052,-0.049,-0.002,2595,0
2973661,5.978,6.038,5.145,0.054,-0.072,0.011,2595,0
2973681,6.012,5.993,5.047,0.070,-0.102,0.022,2594,0
2973701,6.005,5.995,4.992,0.082,-0.115,0.015,2595,0
2973721,5.969,6.031,4.982,0.078,-0.109,0.014,2595,0
2973740,5.957,6.000,5.016,0.074,-0.115,0.020,2595,0
2973761,5.945,5.945,5.071,0.075,-0.122,0.022,2595,0
2973781,5.947,5.906,5.128,0.083,-0.125,0.021,2595,0
2973801,5.962,5.875,5.107,0.079,-0.141,0.013,2595,0
2973821,6.007,5.820,5.131,0.073,-0.156,-0.009,2593,0
2973841,6.079,5.827,5.116,0.058,-0.156,-0.028,2594,0
2973861,6.179,5.895,5.207,0.021,-0.127,-0.043,2595,0
2973880,6.124,5.947,5.332,-0.018,-0.093,-0.054,2595,0
2973901,6.043,6.048,5.569,-0.038,-0.111,-0.054,2594,0
2973921,5.997,6.043,5.509,-0.033,-0.180,-0.058,2595,0
2973941,6.033,6.002,5.260,-0.027,-0.211,-0.065,2594,0
2973961,5.974,5.918,4.922,-0.045,-0.178,-0.048,2593,0
2973981,5.983,5.799,4.678,-0.082,-0.144,-0.024,2594,0
2974001,6.084,5.681,4.501,-0.109,-0.112,-0.012,2595,0
2974021,6.177,5.662,4.391,-0.143,-0.062,-0.014,2594,0
2974041,6.199,5.684,4.482,-0.187,-0.001,-0.022,2593,0
2974061,6.196,5.739,4.779,-0.208,0.022,-0.023,2594,0
2974081,6.282,5.895,5.023,-0.201,0.023,-0.025,2594,0
2974101,6.246,6.005,5.296,-0.211,0.007,-0.023,2594,0
2974121,6.232,6.038,5.535,-0.240,-0.042,-0.020,2595,0
2974140,6.270,5.995,5.758,-0.248,-0.091,-0.015,2595,0
2974161,6.290,5.988,5.902,-0.246,-0.118,-0.013,2594,0
2974181,6.211,5.849,5.962,-0.247,-0.162,-0.021,2594,0
2974201,6.079,5.610,5.854,-0.229,-0.250,-0.040,2592,0
2974220,6.103,5.430,5.672,-0.229,-0.323,-0.064,2594,0
2974241,6.115,5.282,5.557,-0.261,-0.335,-0.088,2593,0
2974261,6.019,5.131,5.461,-0.298,-0.334,-0.109,2592,0
2974281,5.959,5.013,5.219,-0.310,-0.362,-0.137,2593,0
2974301,5.971,4.975,4.925,-0.305,-0.371,-0.177,2594,0
2974321,5.974,5.045,4.642,-0.285,-0.340,-0.221,2594,0
2974341,5.969,5.191,4.322,-0.252,-0.295,-0.257,2593,0
2974360,5.971,5.492,4.094,-0.230,-0.243,-0.271,2593,0
2974381,5.983,5.717,3.984,-0.247,-0.161,-0.258,2593,0
2974401,6.060,5.813,3.996,-0.273,-0.088,-0.230,2594,0
2974421,6.062,5.825,4.149,-0.262,-0.037,-0.221,2593,0
2974440,6.098,5.921,4.295,-0.222,-0.018,-0.216,2594,0
2974461,6.112,5.974,4.439,-0.175,-0.008,-0.204,2592,0
2974481,6.163,5.954,4.559,-0.123,-0.013,-0.191,2592,0
2974501,6.266,5.935,4.609,-0.066,-0.021,-0.182,2593,0
2974520,6.361,5.957,4.671,-0.023,-0.010,-0.170,2593,0
2974541,6.340,6.012,4.755,0.009,-0.005,-0.159,2592,0
2974561,6.321,6.029,4.836,0.051,-0.030,-0.147,2591,0
2974581,6.409,6.086,4.786,0.095,-0.033,-0.131,2592,0
2974600,6.445,6.115,4.853,0.113,-0.011,-0.101,2593,0
2974620,6.433,6.129,5.013,0.116,-0.003,-0.060,2592,0
2974640,6.409,6.093,5.090,0.111,-0.009,-0.031,2591,0
2974661,6.364,6.067,5.195,0.120,-0.015,-0.005,2589,0
2974681,6.297,6.088,5.320,0.133,-0.023,0.019,2590,0
2974701,6.254,6.074,5.387,0.134,-0.047,0.042,2591,0
2974721,6.268,6.100,5.523,0.104,-0.040,0.080,2590,0
2974741,6.213,6.043,5.672,0.038,-0.031,0.135,2590,0
2974761,6.170,5.813,5.739,-0.006,-0.071,0.162,2591,0
2974781,6.213,5.646,5.772,-0.030,-0.107,0.159,2590,0
2974801,6.148,5.490,5.813,-0.044,-0.129,0.139,2590,0
2974821,6.041,5.404,5.770,-0.047,-0.162,0.111,2590,0
2974841,6.019,5.351,5.562,-0.043,-0.195,0.074,2590,0
2974860,5.986,5.387,5.361,-0.058,-0.181,0.046,2590,0
2974880,5.866,5.444,5.248,-0.089,-0.162,0.033,2586,0
2974901,5.837,5.358,5.042,-0.105,-0.158,0.014,2588,0
2974921,5.921,5.418,4.896,-0.098,-0.124,-0.017,2587,0
2974941,5.863,5.476,4.784,-0.089,-0.075,-0.041,2588,0
2974961,5.837,5.528,4.760,-0.080,-0.055,-0.044,2588,0
2974981,5.875,5.499,4.664,-0.067,-0.037,-0.061,2587,0
2975001,5.952,5.526,4.575,-0.045,-0.010,-0.078,2587,0
2975021,6.067,5.586,4.554,-0.048,0.023,-0.084,2587,0
2975041,6.115,5.677,4.650,-0.055,0.070,-0.087,2586,0
2975060,6.120,5.796,4.786,-0.045,0.090,-0.078,2586,0
2975081,6.208,5.899,4.894,-0.025,0.087,-0.060,2585,0
2975101,6.294,6.000,5.021,-0.008,0.104,-0.040,2586,0
2975120,6.263,6.105,5.253,-0.005,0.111,-0.017,2583,0
2975140,6.208,6.170,5.454,0.023,0.081,0.012,2586,0
2975161,6.275,6.170,5.595,0.054,0.030,0.048,2586,0
2975180,6.325,6.038,5.667,0.051,0.000,0.084,2587,0
2975201,6.232,5.772,5.753,0.038,-0.030,0.110,2585,0
2975221,6.139,5.428,5.734,0.055,-0.079,0.121,2586,0
2975240,6.108,5.069,5.490,0.097,-0.134,0.102,2585,0
2975261,6.112,4.887,5.095,0.147,-0.152,0.059,2586,0
2975281,6.139,4.927,4.803,0.154,-0.119,0.022,2586,0
2975301,6.081,5.076,4.606,0.139,-0.066,0.013,2585,0
2975321,6.041,5.148,4.422,0.127,-0.017,0.018,2584,0
2975340,6.093,5.298,4.345,0.131,0.031,0.027,2585,0
2975361,6.134,5.509,4.381,0.131,0.101,0.027,2584,0
2975381,6.096,5.732,4.542,0.137,0.171,0.032,2586,0
2975401,6.072,5.926,4.733,0.160,0.204,0.048,2584,0
2975421,6.122,6.139,5.004,0.185,0.224,0.069,2584,0
2975441,6.122,6.294,5.294,0.207,0.228,0.098,2585,0
2975461,6.136,6.352,5.521,0.235,0.206,0.132,2584,0
2975481,6.182,6.261,5.674,0.264,0.171,0.164,2584,0
2975500,6.199,6.038,5.650,0.303,0.130,0.183,2585,0
2975521,6.290,5.818,5.681,0.312,0.103,0.195,2585,0
2975540,6.309,5.689,5.768,0.286,0.086,0.209,2584,0
2975561,6.273,5.497,5.880,0.242,0.058,0.225,2584,0
2975580,6.254,5.310,5.916,0.212,0.019,0.220,2584,0
2975601,6.256,5.157,5.897,0.203,-0.023,0.198,2583,0
2975664,6.144,5.219,5.576,0.137,-0.065,0.119,2584,0
2975673,6.134,5.294,5.574,0.114,-0.063,0.115,2583,0
2975683,6.091,5.332,5.564,0.093,-0.064,0.113,2582,0
2975692,6.065,5.356,5.559,0.075,-0.070,0.109,2581,0
2975702,6.060,5.358,5.552,0.063,-0.075,0.107,2583,0
2975721,6.062,5.325,5.483,0.058,-0.075,0.093,2582,0
2975741,6.033,5.363,5.392,0.056,-0.058,0.068,2582,0
2975761,5.990,5.456,5.432,0.041,-0.039,0.062,2581,0
2975781,5.971,5.478,5.492,0.013,-0.040,0.068,2582,0
2975801,6.009,5.399,5.488,-0.006,-0.052,0.065,2582,0
2975821,6.067,5.286,5.420,-0.006,-0.049,0.051,2582,0
2975841,6.096,5.231,5.363,-0.013,-0.033,0.035,2582,0
2975861,6.081,5.246,5.397,-0.031,-0.036,0.019,2582,0
2975881,6.072,5.212,5.322,-0.040,-0.049,0.010,2582,0
2975901,6.132,5.162,5.171,-0.045,-0.044,0.005,2582,0
2975921,6.218,5.133,5.152,-0.055,-0.019,-0.008,2582,0
2975941,6.220,5.152,5.219,-0.070,-0.007,-0.026,2582,0
2975960,6.225,5.186,5.258,-0.072,-0.015,-0.048,2582,0
2975981,6.287,5.279,5.344,-0.070,-0.022,-0.063,2573,0
2976000,6.304,5.351,5.516,-0.071,-0.027,-0.065,2582,0
2976021,6.359,5.387,5.622,-0.083,-0.054,-0.068,2578,0
2976041,6.373,5.404,5.756,-0.093,-0.072,-0.078,2581,0
2976061,6.318,5.404,5.866,-0.103,-0.100,-0.078,2581,0
2976081,6.318,5.332,5.916,-0.099,-0.138,-0.078,2582,0
2976101,6.268,5.255,5.827,-0.095,-0.184,-0.087,2582,0
2976121,6.292,5.229,5.698,-0.111,-0.208,-0.090,2580,0
2976141,6.268,5.136,5.576,-0.143,-0.212,-0.091,2582,0
2976160,6.270,5.078,5.461,-0.158,-0.220,-0.100,2581,0
2976180,6.273,5.128,5.394,-0.157,-0.215,-0.115,2582,0
2976223,6.211,5.236,5.239,-0.184,-0.200,-0.104,2582,0
2976233,6.201,5.207,5.164,-0.184,-0.197,-0.105,2583,0
2976244,6.223,5.176,5.090,-0.180,-0.192,-0.107,2578,0
2976261,6.251,5.203,4.999,-0.169,-0.167,-0.113,2582,0
2976281,6.237,5.272,4.990,-0.161,-0.135,-0.111,2580,0
2976301,6.249,5.368,5.006,-0.152,-0.129,-0.103,2581,0
2976320,6.278,5.363,4.992,-0.134,-0.136,-0.099,2579,0
2976340,6.316,5.382,4.906,-0.108,-0.136,-0.095,2577,0
2976360,6.311,5.377,4.846,-0.081,-0.128,-0.094,2581,0
2976381,6.302,5.380,4.745,-0.039,-0.126,-0.094,2581,0
2976401,6.306,5.401,4.650,0.011,-0.117,-0.092,2581,0
2976420,6.349,5.425,4.559,0.044,-0.114,-0.083,2581,0
2976440,6.495,5.509,4.513,0.071,-0.093,-0.078,2580,0
2976461,6.591,5.614,4.503,0.081,-0.049,-0.063,2578,0
2976480,6.584,5.693,4.623,0.097,-0.021,-0.044,2580,0
2976500,6.567,5.744,4.788,0.140,-0.017,-0.022,2581,0
2976521,6.598,5.765,4.872,0.182,-0.028,-0.000,2581,0
2976540,6.625,5.832,5.009,0.204,-0.022,0.023,2580,0
2976561,6.589,5.842,5.183,0.196,-0.013,0.060,2580,0
2976581,6.560,5.737,5.286,0.188,-0.018,0.097,2581,0
2976601,6.548,5.674,5.466,0.193,-0.020,0.110,2577,0
2976621,6.474,5.677,5.586,0.196,-0.021,0.126,2581,0
2976641,6.438,5.686,5.784,0.173,-0.030,0.154,2577,0
2976661,6.479,5.569,5.890,0.144,-0.061,0.172,2578,0
2976681,6.488,5.377,5.928,0.124,-0.103,0.176,2580,0
2976701,6.553,5.212,5.801,0.133,-0.156,0.161,2580,0
2976720,6.634,5.174,5.595,0.164,-0.192,0.128,2579,0
2976741,6.598,5.277,5.437,0.161,-0.216,0.107,2580,0
2976761,6.517,5.294,5.270,0.131,-0.244,0.111,2579,0
2976781,6.500,5.183,5.076,0.104,-0.268,0.117,2571,0
2976803,6.493,5.071,4.812,0.104,-0.269,0.097,2577,0
2976821,6.553,5.104,4.647,0.116,-0.242,0.072,2577,0
2976841,6.586,5.160,4.563,0.124,-0.207,0.047,2580,0
2976861,6.560,5.327,4.487,0.118,-0.170,0.034,2572,0
2976881,6.527,5.444,4.571,0.097,-0.138,0.035,2577,0
2976901,6.534,5.492,4.707,0.080,-0.121,0.056,2575,0
2976921,6.591,5.454,4.793,0.069,-0.104,0.072,2580,0
2976941,6.589,5.399,4.836,0.064,-0.084,0.077,2579,0
2976961,6.591,5.358,4.918,0.062,-0.072,0.087,2575,0
2976981,6.615,5.370,4.922,0.049,-0.072,0.097,2574,0
2977000,6.711,5.308,4.906,0.025,-0.064,0.100,2578,0
2977020,6.759,5.260,4.963,-0.000,-0.057,0.110,2576,0
2977041,6.797,5.219,4.978,-0.009,-0.056,0.126,2578,0
2977061,6.812,5.229,5.052,-0.029,-0.055,0.136,2577,0
2977081,6.785,5.114,5.080,-0.052,-0.075,0.134,2581,0
2977101,6.831,4.956,5.049,-0.060,-0.109,0.116,2572,0
2977121,6.888,4.858,4.970,-0.034,-0.121,0.099,2580,0
2977140,6.819,4.851,4.867,-0.022,-0.128,0.086,2577,0
2977161,6.723,4.803,4.731,-0.029,-0.154,0.064,2581,0
2977181,6.656,4.697,4.609,-0.030,-0.187,0.035,2581,0
2977201,6.711,4.542,4.357,-0.016,-0.192,-0.003,2573,0
2977220,6.847,4.482,4.099,0.034,-0.172,-0.044,2581,0
2977240,7.025,4.640,3.919,0.075,-0.144,-0.087,2581,0
2977261,6.989,4.937,3.874,0.076,-0.116,-0.123,2577,0
2977281,6.747,5.207,3.929,0.066,-0.125,-0.133,2581,0
2977301,6.713,5.428,3.972,0.087,-0.130,-0.121,2584,0
2977321,6.687,5.684,4.092,0.130,-0.053,-0.084,2583,0
2977340,6.570,5.918,4.271,0.132,0.033,-0.021,2581,0
2977361,6.503,5.974,4.463,0.087,0.053,0.056,2582,0
2977381,6.685,5.825,4.652,0.046,0.072,0.108,2582,0
2977401,6.749,5.574,4.781,0.052,0.103,0.121,2583,0
2977420,6.924,5.248,4.772,0.114,0.119,0.102,2583,0
2977441,7.032,5.078,4.664,0.183,0.173,0.055,2581,0
2977461,7.020,5.085,4.678,0.160,0.218,0.035,2582,0
2977481,7.022,4.911,4.800,0.093,0.221,0.057,2583,0
2977501,7.214,4.793,4.985,0.044,0.214,0.083,2581,0
2977521,7.264,4.693,5.138,0.005,0.216,0.083,2577,0
2977541,7.199,4.666,5.282,-0.025,0.174,0.076,2582,0
2977561,7.151,4.702,5.387,-0.047,0.099,0.065,2578,0
2977581,7.149,4.836,5.435,-0.072,0.056,0.053,2581,0
2977601,7.039,4.937,5.440,-0.098,0.033,0.035,2581,0
2977621,6.881,5.021,5.418,-0.091,-0.021,0.020,2581,0
2977641,6.838,5.085,5.200,-0.062,-0.071,0.007,2582,0
2977661,6.893,5.303,5.061,-0.038,-0.081,0.001,2581,0
2977680,6.922,5.375,4.906,-0.033,-0.064,-0.008,2575,0
2977700,6.902,5.392,4.848,-0.025,-0.033,-0.008,2579,0
2977720,6.835,5.495,4.997,-0.012,0.038,0.002,2581,0
2977741,6.845,5.471,5.210,0.029,0.061,-0.018,2581,0
2977761,6.814,5.619,5.435,0.058,-0.019,-0.118,2581,0
2977781,6.879,5.899,5.940,-0.056,-0.138,-0.261,2586,0
2977801,7.317,6.170,6.761,0.002,-0.153,-0.458,2590,0
2977821,7.669,5.298,6.859,0.293,-0.075,-0.898,2595,0
2977840,8.210,5.444,6.735,0.579,0.057,-1.579,2598,0
2977861,7.355,3.891,5.442,0.860,0.548,-2.156,2610,0
2977881,5.906,5.555,4.384,1.143,0.969,-2.364,2626,0
2977901,4.743,7.918,3.448,0.571,0.738,-2.209,2663,0
2977921,5.133,6.426,1.743,-0.693,0.500,-1.948,2736,0
2977940,5.648,3.179,-0.460,-1.273,1.089,-1.967,2790,0
2977961,5.294,2.753,-0.994,-1.223,2.292,-1.950,2814,0
2977981,4.446,2.368,-0.388,-1.037,3.138,-1.889,2822,0
2978001,3.821,2.284,-0.235,-1.096,3.486,-1.958,2846,0
2978021,2.942,3.318,-0.127,-1.479,3.621,-1.943,2865,0
2978041,2.286,3.481,0.996,-1.674,3.504,-1.652,2864,0
2978060,2.641,2.624,1.645,-1.689,2.967,-1.440,2887,0
2978081,1.978,2.887,2.184,-1.408,2.604,-1.476,2937,0
2978101,1.623,3.254,2.708,-1.179,2.486,-1.513,2982,0
2978121,1.372,2.612,3.287,-1.023,2.545,-1.495,2993,0
2978140,-0.972,3.929,4.295,-0.687,2.839,-1.657,3007,0
2978161,-3.505,6.084,6.883,-0.860,2.980,-1.545,3048,0
2978181,-4.793,4.515,9.184,-0.940,2.367,-1.304,3069,0
2978201,-5.092,3.208,9.747,-0.734,1.323,-1.277,3088,0
2978220,-6.902,4.987,10.424,-1.019,0.873,-1.354,3104,0
2978241,-11.389,7.070,14.688,-2.037,1.459,-1.125,3118,807
2978261,-16.884,7.365,21.371,-1.743,1.615,-0.644,3122,2490
2978281,-18.514,9.057,24.466,-0.436,0.827,-0.187,3122,2744
2978300,-16.419,9.500,21.615,0.162,-0.309,0.371,3121,3039
2978321,-11.478,6.639,16.482,0.187,-1.058,0.710,3126,3242
2978341,-10.070,5.523,14.246,0.052,-1.004,0.886,3129,3368
2978361,-9.187,4.343,13.331,0.260,-0.577,0.935,3126,3349
2978380,-9.301,5.578,12.922,0.713,-0.431,1.099,3119,3367
2978401,-7.302,5.959,10.637,0.489,-0.792,1.327,3117,3419
2978421,-4.884,4.520,8.655,0.121,-1.257,1.511,3117,3517
2978441,-2.167,2.780,6.074,0.164,-1.495,1.527,3119,3580
2978461,0.831,1.152,3.819,0.329,-1.559,1.533,3118,3648
2978480,4.056,-0.053,0.907,0.542,-1.512,1.337,3119,3696
2978501,6.579,-0.895,-1.063,0.625,-1.280,1.070,3116,3711
2978521,7.927,-0.833,-2.892,0.418,-0.854,0.627,3109,3755
2978541,8.325,-1.259,-3.132,-0.044,-0.299,0.175,3105,3796
2978560,7.872,-1.551,-2.830,-0.425,0.202,-0.333,3099,3854
2978581,6.357,-1.276,-1.525,-0.603,0.527,-0.756,3091,3852
2978601,4.360,-0.268,-0.271,-0.763,0.718,-1.191,3088,3847
2978621,3.558,-0.019,0.984,-1.071,0.881,-1.407,3084,3833
2978641,0.982,0.421,2.148,-1.308,1.221,-1.731,3078,3885
2978661,-3.778,2.294,6.809,-1.523,1.923,-1.790,3082,3866
2978681,-9.589,4.578,13.913,-1.215,2.200,-1.597,3074,3827
2978701,-13.056,6.505,18.742,-0.782,1.623,-1.158,3071,3887
2978721,-13.159,6.749,19.644,-0.394,0.844,-0.774,3067,3941
2978740,-13.745,7.537,19.570,-0.406,0.420,-0.547,3066,3951
2978761,-14.729,7.355,20.530,-0.476,0.291,-0.199,3066,3906
2978781,-14.226,6.390,20.609,0.082,-0.084,0.227,3063,3851
2978801,-12.756,6.246,18.510,0.814,-0.756,0.622,3062,3831
2978821,-11.339,6.519,15.981,0.896,-1.200,0.940,3061,3743
2978841,-9.548,5.590,13.695,0.707,-1.555,1.232,3059,3690
2978861,-7.501,4.465,11.815,0.718,-1.755,1.451,3058,3639
2978881,-4.671,3.376,9.146,0.873,-1.933,1.661,3057,3666
2978901,-1.853,2.344,6.223,0.942,-2.014,1.768,3056,3685
2978921,1.006,1.022,3.373,0.944,-1.886,1.742,3055,3685
2978941,3.694,-0.244,0.783,0.989,-1.686,1.547,3056,3654
2978961,5.878,-0.814,-1.482,0.937,-1.353,1.236,3055,3621
2978981,7.379,-1.386,-3.086,0.677,-0.901,0.805,3055,3609
2979001,7.887,-1.575,-3.967,0.311,-0.348,0.286,3054,3620
2979021,7.573,-1.630,-3.883,-0.099,0.233,-0.244,3052,3639
2979041,6.682,-1.762,-3.158,-0.349,0.800,-0.733,3049,3662
2979061,5.227,-1.537,-1.954,-0.352,1.270,-1.154,3048,3606
2979081,3.764,-0.864,-0.886,-0.371,1.615,-1.545,3045,3581
2979101,1.793,-0.431,0.472,-0.524,1.948,-1.904,3044,3570
2979121,-2.157,1.049,4.580,-0.538,2.647,-2.124,3044,3638
2979141,-7.992,4.367,11.349,-0.209,2.902,-2.012,3043,3679
2979161,-14.420,9.246,17.973,-0.392,2.057,-1.592,3041,3750
2979181,-16.424,9.783,21.459,-0.652,1.020,-1.030,3039,3780
2979201,-16.762,9.922,22.477,-0.321,0.427,-0.633,3039,3782
2979221,-15.172,9.127,21.201,0.056,-0.080,-0.152,3036,3760
2979241,-12.526,7.661,18.325,0.577,-0.547,0.246,3032,3756
2979260,-10.515,7.345,15.589,0.784,-0.752,0.461,3032,3731
2979281,-9.704,6.577,14.265,0.762,-0.917,0.704,3032,3704
2979300,-9.225,6.891,13.408,0.685,-1.084,0.831,3034,3632
2979321,-8.799,6.464,12.239,0.596,-1.367,1.156,3034,3533
2979341,-5.212,5.188,9.443,0.785,-1.766,1.448,3035,3502
2979360,-3.249,4.401,6.364,0.845,-2.009,1.611,3035,3477
2979381,0.165,2.674,3.517,0.688,-1.928,1.682,3037,3494
2979401,3.007,0.864,0.627,0.675,-1.641,1.521,3044,3493
2979421,5.227,0.031,-1.202,0.644,-1.160,1.252,3043,3471
2979441,7.120,-0.680,-2.708,0.370,-0.673,0.818,3047,3443
2979461,7.281,-1.135,-3.136,0.030,-0.191,0.361,3048,3424
2979481,7.906,-1.817,-3.232,-0.218,0.367,-0.147,3051,3444
2979500,6.742,-1.851,-2.619,-0.402,0.820,-0.619,3053,3466
2979521,5.672,-1.908,-1.683,-0.464,1.248,-1.113,3054,3455
2979540,3.184,-1.099,-0.239,-0.478,1.614,-1.561,3052,3342
2979561,1.604,-0.069,1.207,-0.560,1.883,-1.854,3051,3345
2979581,-2.351,1.513,4.384,-0.792,2.154,-2.139,3051,3320
2979601,-7.185,3.464,10.171,-0.639,2.525,-2.044,3044,3324
2979621,-11.849,5.574,15.340,0.258,2.178,-1.795,3041,3390
2979641,-15.768,10.139,18.830,0.414,1.405,-1.429,3039,3426
2979661,-17.198,10.089,21.186,0.245,0.718,-1.051,3039,3355
2979681,-17.645,10.769,21.476,0.595,0.197,-0.606,3041,3314
2979700,-15.675,10.068,19.039,1.638,-0.117,0.016,3041,3335
2979721,-13.352,10.393,15.091,2.148,-0.385,0.598,3040,3301
2979741,-12.318,10.554,13.171,1.478,-0.797,1.043,3039,3212
2979761,-10.099,8.428,11.480,0.803,-1.412,1.349,3039,3137
2979780,-7.669,7.130,9.357,0.687,-1.753,1.610,3039,3053
2979801,-5.380,6.601,7.472,0.613,-1.665,1.832,3037,3054
2979821,-2.777,5.126,5.885,0.467,-1.596,2.026,3038,2953
2979841,0.127,3.417,3.802,0.355,-1.763,2.011,3035,3031
2979861,2.801,1.547,1.484,0.157,-1.770,1.822,3034,3060
2979881,4.978,0.297,-0.400,-0.008,-1.492,1.496,3033,3103
2979901,6.819,-0.871,-1.793,-0.056,-1.021,1.109,3034,3213
2979921,7.513,-1.477,-2.452,-0.030,-0.442,0.635,3031,3215
2979940,7.319,-1.135,-2.794,-0.341,0.045,0.074,3028,3233
2979961,6.946,-1.628,-2.763,-0.669,0.479,-0.471,3029,3213
2979980,6.053,-1.848,-2.559,-0.731,0.946,-0.964,3028,3224
2980001,4.360,-1.547,-1.729,-0.734,1.396,-1.438,3027,3226
2980021,1.726,-0.527,-0.103,-0.900,1.744,-1.885,3026,3249
2980041,-1.049,1.374,2.270,-1.353,2.101,-2.223,3026,3270
2980060,-4.044,1.614,5.844,-1.395,2.514,-2.263,3025,3271
2980081,-8.988,3.915,11.111,-0.273,2.841,-2.155,3029,3315
2980101,-15.359,11.016,16.659,-0.222,2.531,-1.841,3026,3313
2980121,-17.229,11.346,20.011,-1.096,1.159,-1.203,3025,3314
2980140,-16.716,9.893,20.923,-1.272,-0.062,-0.663,3025,3343
2980161,-15.601,8.317,20.530,-0.427,-0.266,-0.186,3024,3361
2980181,-14.181,8.516,18.538,0.527,-0.398,0.254,3022,3337
2980201,-12.270,8.389,15.660,0.770,-0.753,0.619,3022,3348
2980221,-11.217,8.212,13.970,0.466,-1.073,0.892,3022,3314
2980241,-9.323,6.306,12.929,0.375,-1.339,1.227,3024,3324
2980260,-8.001,5.672,11.176,0.814,-1.534,1.449,3022,3285
2980281,-5.399,5.756,9.050,0.794,-1.599,1.729,3023,3228
2980301,-3.855,4.424,7.482,0.496,-1.720,1.871,3023,3188
2980321,-0.682,2.454,5.488,0.530,-1.841,1.934,3023,3182
2980341,1.219,1.247,3.187,0.825,-1.839,1.872,3023,3193
2980360,3.838,0.328,1.262,0.951,-1.507,1.633,3022,3185
2980380,4.511,0.553,0.014,0.608,-1.128,1.223,3022,3198
2980400,6.170,-0.536,-0.953,0.154,-0.851,0.771,3021,3248
2980420,6.342,-1.030,-1.786,-0.010,-0.567,0.300,3020,3262
2980441,6.917,-1.300,-2.519,0.005,-0.086,-0.135,3019,3276
2980460,5.622,-0.838,-2.825,-0.051,0.415,-0.611,3018,3279
2980481,4.762,-0.299,-2.725,-0.316,0.976,-1.064,3016,3274
2980501,3.105,-0.287,-2.330,-0.645,1.442,-1.470,3018,3269
2980520,1.724,-0.062,-1.302,-0.798,1.965,-1.808,3017,3251
2980541,-3.189,1.901,2.128,-1.037,2.532,-2.125,3018,3206
2980560,-6.005,3.577,6.383,-1.386,3.009,-2.130,3018,3159
2980580,-11.147,5.207,11.861,-1.077,2.798,-1.905,3019,3195
2980601,-14.035,8.657,16.178,-1.070,2.306,-1.525,3016,3221
2980621,-13.700,6.943,17.696,-0.637,1.342,-0.926,3015,3226
2980641,-11.308,6.273,16.034,0.200,0.361,-0.630,3013,3305
2980661,-10.264,6.586,14.341,0.355,0.033,-0.446,3010,3256
2980681,-9.527,6.431,13.750,0.099,0.122,-0.328,3010,3254
2980701,-8.681,5.772,13.415,0.170,0.055,-0.151,3008,3258
2980721,-7.927,5.873,12.852,0.481,-0.229,0.135,3009,3280
2980741,-7.008,5.437,12.153,0.637,-0.605,0.374,3009,3286
2980761,-6.400,5.595,11.471,0.509,-0.898,0.436,3008,3259
2980781,-6.424,5.811,11.669,0.242,-1.035,0.581,3008,3115
2980801,-6.838,6.076,12.601,0.211,-1.266,0.886,3006,2798
2980821,-6.867,6.223,13.147,0.465,-1.735,1.479,3004,2067
2980841,-6.579,5.737,13.427,0.703,-2.305,1.651,2999,0
2980861,-6.194,7.013,12.957,0.626,-3.057,1.653,2993,0
2980881,-5.859,7.604,12.112,0.259,-4.006,2.171,2990,0
2980901,-4.705,6.991,10.992,-0.050,-4.515,2.919,2979,0
2980921,-2.897,4.853,10.163,-0.204,-4.547,3.022,2967,0
2980941,-1.259,3.417,9.436,-0.131,-4.570,2.369,2944,0
2980961,-0.666,3.555,8.370,0.213,-4.818,1.974,2923,0
2980981,0.091,4.183,7.037,0.467,-5.131,2.172,2893,0
2981001,1.051,3.852,5.200,0.416,-5.284,2.610,2859,0
2981021,2.241,2.643,3.452,0.351,-5.214,2.906,2813,0
2981041,3.326,1.626,2.277,0.385,-4.943,2.736,2754,0
2981061,3.979,1.058,0.211,0.642,-4.519,2.438,2686,0
2981081,5.528,0.543,-0.405,0.606,-3.695,2.611,2661,0
2981101,5.341,1.676,0.730,0.112,-3.329,2.903,2657,0
2981121,5.650,0.141,-0.316,-0.116,-3.420,2.612,2633,0
2981141,6.249,0.285,-0.445,-0.242,-3.134,1.925,2600,0
2981161,7.106,0.029,-1.963,-0.268,-2.695,1.297,2559,0
2981181,6.907,-0.053,-2.602,-0.186,-1.843,0.826,2556,0
2981201,6.706,0.491,-1.884,0.087,-1.123,0.485,2542,0
2981220,6.653,1.130,-1.269,0.209,-0.641,0.343,2529,0
2981241,7.230,2.018,-0.943,0.118,-0.259,0.264,2524,0
2981261,8.152,2.018,0.079,-0.049,0.132,0.123,2522,0
2981281,8.734,1.738,1.434,0.073,0.528,-0.060,2519,0
2981301,9.108,2.186,2.595,0.393,0.725,-0.176,2518,0
2981321,8.894,2.528,2.780,0.602,0.722,-0.180,2516,0
2981341,9.251,3.187,3.026,0.472,0.556,-0.073,2516,0
2981361,9.912,2.674,3.323,0.158,0.476,-0.026,2518,0
2981380,10.154,1.566,3.833,0.156,0.454,-0.068,2520,0
2981401,10.144,1.271,3.879,0.441,0.420,-0.162,2524,0
2981421,9.704,1.544,3.637,0.604,0.359,-0.172,2526,0
2981441,9.565,2.083,3.512,0.507,0.198,-0.096,2530,0
2981461,9.603,1.975,3.457,0.266,-0.014,0.018,2534,0
2981481,9.926,1.702,3.326,0.166,-0.037,0.028,2540,0
2981500,9.680,1.425,3.213,0.260,0.030,-0.067,2543,0
2981521,9.103,1.415,3.091,0.431,0.042,-0.136,2544,0
2981540,8.959,1.753,2.701,0.510,-0.058,-0.115,2548,0
2981561,9.026,2.100,2.401,0.368,-0.081,-0.046,2550,0
2981581,9.275,2.236,2.682,0.165,0.067,0.009,2551,0
2981601,9.342,1.987,3.036,0.092,0.195,-0.021,2554,0
2981621,9.012,1.860,3.227,0.212,0.290,-0.115,2558,0
2981641,8.813,2.088,3.266,0.317,0.177,-0.169,2559,0
2981661,8.847,2.310,3.055,0.270,0.055,-0.153,2559,0
2981681,8.928,2.251,2.820,0.167,-0.025,-0.105,2561,0
2981700,9.074,2.009,2.684,0.082,-0.024,-0.081,2574,0
2981721,9.306,2.136,2.746,0.079,0.097,-0.108,2583,0
2981741,9.218,2.093,3.024,0.111,0.209,-0.163,2584,0
2981761,9.131,2.344,3.230,0.187,0.208,-0.196,2589,0
2981781,8.892,2.334,3.139,0.197,0.166,-0.184,2591,0
2981801,8.861,2.507,3.079,0.173,0.083,-0.145,2593,0
2981821,9.024,2.255,3.098,0.122,0.000,-0.120,2594,0
2981841,9.273,2.413,3.208,0.124,0.053,-0.153,2595,0
2981861,9.110,2.480,3.440,0.148,0.098,-0.198,2598,0
2981881,8.933,2.610,3.486,0.184,0.069,-0.193,2600,0
2981901,8.875,2.677,3.338,0.205,-0.001,-0.167,2600,0
2981921,8.899,2.804,3.220,0.186,-0.048,-0.148,2603,0
2981941,8.928,2.749,3.132,0.144,-0.072,-0.128,2605,0
2981961,9.086,2.583,3.005,0.135,-0.066,-0.118,2607,0
2981980,9.108,2.555,2.916,0.128,0.039,-0.131,2608,0
2982001,8.842,2.703,3.127,0.120,0.086,-0.120,2609,0
2982021,8.768,2.847,3.369,0.103,0.005,-0.074,2612,0
2982041,8.964,2.782,3.280,0.086,-0.083,-0.025,2618,0
2982061,9.069,2.653,3.084,0.076,-0.071,-0.021,2624,0
2982081,9.117,2.693,2.995,0.072,-0.008,-0.045,2624,0
2982101,9.050,2.811,3.148,0.064,0.070,-0.056,2625,0
2982121,8.885,2.907,3.287,0.069,0.055,-0.038,2624,0
2982141,8.899,2.921,3.280,0.072,-0.011,-0.014,2625,0
2982161,8.976,2.859,3.249,0.078,-0.031,0.000,2625,0
2982181,8.914,2.861,3.194,0.080,-0.031,0.012,2628,0
2982201,8.914,2.849,3.230,0.076,-0.025,0.013,2629,0
2982221,8.844,2.832,3.191,0.111,-0.036,0.005,2628,0
2982240,8.799,2.856,3.089,0.115,-0.049,0.009,2630,0
2982261,8.849,2.808,3.036,0.094,-0.035,0.022,2630,0
2982280,8.861,2.777,3.045,0.090,-0.012,0.020,2634,0
2982301,8.799,2.772,3.041,0.087,-0.005,0.001,2635,0
2982321,8.794,2.732,3.120,0.099,-0.022,-0.027,2637,0
2982341,8.859,2.816,3.232,0.135,-0.004,-0.047,2638,0
2982361,8.799,2.974,3.285,0.134,0.014,-0.038,2639,0
2982381,8.722,2.952,3.232,0.090,-0.021,0.003,2639,0
2982400,8.746,2.770,3.069,0.044,-0.042,0.035,2639,0
2982421,8.863,2.579,3.062,0.029,-0.021,0.024,2639,0
2982441,8.842,2.538,3.182,0.066,0.024,-0.026,2640,0
2982460,8.729,2.725,3.309,0.100,0.018,-0.064,2638,0
2982480,8.751,2.909,3.230,0.091,0.010,-0.074,2641,0
2982501,8.760,3.060,3.287,0.058,0.021,-0.054,2641,0
2982521,8.765,3.132,3.443,0.020,0.011,-0.025,2639,0
2982540,8.825,2.986,3.505,0.028,-0.028,-0.011,2640,0
