2682601,8.384,3.014,3.924,0.007,-0.010,0.017,2622,0
2682621,8.447,2.895,4.082,0.027,-0.017,0.020,2622,0
2682641,8.521,2.851,4.061,0.077,-0.035,0.001,2622,0
2682661,8.535,2.890,4.065,0.076,-0.044,-0.006,2623,0
2682681,8.550,2.907,4.087,0.059,-0.042,-0.005,2622,0
2682701,8.528,2.899,4.175,0.063,-0.048,-0.009,2622,0
2682721,8.499,2.971,4.111,0.072,-0.084,-0.003,2623,0
2682741,8.559,2.926,3.991,0.051,-0.084,0.010,2624,0
2682761,8.552,2.835,4.001,0.041,-0.056,0.011,2623,0
2682781,8.509,2.784,4.027,0.050,-0.041,0.002,2623,0
2682801,8.425,2.820,3.996,0.042,-0.037,0.008,2623,0
2682821,8.495,2.859,4.013,0.008,-0.039,0.018,2623,0
2682841,8.487,2.801,4.032,-0.008,-0.031,0.019,2623,0
2682861,8.464,2.739,3.977,0.013,-0.029,0.002,2623,0
2682881,8.478,2.799,3.967,0.043,-0.021,-0.014,2623,0
2682901,8.416,2.947,3.907,0.037,-0.014,-0.010,2623,0
2682921,8.425,2.931,3.847,0.000,-0.040,0.013,2624,0
2682941,8.526,2.842,3.809,-0.003,-0.040,0.005,2623,0
2682961,8.547,2.837,3.891,0.037,-0.017,-0.026,2623,0
2682981,8.473,3.014,3.977,0.066,-0.010,-0.033,2624,0
2683001,8.492,2.990,3.910,0.044,-0.038,-0.007,2624,0
2683021,8.514,2.820,3.869,0.033,-0.050,0.006,2623,0
2683041,8.562,2.737,3.886,0.056,-0.039,-0.010,2624,0
2683061,8.523,2.880,3.977,0.058,-0.031,-0.008,2624,0
2683081,8.492,2.897,3.977,0.047,-0.035,0.003,2624,0
2683101,8.456,2.823,3.970,0.059,-0.042,-0.005,2624,0
2683121,8.440,2.868,3.958,0.074,-0.050,-0.017,2623,0
2683141,8.428,2.911,3.979,0.064,-0.040,-0.010,2624,0
2683161,8.442,2.921,4.008,0.054,-0.035,-0.004,2624,0
2683181,8.442,2.878,3.989,0.071,-0.032,-0.017,2624,0
2683201,8.408,2.902,3.938,0.082,-0.019,-0.027,2624,0
2683221,8.387,2.928,3.934,0.045,-0.016,-0.017,2623,0
2683241,8.468,2.806,4.001,0.029,-0.010,-0.012,2625,0
2683261,8.497,2.787,4.070,0.051,0.013,-0.032,2623,0
2683281,8.485,2.854,4.113,0.075,0.008,-0.047,2624,0
2683301,8.444,2.897,4.096,0.092,-0.021,-0.060,2624,0
2683321,8.490,3.007,3.972,0.023,-0.051,-0.028,2624,0
2683341,8.576,2.873,3.998,-0.015,-0.021,-0.007,2624,0
2683361,8.540,2.878,4.080,0.022,-0.004,-0.031,2624,0
2683381,8.475,3.055,4.077,0.059,-0.017,-0.042,2623,0
2683401,8.411,3.156,4.005,0.028,-0.040,-0.014,2624,0
2683421,8.475,2.986,3.989,0.007,-0.063,0.013,2623,0
2683441,8.578,2.883,3.934,0.031,-0.042,0.005,2623,0
2683461,8.490,2.907,3.977,0.054,-0.016,-0.013,2623,0
2683481,8.423,3.019,3.938,0.071,-0.024,-0.017,2624,0
2683501,8.408,3.086,3.962,0.071,-0.041,-0.001,2623,0
2683521,8.468,3.103,3.984,0.051,-0.056,0.029,2623,0
2683541,8.531,2.988,4.051,0.050,-0.043,0.035,2624,0
2683561,8.535,2.950,4.094,0.074,-0.048,0.017,2624,0
2683581,8.504,2.907,4.041,0.087,-0.052,0.001,2625,0
2683601,8.473,2.914,4.005,0.067,-0.049,0.007,2624,0
2683621,8.509,2.859,4.077,0.034,-0.040,0.022,2624,0
2683641,8.507,2.753,4.135,0.033,-0.038,0.017,2624,0
2683661,8.487,2.787,4.087,0.033,-0.040,0.000,2624,0
2683681,8.425,2.840,4.020,0.008,-0.056,0.008,2624,0
2683701,8.461,2.825,4.001,-0.004,-0.058,0.010,2622,0
2683721,8.478,2.878,3.984,0.010,-0.042,-0.002,2624,0
2683741,8.449,2.914,3.953,0.017,-0.026,-0.007,2624,0
2683761,8.370,2.942,3.938,0.009,-0.027,-0.005,2625,0
2683781,8.382,2.981,3.883,-0.006,-0.048,0.005,2624,0
2683801,8.459,2.904,3.826,-0.002,-0.036,0.003,2624,0
2683821,8.471,2.885,3.876,0.028,-0.018,-0.018,2624,0
2683841,8.499,2.952,3.924,0.059,-0.010,-0.034,2625,0
2683861,8.452,3.024,3.912,0.050,-0.007,-0.020,2625,0
2683881,8.444,2.909,3.910,0.012,-0.026,0.006,2624,0
2683901,8.519,2.761,3.943,0.010,-0.043,0.005,2624,0
2683921,8.612,2.722,4.020,0.044,-0.031,-0.023,2623,0
2683941,8.588,2.911,4.077,0.078,-0.023,-0.046,2624,0
2683961,8.502,3.007,4.041,0.075,-0.045,-0.034,2623,0
2683981,8.485,3.024,3.936,0.031,-0.066,-0.001,2624,0
2684001,8.538,2.861,3.917,-0.003,-0.076,0.017,2623,0
2684021,8.583,2.796,3.958,0.038,-0.038,-0.007,2623,0
2684041,8.487,2.962,4.065,0.084,-0.016,-0.031,2623,0
2684061,8.389,3.132,4.051,0.069,-0.042,-0.011,2624,0
2684081,8.368,2.995,3.876,0.016,-0.076,0.037,2624,0
2684101,8.514,2.725,3.821,0.012,-0.059,0.034,2624,0
2684121,8.499,2.722,3.953,0.059,-0.013,-0.010,2625,0
2684141,8.411,2.825,3.958,0.091,-0.002,-0.038,2624,0
2684161,8.394,3.041,3.922,0.059,0.001,-0.024,2624,0
2684181,8.387,3.002,3.984,0.002,-0.015,-0.001,2624,0
2684201,8.492,2.875,4.017,0.026,-0.031,-0.008,2624,0
2684221,8.516,2.919,4.027,0.081,-0.027,-0.033,2623,0
2684241,8.519,2.988,3.955,0.087,-0.026,-0.039,2624,0
2684261,8.483,2.990,3.871,0.063,-0.018,-0.025,2623,0
2684281,8.487,2.940,3.950,0.046,-0.033,-0.014,2624,0
2684301,8.581,2.986,3.965,0.054,-0.033,-0.013,2624,0
2684321,8.574,3.067,4.015,0.061,-0.021,-0.010,2624,0
2684341,8.540,3.100,4.080,0.067,-0.019,-0.002,2624,0
2684361,8.435,3.072,4.082,0.073,-0.049,0.017,2624,0
2684381,8.490,2.935,4.058,0.055,-0.088,0.027,2624,0
2684401,8.547,2.828,3.986,0.057,-0.065,0.013,2624,0
2684421,8.471,2.923,4.041,0.064,-0.032,-0.003,2623,0
2684726,8.495,2.873,3.893,0.039,-0.059,0.033,2623,0
2684745,8.449,2.837,3.864,0.054,-0.033,0.015,2624,0
2684765,8.418,2.938,3.888,0.055,-0.018,0.007,2624,0
2684786,8.440,2.978,4.022,0.039,-0.027,0.010,2623,0
2684805,8.519,3.000,4.096,0.048,-0.037,0.014,2623,0
2684825,8.514,2.907,4.008,0.064,-0.038,0.011,2624,0
2684845,8.475,2.801,3.895,0.047,-0.027,0.008,2624,0
2684865,8.480,2.741,3.893,0.018,-0.019,0.008,2625,0
2684886,8.538,2.725,3.967,0.014,-0.017,-0.003,2625,0
2684905,8.521,2.863,4.108,0.029,-0.008,-0.016,2624,0
2684925,8.440,3.072,4.135,0.019,-0.043,-0.002,2625,0
2684945,8.473,2.998,4.022,0.004,-0.067,0.017,2625,0
2684965,8.495,2.947,3.910,0.032,-0.059,0.007,2624,0
2684985,8.444,2.974,3.847,0.045,-0.055,-0.001,2624,0
2685005,8.425,3.026,3.826,0.043,-0.045,0.011,2624,0
2685025,8.413,2.983,3.833,0.043,-0.040,0.023,2623,0
2685045,8.454,2.928,3.855,0.057,-0.039,0.017,2625,0
2685065,8.442,2.919,3.936,0.074,-0.039,0.005,2624,0
2685085,8.464,2.919,3.982,0.078,-0.052,0.000,2623,0
2685105,8.509,2.897,3.888,0.072,-0.058,0.010,2624,0
2685150,8.473,2.806,3.953,0.039,-0.023,-0.009,2624,0
2685159,8.490,2.835,4.027,0.044,-0.031,-0.017,2624,0
2685168,8.516,2.856,4.049,0.052,-0.041,-0.021,2623,0
2685185,8.598,2.933,4.029,0.058,-0.040,-0.028,2627,0
2685205,8.554,2.978,4.085,0.049,-0.028,-0.026,2626,0
2685225,8.497,2.966,3.986,0.032,-0.046,-0.002,2625,0
2685245,8.554,2.873,3.903,0.014,-0.050,0.009,2624,0
2685265,8.528,2.840,3.929,0.017,-0.027,-0.002,2623,0
2685285,8.540,2.887,4.051,0.023,-0.024,-0.002,2624,0
2685305,8.502,2.873,4.013,0.021,-0.032,-0.001,2624,0
2685325,8.499,2.895,3.953,0.018,-0.048,-0.007,2624,0
2685345,8.459,2.935,3.886,0.013,-0.054,-0.004,2625,0
2685366,8.437,2.895,3.783,0.005,-0.054,0.000,2624,0
2685385,8.514,2.840,3.706,0.017,-0.037,-0.012,2625,0
2685405,8.487,2.931,3.826,0.029,-0.008,-0.031,2624,0
2685425,8.425,3.062,3.953,0.039,-0.019,-0.032,2625,0
2685445,8.471,3.053,3.912,0.039,-0.038,-0.010,2625,0
2685465,8.480,2.892,3.838,0.037,-0.043,0.000,2624,0
2685485,8.540,2.782,3.828,0.045,-0.041,-0.010,2626,0
2685505,8.511,2.835,3.840,0.051,-0.023,-0.022,2625,0
2685525,8.466,2.820,3.826,0.047,-0.024,-0.029,2625,0
2685545,8.459,2.873,3.895,0.052,-0.019,-0.035,2626,0
2685565,8.459,3.048,4.008,0.047,-0.007,-0.037,2624,0
2685585,8.423,3.103,4.073,0.048,-0.026,-0.023,2625,0
2685605,8.461,3.072,4.003,0.061,-0.059,-0.009,2626,0
2685625,8.507,2.945,3.869,0.058,-0.051,-0.012,2625,0
2685645,8.461,2.883,3.871,0.041,-0.034,-0.012,2624,0
2685665,8.490,2.828,3.926,0.036,-0.020,-0.018,2626,0
2685685,8.516,2.940,4.070,0.058,-0.003,-0.034,2624,0
2685705,8.531,3.108,4.187,0.063,-0.009,-0.034,2624,0
2685725,8.528,3.194,4.216,0.053,-0.051,-0.010,2624,0
2685745,8.574,3.069,4.178,0.042,-0.087,0.013,2624,0
2685765,8.636,2.952,4.077,0.032,-0.087,0.012,2625,0
2685785,8.564,2.895,4.159,0.029,-0.084,-0.007,2625,0
2685805,8.557,2.904,4.147,0.022,-0.116,-0.017,2624,0
2685825,8.552,2.887,4.046,0.007,-0.133,-0.026,2625,0
2685845,8.475,2.830,3.864,0.009,-0.128,-0.040,2625,0
2685865,8.464,2.911,3.721,0.021,-0.113,-0.049,2626,0
2685885,8.444,2.995,3.687,0.002,-0.085,-0.033,2625,0
2685905,8.416,2.933,3.668,-0.007,-0.072,-0.022,2625,0
2685925,8.399,2.902,3.579,0.018,-0.060,-0.028,2626,0
2685945,8.365,3.000,3.462,0.039,-0.048,-0.021,2622,0
2685965,8.495,3.055,3.390,0.032,-0.022,0.000,2626,0
2685985,8.547,3.053,3.519,0.026,0.017,0.006,2626,0
2686005,8.593,3.072,3.721,0.058,0.037,-0.010,2625,0
2686025,8.547,3.146,3.850,0.091,0.034,-0.015,2626,0
2686045,8.569,3.096,3.962,0.071,0.013,0.005,2625,0
2686065,8.672,2.952,4.168,0.026,0.025,0.024,2625,0
2686085,8.641,2.799,4.446,0.033,0.013,0.019,2626,0
2686105,8.566,2.710,4.477,0.046,-0.038,0.001,2626,0
2686125,8.583,2.744,4.374,0.021,-0.071,0.002,2625,0
2686145,8.535,2.667,4.252,-0.050,-0.067,0.022,2624,0
2686166,8.507,2.559,4.295,-0.091,-0.067,0.015,2625,0
2686185,8.466,2.588,4.264,-0.101,-0.060,-0.012,2625,0
2686408,8.540,2.854,3.915,-0.116,-0.036,-0.104,2624,0
2686428,8.533,2.873,3.891,-0.104,-0.051,-0.103,2625,0
2686448,8.562,2.820,3.814,-0.059,-0.064,-0.118,2626,0
2686468,8.449,3.048,3.637,-0.042,-0.068,-0.110,2625,0
2686488,8.471,3.103,3.505,-0.065,-0.061,-0.072,2626,0
2686508,8.605,2.969,3.376,-0.027,-0.030,-0.066,2626,0
2686528,8.619,3.086,3.500,0.035,0.013,-0.082,2625,0
2686548,8.571,3.314,3.692,0.029,0.019,-0.051,2625,0
2686568,8.624,3.266,4.003,0.001,0.001,-0.009,2624,0
2686588,8.679,3.077,4.166,0.042,-0.035,-0.013,2625,0
2686608,8.660,3.069,4.187,0.094,-0.044,-0.043,2625,0
2686628,8.566,3.156,4.128,0.081,-0.069,-0.024,2625,0
2686648,8.569,2.995,4.037,0.040,-0.081,0.019,2625,0
2686668,8.586,2.770,4.010,0.039,-0.067,0.013,2625,0
2686688,8.499,2.782,3.960,0.057,-0.042,-0.011,2625,0
2686708,8.392,2.911,3.917,0.037,-0.032,-0.003,2624,0
2686728,8.435,2.940,3.905,0.021,-0.018,0.009,2624,0
2687268,8.514,2.650,4.314,0.130,-0.065,0.067,2625,0
2687288,8.468,2.715,4.278,0.138,-0.069,0.031,2624,0
2687308,8.442,2.947,4.233,0.094,-0.062,0.040,2625,0
2687328,8.456,2.957,4.312,0.024,-0.025,0.063,2625,0
2687348,8.353,2.990,4.446,0.019,-0.025,0.059,2625,0
2687368,8.267,3.017,4.369,0.008,-0.085,0.061,2626,0
2687388,8.375,2.952,4.120,-0.020,-0.102,0.071,2625,0
2687408,8.377,2.883,3.984,-0.041,-0.054,0.063,2626,0
2687428,8.253,2.813,3.869,-0.040,-0.028,0.052,2626,0
2687448,8.210,2.818,3.728,-0.044,-0.039,0.049,2625,0
2687468,8.332,2.746,3.572,-0.053,-0.020,0.037,2625,0
2687488,8.444,2.739,3.603,-0.040,0.027,0.010,2625,0
2687508,8.447,2.847,3.704,-0.026,0.041,-0.009,2626,0
2687528,8.514,2.914,3.819,-0.018,0.014,-0.013,2626,0
2687548,8.629,2.938,3.950,-0.019,-0.013,-0.011,2625,0
2687719,8.495,2.816,3.929,-0.031,-0.058,0.032,2626,0
2687739,8.478,2.729,3.864,-0.037,-0.059,0.044,2625,0
2687759,8.538,2.679,3.768,-0.051,-0.042,0.036,2627,0
2687779,8.490,2.737,3.797,-0.041,-0.016,0.013,2625,0
2687799,8.425,2.828,3.840,-0.027,-0.015,0.009,2624,0
2687819,8.449,2.840,3.843,-0.013,-0.035,0.003,2625,0
2687839,8.492,2.837,3.792,-0.003,-0.033,-0.008,2625,0
2687859,8.497,2.842,3.766,-0.011,-0.011,-0.006,2626,0
2687879,8.442,2.818,3.792,0.007,-0.006,-0.011,2625,0
2687899,8.444,2.792,3.699,0.041,-0.021,-0.012,2626,0
2687919,8.468,2.741,3.666,0.047,-0.002,-0.005,2625,0
2687939,8.533,2.682,3.816,0.039,0.009,-0.009,2626,0
2687959,8.516,2.665,4.013,0.053,0.006,-0.033,2625,0
2687979,8.432,2.705,3.962,0.073,-0.022,-0.039,2625,0
2687999,8.521,2.696,3.819,0.031,-0.026,-0.027,2625,0
2688019,8.564,2.617,3.879,0.003,0.007,-0.033,2625,0
2688039,8.523,2.686,3.994,0.041,0.015,-0.066,2625,0
2688059,8.507,2.902,3.871,0.081,0.007,-0.076,2625,0
2688079,8.499,3.002,3.785,0.062,0.005,-0.055,2625,0
2688099,8.504,2.926,3.663,0.053,0.030,-0.039,2626,0
2688118,8.495,2.851,3.637,0.064,0.077,-0.045,2625,0
2688139,8.475,2.849,3.620,0.090,0.104,-0.059,2624,0
2688159,8.516,3.002,3.608,0.088,0.122,-0.061,2624,0
2688179,8.466,3.024,3.608,0.075,0.153,-0.065,2624,0
2688199,8.392,3.043,3.730,0.098,0.183,-0.086,2624,0
2688219,8.396,3.069,3.836,0.148,0.193,-0.107,2624,0
2688239,8.365,3.105,3.883,0.205,0.216,-0.118,2624,0
2688259,8.255,3.215,3.773,0.259,0.260,-0.157,2624,0
2688279,8.147,3.385,3.996,0.239,0.263,-0.142,2623,0
2688299,8.210,3.345,4.226,0.240,0.247,-0.124,2624,0
2688319,8.373,3.400,4.475,0.204,0.230,-0.116,2623,0
2688339,8.631,3.057,4.899,0.175,0.236,-0.178,2624,0
2688359,8.827,2.816,5.519,0.288,0.248,-0.296,2636,0
2688379,8.693,2.878,5.830,0.463,0.277,-0.421,2659,0
2688399,8.502,3.338,6.199,0.503,0.215,-0.496,2700,0
2688419,8.495,3.644,6.146,0.385,0.153,-0.523,2719,0
2688438,8.406,3.371,6.076,0.355,0.259,-0.601,2734,0
2688459,7.760,3.364,5.744,0.560,0.368,-0.771,2740,0
2688479,7.489,4.415,5.564,0.639,0.347,-0.935,2751,0
2688499,7.367,4.417,5.064,0.573,0.435,-1.137,2766,0
2688519,7.029,3.393,4.180,0.725,0.540,-1.426,2781,0
2688539,6.934,3.232,3.397,0.974,0.612,-1.880,2803,0
2688559,6.474,3.895,1.973,0.718,0.641,-2.300,2830,0
2688579,5.768,2.583,0.515,0.187,1.011,-2.487,2850,0
2688599,5.588,2.461,0.438,-0.035,1.589,-2.617,2865,0
2688619,6.416,1.104,0.737,-0.299,1.978,-2.916,2903,0
2688639,6.630,0.558,0.098,-0.374,2.676,-3.403,2939,0
2688659,4.707,2.655,-0.546,-0.398,3.774,-3.597,2956,0
2688679,3.007,3.553,-0.254,-1.027,4.479,-3.548,2961,0
2688699,1.839,2.895,0.074,-1.440,4.650,-3.169,2977,0
2688719,2.121,1.719,2.174,-1.171,4.193,-2.889,3011,0
2688739,0.702,1.935,2.799,-0.614,3.572,-2.923,3039,0
2688759,-1.599,4.374,3.812,-0.353,3.200,-2.916,3068,0
2688779,-2.217,5.100,5.471,-0.487,2.868,-2.685,3099,0
2688799,-2.430,3.986,5.950,-0.337,2.299,-2.545,3112,0
2688819,-4.140,4.700,6.620,-0.436,1.532,-2.541,3126,0
2688839,-6.515,5.540,8.736,-1.115,1.005,-2.443,3144,0
2688981,-11.325,9.120,11.439,0.855,-0.349,1.186,3199,421
2689001,-9.929,8.274,10.432,0.922,-0.187,1.488,3196,0
2689021,-9.222,7.906,9.596,1.010,-0.236,1.780,3191,6
2689041,-6.783,7.309,8.073,0.738,-0.586,2.000,3191,249
2689061,-4.568,5.531,6.227,0.385,-0.874,2.053,3193,1673
2689081,-1.310,3.428,4.934,0.321,-0.852,2.013,3194,2193
2689101,0.809,2.061,3.424,0.566,-0.713,1.810,3188,2461
2689121,3.366,0.615,2.452,0.911,-0.470,1.560,3185,2468
2689141,4.477,0.634,1.240,0.907,-0.253,1.130,3185,2514
2689161,5.157,0.294,1.104,0.457,-0.230,0.691,3185,2700
2689181,5.926,-0.445,0.407,0.084,-0.278,0.205,3185,2850
2689201,6.151,-0.721,0.297,-0.080,-0.106,-0.302,3184,2977
2689221,5.897,-1.075,0.227,-0.110,0.246,-0.872,3184,3024
2689241,4.355,-0.357,0.713,-0.015,0.595,-1.388,3182,3054
2689261,1.563,1.889,1.858,-0.086,0.798,-1.851,3179,3118
2689281,-0.927,3.601,3.448,-0.728,0.675,-2.133,3175,3125
2689301,-3.424,4.235,4.966,-0.951,0.728,-2.297,3172,3182
2689321,-7.120,6.122,7.130,-0.279,1.107,-2.250,3173,3241
2689341,-11.509,10.065,9.347,0.239,1.203,-1.940,3172,3288
2689361,-15.036,12.610,11.399,-0.173,0.770,-1.484,3164,3328
2689583,2.914,0.982,2.064,0.393,-0.903,1.556,3152,3230
2689602,4.930,-0.165,0.747,0.327,-0.788,1.153,3152,3246
2689622,6.297,-1.013,-0.249,0.225,-0.474,0.594,3153,3312
2689642,6.778,-1.472,-0.498,0.048,-0.115,-0.013,3152,3331
2689662,6.460,-1.456,-0.481,-0.153,0.123,-0.616,3152,3357
2689682,5.255,-1.245,-0.294,-0.336,0.342,-1.182,3151,3370
2689703,3.060,-0.065,0.371,-0.363,0.619,-1.724,3149,3366
2689723,0.668,1.829,1.528,-0.423,0.838,-2.102,3146,3343
2689742,-1.829,3.840,3.424,-0.767,0.797,-2.297,3141,3357
2689762,-5.298,5.595,5.835,-1.062,0.861,-2.399,3139,3385
2689782,-9.869,8.320,9.177,-0.484,1.173,-2.233,3140,3389
2689802,-13.046,11.796,11.396,0.442,0.994,-1.723,3137,3488
2689822,-15.036,14.389,12.110,0.238,0.328,-1.142,3136,3472
2689842,-15.577,14.210,12.562,-0.553,-0.166,-0.651,3134,3518
2689863,-16.554,13.501,12.977,-0.256,-0.192,-0.049,3133,3560
2689882,-14.351,12.699,11.988,0.798,0.051,0.674,3133,3517
2689902,-12.639,12.294,10.388,1.308,0.126,1.183,3132,3400
2689923,-11.459,12.277,9.481,0.700,-0.289,1.588,3128,3374
2689942,-8.835,9.263,8.420,0.135,-0.783,1.871,3129,3387
2689963,-7.001,7.614,7.329,0.321,-0.879,2.109,3129,3378
2689982,-3.582,5.653,5.796,0.566,-0.816,2.232,3127,3376
2690002,-1.686,4.389,4.326,0.537,-0.831,2.153,3127,3406
2690022,0.876,2.727,3.148,0.282,-0.917,1.956,3128,3385
2690042,3.608,0.567,1.460,0.145,-0.896,1.602,3126,3385
2690062,5.023,-0.852,0.340,0.144,-0.639,1.148,3125,3402
2690082,6.567,-1.650,-0.297,0.152,-0.239,0.569,3124,3414
2690102,6.201,-1.506,-0.555,-0.238,-0.088,-0.006,3123,3413
2690123,5.696,-1.781,-0.213,-0.674,-0.018,-0.619,3123,3436
2690142,5.080,-2.191,0.139,-0.711,0.263,-1.261,3121,3437
2690162,2.519,-0.256,0.783,-0.491,0.695,-1.788,3122,3444
2690182,1.288,1.336,1.712,-0.578,0.943,-2.142,3122,3452
2690202,-2.258,3.555,3.194,-0.946,0.878,-2.465,3123,3436
2690222,-6.419,5.890,6.826,-0.976,1.062,-2.461,3124,3399
2690243,-10.781,9.000,10.144,-0.265,1.258,-2.249,3127,3486
2690263,-14.880,14.025,12.933,-0.055,0.761,-1.697,3124,3561
2690282,-16.166,14.890,14.037,-0.566,-0.010,-1.005,3124,3568
2690302,-16.235,14.030,14.305,-0.602,-0.237,-0.441,3121,3522
2690322,-14.959,12.550,13.736,0.118,-0.200,0.179,3121,3449
2690343,-12.668,11.519,11.672,0.865,-0.087,0.712,3121,3439
2690362,-11.813,12.002,10.482,0.755,-0.152,1.101,3119,3408
2690382,-10.549,10.659,9.878,-0.083,-0.768,1.457,3120,3391
2690402,-8.114,7.846,8.703,-0.255,-1.119,1.718,3120,3368
2690422,-5.892,6.505,7.405,-0.068,-1.150,1.831,3119,3278
2690442,-3.912,5.732,6.239,-0.502,-1.400,1.865,3120,3174
2690462,-0.900,2.830,4.470,-0.839,-1.735,1.792,3119,3172
2690483,1.736,0.939,2.495,-0.525,-1.647,1.534,3123,3176
2690502,2.667,1.736,1.015,-0.707,-1.441,1.215,3120,3142
2690522,4.350,-0.144,-0.438,-1.283,-1.369,0.860,3121,3199
2690542,6.074,-1.935,-1.539,-1.119,-0.867,0.323,3120,3238
2690562,6.481,-2.006,-1.729,-0.757,-0.038,-0.164,3119,3266
2690582,5.626,-1.693,-0.924,-0.539,0.634,-0.655,3118,3255
2690603,3.843,-0.053,0.263,-0.740,0.868,-1.164,3118,3250
2690622,2.789,0.630,1.305,-1.348,0.737,-1.498,3118,3267
2690642,1.384,0.314,2.727,-1.603,0.840,-1.803,3115,3305
2690662,-2.138,1.970,6.381,-1.253,1.599,-2.012,3116,3304
2690682,-6.675,4.551,10.767,-0.531,1.887,-1.977,3115,3316
2690702,-10.970,8.933,14.506,-0.475,1.236,-1.661,3115,3317
2690722,-13.101,9.476,17.272,-0.539,0.736,-1.231,3112,3341
2690743,-14.712,10.546,18.526,0.044,0.529,-0.786,3106,3377
2690762,-14.418,10.764,17.633,0.562,0.215,-0.182,3109,3395
2690783,-12.725,10.329,15.574,0.914,-0.025,0.301,3108,3397
2690802,-11.425,9.816,13.965,0.817,-0.302,0.750,3108,3366
2690822,-10.898,9.347,13.173,0.810,-0.435,1.059,3108,3333
2690843,-9.675,8.717,12.404,0.836,-0.626,1.508,3109,3327
2690863,-6.486,6.421,9.783,1.027,-0.928,1.827,3110,3328
2690882,-4.331,5.375,7.240,0.969,-1.146,2.032,3108,3349
2690902,-0.795,2.662,4.865,0.873,-1.073,2.010,3110,3340
2690922,0.587,2.085,3.038,0.714,-0.916,1.840,3109,3332
2690943,2.883,0.460,1.753,0.360,-0.826,1.610,3109,3359
2690962,5.066,-1.504,0.194,0.339,-0.665,1.192,3110,3357
2690982,5.753,-1.626,-0.548,0.273,-0.304,0.718,3110,3324
2691002,6.850,-2.442,-0.876,-0.142,0.023,0.152,3110,3375
2691022,6.055,-2.998,-0.912,-0.449,0.287,-0.468,3109,3402
2691042,5.018,-2.710,-0.239,-0.508,0.641,-1.069,3106,3396
2691062,3.242,-1.381,0.409,-0.558,0.930,-1.616,3108,3409
2691083,0.371,0.524,2.071,-0.819,1.142,-1.971,3108,3427
2691102,-1.626,1.736,4.307,-0.963,1.285,-2.184,3107,3438
2691122,-6.467,4.671,7.570,-0.892,1.344,-2.188,3105,3479
2691143,-10.096,6.991,12.005,-0.755,1.529,-1.916,3106,3470
2691162,-13.537,9.026,15.593,-0.249,1.396,-1.580,3105,3520
2691183,-16.817,12.323,18.423,0.203,0.840,-1.020,3105,3630
2691202,-16.917,13.563,18.878,0.175,0.211,-0.390,3104,3635
2691223,-15.184,12.005,16.877,0.484,-0.278,0.225,3103,3616
2691242,-12.419,10.843,14.087,0.681,-0.522,0.659,3105,3612
2691263,-11.471,9.922,12.991,0.743,-0.507,1.033,3104,3602
2691282,-10.506,9.706,12.297,0.826,-0.691,1.433,3104,3556
2691302,-7.961,7.863,10.312,0.669,-1.079,1.830,3104,3563
2691322,-4.872,5.432,7.822,0.659,-1.282,2.011,3104,3575
2691343,-1.578,3.091,4.997,0.524,-1.374,2.061,3109,3581
2691362,1.209,0.989,2.715,0.374,-1.293,1.905,3107,3578
2691382,3.522,-0.783,1.008,0.344,-1.001,1.576,3106,3577
2691402,5.052,-1.429,-0.347,0.331,-0.645,1.146,3106,3600
2691422,5.935,-1.721,-1.188,0.078,-0.323,0.636,3106,3601
2691442,6.460,-2.332,-1.681,-0.364,0.001,0.071,3106,3646
2691462,6.079,-2.883,-1.408,-0.505,0.446,-0.527,3105,3697
2691482,4.846,-2.437,-0.599,-0.394,0.876,-1.093,3105,3703
2691503,3.196,-1.223,0.362,-0.415,1.181,-1.612,3103,3711
2691522,1.027,0.000,1.544,-0.673,1.327,-2.017,3103,3715
2691543,-2.811,1.999,4.609,-0.766,1.625,-2.330,3103,3669
2691562,-8.102,5.578,9.273,-0.304,2.162,-2.327,3104,3629
2691582,-14.626,11.066,14.552,-0.138,1.846,-1.853,3102,3676
2691602,-18.186,13.767,18.064,-0.139,1.144,-1.234,3103,3752
2691622,-19.032,14.717,18.828,0.305,0.631,-0.414,3101,3783
2691642,-16.498,13.137,16.592,0.863,0.048,0.351,3102,3761
2691662,-13.381,11.329,13.290,1.016,-0.328,0.902,3099,3682
2691682,-11.921,10.254,11.779,0.810,-0.458,1.185,3101,3679
2691702,-10.719,9.254,11.131,0.721,-0.626,1.510,3099,3676
2691723,-8.497,7.745,9.874,0.747,-0.914,1.835,3102,3669
2691742,-5.713,5.478,8.181,0.681,-1.228,1.987,3101,3697
2691762,-2.638,3.290,6.268,0.574,-1.360,1.944,3100,3733
2691782,0.453,1.427,4.199,0.555,-1.412,1.774,3102,3780
2691802,3.409,-0.098,1.712,0.544,-1.259,1.470,3103,3806
2691822,5.227,-0.989,-0.249,0.591,-0.877,1.096,3104,3819
2691842,6.807,-1.499,-1.707,0.446,-0.445,0.596,3105,3822
2691863,6.730,-1.571,-2.234,0.090,-0.133,0.077,3102,3811
2691882,6.876,-2.112,-2.346,-0.188,0.262,-0.522,3102,3804
2691902,5.080,-1.824,-1.870,-0.291,0.672,-1.077,3101,3789
2691922,3.697,-1.216,-0.833,-0.438,1.156,-1.623,3100,3774
2691942,0.460,0.469,0.939,-0.773,1.478,-2.106,3098,3775
2691963,-2.693,2.040,3.800,-0.910,1.559,-2.346,3096,3798
2691982,-8.035,5.849,7.623,-0.655,1.852,-2.345,3096,3800
2692003,-13.130,9.278,12.625,-0.350,1.877,-1.969,3100,3846
2692023,-14.102,11.140,14.028,-0.293,0.963,-1.476,3097,3871
2692042,-14.250,10.709,13.580,-0.234,0.270,-0.999,3093,3898
2692063,-14.983,11.557,13.953,-0.023,0.403,-0.622,3092,3901
2692082,-16.288,12.206,14.341,0.230,0.226,-0.087,3091,3903
2692102,-13.946,11.382,13.297,0.342,-0.115,0.506,3091,3912
2692122,-12.400,10.252,11.779,0.543,-0.451,0.944,3091,3915
2692142,-11.866,9.759,11.293,0.395,-0.651,1.302,3091,3882
2692162,-9.993,8.511,10.319,0.327,-0.842,1.534,3090,3843
2692182,-8.593,7.410,9.225,0.357,-1.100,1.832,3090,3849
2692203,-5.444,5.397,7.585,0.363,-1.217,1.991,3091,3861
2692222,-3.455,4.108,5.595,0.489,-1.371,2.001,3093,3876
2692242,-0.304,2.557,3.706,0.468,-1.400,1.895,3093,3860
2692262,2.602,0.800,1.561,0.476,-1.292,1.641,3097,3881
2692282,4.764,-0.271,-0.218,0.509,-0.990,1.266,3096,3898
2692303,6.213,-1.207,-1.415,0.391,-0.636,0.788,3097,3921
2692322,6.814,-1.769,-2.037,0.107,-0.307,0.206,3097,3952
2692716,-6.984,7.489,9.615,-0.401,-1.628,1.330,3085,0
2692736,-7.113,8.581,9.644,-0.472,-2.236,1.976,3059,0
2692756,-6.424,8.188,9.160,-0.711,-2.815,2.637,3045,0
2692776,-4.283,5.227,9.163,-0.730,-3.115,2.264,3017,0
2692796,-3.354,6.337,8.712,-0.674,-3.327,1.907,2989,0
2692816,-3.445,7.034,8.971,-0.453,-4.008,2.305,2958,0
2692836,-2.600,6.768,7.769,-0.459,-4.968,3.163,2927,0
2692856,-1.250,5.296,6.201,-0.743,-5.438,3.616,2903,0
2692876,1.326,2.933,5.545,-0.934,-5.578,3.406,2864,0
2692896,2.464,0.275,4.070,-0.685,-5.498,2.831,2824,0
2692916,3.718,1.070,3.089,0.131,-5.283,2.611,2768,0
2692936,4.166,1.556,1.724,0.485,-4.804,2.789,2708,0
2692956,5.028,2.105,0.421,0.311,-4.030,2.977,2656,0
2692976,5.476,1.848,0.862,-0.210,-3.263,2.938,2633,0
2692996,7.058,0.488,2.363,-0.479,-2.935,2.424,2611,0
2693016,6.946,-0.642,2.397,-0.281,-2.780,1.742,2584,0
2693036,7.599,0.802,1.290,0.197,-2.327,1.272,2540,0
2693056,7.714,1.221,0.579,0.287,-1.742,0.829,2506,0
2693076,7.757,1.650,0.790,-0.073,-1.223,0.530,2483,0
2693096,8.116,0.594,0.836,-0.229,-0.570,0.148,2476,0
2693116,8.265,1.348,1.611,-0.046,-0.058,-0.078,2463,0
2693136,7.238,1.604,2.926,0.167,0.212,-0.269,2451,0
2693156,8.035,2.859,3.067,0.305,0.129,-0.328,2447,0
2693176,8.131,3.338,3.958,0.089,-0.097,-0.249,2445,0
2693196,8.899,2.878,4.317,0.031,-0.087,-0.238,2443,0
2693216,9.661,2.981,4.336,0.127,-0.047,-0.124,2442,0
2693236,8.698,2.406,4.484,0.312,-0.050,-0.118,2443,0
2693256,9.507,2.945,3.692,0.416,-0.056,-0.066,2444,0
2693276,9.151,2.772,3.716,0.191,-0.206,0.017,2447,0
2693296,9.598,2.231,3.780,0.117,-0.187,0.027,2449,0
2693316,9.364,2.069,3.646,0.199,-0.083,0.017,2454,0
2693336,9.333,2.128,3.560,0.265,-0.028,0.008,2463,0
2693356,8.894,2.121,3.479,0.271,-0.028,0.058,2466,0
2693376,9.043,2.399,3.270,0.266,-0.089,0.165,2467,0
2693396,9.098,2.770,3.146,0.120,0.038,0.229,2470,0
2693416,8.950,2.145,3.539,0.031,-0.024,0.186,2474,0
2693436,9.182,2.040,3.314,0.178,-0.060,0.084,2479,0
2693456,8.921,2.385,3.129,0.123,0.037,0.031,2481,0
2693476,8.710,2.107,3.100,0.095,0.003,-0.001,2489,0
2693496,8.787,2.265,3.203,0.127,-0.027,0.018,2496,0
2693516,9.031,2.440,3.144,0.079,-0.018,0.037,2501,0
2693536,9.072,2.346,3.484,0.084,0.071,-0.014,2501,0
2693556,9.005,2.500,3.874,0.173,0.023,-0.094,2500,0
2693576,8.985,2.464,3.606,0.243,-0.072,-0.106,2499,0
2693596,9.012,2.672,3.189,0.227,-0.039,-0.048,2503,0
2693616,8.835,2.600,3.177,0.109,-0.023,0.023,2505,0
2693636,8.933,2.325,3.225,0.064,-0.073,0.057,2508,0
2693656,9.057,2.203,3.232,0.076,-0.052,0.034,2510,0
2693676,9.062,2.193,3.342,0.132,-0.008,-0.021,2509,0
2693696,8.983,2.251,3.436,0.228,0.019,-0.088,2510,0
2693716,8.894,2.449,3.349,0.314,0.040,-0.144,2512,0
2693736,8.770,2.727,3.282,0.322,0.058,-0.131,2512,0
2693756,8.677,2.971,3.191,0.276,0.071,-0.040,2512,0
2693776,8.768,2.988,3.290,0.199,0.048,0.072,2513,0
2693796,8.557,2.950,3.464,0.131,0.076,0.146,2516,0
2693816,8.389,2.705,3.618,0.120,0.054,0.164,2517,0
2693836,8.478,2.176,3.472,0.163,0.032,0.097,2520,0
2693856,9.357,2.413,3.103,0.191,0.031,0.068,2522,0
2693876,8.928,2.327,3.563,0.145,0.039,0.063,2524,0
2693896,8.648,2.028,3.625,0.213,0.088,-0.003,2527,0
2693916,9.261,2.574,3.376,0.147,0.043,0.051,2528,0
2693936,9.021,2.454,3.661,0.024,-0.035,0.072,2533,0
2693956,8.396,1.954,3.855,0.050,-0.038,-0.016,2533,0
2693976,9.359,2.365,3.342,0.137,-0.030,-0.049,2535,0
2693996,8.739,2.516,3.625,0.101,-0.059,-0.025,2537,0
2694016,8.406,2.195,3.622,0.091,-0.020,-0.078,2539,0
2694036,9.290,2.612,3.163,0.092,-0.028,-0.058,2542,0
2694056,8.693,2.658,3.505,0.034,-0.035,-0.016,2545,0
2694076,8.226,2.310,3.723,0.063,0.013,-0.059,2550,0
2694096,9.258,2.684,3.361,0.117,-0.015,-0.054,2550,0
2694116,8.698,2.899,3.792,0.065,-0.055,-0.019,2551,0
2694136,8.315,2.483,3.766,0.086,-0.039,-0.047,2553,0
2694156,9.261,2.670,3.230,0.120,-0.025,0.002,2554,0
2694176,8.547,2.708,3.455,0.074,-0.019,0.044,2553,0
2694196,8.339,2.322,3.505,0.056,-0.007,-0.011,2556,0
2694216,9.287,2.538,3.261,0.076,0.011,-0.025,2557,0
2694236,8.633,2.540,3.682,0.091,-0.006,-0.040,2557,0
2694256,8.339,2.334,3.577,0.116,0.025,-0.096,2558,0
2694276,8.679,2.612,3.414,0.056,0.000,-0.041,2559,0
2694296,8.839,2.430,3.440,0.033,0.010,-0.022,2559,0
2694316,8.849,2.622,3.560,0.034,0.060,-0.035,2559,0
2694336,8.701,2.732,3.740,0.035,0.042,-0.056,2559,0
2694356,8.657,2.648,3.718,0.070,-0.046,-0.059,2559,0
2694376,8.734,2.658,3.445,0.105,-0.067,-0.048,2559,0
2694396,8.782,2.629,3.304,0.079,-0.043,-0.055,2559,0
2694416,8.854,2.751,3.414,0.046,0.036,-0.053,2559,0
2694436,8.712,2.732,3.591,0.044,0.052,-0.037,2559,0
2694456,8.684,2.701,3.649,0.070,0.002,-0.038,2559,0
2694476,8.801,2.658,3.613,0.098,-0.030,-0.070,2559,0
2694496,8.832,2.792,3.598,0.118,-0.006,-0.086,2561,0
2694516,8.763,2.859,3.572,0.078,-0.020,-0.047,2559,0
2694536,8.760,2.761,3.481,0.028,-0.044,-0.014,2561,0
2694556,8.861,2.677,3.457,0.036,-0.031,-0.030,2559,0
2694576,8.794,2.808,3.572,0.076,-0.012,-0.062,2559,0
2694596,8.753,2.921,3.572,0.090,-0.032,-0.057,2559,0
2694616,8.787,2.902,3.522,0.059,-0.043,-0.025,2559,0
2694636,8.712,2.708,3.486,0.019,-0.038,-0.006,2559,0
2694656,8.746,2.559,3.503,0.024,-0.054,-0.017,2561,0
2694676,8.756,2.593,3.476,0.057,-0.040,-0.040,2577,0
2694696,8.712,2.799,3.462,0.074,-0.021,-0.046,2582,0
2694716,8.712,2.902,3.594,0.069,-0.029,-0.039,2583,0
2694736,8.708,2.919,3.529,0.060,-0.047,-0.029,2583,0
2694756,8.701,2.811,3.496,0.036,-0.065,-0.016,2586,0
2694776,8.815,2.801,3.476,0.057,-0.039,-0.015,2585,0
2694796,8.789,2.780,3.419,0.081,0.002,-0.031,2585,0
2694816,8.748,2.832,3.431,0.099,0.025,-0.042,2588,0
2694836,8.650,2.923,3.474,0.069,0.014,-0.018,2587,0
2694856,8.674,2.851,3.551,0.024,-0.022,0.019,2587,0
2694876,8.744,2.756,3.558,0.033,-0.035,0.025,2587,0
2694896,8.727,2.746,3.579,0.048,-0.032,0.012,2590,0
