2770199,8.978,2.234,3.220,-0.007,-0.023,0.010,2626,0
2770219,9.050,2.210,3.371,0.032,-0.013,-0.016,2627,0
2770239,8.969,2.330,3.338,0.073,-0.009,-0.047,2627,0
2770259,8.887,2.471,3.235,0.052,-0.033,-0.035,2626,0
2770279,8.947,2.375,3.201,0.008,-0.053,-0.003,2626,0
2770299,9.060,2.267,3.244,0.007,-0.028,-0.004,2627,0
2770319,8.985,2.337,3.361,0.051,0.008,-0.037,2626,0
2770339,8.882,2.507,3.417,0.089,-0.020,-0.044,2627,0
2770359,8.885,2.591,3.326,0.055,-0.041,-0.003,2629,0
2770644,8.871,2.459,3.160,0.042,-0.042,-0.011,2629,0
2770664,8.808,2.447,3.184,0.038,-0.035,-0.008,2630,0
2770684,8.871,2.394,3.153,0.046,-0.045,0.001,2629,0
2770704,8.942,2.320,3.129,0.041,-0.018,0.004,2630,0
2770724,8.983,2.308,3.285,0.031,0.003,-0.003,2630,0
2770744,9.199,2.267,3.306,0.060,-0.001,-0.012,2630,0
2770764,8.990,2.442,3.342,0.060,-0.019,-0.022,2630,0
2770784,9.024,2.461,3.345,0.037,-0.041,-0.010,2628,0
2770804,9.007,2.449,3.347,0.027,-0.066,0.001,2629,0
2770824,9.012,2.418,3.244,0.043,-0.084,0.009,2630,0
2770844,9.038,2.349,3.108,0.051,-0.076,0.008,2630,0
2770864,8.971,2.315,3.086,0.061,-0.049,-0.003,2630,0
2770884,8.961,2.382,3.105,0.054,-0.049,-0.005,2631,0
2770904,8.947,2.389,3.206,0.051,-0.037,-0.001,2629,0
2770924,8.928,2.444,3.244,0.059,-0.044,0.002,2631,0
2770944,8.961,2.397,3.208,0.078,-0.054,-0.004,2630,0
2770964,8.904,2.392,3.124,0.075,-0.033,0.003,2631,0
2770984,8.842,2.320,3.093,0.052,-0.038,0.003,2631,0
2771004,8.945,2.327,3.170,0.051,-0.026,-0.010,2630,0
2771024,8.904,2.454,3.278,0.055,-0.002,-0.012,2631,0
2771044,8.885,2.461,3.321,0.056,-0.009,-0.010,2630,0
2771064,8.916,2.377,3.321,0.057,-0.035,-0.010,2631,0
2771084,9.014,2.301,3.208,0.052,-0.042,-0.013,2632,0
2771104,8.993,2.296,3.201,0.046,-0.023,-0.021,2633,0
2771124,8.978,2.382,3.287,0.031,-0.027,-0.017,2632,0
2771206,8.930,2.591,3.230,0.055,-0.075,0.027,2631,0
2771216,8.935,2.483,3.175,0.035,-0.076,0.037,2630,0
2771226,8.940,2.330,3.124,0.021,-0.069,0.038,2632,0
2771238,8.945,2.188,3.103,0.027,-0.055,0.023,2631,0
2771248,8.981,2.133,3.105,0.044,-0.039,-0.001,2631,0
2771257,8.973,2.148,3.122,0.068,-0.020,-0.027,2632,0
2771268,8.954,2.241,3.165,0.096,0.005,-0.055,2632,0
2771284,8.866,2.406,3.268,0.118,0.011,-0.066,2633,0
2771304,8.868,2.533,3.345,0.107,-0.024,-0.052,2631,0
2771324,8.933,2.574,3.302,0.055,-0.057,-0.022,2633,0
2771344,8.981,2.423,3.146,0.027,-0.053,-0.003,2632,0
2771364,8.988,2.310,3.098,0.045,-0.032,-0.018,2632,0
2771384,8.969,2.401,3.177,0.063,-0.007,-0.042,2632,0
2771404,8.926,2.535,3.299,0.060,-0.018,-0.039,2631,0
2771424,8.935,2.641,3.270,0.040,-0.054,-0.003,2632,0
2771444,9.048,2.538,3.239,0.009,-0.050,0.026,2632,0
2771464,9.024,2.382,3.285,0.027,-0.025,0.014,2630,0
2771484,8.942,2.406,3.304,0.061,-0.043,0.005,2630,0
2771504,8.959,2.435,3.172,0.044,-0.059,0.011,2632,0
2771524,8.947,2.447,3.218,0.029,-0.032,0.013,2630,0
2771544,8.906,2.509,3.285,0.034,-0.047,0.017,2631,0
2771564,8.954,2.583,3.247,0.048,-0.048,0.017,2630,0
2771584,8.935,2.605,3.278,0.063,-0.047,0.018,2634,0
2771604,8.921,2.567,3.292,0.082,-0.066,0.020,2631,0
2771624,8.973,2.485,3.235,0.066,-0.082,0.034,2633,0
2771644,8.957,2.318,3.153,0.046,-0.076,0.033,2633,0
2771664,8.954,2.219,3.136,0.065,-0.068,0.009,2631,0
2771684,8.892,2.298,3.072,0.092,-0.071,-0.006,2632,0
2771704,8.928,2.368,3.043,0.050,-0.061,0.005,2633,0
2771724,8.935,2.375,3.191,0.011,-0.030,0.010,2630,0
2771744,8.849,2.377,3.256,0.026,-0.032,0.000,2630,0
2771764,8.861,2.394,3.177,0.062,-0.055,-0.017,2634,0
2771784,8.894,2.447,3.043,0.071,-0.043,-0.023,2632,0
2771804,8.892,2.461,3.062,0.040,-0.013,-0.009,2634,0
2771824,8.854,2.437,3.153,0.032,-0.017,-0.006,2632,0
2771844,8.940,2.433,3.117,0.040,-0.035,-0.011,2634,0
2771864,8.990,2.430,3.089,0.052,-0.007,-0.021,2634,0
2771884,9.012,2.430,3.163,0.062,0.026,-0.033,2633,0
2771904,8.961,2.483,3.259,0.052,0.017,-0.030,2633,0
2771924,8.978,2.416,3.242,0.025,-0.030,-0.009,2634,0
2771944,9.072,2.365,3.203,0.019,-0.046,-0.008,2632,0
2771964,9.079,2.385,3.223,0.037,-0.023,-0.037,2633,0
2771984,8.988,2.488,3.201,0.057,-0.025,-0.045,2633,0
2772004,8.947,2.500,3.136,0.050,-0.042,-0.030,2634,0
2772024,8.961,2.452,3.093,0.030,-0.046,-0.010,2632,0
2772044,8.988,2.375,3.153,0.030,-0.029,-0.015,2633,0
2772064,8.928,2.483,3.196,0.051,-0.015,-0.025,2632,0
2772084,8.928,2.559,3.201,0.052,-0.029,-0.018,2634,0
2772104,8.909,2.538,3.141,0.053,-0.022,-0.009,2633,0
2772124,8.856,2.485,3.124,0.041,-0.024,-0.003,2632,0
2772144,8.930,2.464,3.134,0.041,-0.027,-0.011,2633,0
2772164,9.007,2.547,3.194,0.050,-0.005,-0.025,2632,0
2772184,8.978,2.631,3.326,0.069,0.015,-0.032,2632,0
2772204,8.923,2.638,3.318,0.085,-0.014,-0.020,2633,0
2772224,8.961,2.574,3.182,0.060,-0.035,0.001,2632,0
2772244,8.990,2.397,3.151,0.032,-0.038,0.014,2633,0
2772264,8.983,2.325,3.160,0.037,-0.030,0.004,2632,0
2772284,8.981,2.377,3.225,0.044,-0.030,-0.011,2633,0
2772304,8.990,2.476,3.268,0.050,-0.026,-0.021,2630,0
2772324,8.930,2.516,3.280,0.054,-0.025,-0.019,2634,0
2772344,8.894,2.521,3.292,0.075,-0.047,-0.024,2632,0
2772364,8.909,2.631,3.203,0.071,-0.054,-0.023,2632,0
2772384,8.849,2.648,3.127,0.034,-0.051,-0.001,2632,0
2772404,8.890,2.480,3.122,0.034,-0.047,0.001,2632,0
2772424,8.961,2.471,3.093,0.076,-0.014,-0.027,2633,0
2772444,8.902,2.571,3.230,0.110,0.021,-0.053,2634,0
2772464,8.820,2.689,3.345,0.114,0.001,-0.044,2630,0
2772484,8.847,2.696,3.251,0.049,-0.046,0.006,2632,0
2772504,8.985,2.421,3.194,-0.001,-0.051,0.033,2633,0
2772524,9.052,2.332,3.270,0.049,-0.027,-0.014,2632,0
2772544,8.983,2.497,3.218,0.101,-0.015,-0.053,2631,0
2772564,8.940,2.612,3.187,0.083,-0.037,-0.042,2632,0
2772584,8.933,2.617,3.148,0.049,-0.036,-0.014,2634,0
2772604,8.959,2.557,3.187,0.015,-0.029,0.009,2633,0
2772624,8.983,2.507,3.278,0.036,-0.019,0.011,2634,0
2772644,8.914,2.488,3.357,0.060,-0.035,-0.001,2632,0
2772664,8.918,2.526,3.290,0.081,-0.050,-0.017,2634,0
2772684,8.964,2.638,3.273,0.077,-0.055,-0.011,2633,0
2772704,8.909,2.682,3.282,0.037,-0.062,0.015,2635,0
2772724,8.933,2.593,3.247,0.000,-0.073,0.035,2634,0
2772744,8.918,2.476,3.177,0.020,-0.058,0.024,2634,0
2772764,8.885,2.466,3.110,0.061,-0.030,0.000,2633,0
2772784,8.813,2.509,3.120,0.053,-0.015,-0.004,2634,0
2772804,8.813,2.490,3.117,0.012,-0.039,0.018,2634,0
2772824,8.940,2.325,3.081,0.004,-0.036,0.023,2633,0
2772844,8.990,2.342,3.077,0.017,0.001,-0.003,2634,0
2772864,8.935,2.433,3.206,0.051,0.004,-0.031,2633,0
2772884,8.933,2.581,3.268,0.052,-0.023,-0.023,2633,0
2772904,8.959,2.598,3.268,0.039,-0.050,-0.009,2633,0
2772924,8.918,2.540,3.259,0.036,-0.068,0.001,2634,0
2772944,8.923,2.507,3.168,0.043,-0.071,-0.005,2634,0
2772964,8.930,2.547,3.124,0.043,-0.062,-0.013,2633,0
2772984,8.899,2.538,3.108,0.050,-0.053,-0.023,2634,0
2773004,8.815,2.519,3.084,0.062,-0.050,-0.027,2634,0
2773024,8.861,2.550,3.093,0.055,-0.051,-0.019,2632,0
2773044,8.935,2.538,3.127,0.044,-0.030,-0.014,2633,0
2773064,8.930,2.557,3.203,0.038,-0.005,-0.017,2634,0
2773084,8.854,2.567,3.263,0.038,-0.015,-0.015,2633,0
2773104,8.878,2.528,3.299,0.038,-0.047,-0.014,2634,0
2773124,8.945,2.502,3.218,0.049,-0.062,-0.019,2634,0
2773144,8.983,2.459,3.148,0.041,-0.042,-0.032,2634,0
2773164,8.945,2.567,3.117,0.024,-0.030,-0.037,2635,0
2773184,8.894,2.636,3.199,0.012,-0.017,-0.026,2633,0
2773204,8.935,2.646,3.266,0.030,-0.034,-0.025,2634,0
2773224,8.930,2.614,3.220,0.058,-0.037,-0.030,2633,0
2773244,8.892,2.581,3.031,0.059,-0.040,-0.023,2633,0
2773264,8.902,2.569,3.038,0.043,-0.030,-0.016,2634,0
2773284,8.930,2.591,3.072,0.029,-0.024,-0.013,2633,0
2773304,8.957,2.591,3.196,0.030,-0.021,-0.013,2633,0
2773324,8.964,2.646,3.203,0.059,-0.025,-0.023,2633,0
2773344,8.930,2.660,3.168,0.077,-0.024,-0.030,2633,0
2773364,8.938,2.665,3.110,0.059,-0.031,-0.017,2634,0
2773384,8.976,2.526,3.124,0.030,-0.029,-0.005,2634,0
2773404,8.990,2.480,3.160,0.040,-0.023,-0.018,2635,0
2773424,8.935,2.538,3.151,0.070,-0.019,-0.039,2635,0
2773444,8.935,2.708,3.170,0.082,-0.025,-0.040,2635,0
2773464,8.882,2.789,3.211,0.065,-0.031,-0.019,2634,0
2773484,8.890,2.780,3.220,0.050,-0.052,0.011,2634,0
2773504,8.914,2.643,3.165,0.047,-0.052,0.023,2636,0
2773524,8.887,2.557,3.122,0.058,-0.029,0.006,2636,0
2773544,8.844,2.586,3.184,0.071,-0.028,-0.007,2636,0
2773564,8.914,2.655,3.215,0.065,-0.033,-0.013,2634,0
2773584,8.899,2.677,3.239,0.055,-0.032,-0.009,2635,0
2773604,8.868,2.658,3.268,0.059,-0.050,0.003,2633,0
2773624,8.973,2.591,3.132,0.047,-0.040,0.010,2634,0
2773644,8.952,2.507,3.215,0.036,-0.018,0.001,2635,0
2773664,8.933,2.514,3.254,0.046,-0.036,-0.017,2633,0
2773684,8.954,2.634,3.196,0.050,-0.051,-0.022,2635,0
2773704,8.928,2.729,3.141,0.030,-0.049,-0.005,2635,0
2773724,8.938,2.684,3.158,0.032,-0.053,0.007,2635,0
2773744,8.964,2.638,3.132,0.050,-0.039,-0.001,2635,0
2773764,8.923,2.631,3.105,0.052,-0.033,0.003,2636,0
2773784,8.926,2.602,3.122,0.037,-0.029,0.010,2635,0
2773804,8.978,2.624,3.232,0.034,-0.014,0.014,2634,0
2773824,8.890,2.643,3.342,0.036,-0.022,0.019,2635,0
2773844,8.887,2.624,3.235,0.041,-0.058,0.025,2636,0
2773864,8.894,2.562,3.144,0.026,-0.059,0.030,2635,0
2773884,8.861,2.433,3.084,0.034,-0.052,0.018,2634,0
2773904,8.861,2.480,3.050,0.051,-0.034,-0.011,2635,0
2773924,8.861,2.617,3.117,0.041,-0.012,-0.015,2635,0
2773944,8.868,2.646,3.201,0.025,-0.012,-0.007,2635,0
2773964,8.935,2.641,3.266,0.044,-0.014,-0.014,2634,0
2773984,8.902,2.701,3.230,0.072,-0.029,-0.018,2635,0
2774004,8.906,2.682,3.139,0.051,-0.051,0.003,2635,0
2774024,8.964,2.526,3.103,0.027,-0.058,0.018,2636,0
2774044,9.019,2.509,3.144,0.034,-0.037,0.008,2635,0
2774064,8.945,2.576,3.285,0.058,-0.010,-0.014,2634,0
2774084,8.832,2.741,3.294,0.058,-0.041,-0.005,2635,0
2774104,8.885,2.605,3.141,0.022,-0.089,0.026,2634,0
2774124,8.997,2.337,2.981,0.012,-0.068,0.020,2635,0
2774144,8.957,2.306,3.060,0.034,-0.006,-0.020,2636,0
2774164,8.825,2.523,3.201,0.050,-0.010,-0.043,2635,0
2774184,8.871,2.691,3.196,0.018,-0.045,-0.020,2636,0
2774204,8.957,2.672,3.227,-0.005,-0.022,-0.003,2634,0
2774224,8.930,2.665,3.333,0.032,-0.020,-0.013,2635,0
2774244,8.914,2.701,3.302,0.064,-0.048,-0.022,2634,0
2774264,8.894,2.708,3.134,0.051,-0.069,-0.009,2635,0
2774284,8.902,2.583,3.100,0.024,-0.063,0.001,2636,0
2774304,8.863,2.516,3.005,0.022,-0.046,-0.001,2636,0
2774324,8.866,2.483,2.978,0.019,-0.039,-0.009,2636,0
2774344,8.875,2.512,3.045,0.024,-0.015,-0.020,2635,0
2774364,8.861,2.586,3.179,0.026,-0.001,-0.030,2635,0
2774384,8.866,2.672,3.244,0.037,-0.014,-0.026,2635,0
2774404,8.892,2.682,3.184,0.030,-0.027,-0.015,2634,0
2774424,8.904,2.650,3.172,0.036,-0.025,-0.023,2635,0
2774444,8.878,2.689,3.163,0.052,-0.027,-0.023,2636,0
2774464,8.902,2.624,3.098,0.040,-0.035,-0.019,2636,0
2774484,8.954,2.605,3.132,0.027,-0.018,-0.022,2635,0
2774504,8.923,2.619,3.244,0.035,-0.008,-0.033,2634,0
2774524,8.904,2.626,3.266,0.063,-0.022,-0.041,2635,0
2774544,8.928,2.598,3.112,0.061,-0.025,-0.034,2635,0
2774564,8.930,2.591,3.127,0.018,-0.014,-0.022,2635,0
2774584,8.933,2.521,3.196,-0.014,-0.023,-0.015,2636,0
2774604,8.981,2.512,3.201,0.014,-0.011,-0.026,2636,0
2774624,8.918,2.660,3.239,0.064,-0.014,-0.049,2636,0
2774644,8.868,2.861,3.311,0.047,-0.030,-0.039,2636,0
2774664,8.921,2.847,3.323,0.001,-0.041,0.008,2635,0
2774684,8.945,2.698,3.323,0.015,-0.045,0.014,2635,0
2774704,8.909,2.684,3.223,0.044,-0.059,0.000,2634,0
2774724,8.945,2.646,3.268,0.045,-0.046,-0.011,2636,0
2774744,8.904,2.734,3.333,0.071,-0.044,-0.017,2634,0
2774764,8.935,2.796,3.393,0.045,-0.064,0.003,2636,0
2774784,8.973,2.720,3.390,0.016,-0.076,0.028,2635,0
2774804,8.935,2.610,3.364,0.014,-0.090,0.035,2635,0
2774824,8.954,2.447,3.299,0.016,-0.122,0.022,2635,0
2774844,8.993,2.387,3.211,0.011,-0.099,-0.004,2636,0
2774864,8.938,2.519,3.282,0.002,-0.085,-0.021,2636,0
2774884,8.849,2.622,3.208,-0.022,-0.106,-0.015,2636,0
2774904,8.839,2.619,3.031,-0.038,-0.121,-0.002,2635,0
2774924,8.854,2.579,2.808,-0.036,-0.086,-0.005,2636,0
2774944,8.902,2.598,2.751,-0.028,-0.042,-0.010,2637,0
2774964,8.897,2.526,2.727,0.011,-0.017,-0.030,2637,0
2774984,8.818,2.677,2.739,0.050,-0.005,-0.050,2635,0
2775004,8.844,2.820,2.787,0.013,0.002,-0.025,2635,0
2775024,8.880,2.705,2.950,-0.019,0.001,0.002,2637,0
2775044,8.993,2.614,3.005,0.032,0.002,-0.025,2635,0
2775064,8.981,2.725,3.010,0.082,0.038,-0.061,2636,0
2775084,8.909,2.835,3.129,0.085,0.056,-0.053,2636,0
2775104,8.911,2.830,3.326,0.054,0.028,-0.011,2636,0
2775124,8.947,2.629,3.438,0.007,0.018,0.022,2636,0
2775144,8.978,2.411,3.486,0.001,0.013,0.016,2634,0
2775164,9.002,2.310,3.440,0.018,0.010,-0.010,2635,0
2775184,8.988,2.361,3.426,-0.006,0.012,-0.022,2635,0
2775204,8.954,2.404,3.558,-0.060,0.004,-0.013,2636,0
2775224,8.945,2.500,3.725,-0.104,-0.023,0.002,2634,0
2775244,8.961,2.507,3.754,-0.119,-0.051,0.002,2635,0
2775264,8.899,2.497,3.637,-0.103,-0.067,-0.017,2636,0
2775284,8.746,2.488,3.436,-0.087,-0.091,-0.035,2636,0
2775304,8.705,2.552,3.057,-0.107,-0.106,-0.018,2636,0
2775324,8.782,2.480,2.981,-0.152,-0.050,-0.011,2637,0
2775344,8.739,2.531,3.120,-0.133,0.012,-0.034,2636,0
2775364,8.614,2.660,3.280,-0.090,0.006,-0.049,2636,0
2775384,8.665,2.765,3.175,-0.091,-0.041,-0.026,2636,0
2775404,8.825,2.576,3.057,-0.105,-0.035,-0.010,2637,0
2775424,8.873,2.480,3.168,-0.088,-0.013,-0.035,2636,0
2775444,8.902,2.502,3.254,-0.042,-0.017,-0.067,2636,0
2775464,8.892,2.581,3.220,-0.035,-0.034,-0.070,2636,0
2775484,8.926,2.581,3.189,-0.044,-0.055,-0.071,2636,0
2775504,8.966,2.569,3.122,-0.011,-0.053,-0.085,2636,0
2775524,8.899,2.715,3.029,0.018,-0.037,-0.088,2635,0
2775544,8.875,2.818,2.978,0.020,-0.043,-0.064,2636,0
2775564,8.940,2.840,2.899,0.036,-0.019,-0.043,2634,0
2775584,8.952,2.897,2.945,0.057,0.001,-0.021,2636,0
2775604,8.957,2.823,3.038,0.088,0.011,-0.001,2636,0
2775624,9.052,2.787,3.043,0.119,0.011,0.008,2636,0
2775644,9.086,2.873,3.268,0.114,0.037,0.011,2635,0
2775664,9.000,2.899,3.591,0.096,0.037,0.033,2637,0
2775684,8.985,2.820,3.759,0.092,-0.030,0.050,2636,0
2775704,9.038,2.636,3.689,0.103,-0.068,0.041,2636,0
2775724,9.005,2.473,3.548,0.098,-0.069,0.018,2636,0
2775744,8.954,2.495,3.476,0.058,-0.068,0.008,2635,0
2775764,8.892,2.514,3.591,0.012,-0.061,0.021,2635,0
2775784,8.868,2.521,3.639,0.004,-0.076,0.031,2634,0
2775804,8.851,2.492,3.582,0.014,-0.082,0.017,2636,0
2775824,8.732,2.569,3.534,-0.011,-0.084,0.019,2635,0
2775844,8.698,2.485,3.481,-0.031,-0.107,0.026,2637,0
2775864,8.684,2.495,3.347,-0.012,-0.106,0.011,2636,0
2775884,8.636,2.535,3.141,0.009,-0.108,-0.009,2635,0
2775904,8.662,2.502,3.000,-0.005,-0.092,0.002,2638,0
2775924,8.686,2.411,2.974,-0.014,-0.053,-0.001,2636,0
2775944,8.674,2.387,3.043,0.018,-0.033,-0.031,2636,0
2775964,8.708,2.523,3.007,0.046,-0.030,-0.038,2635,0
2775984,8.756,2.547,3.002,0.045,-0.038,-0.027,2637,0
2776004,8.818,2.540,2.969,0.056,-0.046,-0.036,2634,0
2776024,8.868,2.574,2.871,0.091,-0.048,-0.049,2637,0
2776044,8.906,2.636,2.885,0.118,-0.030,-0.058,2638,0
2776064,8.873,2.720,2.928,0.149,-0.021,-0.062,2636,0
2776084,8.906,2.849,2.921,0.174,-0.039,-0.060,2636,0
2776104,9.024,2.907,2.892,0.183,-0.041,-0.041,2636,0
2776124,9.038,2.914,3.079,0.190,-0.010,-0.019,2636,0
2776144,8.966,2.892,3.256,0.229,-0.034,-0.011,2633,0
2776164,9.002,2.859,3.184,0.257,-0.064,-0.001,2637,0
2776184,9.031,2.801,3.129,0.240,-0.043,0.021,2636,0
2776204,9.060,2.689,3.199,0.216,-0.030,0.025,2636,0
2776224,8.983,2.679,3.263,0.215,-0.023,0.022,2636,0
2776244,8.971,2.772,3.402,0.204,-0.034,0.013,2636,0
2776264,9.021,2.849,3.421,0.199,-0.042,0.008,2636,0
2776284,9.079,2.926,3.467,0.176,-0.032,0.025,2637,0
2776304,9.019,2.890,3.560,0.151,-0.031,0.044,2636,0
2776324,8.930,2.849,3.524,0.128,-0.075,0.067,2636,0
2776344,8.983,2.650,3.359,0.092,-0.099,0.076,2636,0
2776364,8.954,2.579,3.323,0.084,-0.064,0.054,2636,0
2776384,8.823,2.660,3.302,0.060,-0.051,0.049,2635,0
2776404,8.801,2.655,3.270,0.004,-0.050,0.071,2635,0
2776424,8.863,2.581,3.266,-0.022,-0.028,0.061,2637,0
2776444,8.849,2.579,3.448,0.000,-0.001,0.027,2636,0
2776464,8.832,2.720,3.531,0.004,-0.011,0.013,2638,0
2776484,8.827,2.837,3.503,-0.052,-0.044,0.040,2636,0
2776504,8.825,2.705,3.385,-0.104,-0.060,0.070,2637,0
2776524,8.825,2.492,3.201,-0.088,-0.071,0.055,2637,0
2776544,8.818,2.442,2.998,-0.047,-0.054,0.019,2637,0
2776564,8.727,2.550,2.856,-0.048,-0.033,0.014,2637,0
2776584,8.760,2.535,2.856,-0.076,-0.037,0.021,2637,0
2776604,8.815,2.476,2.823,-0.069,-0.031,0.010,2637,0
2776624,8.880,2.411,2.789,-0.047,-0.014,-0.010,2637,0
2776644,8.957,2.473,2.794,-0.017,0.001,-0.035,2637,0
2776664,9.026,2.624,2.890,-0.008,0.008,-0.045,2638,0
2776684,9.074,2.737,3.120,-0.041,0.018,-0.018,2637,0
2776704,9.081,2.629,3.373,-0.057,0.009,0.007,2638,0
2776724,9.151,2.512,3.378,-0.013,-0.024,0.003,2638,0
2776744,9.127,2.485,3.242,0.004,-0.013,0.001,2637,0
2776764,9.041,2.490,3.304,-0.037,-0.005,0.027,2638,0
2776784,9.076,2.447,3.443,-0.090,-0.018,0.058,2636,0
2776804,9.122,2.375,3.551,-0.096,-0.010,0.060,2636,0
2776824,9.055,2.428,3.558,-0.050,-0.020,0.030,2635,0
2776844,8.954,2.552,3.496,-0.030,-0.044,0.026,2635,0
2776864,8.902,2.526,3.349,-0.084,-0.077,0.066,2636,0
2776884,8.961,2.330,3.256,-0.118,-0.076,0.079,2637,0
2776904,8.875,2.263,3.242,-0.094,-0.067,0.047,2637,0
2776924,8.825,2.365,3.112,-0.048,-0.069,0.013,2637,0
2776944,8.782,2.514,3.002,-0.039,-0.048,0.011,2638,0
2776964,8.708,2.552,3.026,-0.075,-0.040,0.041,2637,0
2776984,8.780,2.354,3.062,-0.098,-0.045,0.057,2637,0
2777004,8.825,2.128,2.998,-0.047,-0.023,0.023,2636,0
2777024,8.825,2.143,2.988,0.026,0.004,-0.034,2637,0
2777044,8.763,2.354,3.010,0.040,0.013,-0.047,2637,0
2777064,8.784,2.452,3.010,-0.010,-0.011,-0.005,2636,0
2777084,8.911,2.315,3.007,-0.022,0.014,0.019,2637,0
2777104,8.899,2.200,3.010,0.029,0.032,0.005,2636,0
2777124,8.906,2.195,2.993,0.075,0.020,-0.026,2637,0
2777144,8.938,2.318,3.043,0.086,0.033,-0.039,2636,0
2777164,8.938,2.387,3.134,0.065,0.026,-0.031,2635,0
2777184,8.990,2.365,3.189,0.064,0.023,-0.030,2638,0
2777204,8.966,2.380,3.232,0.078,0.040,-0.043,2635,0
2777224,8.899,2.466,3.275,0.100,0.036,-0.055,2635,0
2777244,8.830,2.533,3.328,0.110,0.010,-0.050,2637,0
2777264,8.887,2.512,3.201,0.097,-0.017,-0.027,2636,0
2777284,8.945,2.363,3.086,0.098,0.011,-0.025,2636,0
2777304,8.906,2.416,3.081,0.108,0.067,-0.030,2637,0
2777324,8.854,2.483,3.187,0.084,0.090,-0.028,2636,0
2777344,8.796,2.449,3.251,0.084,0.079,-0.033,2635,0
2777364,8.806,2.389,3.127,0.097,0.075,-0.050,2636,0
2777384,8.796,2.421,3.010,0.088,0.129,-0.076,2636,0
2777404,8.653,2.490,3.010,0.076,0.204,-0.098,2637,0
2777424,8.511,2.571,3.132,0.062,0.263,-0.102,2635,0
2777444,8.420,2.519,3.256,0.051,0.283,-0.108,2633,0
2777464,8.320,2.387,3.254,0.061,0.299,-0.120,2634,0
2777484,8.229,2.294,3.103,0.078,0.324,-0.147,2635,0
2777504,7.977,2.085,2.825,0.071,0.350,-0.203,2634,0
2777524,7.843,1.700,2.504,0.007,0.376,-0.310,2633,0
2777544,7.807,1.051,2.392,-0.034,0.485,-0.458,2636,0
2777564,7.489,0.776,2.385,0.016,0.663,-0.613,2636,0
2777584,7.228,0.881,2.452,0.092,0.822,-0.804,2637,0
2777604,6.938,1.346,2.588,0.307,1.080,-1.164,2635,0
2777624,6.687,2.332,3.060,0.392,1.385,-1.512,2637,0
2777644,6.412,3.168,4.120,0.197,1.730,-1.708,2639,0
2777664,6.038,3.280,5.253,-0.046,1.939,-1.847,2643,0
2777684,6.081,4.307,6.574,-0.196,2.166,-1.969,2651,0
2777704,6.139,5.377,8.358,-0.346,2.497,-2.080,2674,0
2777724,6.115,6.151,10.185,-0.358,2.722,-2.170,2698,0
2777744,5.667,7.144,12.002,-0.192,2.996,-2.491,2703,0
2777764,4.427,8.315,12.950,0.118,3.079,-2.807,2704,0
2777784,3.527,9.481,12.747,-0.111,2.684,-2.752,2736,0
2777804,2.124,9.689,11.001,-0.155,2.528,-2.241,2768,0
2777824,1.401,10.070,10.233,-0.531,2.087,-1.635,2793,0
2777844,1.666,8.155,8.923,-0.779,1.291,-1.418,2819,0
2777864,3.144,5.368,6.881,-0.854,0.539,-1.286,2881,0
2777884,4.602,2.938,4.465,-0.359,0.255,-1.068,2942,0
2777904,5.456,0.953,2.569,0.346,0.137,-1.055,2970,0
2777924,5.356,2.102,0.570,0.499,0.313,-1.227,2976,0
2777944,5.813,2.873,0.184,-0.319,0.567,-1.041,2990,0
2777964,6.376,0.788,0.431,-1.222,1.000,-1.156,3019,0
2777984,5.588,0.883,0.958,-1.208,1.687,-1.492,3042,0
2778004,4.281,2.229,1.501,-1.167,2.084,-1.558,3049,0
2778024,3.517,1.674,2.054,-1.122,1.996,-1.658,3066,0
2778044,1.243,3.948,2.648,-0.941,1.700,-1.620,3088,0
2778064,-0.460,5.009,4.262,-1.262,1.653,-1.363,3108,0
2778084,-0.215,3.060,5.480,-1.074,1.584,-1.129,3119,0
2778104,-2.421,3.572,6.981,-0.940,1.528,-1.129,3120,0
2778124,-5.028,3.929,10.259,-1.182,1.559,-1.167,3125,0
2778144,-8.938,5.327,14.947,-1.661,1.449,-0.986,3134,0
2778164,-10.853,5.315,18.206,-1.485,0.892,-0.434,3139,0
2778184,-12.007,5.377,20.537,-0.891,0.474,-0.205,3150,1375
2778204,-12.323,6.493,21.454,-0.516,0.459,-0.052,3150,2407
2778224,-12.467,6.282,21.055,-0.207,0.168,0.247,3148,2663
2778244,-9.579,4.616,18.198,0.282,-0.177,0.528,3149,2787
2778264,-8.906,4.266,16.125,0.633,-0.300,0.722,3144,2829
2778284,-8.746,5.049,15.529,0.667,-0.107,0.871,3140,2773
2778304,-9.342,5.181,15.507,0.618,-0.149,1.135,3136,2795
2778324,-7.599,4.982,13.587,0.665,-0.490,1.385,3136,2819
2778344,-5.744,3.965,11.054,0.674,-1.031,1.714,3136,2897
2778364,-2.421,2.567,7.752,0.620,-1.385,1.802,3135,3047
2778384,-0.441,1.360,5.349,0.565,-1.452,1.812,3135,3078
2778404,2.480,-0.041,2.995,0.722,-1.282,1.662,3135,3124
2778424,4.001,-0.170,1.137,0.756,-1.233,1.417,3134,3177
2778444,6.359,-1.085,-0.977,0.576,-1.095,1.061,3135,3277
2778464,7.092,-1.676,-2.291,0.399,-0.838,0.616,3131,3391
2778484,7.819,-1.820,-3.201,0.250,-0.330,0.124,3132,3445
2778504,7.262,-1.575,-2.823,0.038,0.270,-0.394,3128,3488
2778524,5.914,-1.046,-1.583,-0.233,0.840,-0.870,3123,3502
2778544,4.542,-0.781,-0.153,-0.324,1.241,-1.226,3121,3530
2778564,3.122,-0.321,1.372,-0.175,1.424,-1.448,3121,3533
2778584,0.357,1.322,3.426,-0.143,1.391,-1.663,3120,3546
2778604,-2.691,3.065,6.244,-0.719,1.483,-1.815,3118,3550
2778624,-6.436,4.020,10.965,-1.072,1.766,-1.701,3115,3605
2778644,-10.005,4.712,15.723,-0.433,1.648,-1.422,3110,3625
2778664,-12.206,7.434,17.765,0.241,1.049,-1.120,3106,3637
2778684,-14.451,10.348,19.324,-0.316,0.581,-0.790,3103,3660
2778704,-15.411,9.146,21.201,-0.649,0.402,-0.354,3102,3655
2778724,-14.317,8.315,20.760,0.225,0.089,0.137,3099,3646
2778744,-12.663,8.827,18.033,0.954,-0.335,0.595,3098,3634
2778764,-12.254,9.555,16.465,0.629,-0.615,0.981,3096,3608
2778784,-10.434,7.405,15.139,0.297,-1.034,1.383,3097,3605
2778804,-7.044,5.260,11.928,0.608,-1.546,1.685,3092,3548
2778824,-3.685,4.049,8.315,0.598,-1.715,1.900,3091,3501
2778844,-0.378,1.518,5.490,0.547,-1.664,1.932,3092,3495
2778864,3.112,-0.436,2.440,0.829,-1.561,1.775,3091,3511
2778884,5.650,-1.188,-0.285,0.914,-1.252,1.501,3094,3515
2778904,7.319,-1.942,-2.076,0.658,-0.866,1.020,3090,3523
2778924,7.968,-2.179,-2.686,0.179,-0.523,0.461,3089,3533
2778944,8.205,-2.614,-2.782,-0.196,-0.067,-0.084,3088,3551
2778964,7.499,-2.480,-2.258,-0.269,0.497,-0.618,3087,3559
2778984,6.337,-1.913,-1.693,-0.296,0.964,-1.098,3083,3542
2779004,4.377,-0.783,-0.874,-0.543,1.289,-1.535,3080,3505
2779024,1.980,0.024,0.828,-0.929,1.467,-1.875,3075,3483
2779044,-0.680,1.137,3.986,-1.220,1.686,-2.063,3075,3464
2779064,-5.974,3.067,9.337,-1.257,1.908,-2.035,3070,3501
2779084,-9.986,4.195,15.146,-0.603,1.962,-1.844,3069,3553
2779104,-14.404,8.775,18.708,0.230,1.661,-1.519,3065,3571
2779124,-15.759,10.851,20.384,-0.008,0.978,-1.051,3065,3555
2779152,-16.470,9.579,21.251,-0.075,0.284,-0.299,3063,3526
2779164,-15.098,8.751,20.650,0.290,0.032,0.042,3061,3535
2779184,-12.337,7.580,17.267,1.108,-0.271,0.517,3059,3534
2779204,-11.729,8.253,15.553,1.413,-0.232,0.931,3058,3478
2779224,-11.188,8.624,14.734,1.054,-0.522,1.292,3056,3386
2779244,-9.752,6.812,13.321,0.766,-1.267,1.745,3056,3296
2779264,-6.505,5.128,10.932,0.992,-1.475,1.983,3056,3294
2779284,-4.484,4.899,8.748,1.221,-1.387,2.211,3054,3264
2779304,0.184,2.907,5.476,1.060,-1.804,2.311,3055,3231
2779324,4.638,-0.069,0.682,0.869,-2.212,2.089,3055,3291
2779344,8.107,-2.741,-3.081,0.840,-1.886,1.667,3055,3335
2779364,10.815,-4.350,-5.571,0.674,-1.027,1.016,3054,3362
2779384,10.386,-4.314,-5.703,0.159,-0.198,0.282,3053,3371
2779404,9.005,-3.682,-4.252,-0.479,0.433,-0.464,3050,3317
2779424,7.831,-3.745,-2.988,-0.855,0.824,-1.114,3046,3329
2779444,5.167,-3.402,-1.350,-0.682,1.245,-1.637,3045,3347
2779464,3.268,-2.212,0.500,-0.484,1.657,-2.142,3044,3337
2779484,0.373,-0.546,2.387,-0.504,1.779,-2.500,3047,3338
2779504,-3.546,1.437,5.064,-0.638,1.673,-2.716,3046,3331
2779524,-9.531,5.073,10.142,-0.640,1.828,-2.644,3046,3364
2779544,-14.679,8.147,15.450,-0.422,1.621,-2.246,3046,3455
2779564,-16.309,9.167,18.021,0.223,0.826,-1.629,3042,3503
2779584,-16.070,9.653,17.605,1.015,0.138,-1.042,3039,3531
2779604,-17.719,13.470,17.798,0.931,0.021,-0.585,3039,3476
2779624,-17.303,12.112,18.189,0.489,-0.116,0.179,3037,3450
2779644,-15.112,10.551,16.791,1.272,-0.336,0.799,3036,3385
2779664,-14.995,13.472,15.565,1.387,-0.486,1.396,3030,3253
2779684,-12.687,10.511,14.229,0.503,-0.899,2.013,3026,3213
2779704,-8.734,6.962,11.483,0.440,-1.451,2.319,3026,3241
2779724,-4.468,4.288,8.231,0.642,-1.625,2.506,3024,3239
2779744,-1.171,2.705,5.447,0.630,-1.566,2.380,3024,3246
2779764,1.899,1.156,2.873,0.327,-1.526,2.228,3025,3279
2779784,4.585,-1.094,0.912,0.239,-1.381,1.883,3025,3288
2779804,6.630,-2.105,-0.831,0.363,-1.050,1.365,3024,3339
2779824,7.645,-2.243,-1.990,0.328,-0.591,0.792,3024,3327
2779844,7.745,-2.083,-2.509,-0.118,-0.255,0.232,3025,3315
2779864,7.623,-2.318,-2.600,-0.609,-0.020,-0.337,3023,3290
2779884,7.180,-3.031,-2.401,-0.819,0.378,-0.958,3023,3309
2779904,5.921,-2.907,-1.853,-0.710,0.930,-1.492,3022,3347
2779924,3.883,-2.320,-0.589,-0.405,1.517,-1.999,3021,3337
2779944,1.080,0.362,1.250,-0.549,1.841,-2.419,3019,3326
2779964,-1.568,1.528,3.871,-1.052,1.833,-2.625,3019,3343
2779984,-6.194,3.120,8.602,-0.506,2.183,-2.653,3017,3446
2780004,-13.001,8.102,14.758,0.449,2.446,-2.366,3015,3506
2780222,1.760,0.450,2.698,0.284,-1.324,2.029,3011,3417
2780242,3.613,-0.510,1.279,0.290,-1.212,1.697,3012,3385
2780262,6.153,-1.434,-0.237,0.194,-1.007,1.239,3013,3376
2780282,6.493,-1.980,-1.051,0.083,-0.673,0.737,3012,3412
2780302,7.554,-2.322,-1.590,-0.039,-0.222,0.220,3012,3387
2780322,6.639,-1.839,-1.695,-0.346,0.135,-0.394,3011,3374
2780342,6.419,-2.162,-1.523,-0.620,0.455,-0.932,3009,3403
2780362,5.162,-2.169,-1.571,-0.626,0.844,-1.485,3010,3431
2780382,3.563,-1.645,-0.618,-0.313,1.344,-1.916,3010,3430
2780402,1.539,0.091,0.886,-0.354,1.726,-2.362,3008,3439
2780422,-2.188,1.458,3.965,-0.968,1.721,-2.690,3005,3445
2780442,-8.270,4.721,9.541,-1.080,1.883,-2.745,3007,3457
2780462,-15.141,8.452,16.168,-0.246,1.843,-2.146,3007,3517
2780482,-20.044,15.428,19.316,0.402,1.177,-1.563,3007,3567
2780502,-19.817,15.529,19.872,-0.226,0.308,-0.720,3007,3549
2780522,-17.545,12.893,18.529,0.026,-0.168,-0.074,3006,3567
2780542,-14.138,10.633,15.256,0.566,-0.383,0.518,3006,3566
2780562,-12.610,9.505,13.345,0.853,-0.237,0.909,3006,3534
2780582,-13.506,11.047,13.475,0.669,-0.193,1.275,3005,3491
2780602,-11.688,9.380,12.833,0.328,-0.744,1.802,3007,3444
2780622,-7.910,6.658,9.912,0.479,-1.439,2.135,3006,3406
2780642,-5.164,5.100,7.061,0.372,-1.700,2.282,3007,3400
2780662,-2.550,3.302,4.999,0.083,-1.747,2.263,3008,3388
2780682,0.371,1.437,3.091,0.001,-1.757,2.120,3011,3375
2780702,3.148,-0.182,1.358,0.213,-1.577,1.870,3015,3391
2780722,5.416,-1.271,-0.484,0.549,-1.194,1.521,3015,3366
2780742,6.649,-1.336,-1.834,0.444,-0.700,1.035,3017,3353
2780878,-1.314,-0.362,1.528,-0.386,2.354,-2.942,3007,3347
2780898,-6.155,3.261,5.629,-0.963,2.151,-3.074,3006,3360
2780918,-13.774,7.156,13.118,-1.085,1.891,-2.784,3005,3436
2780938,-19.489,10.922,19.027,-0.031,1.779,-2.098,3007,3502
2780958,-20.341,15.275,19.271,0.480,1.120,-1.242,3004,3512
2780978,-16.987,13.127,17.296,-0.175,0.103,-0.507,3003,3505
2780998,-12.127,8.832,14.272,-0.165,-0.536,-0.110,3000,3501
2781018,-7.733,6.084,10.704,0.370,-0.457,0.179,2996,3470
2781038,-5.401,4.511,8.495,0.690,-0.160,0.286,2997,3470
2781058,-5.229,5.203,7.630,0.624,-0.031,0.251,2996,3451
2781078,-4.879,5.025,7.405,0.178,-0.143,0.224,2995,3444
2781098,-4.458,4.197,7.547,-0.013,-0.338,0.314,2995,3452
2781118,-4.489,3.974,7.353,0.061,-0.339,0.343,2993,3436
2781138,-4.640,4.322,7.630,0.173,-0.215,0.383,2993,3394
2781158,-5.250,4.992,7.994,0.188,-0.205,0.377,2993,3301
2781178,-5.784,5.780,8.667,0.075,-0.343,0.395,2992,3034
2781198,-6.589,6.663,9.378,0.018,-0.559,0.485,2993,2762
2781218,-7.465,7.863,9.996,0.180,-0.895,0.903,2996,0
2781238,-7.700,8.440,9.972,0.411,-1.369,1.636,3002,0
2781258,-7.724,8.444,10.580,0.539,-2.018,2.083,3004,0
2781278,-8.133,9.989,10.362,0.298,-2.866,2.484,2990,0
2781298,-7.010,9.402,10.695,0.024,-3.927,3.268,2957,0
2781318,-5.121,6.989,9.234,-0.125,-4.763,3.669,2900,0
2781338,-2.047,6.512,8.511,0.056,-4.948,3.764,2834,0
2781358,-0.584,5.619,6.572,0.004,-4.436,4.121,2767,0
2781378,1.810,5.514,7.070,-0.584,-3.748,4.691,2705,0
2781398,2.789,4.642,8.095,-1.386,-3.427,4.917,2639,0
2781418,2.974,2.619,9.517,-1.163,-3.834,4.514,2607,0
2781438,4.281,0.661,7.604,-0.923,-5.012,3.686,2558,0
2781458,4.465,0.294,6.321,-0.427,-5.331,3.182,2532,0
2781478,5.732,-0.043,4.530,0.143,-5.471,2.882,2512,0
2781498,4.973,-1.923,1.920,0.234,-5.421,2.678,2499,0
2781518,6.005,-1.199,-0.038,0.278,-5.186,2.369,2496,0
2781538,6.467,-1.836,-2.073,-0.094,-4.602,1.971,2496,0
2781558,6.314,-2.294,-3.699,-0.191,-3.639,1.542,2497,0
2781578,6.227,-1.403,-3.989,-0.269,-2.640,1.183,2497,0
2781598,6.625,-0.742,-3.448,-0.497,-1.796,0.839,2495,0
2781618,7.274,-0.448,-2.686,-0.537,-0.949,0.424,2487,0
2781638,7.202,0.146,-1.204,-0.345,-0.344,0.003,2483,0
2781658,7.264,1.065,-0.124,-0.028,-0.132,-0.253,2480,0
2781678,7.800,2.308,0.493,0.164,-0.021,-0.315,2478,0
2781698,8.049,2.665,0.867,0.132,0.018,-0.209,2477,0
2781718,8.384,2.461,0.874,0.084,0.038,-0.092,2478,0
2781738,9.072,1.973,0.836,0.049,0.060,-0.062,2480,0
2781758,9.328,1.516,1.178,0.178,0.226,-0.148,2480,0
2781779,9.474,1.314,1.494,0.365,0.221,-0.216,2480,0
2781798,9.744,1.465,1.204,0.378,0.200,-0.196,2481,0
2781818,10.101,1.046,1.152,0.292,0.272,-0.184,2485,0
2781865,10.211,0.692,1.547,0.255,0.219,-0.245,2499,0
2781875,10.041,0.694,1.410,0.252,0.216,-0.252,2501,0
2781886,10.118,0.869,1.439,0.218,0.191,-0.240,2508,0
2781898,10.307,1.061,1.642,0.193,0.230,-0.220,2510,0
2781918,10.197,1.197,1.805,0.118,0.288,-0.135,2512,0
2781938,10.116,1.257,1.994,0.049,0.240,-0.041,2511,0
2781958,9.802,0.929,1.923,0.020,0.092,0.007,2512,0
2781979,10.087,0.967,1.743,0.040,-0.009,-0.050,2514,0
2781998,10.092,1.207,1.666,0.044,-0.012,-0.094,2514,0
2782018,9.862,1.243,1.659,0.076,0.023,-0.113,2514,0
2782038,9.629,1.257,1.393,0.141,-0.002,-0.128,2516,0
2782058,9.821,1.422,1.322,0.149,0.082,-0.134,2522,0
2782078,9.500,1.559,1.120,0.133,0.052,-0.075,2527,0
2782098,8.715,1.039,1.398,0.080,-0.075,-0.075,2531,0
2782118,9.979,1.144,1.087,0.159,0.061,-0.122,2535,0
2782139,9.852,1.779,1.468,0.186,0.183,-0.080,2536,0
2782158,8.988,1.927,1.657,0.190,0.256,-0.052,2543,0
2782178,9.019,1.326,1.539,0.191,0.194,-0.052,2544,0
2782198,9.661,2.097,1.592,0.104,0.047,0.047,2544,0
2782218,9.079,1.379,1.968,-0.007,-0.032,0.027,2545,0
2782238,10.496,1.437,1.707,0.141,0.075,-0.042,2545,0
2782258,9.438,1.851,2.234,0.114,0.054,-0.027,2545,0
2782278,9.361,1.123,2.028,0.114,-0.007,-0.052,2545,0
2782298,10.192,1.669,1.798,0.128,-0.076,0.023,2546,0
2782318,9.313,1.513,2.145,0.023,-0.132,0.046,2548,0
2782338,10.041,0.946,1.810,0.082,-0.055,-0.046,2548,0
2782358,10.020,1.717,1.887,0.146,-0.083,-0.038,2550,0
2782379,8.930,1.377,1.875,0.097,-0.145,-0.044,2552,0
2782398,10.065,1.353,1.331,0.106,-0.077,-0.021,2558,0
2782418,9.469,1.937,1.753,-0.011,-0.071,0.075,2558,0
2782438,9.096,0.939,1.872,0.014,-0.047,0.028,2559,0
2782458,10.139,1.607,1.492,0.162,0.017,0.006,2559,0
2782478,8.859,1.923,1.884,0.070,-0.038,0.023,2559,0
2782498,9.467,1.099,1.547,0.058,-0.070,-0.020,2559,0
2782518,9.668,1.568,1.494,0.053,-0.025,0.022,2561,0
2782539,9.531,1.326,1.719,0.013,0.003,0.005,2566,0
2782558,9.440,1.372,1.786,0.055,-0.023,-0.030,2561,0
2782578,9.483,1.458,1.714,0.088,-0.038,-0.044,2568,0
2782599,9.582,1.530,1.697,0.063,-0.045,-0.023,2573,0
2782618,9.634,1.439,1.626,0.049,-0.029,-0.027,2577,0
2782638,9.601,1.501,1.614,0.063,-0.020,-0.033,2580,0
2782658,9.625,1.611,1.630,0.052,-0.022,-0.022,2576,0
2782678,9.632,1.590,1.697,0.054,-0.018,-0.011,2577,0
2782699,9.601,1.573,1.736,0.052,-0.026,0.003,2574,0
2782718,9.646,1.482,1.745,0.052,-0.030,0.002,2582,0
2782738,9.594,1.539,1.812,0.064,-0.028,-0.006,2584,0
2782758,9.572,1.618,1.774,0.070,-0.052,0.003,2586,0
2782778,9.584,1.566,1.693,0.062,-0.068,0.012,2588,0
2782798,9.613,1.484,1.583,0.038,-0.052,0.017,2592,0
2782818,9.555,1.386,1.647,0.026,-0.019,-0.002,2590,0
2782838,9.467,1.494,1.714,0.057,-0.031,-0.034,2591,0
2782858,9.467,1.556,1.645,0.050,-0.071,-0.026,2591,0
2782878,9.584,1.468,1.592,0.040,-0.050,-0.005,2591,0
2782898,9.618,1.468,1.697,0.044,-0.005,-0.013,2593,0
2782918,9.519,1.539,1.776,0.053,-0.012,-0.030,2595,0
2782938,9.519,1.618,1.717,0.057,-0.029,-0.029,2593,0
2782958,9.467,1.592,1.774,0.038,-0.046,-0.009,2595,0
2782978,9.536,1.539,1.717,0.037,-0.079,0.009,2597,0
2782998,9.574,1.444,1.580,0.057,-0.063,-0.002,2599,0
2783018,9.567,1.463,1.539,0.058,-0.041,-0.034,2600,0
2783038,9.675,1.585,1.688,0.060,-0.015,-0.065,2601,0
2783058,9.658,1.884,1.628,0.078,-0.011,-0.047,2601,0
2783078,9.234,1.920,1.906,0.036,-0.045,-0.010,2601,0
2783098,9.199,1.204,1.791,0.049,-0.054,-0.032,2602,0
2783118,10.151,1.551,1.422,0.110,-0.041,-0.023,2603,0
2783138,9.191,1.803,1.731,0.014,-0.043,0.003,2604,0
2783158,9.603,1.228,1.664,0.055,0.018,-0.051,2605,0
