955076,4.82,8.459,0.642,0.108,-0.01,-0.042,2517,0
955096,4.81,8.54,0.706,0.102,0.047,-0.046,2519,0
955116,4.762,8.581,0.809,0.068,0.062,-0.03,2520,0
955136,4.697,8.583,0.862,0.045,0.03,-0.022,2519,0
955156,4.736,8.602,0.881,0.033,-0.014,-0.022,2518,0
955176,4.779,8.619,0.883,0.056,0.0,-0.024,2518,0
955196,4.693,8.624,0.855,0.108,0.028,-0.015,2520,0
955216,4.657,8.638,0.737,0.127,0.022,-0.001,2519,0
955236,4.583,8.55,0.57,0.116,-0.004,-0.006,2521,0
955256,4.573,8.408,0.405,0.14,-0.037,-0.034,2522,0
955276,4.614,8.425,0.189,0.181,-0.027,-0.052,2525,0
955296,4.638,8.492,0.096,0.181,0.043,-0.048,2526,0
955316,4.645,8.442,0.168,0.159,0.108,-0.05,2525,0
955336,4.621,8.389,0.268,0.166,0.135,-0.064,2526,0
955356,4.7,8.504,0.326,0.17,0.113,-0.062,2525,0
955376,4.92,8.55,0.445,0.143,0.123,-0.048,2526,0
955396,5.035,8.523,0.663,0.127,0.161,-0.041,2526,0
955416,4.978,8.645,0.895,0.138,0.188,-0.05,2525,0
955436,4.906,8.765,1.116,0.142,0.171,-0.054,2526,0
955456,4.791,8.973,1.202,0.131,0.11,-0.047,2525,0
955476,4.839,9.064,1.247,0.092,0.049,-0.012,2524,0
955496,4.82,8.959,1.233,0.071,0.017,0.024,2524,0
955516,4.764,8.72,1.231,0.085,-0.015,0.026,2523,0
955536,4.726,8.691,1.152,0.122,-0.04,-0.003,2524,0
955556,4.647,8.787,1.001,0.132,-0.047,-0.017,2526,0
955576,4.566,8.88,0.931,0.112,-0.06,0.011,2527,0
955596,4.642,8.794,0.828,0.052,-0.078,0.056,2524,0
955616,4.657,8.487,0.821,0.008,-0.077,0.064,2524,0
955636,4.597,8.341,0.8,0.03,-0.086,0.03,2524,0
955656,4.549,8.423,0.666,0.072,-0.083,-0.01,2528,0
955676,4.53,8.583,0.529,0.067,-0.065,-0.007,2524,0
955696,4.527,8.54,0.491,0.018,-0.058,0.011,2525,0
955716,4.602,8.442,0.508,-0.01,-0.049,0.009,2525,0
955736,4.604,8.365,0.558,0.002,-0.041,-0.007,2528,0
955756,4.618,8.418,0.532,0.031,-0.049,-0.035,2525,0
955776,4.652,8.516,0.505,0.04,-0.049,-0.044,2526,0
955796,4.697,8.557,0.462,0.023,-0.055,-0.033,2526,0
955816,4.719,8.514,0.493,0.03,-0.038,-0.035,2526,0
955836,4.685,8.581,0.524,0.051,-0.036,-0.042,2526,0
955856,4.678,8.641,0.522,0.059,-0.031,-0.038,2524,0
955876,4.64,8.686,0.52,0.045,-0.032,-0.022,2525,0
955896,4.683,8.657,0.529,0.031,-0.039,-0.011,2526,0
955916,4.705,8.607,0.563,0.041,-0.031,-0.024,2525,0
955936,4.695,8.655,0.584,0.075,-0.035,-0.045,2525,0
955956,4.65,8.808,0.541,0.066,-0.035,-0.029,2526,0
955976,4.604,8.748,0.56,0.027,-0.032,-0.001,2525,0
955996,4.64,8.648,0.584,0.029,-0.025,-0.004,2525,0
956016,4.609,8.667,0.625,0.049,-0.009,-0.013,2526,0
956036,4.587,8.667,0.654,0.047,-0.014,-0.005,2525,0
956056,4.645,8.614,0.625,0.02,-0.029,0.005,2525,0
956076,4.657,8.562,0.685,-0.001,-0.029,0.009,2526,0
956096,4.597,8.59,0.764,-0.014,-0.034,0.007,2525,0
956116,4.614,8.55,0.761,0.002,-0.066,-0.0,2524,0
956136,4.724,8.571,0.704,0.036,-0.08,-0.021,2524,0
956156,4.709,8.624,0.596,0.068,-0.059,-0.04,2524,0
956176,4.63,8.727,0.603,0.07,-0.045,-0.033,2525,0
956196,4.626,8.741,0.608,0.037,-0.052,-0.012,2526,0
956216,4.604,8.648,0.62,0.005,-0.068,0.001,2525,0
956236,4.618,8.569,0.563,0.025,-0.079,-0.008,2525,0
956256,4.597,8.617,0.527,0.067,-0.068,-0.022,2526,0
956276,4.583,8.684,0.498,0.074,-0.059,-0.02,2525,0
956296,4.633,8.655,0.479,0.037,-0.047,-0.005,2525,0
956316,4.642,8.543,0.503,0.024,-0.037,-0.011,2526,0
956336,4.645,8.588,0.551,0.04,-0.035,-0.021,2525,0
956356,4.611,8.674,0.548,0.039,-0.043,-0.018,2526,0
956376,4.638,8.681,0.529,0.03,-0.057,-0.005,2527,0
956396,4.678,8.619,0.505,0.033,-0.052,-0.005,2527,0
956416,4.633,8.571,0.496,0.06,-0.038,-0.022,2526,0
956436,4.597,8.703,0.488,0.065,-0.04,-0.026,2525,0
956456,4.578,8.784,0.534,0.043,-0.051,-0.009,2529,0
956476,4.618,8.758,0.56,0.038,-0.044,0.003,2527,0
956496,4.592,8.717,0.615,0.063,-0.042,0.003,2527,0
956516,4.606,8.727,0.603,0.083,-0.052,-0.002,2526,0
956536,4.618,8.736,0.536,0.057,-0.058,0.007,2528,0
956556,4.652,8.665,0.539,0.036,-0.051,0.013,2525,0
956576,4.685,8.662,0.558,0.029,-0.043,0.01,2526,0
956596,4.647,8.633,0.627,0.035,-0.034,0.009,2527,0
956616,4.618,8.619,0.656,0.046,-0.048,0.007,2527,0
956636,4.678,8.648,0.539,0.039,-0.056,0.004,2527,0
956656,4.748,8.633,0.493,0.015,-0.033,0.01,2527,0
956676,4.738,8.617,0.572,0.002,-0.011,0.015,2527,0
956696,4.673,8.61,0.603,-0.006,-0.018,0.011,2525,0
956716,4.628,8.657,0.579,0.002,-0.049,0.007,2526,0
956736,4.638,8.705,0.555,0.031,-0.06,0.002,2527,0
956756,4.685,8.789,0.539,0.063,-0.055,0.005,2526,0
956776,4.695,8.799,0.536,0.055,-0.045,0.031,2527,0
956796,4.609,8.705,0.591,0.032,-0.045,0.038,2529,0
956816,4.506,8.61,0.579,0.033,-0.058,0.027,2528,0
956836,4.499,8.638,0.532,0.055,-0.079,0.024,2528,0
956856,4.594,8.681,0.563,0.052,-0.061,0.032,2529,0
956876,4.642,8.619,0.584,0.029,-0.044,0.042,2530,0
956896,4.748,8.468,0.587,-0.009,-0.039,0.039,2529,0
956916,4.827,8.262,0.639,-0.02,-0.034,0.025,2529,0
956936,4.788,8.253,0.757,0.015,-0.053,-0.017,2532,0
956956,4.709,8.418,0.699,0.057,-0.068,-0.046,2528,0
956976,4.671,8.564,0.543,0.051,-0.075,-0.036,2528,0
956996,4.724,8.557,0.491,0.017,-0.066,-0.016,2528,0
957016,4.774,8.471,0.596,-0.005,-0.054,-0.009,2526,0
957036,4.757,8.447,0.704,-0.002,-0.055,-0.018,2529,0
957056,4.705,8.478,0.728,0.038,-0.081,-0.046,2527,0
957076,4.64,8.65,0.599,0.071,-0.103,-0.046,2527,0
957096,4.666,8.739,0.455,0.05,-0.106,-0.026,2527,0
957116,4.676,8.66,0.453,0.018,-0.092,-0.01,2528,0
957136,4.659,8.595,0.426,0.031,-0.079,-0.021,2527,0
957156,4.611,8.65,0.395,0.06,-0.08,-0.032,2528,0
957176,4.578,8.727,0.321,0.056,-0.088,-0.023,2528,0
957196,4.566,8.708,0.273,0.051,-0.08,-0.007,2528,0
957216,4.575,8.643,0.249,0.053,-0.062,0.003,2527,0
957236,4.573,8.605,0.278,0.05,-0.04,-0.001,2528,0
957256,4.527,8.619,0.383,0.067,-0.03,-0.017,2527,0
957276,4.52,8.693,0.39,0.089,-0.036,-0.01,2528,0
957296,4.563,8.724,0.426,0.079,-0.046,0.004,2529,0
957316,4.652,8.631,0.438,0.074,-0.049,-0.005,2528,0
957336,4.638,8.648,0.429,0.084,-0.041,-0.024,2527,0
957356,4.621,8.727,0.46,0.088,-0.029,-0.024,2526,0
957376,4.633,8.717,0.469,0.07,-0.035,0.001,2527,0
957396,4.709,8.605,0.486,0.044,-0.037,0.006,2527,0
957416,4.714,8.602,0.534,0.031,-0.031,-0.009,2526,0
957436,4.688,8.631,0.599,0.045,-0.035,-0.018,2527,0
957456,4.645,8.758,0.594,0.059,-0.047,-0.013,2528,0
957476,4.683,8.739,0.527,0.055,-0.056,-0.0,2526,0
957496,4.762,8.665,0.476,0.048,-0.042,0.007,2526,0
957516,4.75,8.703,0.522,0.03,-0.036,0.006,2527,0
957536,4.659,8.684,0.548,0.017,-0.047,0.005,2526,0
957556,4.662,8.677,0.479,0.029,-0.067,0.011,2526,0
957576,4.688,8.66,0.388,0.048,-0.065,0.013,2526,0
957596,4.659,8.653,0.362,0.049,-0.055,0.011,2527,0
957616,4.597,8.629,0.323,0.029,-0.054,0.015,2527,0
957636,4.573,8.566,0.347,0.024,-0.061,0.015,2526,0
957656,4.611,8.598,0.362,0.037,-0.056,0.008,2527,0
957676,4.635,8.607,0.373,0.056,-0.041,-0.001,2527,0
957696,4.602,8.655,0.4,0.061,-0.03,-0.001,2527,0
957716,4.628,8.626,0.395,0.039,-0.04,0.006,2529,0
957736,4.647,8.562,0.366,0.019,-0.047,0.007,2525,0
957756,4.7,8.521,0.39,0.022,-0.031,-0.008,2527,0
957776,4.652,8.617,0.481,0.043,-0.015,-0.021,2526,0
957796,4.695,8.681,0.555,0.046,-0.027,-0.012,2527,0
957816,4.75,8.629,0.512,0.031,-0.043,0.001,2528,0
957836,4.776,8.59,0.486,0.025,-0.051,-0.002,2527,0
957856,4.714,8.629,0.498,0.023,-0.051,-0.011,2527,0
957876,4.585,8.669,0.51,0.029,-0.05,-0.005,2525,0
957896,4.58,8.684,0.445,0.041,-0.07,-0.003,2527,0
957916,4.623,8.624,0.407,0.037,-0.066,-0.003,2527,0
957936,4.635,8.61,0.407,0.038,-0.053,-0.004,2529,0
957956,4.609,8.643,0.412,0.041,-0.045,-0.006,2527,0
957976,4.63,8.612,0.364,0.031,-0.044,-0.001,2527,0
957996,4.618,8.562,0.383,0.032,-0.048,-0.005,2528,0
958016,4.666,8.595,0.362,0.05,-0.052,-0.015,2527,0
958036,4.683,8.655,0.342,0.058,-0.034,-0.019,2527,0
958056,4.693,8.708,0.424,0.047,-0.027,-0.002,2526,0
958076,4.714,8.645,0.474,0.022,-0.038,0.009,2526,0
958096,4.721,8.545,0.469,0.026,-0.054,-0.003,2527,0
958116,4.681,8.598,0.405,0.063,-0.058,-0.019,2527,0
958136,4.705,8.686,0.273,0.067,-0.051,-0.012,2526,0
958156,4.69,8.698,0.304,0.043,-0.044,-0.001,2529,0
958176,4.695,8.667,0.338,0.03,-0.036,0.004,2526,0
958196,4.671,8.595,0.412,0.034,-0.035,0.001,2527,0
958216,4.652,8.61,0.409,0.062,-0.036,-0.013,2529,0
958236,4.702,8.724,0.424,0.081,-0.034,-0.015,2527,0
958256,4.654,8.753,0.405,0.057,-0.043,0.009,2528,0
958276,4.669,8.633,0.417,0.021,-0.066,0.022,2527,0
958296,4.702,8.535,0.421,0.021,-0.061,0.007,2527,0
958316,4.616,8.55,0.381,0.06,-0.043,-0.017,2528,0
958336,4.604,8.655,0.321,0.078,-0.04,-0.018,2527,0
958356,4.662,8.645,0.328,0.049,-0.049,-0.004,2527,0
958376,4.676,8.54,0.35,0.02,-0.047,-0.003,2527,0
958396,4.626,8.502,0.338,0.034,-0.038,-0.019,2527,0
958416,4.652,8.624,0.328,0.043,-0.031,-0.023,2528,0
958436,4.638,8.701,0.347,0.048,-0.029,-0.025,2527,0
958456,4.662,8.741,0.347,0.055,-0.033,-0.016,2526,0
958476,4.695,8.734,0.362,0.044,-0.03,-0.005,2528,0
958496,4.685,8.636,0.426,0.035,-0.037,0.001,2528,0
958516,4.683,8.674,0.424,0.058,-0.033,-0.009,2528,0
958536,4.645,8.777,0.438,0.07,-0.027,-0.002,2527,0
958556,4.681,8.746,0.419,0.033,-0.038,0.021,2527,0
958576,4.736,8.535,0.453,0.013,-0.042,0.02,2528,0
958596,4.772,8.502,0.462,0.041,-0.038,-0.002,2527,0
958616,4.743,8.614,0.476,0.061,-0.037,-0.014,2526,0
958636,4.702,8.689,0.424,0.051,-0.05,-0.006,2526,0
958656,4.623,8.657,0.359,0.037,-0.059,0.003,2527,0
958676,4.554,8.629,0.285,0.033,-0.059,0.004,2527,0
958696,4.527,8.657,0.283,0.045,-0.051,0.003,2529,0
958716,4.587,8.689,0.266,0.054,-0.04,0.005,2528,0
958736,4.597,8.665,0.271,0.04,-0.021,0.015,2528,0
958756,4.599,8.574,0.371,0.038,-0.021,0.016,2527,0
958776,4.645,8.528,0.438,0.037,-0.029,0.01,2530,0
958796,4.717,8.48,0.448,0.046,-0.033,-0.0,2527,0
958816,4.729,8.456,0.4,0.058,-0.035,-0.018,2527,0
958836,4.707,8.516,0.352,0.056,-0.043,-0.028,2527,0
958856,4.669,8.571,0.352,0.037,-0.041,-0.028,2527,0
958876,4.633,8.612,0.335,0.042,-0.045,-0.036,2528,0
958896,4.664,8.727,0.34,0.048,-0.043,-0.034,2526,0
958916,4.657,8.753,0.321,0.049,-0.038,-0.022,2526,0
958936,4.65,8.746,0.333,0.051,-0.043,-0.015,2526,0
958956,4.618,8.729,0.294,0.042,-0.045,-0.007,2528,0
958976,4.657,8.708,0.268,0.034,-0.046,-0.002,2528,0
958996,4.69,8.679,0.311,0.044,-0.035,-0.006,2527,0
959016,4.621,8.763,0.302,0.06,-0.034,-0.007,2531,0
959036,4.585,8.756,0.28,0.051,-0.031,0.01,2527,0
959056,4.594,8.576,0.213,0.035,-0.026,0.018,2528,0
959076,4.647,8.526,0.244,0.04,-0.01,0.002,2527,0
959096,4.606,8.648,0.371,0.05,-0.001,-0.015,2527,0
959116,4.575,8.777,0.438,0.046,-0.005,-0.008,2528,0
959136,4.585,8.729,0.491,0.031,-0.017,0.011,2529,0
959156,4.697,8.605,0.567,0.033,-0.021,0.01,2526,0
959176,4.697,8.619,0.639,0.044,-0.019,-0.004,2530,0
959196,4.681,8.729,0.742,0.028,-0.034,-0.005,2528,0
959216,4.705,8.729,0.812,0.004,-0.072,0.006,2529,0
959236,4.741,8.741,0.895,0.023,-0.114,0.006,2527,0
959256,4.741,8.787,0.876,0.043,-0.14,0.015,2527,0
959276,4.688,8.782,0.797,0.045,-0.164,0.032,2528,0
959296,4.733,8.691,0.584,0.031,-0.191,0.044,2529,0
959316,4.772,8.586,0.405,0.011,-0.193,0.046,2528,0
959336,4.752,8.552,0.326,0.001,-0.181,0.037,2528,0
959356,4.726,8.617,0.266,-0.002,-0.168,0.032,2527,0
959376,4.717,8.641,0.227,-0.011,-0.167,0.042,2529,0
959396,4.757,8.559,0.129,-0.008,-0.172,0.047,2530,0
959416,4.843,8.571,0.065,-0.014,-0.158,0.048,2528,0
959436,4.82,8.566,0.098,-0.029,-0.143,0.044,2527,0
959456,4.726,8.631,0.069,-0.014,-0.14,0.033,2529,0
959476,4.676,8.681,-0.019,0.005,-0.148,0.042,2528,0
959496,4.721,8.66,-0.089,0.001,-0.143,0.059,2528,0
959516,4.776,8.533,-0.115,0.011,-0.119,0.057,2528,0
959536,4.776,8.471,-0.134,0.031,-0.099,0.052,2527,0
959556,4.82,8.466,-0.129,0.043,-0.095,0.048,2528,0
959576,4.808,8.478,-0.101,0.071,-0.1,0.038,2529,0
959596,4.827,8.511,-0.108,0.09,-0.096,0.039,2529,0
959616,4.803,8.511,-0.079,0.1,-0.088,0.037,2527,0
959636,4.762,8.583,-0.029,0.108,-0.087,0.031,2527,0
959656,4.776,8.612,0.014,0.1,-0.084,0.036,2527,0
959676,4.791,8.552,0.101,0.098,-0.068,0.035,2528,0
959696,4.767,8.55,0.141,0.114,-0.05,0.019,2527,0
959716,4.731,8.602,0.165,0.103,-0.04,0.013,2529,0
959736,4.75,8.588,0.247,0.064,-0.04,0.023,2527,0
959756,4.803,8.456,0.297,0.037,-0.026,0.029,2528,0
959776,4.882,8.349,0.362,0.018,-0.014,0.02,2527,0
959796,4.915,8.327,0.405,0.006,-0.009,-0.003,2527,0
959816,4.922,8.346,0.453,0.009,-0.018,-0.024,2526,0
959836,4.855,8.483,0.433,0.018,-0.043,-0.028,2526,0
959856,4.836,8.574,0.359,0.005,-0.06,-0.021,2527,0
959876,4.803,8.562,0.292,-0.003,-0.06,-0.015,2528,0
959896,4.772,8.497,0.208,0.009,-0.058,-0.01,2527,0
959916,4.762,8.492,0.16,0.015,-0.054,-0.011,2528,0
959936,4.738,8.473,0.177,0.026,-0.061,-0.015,2527,0
959956,4.755,8.495,0.129,0.021,-0.068,-0.008,2526,0
959976,4.8,8.442,0.065,0.027,-0.072,-0.011,2528,0
959996,4.829,8.411,0.017,0.046,-0.07,-0.021,2528,0
960016,4.839,8.387,-0.048,0.055,-0.058,-0.032,2528,0
960036,4.76,8.432,-0.022,0.063,-0.053,-0.041,2528,0
960056,4.738,8.554,0.014,0.061,-0.068,-0.041,2527,0
960076,4.741,8.612,-0.01,0.056,-0.074,-0.037,2527,0
960096,4.81,8.571,-0.053,0.065,-0.047,-0.033,2528,0
960116,4.867,8.533,-0.002,0.073,-0.011,-0.036,2528,0
960136,4.92,8.523,0.122,0.067,0.004,-0.046,2529,0
960156,4.913,8.564,0.232,0.063,-0.0,-0.054,2528,0
960176,4.93,8.624,0.283,0.075,-0.01,-0.06,2529,0
960196,4.942,8.724,0.153,0.077,-0.016,-0.047,2529,0
960216,4.925,8.748,0.105,0.05,-0.015,-0.03,2529,0
960236,4.803,8.763,0.172,0.047,-0.018,-0.023,2528,0
960256,4.702,8.847,0.196,0.058,-0.031,-0.01,2530,0
960276,4.683,8.859,0.17,0.057,-0.037,0.013,2529,0
960296,4.712,8.708,0.16,0.044,-0.036,0.035,2529,0
960316,4.743,8.557,0.163,0.041,-0.027,0.037,2529,0
960336,4.717,8.483,0.199,0.036,-0.03,0.027,2529,0
960356,4.752,8.48,0.223,0.021,-0.044,0.018,2528,0
960376,4.822,8.444,0.237,0.021,-0.03,0.01,2528,0
960396,4.8,8.432,0.266,0.045,-0.031,-0.002,2528,0
960416,4.743,8.471,0.211,0.048,-0.055,-0.019,2528,0
960436,4.666,8.528,0.136,0.028,-0.075,-0.019,2529,0
960456,4.685,8.531,0.055,0.023,-0.089,-0.018,2530,0
960476,4.748,8.55,0.019,0.041,-0.069,-0.02,2528,0
960496,4.822,8.571,-0.002,0.049,-0.044,-0.019,2529,0
960516,4.848,8.526,0.019,0.044,-0.034,-0.018,2529,0
960536,4.834,8.552,0.091,0.034,-0.044,-0.022,2528,0
960556,4.822,8.595,0.105,0.021,-0.057,-0.018,2528,0
960576,4.815,8.641,0.105,0.028,-0.054,-0.017,2529,0
960596,4.834,8.705,0.077,0.051,-0.042,-0.021,2529,0
960616,4.836,8.741,0.06,0.054,-0.03,-0.01,2531,0
960636,4.836,8.703,0.043,0.035,-0.037,0.01,2528,0
960656,4.855,8.619,0.129,0.025,-0.047,0.015,2529,0
960676,4.834,8.6,0.153,0.045,-0.048,0.007,2528,0
960696,4.8,8.655,0.11,0.062,-0.046,0.005,2529,0
960716,4.815,8.669,0.036,0.052,-0.042,0.019,2529,0
960736,4.831,8.545,0.017,0.018,-0.036,0.031,2528,0
960756,4.767,8.461,0.057,0.019,-0.026,0.016,2529,0
960776,4.741,8.543,0.129,0.044,-0.028,-0.002,2528,0
960796,4.741,8.624,0.124,0.052,-0.031,0.004,2528,0
960816,4.736,8.607,0.067,0.05,-0.039,0.013,2527,0
960836,4.721,8.55,0.077,0.043,-0.045,0.015,2528,0
960856,4.693,8.507,0.062,0.038,-0.038,0.015,2529,0
960876,4.75,8.437,0.055,0.039,-0.035,0.006,2528,0
960896,4.779,8.432,0.077,0.048,-0.025,-0.009,2527,0
960916,4.774,8.475,0.077,0.058,-0.024,-0.019,2529,0
960936,4.781,8.543,0.091,0.036,-0.029,-0.015,2529,0
960956,4.824,8.535,0.156,0.014,-0.031,-0.012,2528,0
960976,4.846,8.557,0.175,0.031,-0.028,-0.02,2531,0
960996,4.805,8.607,0.139,0.049,-0.026,-0.025,2528,0
961016,4.781,8.66,0.122,0.056,-0.043,-0.018,2529,0
961036,4.829,8.643,0.136,0.048,-0.046,-0.008,2527,0
961056,4.822,8.612,0.151,0.035,-0.035,0.002,2527,0
961076,4.805,8.514,0.144,0.038,-0.05,0.001,2528,0
961096,4.841,8.516,0.067,0.037,-0.054,-0.013,2529,0
961116,4.769,8.578,0.041,0.049,-0.039,-0.025,2529,0
961136,4.764,8.701,0.026,0.049,-0.031,-0.015,2528,0
961156,4.752,8.684,0.098,0.034,-0.023,0.004,2528,0
961176,4.808,8.554,0.122,0.022,-0.033,0.011,2528,0
961196,4.82,8.504,0.129,0.044,-0.037,-0.002,2529,0
961216,4.743,8.581,0.105,0.055,-0.038,-0.013,2527,0
961236,4.705,8.662,0.093,0.05,-0.044,0.002,2527,0
961256,4.774,8.595,0.053,0.033,-0.047,0.016,2528,0
961276,4.822,8.468,0.105,0.029,-0.037,0.01,2528,0
961296,4.822,8.464,0.105,0.038,-0.031,-0.008,2528,0
961316,4.788,8.547,0.139,0.058,-0.033,-0.021,2527,0
961336,4.767,8.65,0.096,0.054,-0.057,-0.013,2532,0
961356,4.796,8.619,0.067,0.031,-0.062,0.001,2528,0
961376,4.846,8.538,0.038,0.034,-0.048,-0.002,2529,0
961396,4.86,8.509,0.034,0.054,-0.038,-0.013,2528,0
961416,4.812,8.571,0.05,0.053,-0.038,-0.017,2528,0
961436,4.76,8.65,0.067,0.033,-0.045,-0.012,2529,0
961456,4.705,8.662,0.065,0.034,-0.047,-0.002,2529,0
961476,4.741,8.65,0.055,0.048,-0.051,0.001,2530,0
961496,4.805,8.619,-0.014,0.058,-0.037,0.002,2529,0
961516,4.815,8.588,0.036,0.054,-0.027,0.005,2529,0
961536,4.788,8.595,0.062,0.037,-0.033,0.01,2529,0
961556,4.76,8.511,0.081,0.033,-0.039,0.008,2528,0
961576,4.731,8.547,0.06,0.062,-0.05,-0.001,2529,0
961596,4.772,8.617,-0.014,0.064,-0.046,-0.001,2528,0
961616,4.776,8.574,0.002,0.05,-0.028,0.012,2533,0
961636,4.755,8.533,0.091,0.037,-0.026,0.013,2529,0
961656,4.774,8.519,0.148,0.037,-0.024,0.0,2532,0
961676,4.784,8.578,0.144,0.05,-0.027,-0.005,2530,0
961696,4.815,8.61,0.134,0.043,-0.039,-0.002,2530,0
961716,4.846,8.543,0.129,0.024,-0.035,0.004,2530,0
961736,4.841,8.473,0.156,0.015,-0.027,0.005,2532,0
961756,4.815,8.468,0.177,0.019,-0.035,-0.014,2529,0
961776,4.82,8.543,0.132,0.025,-0.059,-0.025,2529,0
961796,4.851,8.59,0.053,0.027,-0.07,-0.023,2530,0
961816,4.829,8.612,0.007,0.034,-0.068,-0.021,2529,0
961836,4.767,8.655,-0.06,0.038,-0.059,-0.021,2529,0
961856,4.714,8.684,-0.048,0.047,-0.048,-0.015,2531,0
961876,4.712,8.734,-0.086,0.049,-0.045,-0.003,2530,0
961896,4.743,8.657,-0.024,0.044,-0.037,0.006,2534,0
961916,4.75,8.569,0.062,0.052,-0.025,0.001,2529,0
961936,4.724,8.562,0.089,0.063,-0.03,-0.004,2530,0
961956,4.779,8.559,0.057,0.048,-0.041,0.004,2530,0
961976,4.86,8.452,0.093,0.033,-0.034,0.011,2532,0
961996,4.882,8.353,0.115,0.046,-0.028,-0.01,2531,0
962016,4.846,8.404,0.108,0.06,-0.046,-0.034,2531,0
962036,4.781,8.586,0.089,0.053,-0.062,-0.04,2532,0
962056,4.781,8.681,0.048,0.037,-0.063,-0.022,2535,0
962076,4.779,8.645,0.014,0.036,-0.052,-0.009,2533,0
962096,4.781,8.586,-0.026,0.044,-0.05,-0.01,2534,0
962116,4.829,8.583,-0.06,0.049,-0.045,-0.012,2534,0
962136,4.824,8.562,-0.06,0.046,-0.044,-0.014,2533,0
962156,4.843,8.614,-0.057,0.044,-0.045,-0.014,2535,0
962176,4.81,8.65,-0.065,0.039,-0.04,-0.011,2534,0
962196,4.757,8.696,-0.06,0.044,-0.03,-0.005,2535,0
962216,4.757,8.708,-0.062,0.045,-0.026,0.003,2533,0
962236,4.772,8.698,0.0,0.047,-0.023,0.009,2534,0
962256,4.767,8.655,0.017,0.052,-0.016,0.016,2536,0
962276,4.786,8.633,0.0,0.04,-0.024,0.025,2535,0
962296,4.786,8.571,0.017,0.035,-0.021,0.022,2536,0
962316,4.738,8.612,0.067,0.049,-0.015,0.016,2538,0
962336,4.726,8.645,0.069,0.06,-0.017,0.022,2538,0
962356,4.757,8.566,0.05,0.052,-0.023,0.034,2539,0
962376,4.8,8.471,0.043,0.042,-0.024,0.033,2541,0
962396,4.762,8.456,0.086,0.044,-0.024,0.016,2543,0
962416,4.729,8.516,0.093,0.037,-0.032,0.005,2543,0
962436,4.791,8.552,0.074,0.024,-0.038,-0.001,2543,0
962456,4.843,8.55,0.124,0.029,-0.023,-0.003,2546,0
962476,4.865,8.574,0.129,0.027,-0.018,-0.002,2544,0
962496,4.851,8.588,0.144,0.0,-0.033,0.004,2546,0
962516,4.82,8.545,0.117,-0.007,-0.05,0.005,2543,0
962536,4.884,8.559,0.081,0.011,-0.04,0.005,2544,0
962556,4.901,8.566,0.067,0.025,-0.023,0.009,2544,0
962576,4.831,8.526,0.002,0.025,-0.041,0.011,2545,0
962596,4.839,8.452,-0.031,0.017,-0.066,0.013,2544,0
962616,4.853,8.452,-0.041,0.027,-0.066,0.006,2544,0
962636,4.769,8.552,-0.019,0.057,-0.06,-0.006,2545,0
962656,4.695,8.612,-0.098,0.065,-0.061,-0.004,2545,0
962676,4.707,8.562,-0.17,0.048,-0.058,-0.0,2546,0
962696,4.75,8.483,-0.18,0.036,-0.029,-0.003,2547,0
962716,4.772,8.511,0.029,0.042,0.01,-0.013,2545,0
962736,4.769,8.559,0.168,0.046,0.011,-0.018,2546,0
962756,4.829,8.55,0.172,0.03,-0.009,-0.011,2547,0
962776,4.848,8.48,0.29,0.019,-0.019,-0.014,2546,0
962796,4.841,8.519,0.294,0.027,-0.034,-0.024,2546,0
962816,4.798,8.638,0.199,0.013,-0.037,-0.026,2546,0
962836,4.774,8.691,0.213,-0.013,-0.027,-0.013,2545,0
962856,4.772,8.701,0.22,-0.022,-0.021,-0.005,2546,0
962876,4.76,8.674,0.292,-0.018,-0.015,-0.001,2546,0
962896,4.729,8.681,0.314,-0.014,-0.016,0.005,2549,0
962916,4.721,8.583,0.306,-0.031,-0.024,0.027,2545,0
962936,4.815,8.411,0.335,-0.04,-0.047,0.037,2545,0
962956,4.915,8.238,0.299,-0.015,-0.055,0.015,2546,0
962976,4.894,8.224,0.218,0.021,-0.071,-0.017,2545,0
962996,4.879,8.365,0.057,0.043,-0.094,-0.033,2546,0
963016,4.889,8.499,-0.038,0.042,-0.104,-0.023,2547,0
963036,4.891,8.509,-0.05,0.047,-0.079,-0.01,2545,0
963056,4.863,8.511,-0.014,0.068,-0.075,-0.009,2546,0
963076,4.87,8.557,0.031,0.084,-0.092,-0.015,2545,0
963096,4.808,8.65,-0.017,0.099,-0.118,-0.023,2546,0
963116,4.741,8.746,-0.072,0.107,-0.137,-0.022,2546,0
963136,4.705,8.806,-0.18,0.112,-0.131,-0.017,2547,0
963156,4.733,8.787,-0.247,0.109,-0.099,-0.001,2548,0
963176,4.827,8.643,-0.235,0.078,-0.068,0.019,2550,0
963196,4.901,8.475,-0.18,0.058,-0.039,0.014,2548,0
963216,4.846,8.528,-0.067,0.063,-0.044,-0.006,2548,0
963236,4.815,8.622,-0.084,0.056,-0.042,-0.007,2548,0
963256,4.831,8.633,-0.141,0.05,-0.028,-0.002,2549,0
963276,4.846,8.66,-0.098,0.048,-0.01,0.005,2548,0
963296,4.822,8.593,-0.005,0.035,-0.003,0.016,2549,0
963316,4.781,8.511,0.096,0.031,-0.017,0.013,2548,0
963336,4.755,8.507,0.081,0.048,-0.048,-0.003,2550,0
963356,4.791,8.6,-0.012,0.061,-0.062,-0.012,2548,0
963376,4.748,8.636,-0.014,0.06,-0.039,-0.004,2548,0
963396,4.738,8.564,0.007,0.044,-0.022,0.01,2549,0
963416,4.769,8.442,0.038,0.031,-0.03,0.005,2548,0
963436,4.827,8.406,0.05,0.029,-0.046,-0.01,2550,0
963456,4.851,8.423,0.053,0.027,-0.044,-0.019,2551,0
963476,4.824,8.423,0.007,0.031,-0.039,-0.025,2549,0
963496,4.836,8.461,-0.086,0.042,-0.04,-0.038,2548,0
963516,4.781,8.586,-0.055,0.036,-0.027,-0.043,2549,0
963536,4.791,8.638,-0.026,0.032,-0.025,-0.031,2551,0
963556,4.796,8.581,-0.022,0.043,-0.027,-0.022,2549,0
963576,4.75,8.562,-0.084,0.064,-0.025,-0.027,2550,0
963596,4.673,8.624,-0.06,0.089,-0.03,-0.031,2549,0
963616,4.707,8.681,-0.11,0.086,-0.033,-0.016,2549,0
963636,4.75,8.66,-0.129,0.075,-0.024,0.002,2549,0
963656,4.791,8.531,-0.074,0.078,-0.011,0.005,2548,0
963676,4.769,8.495,-0.024,0.09,-0.011,-0.005,2550,0
963696,4.779,8.511,0.029,0.095,-0.018,-0.022,2551,0
963716,4.772,8.6,0.074,0.092,-0.018,-0.024,2549,0
963736,4.767,8.636,0.16,0.075,-0.022,-0.011,2548,0
963756,4.769,8.574,0.132,0.064,-0.044,-0.011,2549,0
963776,4.764,8.562,0.11,0.065,-0.057,-0.025,2552,0
963796,4.762,8.528,0.024,0.065,-0.055,-0.026,2550,0
963816,4.817,8.528,-0.031,0.052,-0.051,-0.023,2549,0
963836,4.889,8.511,-0.029,0.035,-0.039,-0.02,2550,0
963856,4.741,8.559,-0.022,0.037,-0.055,-0.022,2550,0
963876,4.702,8.538,-0.129,0.043,-0.086,-0.025,2550,0
963896,4.714,8.502,-0.292,0.067,-0.086,-0.03,2550,0
963916,4.793,8.502,-0.433,0.092,-0.067,-0.037,2549,0
963936,4.772,8.622,-0.405,0.099,-0.043,-0.044,2552,0
963956,4.592,8.753,-0.273,0.092,-0.052,-0.044,2551,0
963976,4.53,8.768,-0.306,0.085,-0.077,-0.026,2550,0
963996,4.719,8.631,-0.438,0.078,-0.073,-0.002,2553,0
964016,4.896,8.382,-0.522,0.089,-0.035,-0.016,2553,0
964036,4.927,8.473,-0.512,0.11,-0.002,-0.056,2554,0
964056,4.798,8.756,-0.378,0.089,0.022,-0.067,2555,0
964076,4.645,8.918,-0.172,0.069,0.023,-0.039,2554,0
964096,4.676,8.926,-0.069,0.07,0.022,-0.009,2553,0
964116,4.75,8.823,-0.024,0.076,0.035,0.008,2554,0
964136,4.815,8.734,0.043,0.065,0.037,0.012,2553,0
964156,4.834,8.636,0.156,0.038,0.019,0.006,2554,0
964176,4.793,8.617,0.23,0.038,-0.007,-0.009,2555,0
964196,4.752,8.736,0.244,0.066,-0.027,-0.019,2555,0
964216,4.676,8.815,0.153,0.069,-0.034,-0.007,2554,0
964236,4.685,8.71,-0.002,0.036,-0.058,0.017,2555,0
964256,4.774,8.583,-0.101,-0.0,-0.068,0.022,2555,0
964276,4.719,8.569,-0.048,-0.001,-0.058,0.005,2555,0
964296,4.594,8.71,-0.079,0.017,-0.066,-0.005,2556,0
964316,4.554,8.756,-0.146,0.0,-0.079,0.018,2556,0
964336,4.633,8.566,-0.268,-0.007,-0.077,0.03,2557,0
964356,4.76,8.48,-0.299,0.004,-0.051,0.02,2557,0
964376,4.714,8.404,-0.254,-0.002,-0.026,0.014,2556,0
964396,4.7,8.375,-0.227,0.001,-0.044,-0.003,2555,0
964416,4.767,8.449,-0.294,0.017,-0.063,-0.022,2555,0
964436,4.774,8.511,-0.354,0.035,-0.038,-0.03,2557,0
964456,4.757,8.578,-0.316,0.043,-0.01,-0.023,2556,0
964476,4.76,8.6,-0.244,0.031,-0.005,-0.011,2557,0
964496,4.767,8.502,-0.192,0.023,-0.011,-0.006,2557,0
964516,4.755,8.411,-0.151,0.05,-0.017,-0.023,2557,0
964536,4.673,8.519,-0.115,0.092,-0.034,-0.049,2557,0
964556,4.587,8.708,-0.199,0.086,-0.038,-0.049,2558,0
964576,4.515,8.815,-0.218,0.056,-0.034,-0.026,2558,0
964596,4.609,8.775,-0.218,0.035,-0.015,-0.007,2558,0
964616,4.609,8.72,-0.11,0.038,0.007,-0.003,2558,0
964636,4.587,8.641,0.024,0.046,-0.004,-0.011,2558,0
964656,4.654,8.626,0.034,0.054,-0.025,-0.021,2558,0
964676,4.662,8.667,-0.012,0.047,-0.032,-0.025,2558,0
964696,4.671,8.691,-0.079,0.029,-0.029,-0.017,2557,0
964716,4.726,8.631,-0.069,0.006,-0.018,-0.001,2558,0
964736,4.769,8.54,0.005,-0.006,-0.016,-0.003,2558,0
964756,4.748,8.554,0.086,0.017,-0.026,-0.025,2558,0
964776,4.719,8.638,0.069,0.054,-0.05,-0.033,2557,0
964796,4.752,8.684,-0.048,0.05,-0.076,-0.015,2558,0
964816,4.767,8.617,-0.17,0.033,-0.095,-0.007,2558,0
964836,4.712,8.605,-0.306,0.035,-0.096,-0.018,2557,0
964856,4.626,8.657,-0.364,0.053,-0.078,-0.029,2561,0
964876,4.554,8.813,-0.453,0.063,-0.057,-0.026,2557,0
964896,4.573,8.844,-0.371,0.05,-0.036,-0.005,2557,0
964916,4.594,8.794,-0.28,0.039,-0.024,0.009,2557,0
964936,4.626,8.705,-0.201,0.029,-0.028,0.018,2556,0
964956,4.685,8.605,-0.208,0.012,-0.031,0.019,2556,0
964976,4.729,8.54,-0.196,0.027,-0.02,0.001,2557,0
965051,4.736,8.61,-0.103,0.008,-0.035,-0.006,2557,0
965061,4.743,8.578,-0.105,0.009,-0.03,-0.005,2556,0
965070,4.736,8.583,-0.089,0.019,-0.022,-0.01,2557,0
965081,4.7,8.566,-0.093,0.04,-0.018,-0.021,2556,0
965091,4.671,8.578,-0.129,0.057,-0.023,-0.027,2557,0
965101,4.666,8.622,-0.177,0.063,-0.03,-0.026,2558,0
965116,4.671,8.65,-0.256,0.053,-0.042,-0.019,2557,0
965136,4.647,8.669,-0.283,0.039,-0.041,-0.017,2558,0
965156,4.623,8.736,-0.283,0.045,-0.025,-0.022,2557,0
965176,4.614,8.811,-0.206,0.043,-0.008,-0.003,2556,0
965196,4.604,8.703,-0.127,0.041,-0.015,0.01,2557,0
965216,4.642,8.595,-0.132,0.048,-0.019,-0.001,2556,0
965236,4.662,8.598,-0.141,0.054,-0.012,-0.007,2556,0
965256,4.621,8.583,-0.153,0.034,-0.023,-0.005,2556,0
965276,4.652,8.538,-0.127,0.02,-0.028,-0.007,2556,0
965296,4.609,8.523,-0.132,0.025,-0.013,-0.019,2555,0
965316,4.602,8.54,-0.081,0.044,-0.005,-0.032,2558,0
965336,4.602,8.622,-0.045,0.058,-0.015,-0.039,2555,0
965356,4.64,8.679,-0.055,0.051,-0.031,-0.031,2555,0
965376,4.652,8.672,-0.048,0.043,-0.042,-0.024,2555,0
965396,4.659,8.672,-0.019,0.052,-0.033,-0.024,2555,0
965416,4.614,8.701,-0.06,0.069,-0.044,-0.023,2556,0
965436,4.628,8.732,-0.129,0.061,-0.056,-0.021,2556,0
965456,4.669,8.665,-0.165,0.043,-0.057,-0.017,2554,0
965476,4.671,8.667,-0.213,0.047,-0.044,-0.03,2555,0
965496,4.638,8.756,-0.223,0.05,-0.024,-0.033,2556,0
965516,4.611,8.842,-0.146,0.035,-0.012,-0.017,2555,0
965536,4.642,8.811,-0.098,0.022,-0.017,0.0,2557,0
965556,4.652,8.734,-0.041,0.031,-0.017,0.007,2555,0
965576,4.626,8.689,-0.036,0.048,-0.027,0.006,2555,0
965596,4.638,8.655,-0.124,0.041,-0.037,0.009,2556,0
965616,4.685,8.552,-0.151,0.026,-0.037,0.015,2556,0
965636,4.707,8.485,-0.208,0.027,-0.037,0.003,2556,0
965656,4.633,8.519,-0.22,0.039,-0.035,-0.026,2556,0
965676,4.571,8.691,-0.273,0.049,-0.036,-0.038,2556,0
965696,4.616,8.77,-0.323,0.039,-0.013,-0.019,2556,0
965716,4.628,8.72,-0.249,0.019,0.013,0.003,2555,0
965736,4.623,8.619,-0.194,0.009,0.012,0.003,2556,0
965756,4.623,8.564,-0.23,0.008,0.011,-0.014,2554,0
965776,4.645,8.562,-0.271,0.01,0.025,-0.029,2555,0
965796,4.616,8.672,-0.314,-0.005,0.047,-0.031,2554,0
965816,4.561,8.784,-0.249,-0.027,0.074,-0.029,2555,0
965836,4.539,8.938,-0.101,-0.036,0.1,-0.017,2554,0
965856,4.587,8.959,0.017,-0.033,0.119,0.006,2553,0
965876,4.611,8.887,0.12,-0.029,0.118,0.023,2552,0
965896,4.63,8.811,0.136,-0.026,0.09,0.032,2552,0
965916,4.681,8.734,0.077,-0.041,0.076,0.037,2552,0
965936,4.695,8.681,0.081,-0.039,0.088,0.029,2553,0
965956,4.657,8.722,0.153,-0.027,0.106,0.021,2551,0
965976,4.647,8.736,0.187,-0.032,0.108,0.032,2550,0
965996,4.657,8.698,0.151,-0.047,0.104,0.04,2552,0
966016,4.69,8.665,0.172,-0.066,0.116,0.038,2549,0
966036,4.635,8.619,0.235,-0.067,0.147,0.03,2550,0
966056,4.575,8.559,0.278,-0.053,0.16,0.019,2547,0
966076,4.59,8.617,0.187,-0.025,0.159,0.004,2548,0
966096,4.623,8.72,0.175,-0.053,0.198,0.014,2545,0
966116,4.64,8.602,0.247,-0.107,0.263,0.028,2545,0
966136,4.7,8.452,0.424,-0.119,0.327,0.011,2543,0
966156,4.709,8.423,0.424,-0.143,0.395,-0.01,2541,0
966176,4.731,8.399,0.678,-0.207,0.466,-0.028,2538,0
966196,4.86,8.26,1.137,-0.265,0.537,-0.056,2532,0
966216,4.973,8.171,1.549,-0.321,0.596,-0.094,2528,0
966236,5.145,8.016,2.045,-0.348,0.705,-0.151,2528,0
966256,5.351,7.884,2.629,-0.366,0.831,-0.23,2519,0
966276,5.272,7.74,3.249,-0.387,1.029,-0.329,2512,0
966296,5.289,7.968,3.785,-0.518,1.159,-0.415,2508,0
966316,5.215,8.241,4.456,-0.72,1.316,-0.481,2499,0
966336,4.915,8.478,5.286,-0.957,1.488,-0.517,2494,0
966356,4.618,8.274,6.151,-1.015,1.597,-0.574,2482,0
966376,4.812,7.87,7.369,-0.739,1.913,-0.721,2473,0
966396,4.283,8.497,8.528,-0.511,2.498,-0.836,2452,0
966416,3.01,9.792,10.183,-0.742,3.204,-0.84,2429,0
966436,-0.067,10.894,12.16,-1.301,3.919,-0.756,2396,0
966456,-3.373,12.467,14.89,-1.385,2.585,-0.379,2364,0
966476,-6.112,8.746,16.352,-0.537,-2.628,0.179,2332,0
966496,-8.49,6.237,12.412,1.126,-8.731,0.318,2302,0
966516,-8.581,6.862,4.961,2.045,-8.731,-0.242,2340,0
966536,-8.918,7.226,0.304,2.429,-8.731,-0.436,2415,0
966556,-8.416,7.238,-4.836,2.775,-8.731,-0.423,2501,0
966576,-6.34,10.839,-11.478,3.113,-8.731,-0.816,2558,0
966596,-4.487,11.396,-12.486,2.356,-7.31,-0.042,2591,0
966616,-5.119,10.654,-12.763,1.212,-3.821,1.061,2581,0
966636,-5.775,8.43,-12.285,0.419,-1.836,1.694,2557,0
966656,-4.211,7.484,-11.021,0.059,-0.971,1.612,2544,0
966676,-1.319,6.045,-9.39,-0.097,-0.419,1.197,2540,0
966696,0.622,5.255,-8.346,-0.132,0.074,0.829,2537,0
966716,1.693,5.212,-7.197,-0.15,0.572,0.516,2532,0
966736,1.753,5.516,-6.213,-0.165,0.815,0.282,2527,0
966756,1.863,5.799,-5.442,-0.123,0.618,0.046,2524,0
966776,2.43,6.412,-5.274,-0.126,0.331,-0.081,2523,0
966796,3.077,6.797,-5.265,-0.196,0.243,-0.073,2525,0
966816,3.534,6.96,-5.234,-0.232,0.293,-0.043,2525,0
966836,3.608,7.07,-4.97,-0.154,0.368,-0.1,2529,0
966856,3.285,7.424,-4.724,0.0,0.351,-0.201,2530,0
966876,3.273,7.908,-4.424,0.061,0.11,-0.237,2530,0
966896,3.603,7.985,-4.575,0.072,-0.042,-0.234,2533,0
966916,3.788,8.018,-4.827,0.091,-0.046,-0.217,2534,0
966936,3.788,8.023,-5.042,0.123,0.01,-0.22,2532,0
966956,3.618,8.083,-5.08,0.16,0.047,-0.246,2533,0
966976,3.462,8.253,-5.061,0.187,0.038,-0.29,2534,0
966996,3.431,8.538,-5.1,0.164,0.133,-0.299,2538,0
967016,3.486,8.748,-4.896,0.076,0.28,-0.234,2538,0
967036,3.608,8.825,-4.525,-0.009,0.398,-0.153,2538,0
967056,3.656,8.844,-4.003,-0.049,0.488,-0.101,2538,0
967076,3.728,8.918,-3.512,-0.071,0.48,-0.07,2535,0
967096,3.776,8.837,-3.232,-0.064,0.402,-0.031,2534,0
967116,3.915,8.612,-3.302,-0.033,0.294,-0.009,2535,0
967136,3.862,8.449,-3.527,0.015,0.216,-0.009,2533,0
967156,3.828,8.444,-3.713,0.026,0.175,-0.006,2533,0
967176,3.867,8.485,-3.646,-0.002,0.185,0.018,2532,0
967196,3.757,8.514,-3.508,-0.032,0.183,0.052,2536,0
967216,3.725,8.416,-3.481,-0.056,0.11,0.083,2535,0
967236,3.771,8.207,-3.685,-0.057,0.052,0.091,2538,0
967256,3.9,8.083,-3.804,-0.027,0.048,0.059,2541,0
967276,4.013,8.171,-3.687,-0.005,0.114,0.02,2542,0
967296,3.907,8.25,-3.45,0.003,0.143,0.007,2541,0
967316,3.776,8.219,-3.361,0.037,0.068,-0.006,2542,0
967336,3.776,8.291,-3.462,0.076,-0.061,-0.021,2542,0
967356,3.876,8.308,-3.634,0.085,-0.122,-0.023,2541,0
967376,3.826,8.262,-3.773,0.096,-0.12,-0.027,2542,0
967396,3.728,8.282,-3.929,0.119,-0.113,-0.044,2543,0
967416,3.637,8.356,-4.065,0.118,-0.098,-0.044,2543,0
967436,3.61,8.356,-4.099,0.092,-0.086,-0.021,2543,0
967456,3.673,8.308,-4.092,0.035,-0.051,0.016,2544,0
967476,3.79,8.224,-3.982,-0.011,-0.018,0.024,2544,0
967496,3.766,8.2,-3.855,0.014,-0.003,-0.001,2545,0
967516,3.73,8.226,-3.859,0.054,-0.026,-0.024,2546,0
967536,3.742,8.284,-3.979,0.054,-0.037,-0.021,2550,0
967556,3.675,8.255,-4.073,0.002,-0.02,0.009,2553,0
967576,3.625,8.176,-4.027,-0.021,-0.003,0.013,2555,0
967596,3.644,8.164,-3.996,-0.002,0.014,-0.015,2556,0
967616,3.613,8.26,-3.96,0.024,0.033,-0.027,2556,0
967636,3.546,8.296,-3.893,0.021,0.029,-0.009,2558,0
967656,3.639,8.236,-3.876,0.006,0.01,0.005,2558,0
967676,3.735,8.147,-3.879,0.015,0.017,-0.011,2559,0
967696,3.771,8.222,-3.9,0.03,0.038,-0.036,2558,0
967716,3.711,8.286,-3.836,0.029,0.028,-0.035,2559,0
967736,3.754,8.277,-3.84,0.014,0.008,-0.021,2559,0
967756,3.804,8.272,-3.785,0.021,0.012,-0.03,2559,0
967776,3.745,8.356,-3.742,0.061,0.014,-0.055,2559,0
967796,3.725,8.492,-3.761,0.069,0.003,-0.049,2559,0
967816,3.759,8.461,-3.709,0.047,-0.006,-0.014,2559,0
967836,3.8,8.356,-3.723,0.035,-0.026,0.001,2559,0
967856,3.821,8.274,-3.759,0.051,-0.033,-0.018,2559,0
967876,3.804,8.274,-3.828,0.058,-0.023,-0.033,2559,0
967896,3.804,8.329,-3.778,0.056,-0.022,-0.039,2559,0
967916,3.733,8.399,-3.735,0.049,-0.025,-0.034,2559,0
967936,3.663,8.487,-3.749,0.039,-0.052,-0.02,2559,0
967956,3.721,8.456,-3.824,0.025,-0.056,0.004,2559,0
967976,3.802,8.339,-3.816,0.02,-0.039,0.015,2559,0
967996,3.778,8.317,-3.807,0.042,-0.016,-0.003,2561,0
968016,3.709,8.361,-3.785,0.052,-0.02,-0.005,2562,0
968036,3.733,8.339,-3.788,0.023,-0.025,0.02,2565,0
968056,3.792,8.229,-3.701,0.012,-0.035,0.022,2559,0
968076,3.778,8.2,-3.625,0.044,-0.039,-0.007,2561,0
968096,3.694,8.291,-3.709,0.059,-0.054,-0.026,2561,0
968116,3.737,8.301,-3.745,0.046,-0.063,-0.019,2565,0
968136,3.78,8.255,-3.776,0.05,-0.083,-0.015,2561,0
968156,3.788,8.279,-3.812,0.048,-0.08,-0.019,2559,0
968176,3.687,8.346,-3.742,0.047,-0.067,-0.021,2562,0
968196,3.642,8.38,-3.761,0.071,-0.083,-0.025,2561,0
968216,3.646,8.416,-3.905,0.074,-0.092,-0.017,2559,0
968236,3.632,8.349,-3.955,0.049,-0.079,0.006,2561,0
968256,3.663,8.272,-3.95,0.019,-0.064,0.019,2559,0
968276,3.709,8.207,-3.883,0.023,-0.04,0.003,2565,0
968296,3.642,8.279,-3.857,0.052,-0.039,-0.015,2559,0
968316,3.618,8.329,-3.922,0.035,-0.042,-0.006,2559,0
968336,3.677,8.267,-3.864,0.003,-0.037,0.011,2559,0
968356,3.716,8.217,-3.816,0.009,-0.042,0.001,2559,0
968376,3.704,8.236,-3.773,0.028,-0.05,-0.023,2561,0
968396,3.601,8.32,-3.876,0.048,-0.064,-0.037,2564,0
968416,3.589,8.389,-3.953,0.035,-0.055,-0.015,2559,0
968436,3.587,8.327,-3.938,0.014,-0.038,0.009,2562,0
968456,3.608,8.226,-3.907,0.008,-0.037,0.002,2559,0
968476,3.596,8.241,-3.929,0.027,-0.031,-0.022,2567,0
968496,3.608,8.327,-3.888,0.044,-0.017,-0.03,2562,0
