2703685,3.175,8.61,1.14,5.397,0.081,-2.026,2374,0
2703705,3.531,9.354,0.881,4.997,-0.044,-1.77,2379,0
2703725,3.007,9.1,0.385,4.365,0.025,-1.701,2382,0
2703745,2.564,9.402,-0.067,3.945,0.102,-1.586,2384,0
2703765,2.495,10.027,-1.077,3.341,0.049,-1.491,2388,0
2703785,2.263,10.08,-1.563,2.602,-0.002,-1.418,2394,0
2703805,1.829,10.12,-1.259,2.474,0.147,-1.184,2403,0
2703825,1.659,10.008,-1.585,2.232,0.108,-1.086,2411,0
2703845,1.563,9.981,-2.258,2.136,0.147,-1.008,2416,0
2703865,1.31,10.216,-2.99,1.847,0.149,-0.869,2416,0
2703885,0.831,10.374,-3.273,1.304,0.124,-0.679,2418,0
2703905,0.783,10.858,-3.065,0.774,0.01,-0.441,2422,0
2703925,0.804,10.783,-3.237,0.334,-0.056,-0.242,2427,0
2703945,0.838,10.628,-3.16,-0.041,-0.124,-0.063,2430,0
2703965,0.986,10.271,-2.868,-0.342,-0.15,0.04,2431,0
2703985,1.077,9.895,-2.559,-0.435,-0.149,0.085,2432,0
2704005,1.302,9.397,-2.337,-0.333,-0.118,0.066,2432,0
2704025,1.477,8.806,-2.227,-0.014,-0.056,-0.007,2431,0
2704045,1.508,8.641,-2.26,0.413,0.028,-0.097,2431,0
2704065,1.353,9.105,-2.38,0.722,0.138,-0.187,2430,0
2704085,1.147,9.673,-2.636,0.815,0.161,-0.212,2431,0
2704105,0.989,9.998,-2.725,0.646,0.112,-0.139,2430,0
2704125,0.905,10.029,-2.863,0.343,0.035,-0.04,2431,0
2704145,0.912,9.91,-2.832,0.006,-0.059,0.047,2429,0
2704165,0.991,9.629,-2.758,-0.229,-0.148,0.127,2427,0
2704185,1.111,9.459,-2.66,-0.309,-0.188,0.138,2426,0
2704205,1.226,9.029,-2.753,-0.26,-0.161,0.095,2426,0
2704225,1.314,8.827,-2.729,-0.12,-0.114,0.042,2426,0
2704245,1.298,9.009,-2.763,0.062,-0.039,-0.016,2427,0
2704265,1.317,9.266,-2.761,0.224,0.014,-0.045,2427,0
2704285,1.235,9.486,-2.77,0.248,0.028,-0.041,2428,0
2704305,1.183,9.646,-2.799,0.156,0.008,-0.034,2427,0
2704325,1.149,9.72,-2.799,0.021,-0.03,-0.009,2426,0
2704345,1.178,9.574,-2.72,-0.087,-0.048,0.019,2427,0
2704365,1.168,9.464,-2.698,-0.099,-0.066,0.041,2425,0
2704385,1.156,9.438,-2.653,-0.068,-0.056,0.04,2426,0
2704405,1.125,9.409,-2.713,-0.034,-0.054,0.047,2427,0
2704425,1.171,9.419,-2.729,-0.023,-0.054,0.061,2428,0
2704445,1.25,9.395,-2.732,-0.034,-0.049,0.072,2428,0
2704465,1.295,9.309,-2.643,-0.065,-0.051,0.058,2428,0
2704485,1.295,9.201,-2.574,-0.081,-0.048,0.042,2427,0
2704505,1.329,9.187,-2.612,-0.057,-0.038,0.018,2426,0
2704525,1.293,9.177,-2.557,-0.021,-0.024,-0.009,2426,0
2704545,1.221,9.294,-2.598,0.017,-0.019,-0.047,2427,0
2704565,1.214,9.438,-2.521,0.019,-0.031,-0.067,2427,0
2704585,1.204,9.469,-2.435,0.007,-0.056,-0.052,2429,0
2704605,1.185,9.45,-2.416,-0.021,-0.072,-0.017,2430,0
2704625,1.176,9.474,-2.37,-0.03,-0.08,-0.001,2430,0
2704645,1.173,9.469,-2.48,-0.03,-0.09,-0.007,2430,0
2704665,1.247,9.385,-2.595,-0.014,-0.083,-0.014,2430,0
2704685,1.343,9.376,-2.631,-0.003,-0.064,-0.006,2430,0
2704705,1.31,9.321,-2.6,-0.038,-0.032,-0.003,2429,0
2704725,1.267,9.388,-2.528,-0.041,-0.008,-0.037,2429,0
2704745,1.202,9.419,-2.598,-0.001,0.006,-0.058,2429,0
2704765,1.171,9.467,-2.591,0.047,0.008,-0.038,2430,0
2704785,1.166,9.45,-2.519,0.059,0.008,-0.019,2428,0
2704805,1.156,9.507,-2.421,0.06,0.006,-0.035,2430,0
2704825,1.147,9.519,-2.337,0.065,-0.001,-0.044,2428,0
2704845,1.118,9.519,-2.358,0.092,-0.027,-0.026,2431,0
2704865,1.132,9.598,-2.409,0.111,-0.039,0.01,2430,0
2704885,1.082,9.553,-2.44,0.094,-0.029,0.036,2430,0
2704905,1.116,9.524,-2.449,0.066,-0.033,0.054,2428,0
2704925,1.211,9.493,-2.368,0.028,-0.029,0.033,2429,0
2704945,1.223,9.33,-2.382,-0.013,-0.023,-0.01,2427,0
2704965,1.223,9.354,-2.298,-0.001,-0.038,-0.029,2427,0
2704985,1.176,9.469,-2.392,0.038,-0.034,-0.026,2428,0
2705005,1.041,9.61,-2.483,0.075,-0.033,-0.011,2428,0
2705025,1.02,9.687,-2.631,0.072,-0.032,-0.007,2426,0
2705045,1.03,9.761,-2.552,0.05,-0.037,-0.007,2430,0
2705065,1.116,9.637,-2.492,0.014,-0.051,0.007,2431,0
2705085,1.188,9.507,-2.44,0.004,-0.065,0.035,2431,0
2705105,1.176,9.495,-2.49,0.026,-0.041,0.02,2430,0
2705125,1.111,9.476,-2.674,0.065,-0.019,-0.017,2431,0
2705145,1.164,9.316,-2.758,0.086,0.011,-0.009,2432,0
2705165,1.247,9.321,-2.648,0.086,0.005,0.059,2433,0
2705185,1.326,9.354,-2.531,0.081,0.017,0.066,2434,0
2705205,1.317,9.237,-2.516,0.061,0.028,0.034,2434,0
2705225,1.307,9.304,-2.488,0.056,0.026,0.006,2434,0
2705245,1.288,9.349,-2.476,0.084,0.029,-0.006,2435,0
2705265,1.238,9.404,-2.495,0.11,0.021,0.013,2436,0
2705285,1.219,9.503,-2.471,0.132,0.012,0.011,2435,0
2705305,1.202,9.555,-2.504,0.117,0.009,-0.002,2435,0
2705325,1.264,9.55,-2.512,0.076,0.004,0.003,2435,0
2705345,1.329,9.409,-2.418,0.014,-0.009,0.007,2436,0
2705365,1.425,9.234,-2.265,-0.029,-0.02,-0.01,2436,0
2705385,1.338,9.215,-2.184,-0.024,-0.037,-0.035,2436,0
2705405,1.149,9.452,-2.279,-0.018,-0.051,-0.063,2437,0
2705425,1.053,9.601,-2.559,-0.019,-0.066,-0.062,2437,0
2705445,1.12,9.584,-2.634,-0.022,-0.067,-0.019,2438,0
2705465,1.192,9.483,-2.598,-0.032,-0.063,0.006,2437,0
2705485,1.231,9.404,-2.464,-0.058,-0.076,0.005,2435,0
2705505,1.226,9.347,-2.406,-0.087,-0.091,-0.015,2435,0
2705525,1.24,9.354,-2.404,-0.052,-0.097,-0.029,2436,0
2705545,1.259,9.371,-2.421,0.029,-0.081,-0.023,2438,0
2705565,1.228,9.431,-2.452,0.09,-0.067,-0.017,2436,0
2705585,1.19,9.546,-2.478,0.085,-0.06,-0.037,2436,0
2705605,1.144,9.536,-2.61,0.06,-0.045,-0.056,2436,0
2705625,1.156,9.474,-2.665,0.073,-0.023,-0.048,2437,0
2705645,1.152,9.474,-2.65,0.11,0.001,-0.039,2437,0
2705665,1.106,9.522,-2.586,0.13,0.02,-0.038,2437,0
2705685,1.039,9.622,-2.495,0.124,0.014,-0.041,2436,0
2705705,0.991,9.692,-2.495,0.091,-0.004,-0.03,2435,0
2705725,1.039,9.711,-2.444,0.054,-0.031,0.008,2437,0
2705745,1.097,9.618,-2.428,0.008,-0.038,0.035,2437,0
2705765,1.106,9.503,-2.404,-0.008,-0.033,0.034,2436,0
2705785,1.125,9.452,-2.468,-0.01,-0.038,0.029,2437,0
2705805,1.211,9.479,-2.456,-0.001,-0.031,0.027,2438,0
2705825,1.211,9.469,-2.54,-0.022,-0.004,0.032,2437,0
2705845,1.161,9.51,-2.619,-0.049,0.029,0.042,2438,0
2705865,1.176,9.505,-2.555,-0.058,0.049,0.054,2439,0
2705885,1.19,9.426,-2.377,-0.06,0.032,0.067,2438,0
2705905,1.262,9.33,-2.215,-0.057,0.004,0.067,2438,0
2705925,1.264,9.225,-2.15,-0.032,-0.015,0.05,2437,0
2705945,1.283,9.273,-2.198,-0.003,-0.021,0.029,2437,0
2705965,1.286,9.378,-2.239,0.025,-0.013,0.009,2438,0
2705985,1.286,9.397,-2.318,0.044,-0.009,0.006,2437,0
2706005,1.281,9.426,-2.361,0.043,-0.014,0.003,2437,0
2706025,1.358,9.421,-2.356,0.039,-0.012,0.005,2437,0
2706045,1.379,9.39,-2.308,0.029,-0.004,-0.003,2438,0
2706065,1.381,9.445,-2.303,0.038,0.003,-0.027,2439,0
2706085,1.312,9.558,-2.358,0.064,0.011,-0.039,2438,0
2706105,1.298,9.598,-2.342,0.077,0.003,-0.017,2439,0
2706125,1.305,9.606,-2.361,0.059,-0.003,0.023,2438,0
2706145,1.283,9.558,-2.279,0.023,-0.002,0.022,2438,0
2706165,1.233,9.481,-2.258,0.007,-0.015,0.009,2438,0
2706185,1.25,9.474,-2.251,0.028,-0.032,0.018,2437,0
2706205,1.245,9.421,-2.282,0.048,-0.033,0.023,2439,0
2706225,1.247,9.419,-2.313,0.058,-0.038,0.027,2442,0
2706245,1.231,9.436,-2.358,0.046,-0.034,0.021,2440,0
2706265,1.269,9.409,-2.313,0.018,-0.043,0.008,2440,0
2706285,1.286,9.33,-2.294,0.008,-0.045,0.003,2440,0
2706305,1.298,9.345,-2.354,0.032,-0.033,-0.007,2440,0
2706325,1.29,9.443,-2.322,0.067,-0.03,-0.011,2439,0
2706345,1.221,9.505,-2.32,0.075,-0.037,-0.013,2440,0
2706365,1.231,9.586,-2.318,0.059,-0.051,-0.017,2441,0
2706385,1.274,9.567,-2.32,0.04,-0.056,-0.007,2440,0
2706405,1.293,9.596,-2.308,0.043,-0.047,0.002,2441,0
2706425,1.276,9.615,-2.332,0.042,-0.033,0.002,2440,0
2706445,1.281,9.625,-2.327,0.03,-0.036,0.022,2440,0
2706465,1.283,9.498,-2.284,-0.009,-0.046,0.028,2440,0
2706485,1.338,9.366,-2.191,-0.022,-0.062,0.013,2441,0
2706505,1.331,9.292,-2.267,0.004,-0.062,0.003,2440,0
2706525,1.29,9.347,-2.325,0.047,-0.054,-0.003,2441,0
2706545,1.259,9.503,-2.365,0.079,-0.05,-0.005,2441,0
2706565,1.176,9.558,-2.425,0.062,-0.055,-0.001,2439,0
2706585,1.267,9.481,-2.351,0.034,-0.07,0.014,2441,0
2706605,1.267,9.414,-2.373,0.021,-0.068,0.017,2440,0
2706625,1.267,9.361,-2.354,0.033,-0.058,0.001,2439,0
2706645,1.226,9.474,-2.404,0.077,-0.05,-0.006,2439,0
2706665,1.317,9.491,-2.322,0.085,-0.046,-0.003,2440,0
2706685,1.334,9.431,-2.322,0.054,-0.038,-0.006,2441,0
2706705,1.334,9.404,-2.265,0.011,-0.034,-0.017,2439,0
2706725,1.298,9.457,-2.195,0.007,-0.035,-0.028,2438,0
2706745,1.293,9.448,-2.179,0.02,-0.055,-0.027,2438,0
2706765,1.245,9.448,-2.241,0.041,-0.064,-0.022,2438,0
2706785,1.231,9.531,-2.342,0.058,-0.069,-0.022,2438,0
2706805,1.195,9.555,-2.454,0.056,-0.067,-0.005,2439,0
2706825,1.216,9.55,-2.478,0.042,-0.067,0.007,2439,0
2706845,1.302,9.5,-2.421,0.024,-0.067,0.006,2439,0
2706865,1.367,9.448,-2.416,0.027,-0.045,-0.003,2438,0
2706885,1.372,9.457,-2.354,0.049,-0.031,-0.009,2438,0
2706905,1.31,9.464,-2.33,0.058,-0.021,-0.013,2438,0
2706925,1.257,9.524,-2.306,0.052,-0.028,-0.009,2439,0
2706945,1.226,9.51,-2.334,0.026,-0.041,-0.009,2438,0
2706965,1.281,9.512,-2.334,0.023,-0.042,0.003,2439,0
2706985,1.252,9.483,-2.334,0.018,-0.029,0.006,2438,0
2707005,1.214,9.512,-2.356,0.03,-0.027,0.003,2439,0
2707025,1.235,9.467,-2.365,0.033,-0.039,0.007,2438,0
2707045,1.283,9.443,-2.332,0.043,-0.044,-0.007,2439,0
2707065,1.293,9.44,-2.298,0.042,-0.028,-0.021,2439,0
2707085,1.255,9.527,-2.322,0.041,-0.015,-0.01,2437,0
2707105,1.228,9.61,-2.296,0.045,-0.018,0.008,2438,0
2707125,1.259,9.543,-2.251,0.034,-0.037,0.022,2438,0
2707145,1.322,9.455,-2.219,0.03,-0.042,0.015,2438,0
2707165,1.322,9.366,-2.286,0.031,-0.029,0.009,2438,0
2707185,1.25,9.457,-2.32,0.047,-0.029,0.003,2438,0
2707205,1.161,9.534,-2.349,0.043,-0.04,0.002,2438,0
2707225,1.235,9.474,-2.387,0.035,-0.052,0.014,2438,0
2707245,1.295,9.278,-2.337,0.024,-0.041,0.003,2437,0
2707265,1.288,9.256,-2.358,0.036,-0.029,-0.022,2437,0
2707285,1.211,9.323,-2.404,0.043,-0.018,-0.035,2438,0
2707305,1.164,9.361,-2.464,0.056,-0.021,-0.034,2438,0
2707325,1.231,9.371,-2.452,0.052,-0.011,-0.048,2439,0
2707345,1.264,9.364,-2.368,0.056,-0.001,-0.05,2437,0
2707365,1.31,9.416,-2.301,0.078,0.004,-0.047,2438,0
2707385,1.298,9.486,-2.289,0.092,0.001,-0.044,2438,0
2707405,1.31,9.579,-2.263,0.107,-0.001,-0.047,2435,0
2707425,1.31,9.632,-2.282,0.11,-0.004,-0.038,2436,0
2707445,1.298,9.73,-2.279,0.105,-0.004,-0.029,2437,0
2707465,1.25,9.737,-2.255,0.065,-0.012,-0.023,2435,0
2707485,1.259,9.689,-2.291,0.024,-0.034,-0.003,2438,0
2707505,1.286,9.572,-2.294,0.011,-0.035,0.011,2438,0
2707525,1.264,9.495,-2.277,0.024,-0.025,0.003,2437,0
2707545,1.173,9.512,-2.382,0.03,-0.024,-0.01,2437,0
2707565,1.178,9.438,-2.375,0.02,-0.027,-0.001,2436,0
2707585,1.192,9.34,-2.418,0.007,-0.04,0.007,2436,0
2707605,1.235,9.258,-2.507,0.003,-0.027,-0.021,2437,0
2707625,1.195,9.313,-2.478,0.041,-0.017,-0.047,2436,0
2707645,1.18,9.412,-2.459,0.039,-0.003,-0.061,2436,0
2707665,1.233,9.493,-2.375,0.045,0.003,-0.053,2435,0
2707685,1.183,9.536,-2.339,0.04,0.02,-0.045,2437,0
2707705,1.132,9.534,-2.248,0.024,0.014,-0.03,2435,0
2707725,1.154,9.567,-2.243,0.026,-0.013,-0.021,2436,0
2707745,1.159,9.495,-2.289,0.029,-0.037,-0.019,2437,0
2707765,1.226,9.498,-2.265,0.044,-0.043,-0.019,2435,0
2707785,1.231,9.548,-2.198,0.037,-0.03,-0.024,2434,0
2707805,1.147,9.634,-2.157,0.015,-0.025,-0.022,2436,0
2707825,1.082,9.711,-2.164,-0.009,-0.031,-0.022,2437,0
2707845,1.018,9.723,-2.258,-0.032,-0.052,-0.023,2437,0
2707865,1.027,9.704,-2.332,-0.022,-0.067,0.016,2436,0
2707885,1.039,9.732,-2.423,-0.005,-0.06,0.063,2435,0
2707905,1.068,9.615,-2.421,-0.005,-0.048,0.079,2434,0
2707925,1.099,9.517,-2.346,-0.033,-0.054,0.084,2435,0
2707945,1.113,9.412,-2.289,-0.057,-0.061,0.07,2437,0
2707965,1.195,9.342,-2.263,-0.045,-0.068,0.057,2435,0
2707985,1.262,9.373,-2.291,-0.002,-0.059,0.059,2434,0
2708005,1.279,9.436,-2.265,0.033,-0.042,0.049,2435,0
2708025,1.245,9.474,-2.248,0.035,-0.044,0.044,2436,0
2708045,1.25,9.469,-2.193,0.015,-0.048,0.038,2436,0
2708065,1.298,9.436,-2.186,0.0,-0.047,0.043,2436,0
2708085,1.314,9.392,-2.191,0.009,-0.037,0.043,2434,0
2708105,1.276,9.385,-2.193,0.038,-0.032,0.03,2434,0
2708125,1.319,9.402,-2.217,0.062,-0.044,0.022,2436,0
2708145,1.331,9.385,-2.267,0.066,-0.039,0.006,2435,0
2708165,1.353,9.38,-2.224,0.054,-0.028,-0.015,2435,0
2708185,1.324,9.424,-2.164,0.039,-0.018,-0.032,2436,0
2708205,1.288,9.457,-2.133,0.04,-0.024,-0.043,2435,0
2708225,1.281,9.467,-2.169,0.056,-0.023,-0.036,2435,0
2708245,1.211,9.519,-2.172,0.065,-0.024,-0.005,2434,0
2708265,1.188,9.572,-2.174,0.052,-0.028,0.003,2435,0
2708285,1.19,9.534,-2.234,0.029,-0.042,-0.005,2436,0
2708305,1.18,9.55,-2.239,0.03,-0.058,-0.004,2435,0
2708325,1.209,9.483,-2.198,0.021,-0.068,-0.002,2438,0
2708345,1.207,9.462,-2.145,0.021,-0.07,0.008,2435,0
2708365,1.262,9.414,-2.167,0.046,-0.054,-0.002,2437,0
2708385,1.221,9.464,-2.169,0.074,-0.041,-0.009,2436,0
2708405,1.243,9.519,-2.164,0.08,-0.054,-0.008,2435,0
2708425,1.238,9.507,-2.167,0.071,-0.066,0.012,2436,0
2708445,1.252,9.565,-2.195,0.055,-0.074,0.016,2436,0
2708465,1.293,9.637,-2.073,0.059,-0.073,0.005,2437,0
2708485,1.188,9.629,-2.198,0.056,-0.084,0.021,2435,0
2708505,1.195,9.677,-2.248,0.059,-0.111,0.047,2436,0
2708525,1.252,9.55,-2.31,0.054,-0.105,0.049,2435,0
2708545,1.314,9.503,-2.291,0.038,-0.094,0.052,2436,0
2708565,1.3,9.527,-2.26,0.03,-0.069,0.044,2435,0
2708585,1.29,9.507,-2.272,0.026,-0.059,0.021,2434,0
2708605,1.338,9.481,-2.239,0.023,-0.055,0.009,2436,0
2708625,1.341,9.5,-2.195,0.021,-0.046,-0.005,2436,0
2708645,1.353,9.543,-2.172,0.021,-0.038,-0.006,2436,0
2708665,1.271,9.546,-2.181,0.002,-0.037,0.009,2436,0
2708685,1.243,9.507,-2.251,0.007,-0.057,0.018,2436,0
2708705,1.295,9.495,-2.289,0.023,-0.065,0.012,2435,0
2708725,1.322,9.433,-2.198,0.038,-0.062,0.004,2435,0
2708745,1.283,9.488,-2.172,0.04,-0.053,0.007,2434,0
2708765,1.262,9.527,-2.181,0.034,-0.059,0.009,2435,0
2708785,1.235,9.476,-2.227,0.023,-0.064,0.027,2434,0
2708805,1.31,9.409,-2.258,0.029,-0.065,0.032,2435,0
2708825,1.319,9.33,-2.308,0.024,-0.053,0.011,2434,0
2708845,1.331,9.395,-2.294,0.031,-0.038,-0.009,2433,0
2708865,1.331,9.459,-2.277,0.04,-0.028,-0.013,2434,0
2708885,1.288,9.517,-2.205,0.043,-0.022,-0.018,2434,0
2708905,1.319,9.586,-2.131,0.045,-0.036,-0.021,2434,0
2708925,1.319,9.586,-2.167,0.036,-0.045,-0.012,2436,0
2708945,1.355,9.57,-2.193,0.032,-0.053,0.008,2435,0
2708965,1.331,9.594,-2.248,0.05,-0.039,0.017,2435,0
2708985,1.29,9.567,-2.265,0.048,-0.039,0.026,2435,0
2709005,1.31,9.558,-2.219,0.038,-0.051,0.027,2435,0
2709025,1.338,9.486,-2.174,0.03,-0.053,0.015,2435,0
2709045,1.302,9.419,-2.212,0.027,-0.045,0.014,2434,0
2709065,1.255,9.467,-2.227,0.026,-0.045,0.024,2438,0
2709085,1.288,9.457,-2.227,0.024,-0.046,0.009,2435,0
2709105,1.346,9.404,-2.212,0.025,-0.036,-0.009,2436,0
2709125,1.377,9.462,-2.155,0.036,-0.021,-0.016,2436,0
2709145,1.29,9.491,-2.15,0.028,-0.022,-0.013,2435,0
2709165,1.286,9.55,-2.145,0.033,-0.036,-0.008,2434,0
2709185,1.302,9.493,-2.2,0.034,-0.051,0.006,2434,0
2709205,1.338,9.503,-2.203,0.046,-0.048,0.005,2434,0
2709225,1.338,9.455,-2.21,0.047,-0.042,0.003,2434,0
2709245,1.322,9.495,-2.224,0.043,-0.042,-0.003,2434,0
2709265,1.336,9.51,-2.207,0.044,-0.039,-0.016,2435,0
2709285,1.358,9.507,-2.15,0.033,-0.034,-0.014,2435,0
2709305,1.348,9.524,-2.095,0.036,-0.032,-0.002,2435,0
2709325,1.319,9.522,-2.071,0.036,-0.03,-0.004,2436,0
2709345,1.31,9.534,-2.112,0.036,-0.039,0.001,2434,0
2709365,1.314,9.529,-2.179,0.028,-0.043,0.002,2434,0
2709385,1.298,9.483,-2.215,0.022,-0.051,0.002,2435,0
2709405,1.336,9.55,-2.186,0.033,-0.049,0.001,2434,0
2709425,1.312,9.536,-2.176,0.028,-0.055,0.014,2435,0
2709445,1.329,9.567,-2.136,0.019,-0.058,0.002,2434,0
2709465,1.317,9.548,-2.126,-0.003,-0.061,-0.006,2435,0
2709485,1.322,9.562,-2.155,-0.015,-0.068,0.015,2435,0
2709505,1.3,9.55,-2.138,-0.025,-0.072,0.026,2434,0
2709525,1.298,9.493,-2.155,-0.023,-0.068,0.022,2434,0
2709545,1.346,9.438,-2.188,-0.005,-0.053,0.014,2433,0
2709565,1.35,9.424,-2.174,0.017,-0.041,0.02,2434,0
2709585,1.35,9.433,-2.184,0.029,-0.03,0.019,2434,0
2709605,1.346,9.419,-2.143,0.025,-0.026,0.01,2435,0
2709625,1.341,9.371,-2.109,0.024,-0.024,0.001,2434,0
2709645,1.353,9.4,-2.078,0.044,-0.025,0.002,2434,0
2709665,1.31,9.457,-2.167,0.067,-0.028,-0.001,2434,0
2709685,1.307,9.51,-2.219,0.076,-0.03,-0.001,2434,0
2709705,1.346,9.538,-2.207,0.07,-0.026,0.005,2435,0
2709725,1.348,9.541,-2.14,0.043,-0.015,-0.008,2436,0
2709745,1.334,9.546,-2.112,0.031,-0.014,-0.006,2433,0
2709765,1.372,9.522,-2.073,0.023,-0.008,0.003,2434,0
2709785,1.369,9.464,-2.102,0.018,-0.012,-0.001,2435,0
2709805,1.384,9.483,-2.131,0.013,-0.01,-0.02,2433,0
2709825,1.379,9.498,-2.16,0.028,-0.0,-0.024,2434,0
2709845,1.346,9.555,-2.131,0.04,0.002,-0.011,2434,0
2709865,1.341,9.536,-2.09,0.039,-0.001,0.001,2435,0
2709885,1.286,9.541,-2.03,0.034,-0.011,0.003,2435,0
2709905,1.259,9.55,-2.102,0.038,-0.031,0.014,2436,0
2709925,1.243,9.622,-2.181,0.038,-0.041,0.032,2435,0
2709945,1.25,9.708,-2.318,-0.028,-0.05,0.065,2436,0
2709965,1.343,9.629,-2.277,-0.149,-0.053,0.087,2437,0
2709985,1.422,9.448,-2.184,-0.247,-0.027,0.079,2438,0
2710005,1.518,9.273,-1.958,-0.246,-0.013,0.056,2438,0
2710025,1.516,9.249,-1.884,-0.137,0.019,0.015,2439,0
2710045,1.513,9.263,-1.865,0.028,0.042,-0.018,2440,0
2710065,1.456,9.522,-1.882,0.164,0.047,-0.017,2439,0
2710085,1.482,9.653,-1.937,0.174,0.035,0.001,2441,0
2710105,1.468,9.618,-1.911,0.108,0.035,0.013,2440,0
2710125,1.403,9.558,-1.942,0.038,0.039,-0.007,2443,0
2710145,1.343,9.567,-1.899,0.042,0.033,-0.017,2440,0
2710165,1.324,9.548,-1.882,0.075,0.012,-0.003,2441,0
2710185,1.384,9.5,-1.817,0.106,-0.007,0.018,2443,0
2710205,1.389,9.455,-1.853,0.101,-0.005,0.008,2442,0
2710225,1.346,9.412,-1.908,0.087,0.001,-0.01,2442,0
2710245,1.326,9.395,-1.999,0.075,0.01,-0.018,2444,0
2710265,1.326,9.318,-2.1,0.071,0.018,-0.014,2444,0
2710285,1.326,9.299,-2.133,0.084,0.033,-0.033,2443,0
2710305,1.343,9.345,-2.136,0.112,0.046,-0.051,2443,0
2710325,1.362,9.357,-2.143,0.117,0.061,-0.059,2443,0
2710345,1.343,9.392,-2.076,0.117,0.05,-0.063,2447,0
2710365,1.353,9.452,-2.03,0.13,0.023,-0.078,2447,0
2710385,1.381,9.536,-1.985,0.155,0.013,-0.084,2447,0
2710405,1.398,9.629,-1.956,0.165,0.009,-0.079,2447,0
2710425,1.374,9.73,-1.932,0.139,0.007,-0.068,2447,0
2710445,1.374,9.744,-1.937,0.08,-0.007,-0.062,2447,0
2710465,1.346,9.658,-1.949,0.024,-0.028,-0.052,2448,0
2710485,1.369,9.629,-1.894,0.031,-0.042,-0.046,2448,0
2710505,1.348,9.728,-1.982,0.082,-0.057,-0.036,2447,0
2710525,1.312,9.84,-2.045,0.108,-0.069,-0.016,2447,0
2710545,1.322,9.799,-2.114,0.071,-0.084,0.005,2448,0
2710565,1.396,9.79,-2.157,0.018,-0.083,0.011,2448,0
2710585,1.403,9.809,-2.09,-0.043,-0.088,0.025,2447,0
2710605,1.381,9.737,-2.014,-0.101,-0.098,0.046,2447,0
2710625,1.374,9.668,-1.93,-0.133,-0.113,0.053,2448,0
2710645,1.405,9.574,-1.906,-0.129,-0.115,0.052,2447,0
2710665,1.401,9.565,-1.956,-0.078,-0.106,0.05,2447,0
2710685,1.46,9.538,-1.927,-0.027,-0.1,0.051,2447,0
2710705,1.458,9.503,-1.92,-0.029,-0.107,0.058,2448,0
2710725,1.475,9.428,-1.856,-0.079,-0.128,0.058,2448,0
2710745,1.487,9.364,-1.836,-0.117,-0.139,0.039,2447,0
2710765,1.549,9.282,-1.889,-0.105,-0.129,0.011,2448,0
2710785,1.537,9.251,-1.891,-0.036,-0.109,-0.01,2448,0
2710805,1.525,9.266,-1.865,0.038,-0.092,-0.025,2448,0
2710825,1.427,9.385,-1.753,0.045,-0.119,-0.033,2447,0
2710845,1.334,9.459,-1.709,0.007,-0.152,-0.061,2448,0
2710865,1.257,9.498,-1.824,0.001,-0.161,-0.098,2448,0
2710885,1.111,9.56,-2.054,0.025,-0.133,-0.122,2447,0
2710905,1.027,9.706,-2.313,0.128,-0.101,-0.117,2447,0
2710925,1.032,9.831,-2.392,0.206,-0.062,-0.084,2447,0
2710945,1.099,9.778,-2.334,0.187,-0.046,-0.034,2447,0
2710965,1.137,9.675,-2.188,0.068,-0.053,-0.003,2447,0
2710985,1.211,9.517,-2.061,-0.04,-0.048,-0.018,2446,0
2711005,1.156,9.527,-2.023,-0.036,-0.041,-0.03,2447,0
2711025,1.128,9.632,-2.066,0.056,-0.033,-0.019,2447,0
2711045,1.142,9.723,-2.088,0.126,-0.03,0.01,2448,0
2711065,1.197,9.862,-1.99,0.126,-0.015,0.017,2446,0
2711085,1.178,9.883,-1.944,0.071,-0.008,0.023,2447,0
2711105,1.231,9.823,-1.939,0.025,-0.015,0.048,2447,0
2711125,1.317,9.713,-1.853,0.007,-0.016,0.068,2447,0
2711145,1.322,9.596,-1.856,0.004,-0.015,0.078,2445,0
2711165,1.353,9.598,-1.86,0.012,-0.006,0.08,2447,0
2711185,1.365,9.536,-1.932,0.011,0.002,0.077,2446,0
2711205,1.417,9.471,-1.915,0.005,0.003,0.08,2446,0
2711225,1.477,9.38,-1.925,-0.002,0.013,0.081,2447,0
2711245,1.489,9.33,-1.887,0.008,0.025,0.071,2446,0
2711265,1.427,9.354,-1.872,0.033,0.028,0.055,2446,0
2711285,1.374,9.416,-1.908,0.05,0.015,0.048,2445,0
2711305,1.391,9.412,-1.92,0.06,0.002,0.058,2447,0
2711325,1.432,9.424,-1.894,0.075,-0.006,0.053,2446,0
2711345,1.437,9.419,-1.925,0.079,-0.01,0.062,2445,0
2711365,1.413,9.45,-1.875,0.088,-0.02,0.06,2444,0
2711385,1.358,9.443,-1.942,0.086,-0.009,0.052,2445,0
2711405,1.331,9.541,-1.987,0.105,-0.011,0.066,2446,0
2711425,1.283,9.56,-2.054,0.092,-0.002,0.078,2445,0
2711445,1.314,9.503,-2.136,0.088,0.004,0.087,2446,0
2711465,1.35,9.452,-2.131,0.081,0.022,0.078,2447,0
2711485,1.41,9.421,-2.107,0.082,0.036,0.075,2446,0
2711505,1.444,9.45,-2.066,0.075,0.037,0.075,2446,0
2711525,1.59,9.402,-2.088,0.059,0.03,0.074,2445,0
2711545,1.659,9.4,-2.016,0.066,0.029,0.076,2445,0
2711565,1.626,9.5,-1.944,0.064,0.043,0.054,2445,0
2711585,1.599,9.546,-1.903,0.058,0.027,0.053,2445,0
2711605,1.616,9.641,-1.923,0.063,0.015,0.06,2447,0
2711625,1.621,9.577,-1.951,0.062,0.006,0.072,2446,0
2711645,1.674,9.522,-2.018,0.048,0.003,0.078,2445,0
2711665,1.719,9.476,-2.09,0.025,0.015,0.075,2445,0
2711685,1.803,9.457,-2.037,0.007,0.02,0.072,2446,0
2711705,1.791,9.414,-2.018,-0.0,0.038,0.059,2445,0
2711725,1.796,9.395,-1.844,0.023,0.035,0.063,2445,0
2711745,1.721,9.416,-1.757,0.063,0.032,0.072,2445,0
2711765,1.712,9.407,-1.753,0.097,0.005,0.076,2445,0
2711785,1.707,9.361,-1.776,0.12,-0.027,0.078,2445,0
2711805,1.721,9.263,-1.939,0.125,-0.047,0.066,2445,0
2711825,1.793,9.237,-2.128,0.13,-0.038,0.044,2444,0
2711845,1.834,9.222,-2.14,0.119,-0.012,0.011,2444,0
2711865,1.865,9.227,-2.241,0.102,0.011,-0.016,2444,0
2711885,1.913,9.301,-2.109,0.071,0.028,-0.064,2444,0
2711905,1.856,9.376,-2.133,0.058,0.029,-0.092,2445,0
2711925,1.786,9.606,-2.073,0.073,0.021,-0.095,2445,0
2711945,1.695,9.778,-2.076,0.09,0.019,-0.067,2444,0
2711965,1.681,9.754,-2.071,0.064,0.005,-0.029,2445,0
2711985,1.712,9.651,-2.006,0.038,-0.022,-0.015,2444,0
2712005,1.738,9.601,-2.028,0.034,-0.037,-0.018,2444,0
2712025,1.767,9.613,-2.011,0.065,-0.036,-0.012,2444,0
2712045,1.707,9.653,-2.006,0.069,-0.025,-0.001,2444,0
2712065,1.671,9.675,-1.994,0.037,-0.027,0.015,2444,0
2712085,1.662,9.625,-1.942,0.002,-0.053,0.032,2444,0
2712105,1.592,9.57,-1.961,-0.014,-0.078,0.033,2445,0
2712125,1.669,9.515,-2.042,-0.007,-0.107,0.037,2445,0
2712145,1.664,9.512,-2.049,-0.004,-0.104,0.035,2444,0
2712165,1.686,9.476,-2.061,-0.025,-0.104,0.027,2444,0
2712185,1.702,9.5,-2.081,-0.047,-0.099,0.009,2444,0
2712205,1.736,9.555,-2.081,-0.035,-0.1,-0.007,2444,0
2712225,1.745,9.536,-2.035,-0.023,-0.093,0.009,2443,0
2712245,1.796,9.567,-1.966,0.0,-0.09,0.027,2444,0
2712265,1.757,9.534,-1.975,-0.025,-0.086,0.038,2443,0
2712285,1.798,9.44,-1.942,-0.039,-0.095,0.045,2444,0
2712305,1.87,9.328,-1.884,-0.042,-0.117,0.042,2445,0
2712325,1.86,9.285,-1.879,-0.022,-0.125,0.029,2444,0
2712345,1.858,9.309,-1.944,0.006,-0.12,0.024,2444,0
2712365,1.779,9.404,-1.946,0.015,-0.111,0.025,2444,0
2712385,1.753,9.424,-2.059,-0.005,-0.115,0.018,2442,0
2712405,1.81,9.416,-2.14,-0.014,-0.122,0.012,2443,0
2712425,1.836,9.426,-2.186,-0.001,-0.106,-0.003,2443,0
2712445,1.827,9.45,-2.229,0.011,-0.071,-0.015,2442,0
2712465,1.803,9.498,-2.181,0.023,-0.038,-0.009,2443,0
2712485,1.772,9.555,-2.076,0.019,-0.015,-0.002,2444,0
2712505,1.793,9.515,-1.963,-0.006,-0.015,-0.005,2443,0
2712525,1.81,9.383,-1.822,-0.03,-0.021,-0.015,2443,0
2712545,1.769,9.345,-1.683,-0.019,-0.022,-0.035,2443,0
2712565,1.697,9.5,-1.681,0.016,-0.043,-0.049,2443,0
2712585,1.671,9.615,-1.846,0.032,-0.059,-0.042,2443,0
2712605,1.76,9.651,-1.939,0.015,-0.063,-0.02,2441,0
2712625,1.798,9.546,-1.963,-0.015,-0.046,-0.014,2442,0
2712645,1.762,9.493,-1.911,-0.035,-0.036,-0.006,2443,0
2712665,1.743,9.424,-1.875,-0.03,-0.045,-0.01,2443,0
2712685,1.781,9.402,-1.884,0.001,-0.06,-0.014,2443,0
2712705,1.817,9.342,-1.839,0.024,-0.053,-0.006,2443,0
2712725,1.793,9.294,-1.724,0.029,-0.05,-0.003,2442,0
2712745,1.7,9.345,-1.719,0.03,-0.054,-0.027,2443,0
2712765,1.626,9.5,-1.834,0.053,-0.075,-0.042,2442,0
2712785,1.597,9.618,-1.925,0.06,-0.082,-0.031,2442,0
2712805,1.623,9.62,-1.93,0.046,-0.071,-0.018,2443,0
2712825,1.645,9.565,-1.896,0.014,-0.052,-0.014,2443,0
2712845,1.707,9.493,-1.836,-0.017,-0.039,-0.014,2443,0
2712865,1.755,9.402,-1.827,-0.042,-0.04,-0.017,2442,0
2712885,1.81,9.409,-1.8,-0.018,-0.056,-0.037,2442,0
2712905,1.793,9.503,-1.927,0.004,-0.052,-0.06,2441,0
2712925,1.736,9.641,-1.961,0.037,-0.038,-0.048,2441,0
2712945,1.762,9.752,-1.906,0.018,-0.023,-0.014,2443,0
2712965,1.731,9.649,-1.841,-0.024,-0.005,0.004,2441,0
2712985,1.808,9.507,-1.774,-0.04,-0.005,0.007,2443,0
2713005,1.791,9.385,-1.724,-0.024,0.004,-0.0,2441,0
2713025,1.774,9.443,-1.719,0.028,0.009,-0.013,2442,0
2713045,1.686,9.606,-1.767,0.063,0.01,0.006,2441,0
2713065,1.69,9.598,-1.76,0.053,0.007,0.014,2441,0
2713085,1.748,9.51,-1.633,0.009,0.0,0.008,2442,0
2713105,1.772,9.39,-1.482,-0.01,0.003,-0.007,2443,0
2713125,1.652,9.412,-1.551,0.025,-0.009,-0.007,2441,0
2713145,1.638,9.448,-1.659,0.059,-0.03,0.001,2442,0
2713165,1.666,9.443,-1.676,0.074,-0.038,0.006,2441,0
2713185,1.642,9.471,-1.741,0.067,-0.031,-0.013,2441,0
2713205,1.595,9.538,-1.702,0.06,-0.028,-0.013,2441,0
2713225,1.551,9.641,-1.571,0.076,-0.04,-0.001,2439,0
2713245,1.575,9.747,-1.585,0.085,-0.052,0.008,2441,0
2713265,1.623,9.785,-1.59,0.074,-0.072,0.017,2440,0
2713285,1.695,9.694,-1.686,0.033,-0.065,0.019,2440,0
2713305,1.757,9.603,-1.7,-0.003,-0.056,0.014,2442,0
2713325,1.781,9.582,-1.702,-0.022,-0.04,0.001,2438,0
2713345,1.738,9.577,-1.616,-0.01,-0.034,0.001,2440,0
2713365,1.628,9.546,-1.583,-0.001,-0.045,0.017,2441,0
2713385,1.578,9.534,-1.607,-0.006,-0.074,0.026,2439,0
2713405,1.695,9.366,-1.652,-0.005,-0.105,0.033,2440,0
2713425,1.776,9.21,-1.571,0.011,-0.115,0.03,2442,0
2713445,1.731,9.153,-1.595,0.023,-0.101,0.012,2440,0
2713465,1.676,9.306,-1.561,0.043,-0.131,-0.009,2441,0
2713485,1.707,9.34,-1.707,0.032,-0.147,-0.052,2440,0
2713505,1.791,9.414,-1.559,0.027,-0.149,-0.078,2443,0
2713525,1.796,9.644,-1.398,0.085,-0.162,-0.095,2439,0
2713545,1.719,9.883,-1.314,0.154,-0.27,-0.07,2436,0
2713565,1.616,9.857,-1.573,0.017,-0.293,0.035,2424,0
2713585,1.556,10.896,-1.281,-0.114,-0.447,0.185,2415,0
2713605,1.695,10.98,-2.109,-0.448,-0.532,0.244,2406,0
2713625,1.899,10.961,-2.164,-0.641,-0.574,0.301,2391,0
2713645,1.985,10.726,-1.8,-0.92,-0.698,0.424,2608,0
2713665,2.121,10.628,-1.935,-1.139,-0.688,0.54,2383,0
2713685,1.966,10.345,-2.085,-1.233,-0.582,0.68,2387,0
2713705,1.994,10.221,-1.884,-1.288,-0.407,0.745,2402,0
2713725,2.052,10.18,-1.259,-1.441,-0.389,0.743,2416,0
2713745,2.14,10.381,-0.927,-1.617,-0.432,0.824,2427,0
2713765,2.459,11.286,-0.749,-1.945,-0.428,0.935,2435,2472
2713785,2.289,10.353,-0.883,-1.894,-0.514,1.244,2445,3156
2713805,2.406,10.324,-0.464,-2.382,-0.468,1.503,2448,3382
2713825,2.545,10.42,-0.223,-2.896,-0.493,1.779,2455,3578
2713845,2.83,10.475,-0.259,-3.66,-0.501,2.073,2466,3685
2713865,2.974,9.249,0.227,-4.279,-0.439,2.469,2474,3768
2713885,3.096,7.757,0.828,-4.954,-0.294,2.718,2480,3793
2713905,4.005,6.735,1.666,-5.231,-0.162,3.007,2482,3826
2713925,4.01,5.674,2.658,-5.704,-0.074,3.114,2483,3829
2713945,4.377,4.362,3.203,-5.715,0.009,3.283,2484,3853
2713965,4.566,2.713,3.938,-5.731,0.083,3.393,2489,3872
2713985,5.016,0.97,5.301,-5.505,0.225,3.4,2489,3899
2714005,5.605,-0.86,6.182,-4.77,0.268,3.205,2488,3921
2714025,5.938,-1.575,6.687,-3.811,0.281,2.769,2487,3934
2714045,5.818,-1.52,6.766,-3.225,0.341,2.469,2486,3960
2714065,5.746,-2.318,7.046,-2.981,0.334,2.259,2483,3935
2714085,6.012,-3.895,7.626,-2.398,0.255,1.97,2483,3956
2714105,6.651,-4.458,7.817,-1.569,0.312,1.514,2480,3968
2714125,6.725,-4.02,7.712,-0.819,0.42,0.99,2480,3974
2714145,6.211,-3.531,7.661,-0.388,0.435,0.588,2478,3979
2714165,6.048,-3.326,7.724,-0.156,0.333,0.41,2479,3999
2714185,6.213,-3.235,7.872,0.006,0.262,0.267,2478,4005
2714205,6.251,-2.796,7.901,0.08,0.225,0.105,2476,4003
2714225,6.249,-3.065,8.267,0.032,0.211,0.001,2475,4000
2714245,5.614,-3.146,8.021,0.111,0.107,-0.08,2474,3992
2714265,5.734,-1.695,7.379,0.227,-0.057,-0.109,2473,4004
2714285,6.409,-2.215,7.484,0.072,0.013,-0.106,2472,4003
2714305,5.502,-2.018,7.254,0.044,-0.05,-0.031,2474,4004
2714325,6.462,-2.602,7.695,0.071,0.012,-0.079,2474,3992
2714345,5.552,-2.31,7.324,0.211,-0.057,-0.065,2473,3977
2714365,6.306,-2.689,7.396,0.179,0.024,-0.089,2474,3987
2714385,5.76,-1.678,7.135,0.119,-0.055,-0.047,2472,3978
2714405,5.897,-3.072,7.594,-0.017,0.037,-0.054,2473,3981
2714425,6.029,-1.652,7.58,0.152,-0.063,-0.074,2472,3978
2714445,5.492,-2.942,7.441,0.07,-0.02,-0.037,2471,3980
2714465,6.424,-1.604,7.527,0.151,-0.068,-0.071,2472,3978
2714485,5.262,-2.607,7.309,0.042,-0.043,-0.033,2471,3977
2714505,6.584,-1.832,7.578,0.085,-0.046,-0.071,2471,3985
2714525,5.298,-2.215,7.424,0.114,-0.053,-0.026,2471,3975
2714545,5.839,-2.725,7.626,0.139,0.013,-0.03,2471,3973
2714565,5.653,-1.626,7.389,0.225,-0.081,-0.01,2471,3978
2714585,5.488,-2.799,7.537,0.108,-0.007,-0.014,2472,3977
2714605,6.402,-1.757,7.623,0.145,-0.027,-0.053,2471,3973
2714625,5.207,-2.54,7.484,0.131,-0.062,-0.015,2470,3967
2714645,6.498,-2.406,7.843,0.258,-0.021,-0.114,2471,3958
2714665,5.555,-1.501,7.336,0.332,-0.06,-0.11,2470,3963
2714685,5.65,-2.195,7.436,0.121,-0.007,-0.07,2469,3952
2714705,6.074,-1.044,7.475,0.029,-0.111,-0.001,2470,3947
2714725,5.406,-2.612,7.501,-0.085,-0.057,0.046,2469,3958
2714745,6.692,-1.894,7.661,0.061,0.002,-0.037,2469,3954
2714765,5.377,-1.76,7.338,0.118,-0.007,-0.024,2469,3966
2714785,5.918,-2.497,7.647,0.051,0.024,-0.01,2468,3964
2714805,6.232,-1.338,7.599,0.109,-0.078,-0.009,2468,3964
2714825,5.564,-2.722,7.561,0.048,0.0,-0.013,2468,3965
2714845,6.665,-1.686,7.664,0.137,0.012,-0.071,2470,3950
2714865,5.215,-1.717,7.252,0.089,-0.037,-0.004,2468,3923
2714885,6.053,-2.444,7.657,-0.024,-0.03,0.017,2468,3911
2714905,6.199,-1.233,7.597,0.061,-0.099,0.001,2467,3905
2714925,5.523,-2.5,7.544,0.011,0.001,-0.017,2468,3909
2714945,6.407,-1.425,7.652,0.133,-0.011,-0.087,2468,3910
2714965,5.102,-1.496,7.326,0.077,-0.094,0.001,2466,3908
2714985,6.021,-2.322,7.628,-0.015,-0.057,0.026,2468,3901
2715005,6.251,-1.257,7.429,0.093,-0.088,0.001,2469,3909
2715025,5.382,-2.526,7.379,0.033,0.037,0.002,2468,3915
2715045,6.424,-1.76,7.638,0.1,0.037,-0.044,2466,3914
2715065,5.375,-1.559,7.389,0.073,-0.058,0.01,2466,3906
2715085,6.012,-2.715,7.717,-0.014,-0.011,0.016,2467,3904
2715105,6.572,-1.393,7.714,0.119,-0.023,-0.04,2466,3905
2715125,5.327,-2.332,7.578,0.061,0.041,-0.027,2466,3915
2715145,6.395,-1.872,7.819,0.056,0.014,-0.054,2467,3918
2715165,5.655,-1.437,7.535,0.033,-0.092,-0.008,2466,3911
