1075611,-3.934,6.589,-6.239,0.036,-0.033,-0.001,2534,0
1075631,-3.97,6.639,-6.285,0.033,-0.044,-0.003,2534,0
1075651,-3.934,6.586,-6.333,0.021,-0.035,0.01,2533,0
1075671,-3.986,6.565,-6.333,0.04,-0.025,0.008,2535,0
1075691,-3.989,6.603,-6.316,0.049,-0.028,0.005,2534,0
1075711,-3.986,6.637,-6.304,0.04,-0.021,0.011,2531,0
1075731,-3.972,6.555,-6.258,0.034,-0.029,0.007,2534,0
1075751,-3.938,6.507,-6.227,0.04,-0.026,0.005,2533,0
1075771,-3.895,6.524,-6.213,0.04,-0.021,-0.002,2535,0
1075791,-3.895,6.57,-6.141,0.035,-0.031,-0.009,2534,0
1075811,-3.898,6.656,-6.189,0.038,-0.051,-0.01,2535,0
1075831,-3.934,6.663,-6.254,0.046,-0.052,-0.002,2535,0
1075851,-3.917,6.646,-6.275,0.055,-0.032,0.012,2535,0
1075871,-3.9,6.598,-6.309,0.053,-0.028,0.015,2534,0
1075891,-3.917,6.563,-6.254,0.035,-0.041,0.008,2534,0
1075911,-3.926,6.531,-6.23,0.027,-0.054,0.006,2535,0
1075931,-3.924,6.486,-6.282,0.036,-0.048,0.004,2535,0
1075951,-3.915,6.467,-6.337,0.041,-0.042,0.001,2537,0
1075971,-3.936,6.512,-6.333,0.042,-0.032,-0.008,2536,0
1075991,-3.948,6.539,-6.328,0.038,-0.023,-0.008,2538,0
1076011,-3.924,6.589,-6.251,0.04,-0.028,-0.012,2538,0
1076031,-3.91,6.606,-6.223,0.035,-0.051,-0.007,2537,0
1076051,-3.895,6.577,-6.261,0.042,-0.054,-0.001,2539,0
1076071,-3.915,6.558,-6.297,0.071,-0.032,0.005,2540,0
1076091,-3.972,6.603,-6.337,0.074,-0.029,0.01,2541,0
1076111,-3.926,6.543,-6.314,0.052,-0.046,0.007,2541,0
1076131,-3.924,6.472,-6.318,0.038,-0.051,-0.004,2541,0
1076151,-3.96,6.498,-6.302,0.041,-0.039,-0.015,2541,0
1076171,-3.977,6.503,-6.275,0.047,-0.025,-0.007,2541,0
1076191,-3.972,6.505,-6.268,0.055,-0.021,-0.002,2540,0
1076211,-3.929,6.539,-6.242,0.055,-0.031,-0.008,2542,0
1076231,-3.903,6.56,-6.218,0.038,-0.036,-0.014,2542,0
1076251,-3.934,6.498,-6.208,0.04,-0.049,-0.017,2544,0
1076271,-4.005,6.531,-6.266,0.054,-0.046,-0.012,2543,0
1076291,-4.039,6.57,-6.28,0.061,-0.035,-0.01,2543,0
1076311,-3.996,6.531,-6.258,0.052,-0.031,-0.005,2544,0
1076331,-3.953,6.495,-6.249,0.054,-0.041,-0.007,2545,0
1076351,-3.965,6.529,-6.273,0.063,-0.059,-0.021,2544,0
1076371,-3.984,6.596,-6.314,0.045,-0.069,-0.034,2544,0
1076391,-3.986,6.646,-6.314,0.038,-0.054,-0.025,2544,0
1076411,-3.958,6.701,-6.345,0.053,-0.038,-0.012,2544,0
1076431,-3.97,6.716,-6.371,0.052,-0.03,-0.011,2543,0
1076451,-3.986,6.685,-6.359,0.039,-0.05,-0.013,2545,0
1076471,-3.972,6.625,-6.333,0.026,-0.053,-0.006,2545,0
1076491,-3.934,6.574,-6.302,0.04,-0.03,0.009,2545,0
1076511,-3.962,6.527,-6.306,0.051,-0.014,0.014,2544,0
1076531,-3.991,6.515,-6.29,0.049,-0.018,0.006,2545,0
1076551,-3.984,6.529,-6.292,0.039,-0.022,-0.002,2544,0
1076571,-3.994,6.567,-6.251,0.017,-0.035,-0.015,2544,0
1076591,-3.979,6.565,-6.208,0.003,-0.051,-0.014,2545,0
1076611,-4.068,6.642,-6.292,0.007,-0.059,-0.01,2545,0
1076631,-4.305,7.187,-6.519,-0.078,-0.118,0.026,2546,0
1076651,-4.434,7.786,-6.816,-0.489,-0.222,0.144,2546,0
1076671,-4.518,8.183,-6.953,-1.074,-0.356,0.317,2548,0
1076691,-4.496,8.748,-6.807,-1.83,-0.509,0.501,2549,0
1076711,-4.53,9.323,-6.383,-2.664,-0.677,0.736,2552,0
1076731,-4.961,10.939,-6.043,-3.744,-0.959,1.086,2556,0
1076751,-5.329,11.885,-5.734,-5.304,-1.312,1.728,2558,0
1076771,-4.851,10.953,-5.392,-6.808,-1.578,2.473,2559,0
1076791,-4.001,9.471,-4.128,-7.355,-1.657,2.85,2580,0
1076811,-3.206,9.12,-2.435,-7.287,-1.465,2.967,2578,0
1076831,-2.873,9.505,-1.159,-7.006,-1.156,3.14,2571,0
1076851,-2.272,9.917,0.062,-7.399,-1.015,3.239,2559,0
1076871,-1.638,8.918,0.934,-7.899,-0.844,3.474,2561,0
1076891,-1.178,5.959,2.44,-8.192,-0.675,3.686,2561,0
1076911,0.062,3.948,4.566,-7.782,-0.475,3.567,2559,0
1076931,1.3,1.654,6.5,-6.488,-0.206,3.018,2559,0
1076951,2.03,0.402,7.925,-4.62,-0.005,2.125,2557,0
1076971,1.975,0.417,8.722,-2.802,0.017,1.222,2556,0
1076991,1.781,1.25,8.966,-1.364,-0.044,0.61,2553,0
1077011,1.669,2.322,8.82,-0.533,-0.028,0.407,2551,0
1077031,1.721,2.907,8.689,-0.225,0.07,0.403,2549,0
1077051,1.745,2.823,8.523,-0.209,0.114,0.364,2546,0
1077071,1.616,3.369,8.435,-0.377,0.069,0.306,2545,0
1077091,1.511,3.338,8.358,-0.717,-0.009,0.358,2544,0
1077111,1.633,2.571,8.633,-0.853,-0.017,0.418,2547,0
1077131,1.903,1.765,9.072,-0.548,0.079,0.345,2544,0
1077151,1.992,1.592,9.282,-0.083,0.165,0.167,2544,0
1077171,1.853,2.279,9.177,0.184,0.145,-0.003,2544,0
1077191,1.669,3.139,9.05,0.036,0.073,-0.034,2543,0
1077211,1.587,3.371,9.127,-0.364,0.036,0.073,2543,0
1077231,1.657,2.789,9.388,-0.551,0.036,0.176,2541,0
1077251,1.796,2.394,9.459,-0.362,0.029,0.156,2539,0
1077271,1.87,2.531,9.297,-0.167,0.029,0.102,2538,0
1077291,1.796,2.768,9.098,-0.192,0.093,0.114,2539,0
1077311,1.702,2.765,9.201,-0.342,0.161,0.188,2539,0
1077331,1.676,2.456,9.385,-0.456,0.183,0.264,2538,0
1077351,1.724,2.021,9.558,-0.402,0.196,0.301,2539,0
1077371,1.717,1.841,9.629,-0.226,0.183,0.256,2539,0
1077391,1.666,2.037,9.591,-0.192,0.163,0.221,2537,0
1077411,1.63,1.975,9.634,-0.277,0.144,0.234,2538,0
1077431,1.602,1.832,9.661,-0.318,0.12,0.247,2538,0
1077451,1.549,1.788,9.596,-0.3,0.107,0.24,2538,0
1077471,1.484,1.741,9.553,-0.282,0.101,0.228,2538,0
1077491,1.52,1.575,9.603,-0.215,0.088,0.202,2536,0
1077511,1.47,1.523,9.625,-0.086,0.076,0.147,2536,0
1077531,1.432,1.717,9.629,-0.004,0.075,0.117,2537,0
1077551,1.36,1.86,9.567,-0.005,0.078,0.126,2537,0
1077571,1.31,1.836,9.558,-0.063,0.044,0.14,2536,0
1077591,1.31,1.724,9.527,-0.097,0.017,0.144,2535,0
1077611,1.326,1.568,9.577,-0.068,0.024,0.149,2535,0
1077631,1.314,1.506,9.529,0.021,0.036,0.13,2536,0
1077651,1.29,1.602,9.45,0.068,0.033,0.118,2535,0
1077671,1.252,1.65,9.462,0.025,0.023,0.108,2537,0
1077691,1.226,1.465,9.5,-0.021,0.001,0.097,2537,0
1077711,1.288,1.381,9.524,0.015,0.001,0.081,2535,0
1077731,1.281,1.413,9.515,0.072,0.005,0.057,2537,0
1077751,1.257,1.492,9.483,0.117,0.002,0.047,2535,0
1077771,1.281,1.561,9.421,0.146,-0.003,0.052,2535,0
1077791,1.324,1.578,9.383,0.161,0.012,0.048,2535,0
1077811,1.346,1.614,9.416,0.153,0.042,0.043,2537,0
1077831,1.329,1.628,9.448,0.102,0.054,0.058,2536,0
1077851,1.3,1.573,9.529,0.059,0.056,0.07,2535,0
1077871,1.326,1.501,9.601,0.072,0.05,0.065,2535,0
1077891,1.331,1.52,9.685,0.12,0.052,0.053,2535,0
1077911,1.293,1.587,9.718,0.146,0.06,0.045,2536,0
1077931,1.276,1.578,9.735,0.145,0.056,0.037,2534,0
1077951,1.298,1.611,9.72,0.129,0.038,0.032,2535,0
1077971,1.271,1.64,9.747,0.102,0.016,0.033,2536,0
1077991,1.221,1.618,9.737,0.089,-0.003,0.022,2535,0
1078011,1.25,1.604,9.677,0.112,-0.022,-0.002,2536,0
1078031,1.247,1.676,9.632,0.147,-0.02,-0.017,2536,0
1078051,1.185,1.791,9.625,0.118,-0.02,-0.014,2535,0
1078071,1.14,1.779,9.685,0.076,-0.044,-0.008,2535,0
1078091,1.188,1.753,9.629,0.086,-0.065,-0.011,2535,0
1078111,1.257,1.808,9.534,0.117,-0.057,-0.013,2534,0
1078131,1.207,1.829,9.483,0.126,-0.039,-0.011,2535,0
1078151,1.188,1.848,9.531,0.105,-0.034,-0.007,2535,0
1078171,1.216,1.817,9.524,0.073,-0.035,0.01,2535,0
1078191,1.228,1.762,9.562,0.081,-0.028,0.016,2533,0
1078211,1.233,1.7,9.584,0.122,-0.035,-0.002,2534,0
1078231,1.166,1.784,9.558,0.153,-0.031,-0.013,2534,0
1078251,1.116,1.963,9.608,0.114,-0.027,-0.007,2533,0
1078271,1.123,1.925,9.536,0.046,-0.047,0.006,2534,0
1078291,1.161,1.796,9.517,0.058,-0.051,0.003,2534,0
1078311,1.171,1.741,9.483,0.114,-0.035,-0.021,2535,0
1078331,1.152,1.853,9.488,0.167,-0.013,-0.038,2535,0
1078351,1.061,2.03,9.5,0.149,-0.003,-0.03,2536,0
1078371,1.085,2.035,9.517,0.098,-0.021,0.002,2533,0
1078391,1.123,1.865,9.5,0.07,-0.026,0.005,2535,0
1078411,1.166,1.757,9.51,0.083,-0.019,-0.018,2535,0
1078431,1.125,1.781,9.522,0.123,-0.013,-0.045,2535,0
1078451,1.111,1.913,9.488,0.165,0.002,-0.053,2535,0
1078471,1.097,2.028,9.534,0.199,0.001,-0.053,2536,0
1078491,1.113,2.14,9.471,0.179,-0.021,-0.045,2535,0
1078511,1.152,2.09,9.462,0.125,-0.023,-0.039,2535,0
1078531,1.118,2.035,9.517,0.105,-0.014,-0.046,2536,0
1078551,1.092,2.064,9.596,0.121,-0.021,-0.055,2534,0
1078571,1.118,2.114,9.57,0.164,-0.024,-0.046,2537,0
1078591,1.104,2.162,9.498,0.191,-0.019,-0.043,2536,0
1078611,1.046,2.217,9.462,0.14,-0.034,-0.041,2534,0
1078631,1.073,2.097,9.443,0.074,-0.055,-0.044,2535,0
1078651,1.144,2.018,9.493,0.074,-0.044,-0.057,2536,0
1078671,1.178,2.15,9.515,0.099,-0.03,-0.058,2536,0
1078691,1.164,2.191,9.591,0.109,-0.018,-0.048,2536,0
1078711,1.144,2.186,9.579,0.118,-0.031,-0.039,2536,0
1078731,1.173,2.179,9.498,0.11,-0.039,-0.039,2536,0
1078751,1.168,2.272,9.476,0.083,-0.036,-0.039,2535,0
1078771,1.211,2.258,9.57,0.067,-0.034,-0.034,2535,0
1078791,1.211,2.26,9.622,0.066,-0.03,-0.034,2537,0
1078811,1.173,2.267,9.68,0.084,-0.04,-0.035,2536,0
1078831,1.118,2.327,9.606,0.096,-0.064,-0.041,2536,0
1078851,1.118,2.339,9.517,0.103,-0.079,-0.047,2535,0
1078871,1.144,2.37,9.457,0.104,-0.072,-0.047,2538,0
1078891,1.123,2.411,9.431,0.097,-0.074,-0.038,2537,0
1078911,1.113,2.435,9.426,0.08,-0.074,-0.027,2537,0
1078931,1.118,2.416,9.438,0.069,-0.054,-0.012,2536,0
1078951,1.149,2.342,9.414,0.076,-0.063,-0.014,2535,0
1078971,1.142,2.33,9.373,0.096,-0.072,-0.026,2536,0
1078991,1.152,2.389,9.333,0.079,-0.068,-0.024,2535,0
1079011,1.176,2.33,9.337,0.052,-0.056,-0.017,2537,0
1079031,1.195,2.313,9.323,0.072,-0.048,-0.025,2537,0
1079051,1.164,2.389,9.318,0.098,-0.039,-0.03,2537,0
1079071,1.132,2.468,9.357,0.084,-0.034,-0.027,2535,0
1079091,1.109,2.444,9.412,0.048,-0.028,-0.019,2536,0
1079111,1.12,2.342,9.44,0.051,-0.041,-0.011,2536,0
1079131,1.192,2.306,9.34,0.098,-0.051,-0.02,2536,0
1079151,1.199,2.344,9.318,0.119,-0.03,-0.029,2536,0
1079171,1.142,2.382,9.385,0.089,-0.01,-0.031,2537,0
1079191,1.101,2.452,9.448,0.078,-0.017,-0.037,2536,0
1079211,1.089,2.543,9.436,0.07,-0.034,-0.026,2537,0
1079231,1.161,2.502,9.383,0.056,-0.033,-0.01,2536,0
1079251,1.223,2.406,9.404,0.072,-0.017,-0.013,2536,0
1079271,1.223,2.399,9.412,0.096,-0.016,-0.029,2536,0
1079291,1.195,2.476,9.459,0.1,-0.012,-0.032,2534,0
1079311,1.142,2.591,9.498,0.055,-0.012,-0.012,2535,0
1079331,1.166,2.48,9.522,0.029,-0.039,0.002,2536,0
1079351,1.207,2.428,9.452,0.06,-0.046,0.001,2535,0
1079371,1.19,2.437,9.376,0.088,-0.036,-0.01,2536,0
1079391,1.128,2.533,9.361,0.058,-0.036,-0.007,2537,0
1079411,1.123,2.5,9.445,0.012,-0.042,-0.002,2537,0
1079431,1.123,2.37,9.488,0.022,-0.043,-0.014,2537,0
1079451,1.142,2.392,9.426,0.086,-0.049,-0.029,2536,0
1079471,1.137,2.476,9.347,0.108,-0.033,-0.03,2536,0
1079491,1.128,2.557,9.38,0.085,-0.02,-0.02,2536,0
1079511,1.142,2.535,9.455,0.041,-0.033,-0.01,2534,0
1079531,1.147,2.478,9.474,0.02,-0.035,-0.012,2536,0
1079551,1.147,2.449,9.469,0.033,-0.049,-0.019,2536,0
1079571,1.171,2.502,9.443,0.072,-0.056,-0.019,2536,0
1079591,1.152,2.579,9.402,0.088,-0.042,-0.011,2537,0
1079611,1.128,2.569,9.369,0.077,-0.04,-0.001,2536,0
1079631,1.14,2.581,9.378,0.056,-0.041,0.009,2537,0
1079651,1.152,2.564,9.416,0.033,-0.05,0.004,2537,0
1079671,1.18,2.48,9.419,0.036,-0.052,-0.006,2536,0
1079691,1.152,2.461,9.388,0.068,-0.042,-0.011,2536,0
1079711,1.125,2.521,9.292,0.084,-0.05,-0.011,2537,0
1079731,1.173,2.559,9.263,0.062,-0.042,0.003,2537,0
1079751,1.183,2.476,9.311,0.02,-0.019,0.017,2535,0
1079771,1.192,2.291,9.419,0.013,-0.025,-0.003,2536,0
1079791,1.19,2.327,9.426,0.058,-0.041,-0.039,2537,0
1079811,1.197,2.492,9.347,0.067,-0.029,-0.044,2536,0
1079831,1.235,2.559,9.407,0.046,-0.019,-0.032,2537,0
1079851,1.209,2.54,9.457,0.05,-0.016,-0.029,2536,0
1079871,1.192,2.555,9.457,0.047,-0.025,-0.031,2536,0
1079891,1.18,2.579,9.426,0.022,-0.039,-0.028,2534,0
1079911,1.209,2.581,9.402,0.03,-0.046,-0.021,2537,0
1079931,1.223,2.595,9.409,0.054,-0.029,-0.014,2536,0
1079951,1.19,2.612,9.39,0.052,-0.017,-0.009,2536,0
1079971,1.159,2.588,9.452,0.042,-0.04,-0.014,2535,0
1079991,1.123,2.555,9.44,0.048,-0.064,-0.023,2535,0
1080011,1.166,2.598,9.369,0.067,-0.07,-0.025,2535,0
1080031,1.152,2.6,9.316,0.069,-0.05,-0.022,2536,0
1080051,1.106,2.598,9.311,0.058,-0.054,-0.017,2537,0
1080071,1.116,2.55,9.29,0.044,-0.066,-0.017,2534,0
1080091,1.161,2.54,9.306,0.058,-0.046,-0.018,2537,0
1080111,1.125,2.538,9.34,0.063,-0.023,-0.016,2538,0
1080131,1.113,2.5,9.4,0.069,-0.023,-0.018,2537,0
1080151,1.111,2.521,9.452,0.078,-0.038,-0.022,2538,0
1080171,1.147,2.514,9.407,0.059,-0.052,-0.029,2536,0
1080191,1.137,2.519,9.38,0.046,-0.044,-0.031,2538,0
1080211,1.14,2.461,9.457,0.066,-0.043,-0.036,2536,0
1080231,1.128,2.504,9.421,0.096,-0.047,-0.046,2538,0
1080251,1.106,2.655,9.349,0.08,-0.043,-0.04,2536,0
1080271,1.113,2.638,9.352,0.035,-0.043,-0.029,2537,0
1080291,1.159,2.547,9.402,0.034,-0.053,-0.029,2536,0
1080311,1.154,2.567,9.438,0.071,-0.041,-0.036,2538,0
1080331,1.125,2.607,9.443,0.068,-0.031,-0.027,2538,0
1080351,1.123,2.579,9.395,0.048,-0.058,-0.025,2537,0
1080371,1.199,2.576,9.318,0.049,-0.06,-0.037,2537,0
1080391,1.204,2.643,9.273,0.045,-0.037,-0.041,2536,0
1080411,1.185,2.672,9.395,0.03,-0.029,-0.033,2535,0
1080431,1.185,2.598,9.457,0.034,-0.037,-0.027,2535,0
1080451,1.204,2.593,9.448,0.069,-0.046,-0.032,2536,0
1080471,1.19,2.686,9.416,0.068,-0.057,-0.033,2538,0
1080491,1.173,2.734,9.467,0.031,-0.063,-0.022,2537,0
1080511,1.161,2.693,9.481,0.024,-0.075,-0.015,2535,0
1080531,1.164,2.66,9.5,0.051,-0.085,-0.015,2536,0
1080551,1.147,2.626,9.4,0.087,-0.097,-0.017,2536,0
1080571,1.197,2.665,9.249,0.099,-0.099,-0.019,2536,0
1080591,1.197,2.674,9.222,0.068,-0.083,-0.018,2536,0
1080611,1.178,2.653,9.268,0.039,-0.066,-0.017,2535,0
1080631,1.171,2.617,9.392,0.04,-0.07,-0.014,2537,0
1080651,1.216,2.559,9.364,0.077,-0.073,-0.019,2536,0
1080671,1.252,2.543,9.256,0.105,-0.077,-0.025,2536,0
1080691,1.25,2.567,9.22,0.098,-0.072,-0.036,2537,0
1080711,1.19,2.646,9.301,0.054,-0.056,-0.04,2537,0
1080731,1.171,2.646,9.39,0.047,-0.061,-0.038,2535,0
1080751,1.197,2.619,9.304,0.079,-0.082,-0.042,2537,0
1080771,1.262,2.662,9.165,0.112,-0.062,-0.046,2536,0
1080791,1.255,2.78,9.172,0.097,-0.028,-0.048,2535,0
1080811,1.255,2.847,9.294,0.033,-0.029,-0.033,2536,0
1080831,1.267,2.717,9.424,0.005,-0.036,-0.015,2533,0
1080851,1.346,2.595,9.414,0.036,-0.05,-0.018,2535,0
1080871,1.381,2.6,9.431,0.064,-0.04,-0.039,2536,0
1080891,1.302,2.701,9.464,0.075,-0.038,-0.042,2536,0
1080911,1.298,2.761,9.371,0.06,-0.07,-0.034,2534,0
1080931,1.334,2.763,9.292,0.045,-0.073,-0.036,2536,0
1080951,1.36,2.737,9.28,0.043,-0.048,-0.041,2536,0
1080971,1.312,2.758,9.342,0.063,-0.04,-0.047,2535,0
1080991,1.31,2.792,9.347,0.075,-0.059,-0.041,2536,0
1081011,1.346,2.828,9.266,0.06,-0.064,-0.034,2536,0
1081031,1.35,2.751,9.273,0.034,-0.047,-0.031,2536,0
1081051,1.317,2.701,9.311,0.044,-0.043,-0.036,2536,0
1081071,1.329,2.749,9.323,0.062,-0.067,-0.034,2536,0
1081091,1.346,2.749,9.246,0.059,-0.052,-0.029,2536,0
1081111,1.338,2.772,9.22,0.065,-0.039,-0.027,2535,0
1081131,1.259,2.811,9.234,0.064,-0.039,-0.026,2535,0
1081151,1.305,2.818,9.251,0.039,-0.053,-0.02,2536,0
1081171,1.324,2.765,9.256,0.038,-0.051,-0.022,2536,0
1081191,1.295,2.835,9.287,0.071,-0.025,-0.028,2535,0
1081211,1.202,2.916,9.311,0.078,-0.016,-0.02,2534,0
1081231,1.202,2.919,9.321,0.048,-0.046,-0.003,2535,0
1081251,1.305,2.82,9.316,0.044,-0.049,-0.005,2535,0
1081271,1.3,2.806,9.347,0.063,-0.028,-0.01,2535,0
1081291,1.228,2.808,9.371,0.069,-0.026,-0.01,2534,0
1081311,1.238,2.772,9.416,0.071,-0.048,-0.002,2535,0
1081331,1.29,2.825,9.369,0.079,-0.048,-0.007,2534,0
1081351,1.257,2.895,9.38,0.056,-0.041,-0.004,2534,0
1081371,1.283,2.849,9.388,0.037,-0.05,0.007,2535,0
1081391,1.29,2.727,9.412,0.05,-0.054,0.006,2535,0
1081411,1.305,2.768,9.419,0.056,-0.05,-0.001,2534,0
1081431,1.312,2.787,9.457,0.033,-0.07,0.002,2535,0
1081451,1.358,2.737,9.483,0.032,-0.079,0.004,2534,0
1081471,1.35,2.772,9.424,0.03,-0.08,0.001,2534,0
1081491,1.312,2.727,9.383,-0.002,-0.085,0.003,2535,0
1081511,1.326,2.679,9.371,0.007,-0.08,-0.005,2533,0
1081531,1.36,2.761,9.321,0.023,-0.082,-0.021,2534,0
1081551,1.353,2.794,9.304,0.009,-0.071,-0.021,2534,0
1081571,1.365,2.77,9.328,0.006,-0.057,-0.011,2535,0
1081591,1.35,2.722,9.321,-0.015,-0.062,-0.008,2535,0
1081611,1.365,2.595,9.352,-0.029,-0.067,-0.011,2536,0
1081631,1.396,2.586,9.424,-0.023,-0.053,-0.023,2536,0
1081651,1.298,2.61,9.541,-0.025,-0.042,-0.042,2534,0
1081671,1.262,2.67,9.579,-0.011,-0.056,-0.047,2533,0
1081691,1.257,2.689,9.543,-0.03,-0.072,-0.04,2535,0
1081711,1.302,2.552,9.519,-0.063,-0.079,-0.038,2535,0
1081731,1.281,2.471,9.555,-0.061,-0.071,-0.052,2534,0
1081751,1.214,2.495,9.644,-0.05,-0.071,-0.054,2534,0
1081771,1.245,2.478,9.625,-0.053,-0.092,-0.052,2535,0
1081791,1.341,2.401,9.529,-0.074,-0.102,-0.054,2534,0
1081811,1.36,2.325,9.431,-0.103,-0.1,-0.057,2536,0
1081831,1.405,2.274,9.436,-0.115,-0.091,-0.053,2535,0
1081851,1.472,2.32,9.333,-0.126,-0.098,-0.039,2536,0
1081871,1.523,2.258,9.323,-0.158,-0.086,-0.028,2536,0
1081891,1.511,2.253,9.309,-0.16,-0.08,-0.035,2537,0
1081911,1.539,2.277,9.285,-0.144,-0.091,-0.046,2535,0
1081931,1.599,2.33,9.23,-0.13,-0.097,-0.044,2535,0
1081951,1.595,2.349,9.23,-0.131,-0.083,-0.039,2534,0
1081971,1.597,2.289,9.208,-0.122,-0.09,-0.046,2536,0
1081991,1.621,2.306,9.177,-0.094,-0.092,-0.057,2536,0
1082011,1.678,2.337,9.165,-0.08,-0.086,-0.063,2535,0
1082031,1.721,2.349,9.182,-0.071,-0.084,-0.066,2535,0
1082051,1.707,2.349,9.191,-0.055,-0.088,-0.07,2535,0
1082071,1.726,2.425,9.167,-0.063,-0.09,-0.071,2533,0
1082091,1.709,2.543,9.191,-0.081,-0.077,-0.058,2534,0
1082111,1.721,2.595,9.234,-0.08,-0.068,-0.031,2535,0
1082131,1.757,2.579,9.23,-0.057,-0.067,-0.02,2534,0
1082151,1.793,2.507,9.304,-0.01,-0.06,-0.021,2534,0
1082171,1.714,2.569,9.366,0.037,-0.048,-0.018,2534,0
1082191,1.63,2.691,9.579,0.046,-0.038,-0.001,2534,0
1082211,1.518,2.655,9.689,0.029,-0.066,0.028,2534,0
1082231,1.511,2.512,9.697,0.029,-0.12,0.042,2534,0
1082251,1.504,2.399,9.651,0.037,-0.136,0.036,2533,0
1082271,1.448,2.243,9.701,0.066,-0.132,0.021,2535,0
1082291,1.429,2.167,9.615,0.104,-0.149,0.019,2536,0
1082311,1.468,2.179,9.479,0.095,-0.16,0.018,2536,0
1082331,1.513,2.088,9.349,0.049,-0.137,0.022,2534,0
1082351,1.518,1.894,9.352,0.017,-0.106,0.025,2536,0
1082371,1.516,1.738,9.5,0.01,-0.08,0.014,2534,0
1082391,1.561,1.669,9.606,0.0,-0.08,-0.003,2534,0
1082411,1.611,1.573,9.601,0.002,-0.102,-0.031,2536,0
1082431,1.638,1.595,9.464,0.009,-0.118,-0.06,2535,0
1082451,1.676,1.729,9.323,-0.013,-0.122,-0.077,2534,0
1082471,1.7,1.798,9.196,-0.035,-0.106,-0.079,2534,0
1082491,1.791,1.8,9.067,-0.046,-0.1,-0.08,2535,0
1082511,1.899,1.824,8.926,-0.05,-0.087,-0.106,2536,0
1082531,1.942,2.021,8.856,-0.024,-0.057,-0.131,2535,0
1082551,1.901,2.227,8.928,-0.017,-0.042,-0.13,2536,0
1082571,1.87,2.279,8.904,-0.015,-0.033,-0.115,2536,0
1082591,1.856,2.38,8.882,-0.005,-0.012,-0.103,2533,0
1082611,1.853,2.523,8.911,-0.008,0.023,-0.085,2535,0
1082631,1.793,2.593,9.064,-0.011,0.054,-0.058,2536,0
1082651,1.815,2.545,9.201,0.004,0.057,-0.04,2535,0
1082671,1.805,2.516,9.323,0.037,0.054,-0.03,2534,0
1082691,1.798,2.571,9.311,0.048,0.048,-0.021,2535,0
1082711,1.765,2.569,9.354,0.041,0.043,0.005,2536,0
1082731,1.779,2.478,9.428,0.044,0.047,0.035,2535,0
1082751,1.753,2.409,9.476,0.06,0.041,0.047,2535,0
1082771,1.757,2.394,9.495,0.079,0.03,0.048,2536,0
1082791,1.738,2.392,9.51,0.084,0.039,0.055,2537,0
1082811,1.676,2.349,9.711,0.065,0.051,0.062,2536,0
1082831,1.547,2.203,9.867,0.067,0.034,0.059,2534,0
1082851,1.468,2.203,9.984,0.096,-0.005,0.058,2534,0
1082871,1.427,2.116,10.001,0.101,-0.031,0.065,2535,0
1082891,1.355,1.992,9.977,0.088,-0.046,0.058,2535,0
1082911,1.331,1.875,9.919,0.078,-0.069,0.045,2533,0
1082931,1.334,1.697,9.804,0.074,-0.082,0.034,2532,0
1082951,1.367,1.549,9.732,0.06,-0.075,0.025,2534,0
1082971,1.429,1.41,9.668,0.039,-0.084,0.001,2533,0
1082991,1.482,1.405,9.661,0.014,-0.077,-0.028,2533,0
1083011,1.437,1.422,9.62,-0.022,-0.07,-0.049,2533,0
1083031,1.496,1.319,9.606,-0.039,-0.079,-0.073,2532,0
1083051,1.611,1.307,9.486,-0.022,-0.08,-0.114,2533,0
1083071,1.669,1.516,9.361,-0.044,-0.078,-0.152,2533,0
1083091,1.695,1.645,9.304,-0.082,-0.106,-0.18,2533,0
1083111,1.702,1.693,9.268,-0.063,-0.114,-0.193,2532,0
1083131,1.767,1.93,9.139,-0.031,-0.079,-0.181,2533,0
1083151,1.841,2.172,9.019,-0.025,-0.056,-0.163,2535,0
1083171,1.865,2.284,8.971,-0.047,-0.04,-0.143,2534,0
1083191,1.896,2.255,8.995,-0.068,-0.03,-0.122,2534,0
1083211,1.92,2.265,9.086,-0.041,-0.023,-0.115,2535,0
1083231,1.975,2.447,9.081,0.029,-0.008,-0.11,2534,0
1083251,1.963,2.65,9.038,0.053,0.011,-0.086,2534,0
1083271,1.93,2.655,9.17,0.039,0.024,-0.053,2533,0
1083291,1.899,2.564,9.278,0.037,0.01,-0.03,2532,0
1083311,1.875,2.562,9.345,0.064,0.003,-0.014,2533,0
1083331,1.812,2.571,9.448,0.079,0.021,0.017,2533,0
1083351,1.736,2.507,9.61,0.062,0.015,0.051,2532,0
1083371,1.702,2.251,9.749,0.056,-0.001,0.075,2533,0
1083391,1.671,2.126,9.855,0.068,-0.007,0.083,2533,0
1083411,1.597,1.985,9.931,0.064,-0.024,0.078,2532,0
1083431,1.64,1.896,9.981,0.058,-0.053,0.07,2534,0
1083451,1.659,1.844,10.008,0.035,-0.08,0.07,2533,0
1083471,1.705,1.721,9.95,0.01,-0.118,0.065,2533,0
1083491,1.753,1.693,9.766,0.019,-0.144,0.058,2534,0
1083511,1.791,1.654,9.615,0.009,-0.144,0.051,2532,0
1083531,1.788,1.602,9.572,-0.006,-0.144,0.035,2533,0
1083551,1.757,1.662,9.536,-0.009,-0.15,0.007,2532,0
1083571,1.745,1.757,9.469,0.001,-0.145,-0.012,2534,0
1083591,1.678,1.846,9.467,0.013,-0.133,-0.014,2533,0
1083611,1.647,1.884,9.438,0.01,-0.138,-0.016,2533,0
1083631,1.693,1.867,9.433,0.007,-0.149,-0.021,2532,0
1083651,1.705,1.87,9.376,0.015,-0.136,-0.03,2534,0
1083671,1.659,1.911,9.397,0.015,-0.119,-0.03,2532,0
1083691,1.686,1.894,9.464,0.018,-0.124,-0.025,2532,0
1083711,1.662,1.906,9.419,0.032,-0.122,-0.027,2532,0
1083731,1.674,1.973,9.4,0.019,-0.124,-0.018,2532,0
1083751,1.729,1.865,9.388,-0.012,-0.117,0.001,2533,0
1083771,1.776,1.688,9.471,-0.012,-0.111,-0.006,2532,0
1083791,1.822,1.664,9.426,0.011,-0.106,-0.024,2534,0
1083811,1.913,1.719,9.328,0.002,-0.111,-0.025,2532,0
1083831,1.982,1.686,9.222,-0.034,-0.1,-0.014,2534,0
1083851,2.064,1.575,9.225,-0.059,-0.078,-0.01,2533,0
1083871,2.124,1.556,9.263,-0.064,-0.048,-0.023,2533,0
1083891,2.097,1.64,9.282,-0.06,-0.031,-0.033,2533,0
1083911,2.124,1.717,9.282,-0.076,-0.046,-0.036,2532,0
1083931,2.188,1.721,9.251,-0.071,-0.037,-0.036,2534,0
1083951,2.109,1.877,9.347,-0.059,-0.015,-0.037,2532,0
1083971,2.033,1.906,9.383,-0.06,-0.02,-0.029,2533,0
1083991,2.064,1.918,9.297,-0.056,-0.041,-0.019,2534,0
1084011,2.116,1.867,9.191,-0.043,-0.052,-0.018,2532,0
1084031,2.1,1.925,9.108,-0.028,-0.057,-0.021,2534,0
1084051,2.09,1.935,9.105,-0.013,-0.035,-0.012,2533,0
1084071,2.1,1.963,9.187,-0.005,0.009,0.002,2532,0
1084091,2.066,1.961,9.27,0.0,0.013,0.013,2532,0
1084111,2.049,1.908,9.278,-0.004,-0.021,0.03,2533,0
1084131,2.042,1.829,9.242,-0.007,-0.013,0.047,2532,0
1084151,2.071,1.741,9.333,0.012,-0.004,0.048,2533,0
1084171,2.059,1.75,9.34,0.039,0.01,0.045,2535,0
1084191,2.014,1.76,9.282,0.01,0.012,0.054,2533,0
1084211,1.999,1.7,9.285,-0.015,0.011,0.059,2534,0
1084231,1.992,1.654,9.376,0.006,0.038,0.072,2532,0
1084251,1.98,1.686,9.345,0.02,0.059,0.081,2533,0
1084271,1.978,1.674,9.33,-0.01,0.06,0.069,2535,0
1084291,1.975,1.602,9.364,-0.062,0.066,0.056,2534,0
1084311,1.985,1.52,9.45,-0.103,0.091,0.042,2535,0
1084331,1.856,1.381,9.639,-0.099,0.092,0.013,2533,0
1084351,1.932,1.329,9.771,-0.093,0.056,-0.01,2533,0
1084371,2.004,1.374,9.816,-0.096,0.051,-0.046,2534,0
1084391,2.049,1.355,9.692,-0.237,0.052,-0.075,2538,0
1084411,2.303,0.982,10.116,-0.298,0.103,-0.143,2559,0
1084431,2.579,0.642,9.96,-0.036,0.35,-0.199,2638,0
1084451,2.485,0.675,9.67,0.4,0.747,-0.311,2724,0
1084471,2.109,1.262,9.804,0.555,0.783,-0.339,2765,0
1084491,1.602,1.942,9.201,0.042,0.289,-0.329,2808,0
1084511,1.575,1.796,9.215,-0.362,0.307,-0.201,2874,0
1084531,2.025,1.324,9.771,-0.556,0.309,-0.166,2938,0
1084551,0.654,2.049,8.842,-0.203,0.466,-0.271,2960,0
1084571,-0.541,2.722,9.206,-0.174,0.259,-0.147,2987,0
1084591,-0.381,2.83,9.309,-0.33,0.143,-0.032,3047,0
1084611,-0.227,1.774,9.304,-0.623,0.237,0.087,3100,0
1084631,1.03,-0.524,9.237,-0.787,0.461,-0.024,3145,3790
1084651,0.776,-0.153,9.419,-0.407,0.846,-0.109,3170,4095
1084671,0.077,0.831,9.646,-0.187,0.885,-0.02,3175,4095
1084691,0.208,0.515,9.948,-0.342,0.803,0.063,3169,4095
1084711,-0.29,0.287,10.041,-0.366,0.577,0.027,3164,4095
1084731,-0.144,0.182,10.072,-0.342,0.422,0.058,3159,4095
1084751,-0.074,0.127,10.041,-0.319,0.293,0.042,3153,4095
1084771,-0.177,0.352,9.838,-0.311,0.161,0.062,3148,4095
1084791,0.251,-0.479,9.682,-0.271,0.327,0.016,3142,4095
1084811,-0.134,-0.151,10.111,-0.169,0.292,-0.006,3135,4095
1084831,-0.345,-0.285,10.056,-0.118,0.108,-0.032,3130,4095
1084851,-0.187,-0.244,10.046,-0.128,0.124,-0.097,3125,4095
1084871,-0.273,-0.199,10.056,-0.08,0.139,-0.122,3123,4095
1084891,-0.417,-0.096,9.919,0.026,0.104,-0.159,3120,4095
1084911,-0.46,-0.426,10.163,0.171,0.075,-0.176,3118,4095
1084931,-0.251,-1.101,10.25,0.518,-0.009,-0.307,3113,4095
1084951,-0.342,-1.755,10.173,1.231,-0.114,-0.457,3110,4095
1084971,-0.122,-0.955,9.606,2.283,0.081,-0.691,3105,4095
1084991,-0.045,-0.675,9.661,2.825,0.217,-0.817,3102,4095
1085011,-0.594,-0.737,9.529,3.879,0.182,-1.08,3100,4095
1085031,-0.747,0.915,8.351,4.981,0.321,-1.371,3093,4095
1085051,-0.563,1.712,7.76,5.614,0.426,-1.553,3088,4095
1085071,-0.608,1.954,6.582,6.36,0.566,-1.841,3087,4095
1085091,-1.544,2.89,5.207,7.486,0.926,-2.279,3083,4095
1085111,-1.999,5.332,3.347,8.192,1.346,-2.555,3083,4095
1085131,-2.358,5.971,1.784,8.679,1.669,-2.495,3073,4095
1085151,-3.215,7.08,-0.239,8.731,2.134,-2.519,3070,4095
1085171,-4.702,8.116,-1.47,8.731,2.308,-2.439,3068,4095
1085191,-5.31,6.206,-3.424,8.731,2.157,-2.433,3068,4095
1085211,-6.28,8.851,-6.627,8.731,1.83,-2.397,3066,4095
1085231,-6.469,9.019,-8.207,8.731,1.528,-1.943,3062,4095
1085251,-7.475,9.802,-8.298,7.916,0.865,-1.546,3061,4095
1085271,-6.656,10.068,-8.904,4.901,-0.106,-0.75,3057,4095
1085291,-4.487,4.786,-9.237,2.745,-0.083,-0.459,3057,4095
1085311,-5.061,5.665,-8.365,1.884,0.229,-0.522,3055,4095
1085331,-5.557,5.741,-7.403,1.037,0.09,-0.216,3055,4095
1085351,-5.236,5.148,-7.537,0.595,-0.148,-0.243,3054,4095
1085371,-5.021,5.504,-7.745,0.335,-0.133,-0.252,3054,4095
1085391,-4.911,5.684,-7.64,0.081,-0.055,-0.208,3053,4095
1085411,-4.932,5.61,-7.412,0.194,0.194,-0.217,3051,4095
1085431,-5.859,6.771,-7.029,0.136,0.154,-0.018,3052,4095
1085451,-5.693,5.914,-6.898,-0.141,-0.07,0.163,3051,4095
1085471,-5.306,4.633,-6.591,0.087,-0.156,0.028,3048,4095
1085491,-5.612,5.325,-6.589,0.354,-0.355,0.003,3049,4095
1085511,-5.55,5.602,-6.764,0.479,-0.449,0.196,3053,4095
1085531,-5.631,5.689,-7.563,0.3,-0.476,0.422,3067,4095
1085551,-5.521,5.313,-7.561,0.049,-0.19,0.528,3077,3854
1085571,-5.811,4.999,-7.207,-0.083,-0.098,0.436,3057,2772
1085591,-5.48,4.614,-7.578,-0.251,-0.081,0.382,3008,0
1085611,-5.983,4.092,-7.922,-0.531,0.036,0.423,2931,0
1085631,-5.72,4.834,-7.949,-0.542,-0.105,0.344,2846,0
1085651,-5.461,5.638,-7.57,-0.28,-0.021,0.253,2748,0
1085671,-4.314,5.578,-7.973,-0.347,0.826,0.528,2649,0
1085691,-3.97,4.748,-7.25,-0.277,1.62,0.79,2556,0
1085711,-4.391,5.638,-5.368,-0.261,1.355,0.917,2515,0
1085731,-3.697,5.267,-4.501,-0.136,0.474,0.485,2475,0
1085751,-4.441,3.838,-7.42,-0.318,0.116,0.212,2432,0
1085771,-3.366,5.569,-6.993,0.1,0.089,0.143,2410,0
1085791,-4.338,5.169,-6.855,-0.087,-0.005,0.209,2394,0
1085811,-3.907,5.028,-7.788,0.022,-0.066,0.176,2384,0
1085831,-3.979,6.091,-6.732,-0.06,-0.186,0.179,2378,0
1085851,-3.982,5.057,-7.523,-0.161,-0.261,0.085,2375,0
1085871,-3.201,5.897,-7.147,-0.156,-0.201,0.11,2376,0
1085891,-4.532,5.004,-6.661,-0.244,-0.081,0.095,2379,0
1085911,-3.694,5.09,-7.424,0.099,0.007,0.024,2381,0
1085931,-4.511,6.237,-6.464,-0.032,-0.052,0.038,2382,0
1085951,-4.164,5.392,-7.319,-0.196,-0.186,0.011,2385,0
1085971,-3.61,6.414,-6.862,-0.293,-0.212,0.062,2386,0
1085991,-4.757,4.879,-6.649,-0.398,-0.149,0.07,2391,0
1086011,-3.412,5.492,-7.221,0.015,-0.078,0.039,2390,0
1086031,-4.458,6.309,-6.409,0.021,-0.003,0.047,2397,0
1086051,-4.262,5.294,-7.247,0.044,-0.03,-0.013,2402,0
1086071,-3.735,6.9,-6.778,-0.025,-0.116,0.022,2407,0
1086091,-4.901,5.334,-6.677,-0.297,-0.187,0.025,2415,0
1086111,-3.934,5.473,-7.135,-0.092,-0.132,0.016,2422,0
1086131,-4.029,5.978,-6.761,-0.003,-0.016,0.022,2426,0
1086151,-4.156,6.172,-6.625,0.03,0.01,0.009,2432,0
1086171,-4.25,6.179,-6.673,-0.009,-0.086,0.003,2439,0
1086191,-4.19,6.053,-6.728,-0.058,-0.186,0.009,2446,0
1086211,-4.025,6.014,-6.737,-0.078,-0.169,0.043,2449,0
1086231,-3.989,6.017,-6.689,-0.066,-0.07,0.049,2453,0
1086251,-4.161,6.038,-6.673,-0.004,-0.024,0.01,2457,0
1086271,-4.243,6.179,-6.711,0.01,-0.083,-0.01,2460,0
1086291,-4.178,6.211,-6.788,-0.049,-0.131,0.024,2464,0
1086311,-4.19,6.179,-6.8,-0.083,-0.096,0.068,2468,0
1086331,-4.207,6.048,-6.807,-0.049,-0.055,0.064,2472,0
1086351,-4.166,5.986,-6.732,0.005,-0.038,0.039,2474,0
1086371,-4.152,6.036,-6.761,-0.012,-0.047,0.032,2477,0
1086391,-4.144,5.902,-6.807,-0.021,-0.052,0.024,2481,0
1086411,-4.152,6.009,-6.795,0.027,-0.009,0.018,2487,0
1086431,-4.19,6.175,-6.73,0.032,0.018,0.022,2490,0
1086451,-4.108,6.218,-6.639,0.021,0.012,0.026,2494,0
1086471,-4.049,6.153,-6.618,-0.015,-0.001,0.02,2496,0
1086491,-4.056,6.086,-6.541,-0.055,-0.033,0.012,2497,0
1086511,-4.116,6.05,-6.579,-0.08,-0.058,0.001,2500,0
1086531,-4.094,6.017,-6.498,-0.055,-0.054,0.004,2499,0
1086551,-4.096,6.041,-6.493,-0.012,-0.041,0.002,2508,0
1086571,-4.096,6.088,-6.512,0.019,-0.031,-0.016,2511,0
1086591,-4.175,6.196,-6.546,0.013,-0.043,-0.023,2511,0
1086611,-4.171,6.328,-6.495,-0.041,-0.076,-0.007,2510,0
1086631,-4.238,6.074,-6.345,-0.17,-0.109,0.036,2512,0
1086651,-4.374,6.299,-5.878,-0.097,-0.039,0.043,2512,0
1086671,-4.571,5.389,-6.56,-0.002,-0.024,-0.024,2513,0
1086691,-3.531,6.467,-6.955,0.18,-0.035,-0.043,2513,0
1086711,-4.381,6.953,-6.024,-0.017,-0.042,0.029,2513,0
1086731,-4.506,5.341,-6.661,-0.05,-0.055,0.009,2515,0
1086751,-3.522,6.615,-6.788,0.161,-0.014,-0.007,2515,0
1086771,-4.879,5.892,-6.194,-0.06,-0.006,0.021,2516,0
1086791,-4.116,5.49,-6.9,0.021,-0.038,0.003,2516,0
1086811,-3.642,7.037,-6.448,0.104,-0.038,0.017,2519,0
1086831,-4.791,6.108,-6.115,-0.12,-0.039,0.031,2520,0
1086851,-3.663,5.942,-6.958,0.018,-0.052,0.014,2519,0
1086871,-4.08,6.96,-6.081,-0.027,-0.018,0.055,2522,0
1086891,-4.082,5.442,-6.778,-0.031,-0.029,-0.009,2522,0
1086911,-3.625,7.022,-6.364,0.069,-0.033,-0.02,2525,0
1086931,-4.843,5.906,-6.115,-0.118,-0.075,-0.007,2530,0
1086951,-3.594,5.986,-6.941,0.088,-0.087,-0.022,2533,0
1086971,-4.286,7.01,-6.024,0.018,-0.048,0.031,2534,0
1086991,-4.501,5.509,-6.713,-0.025,-0.062,-0.002,2533,0
1087011,-3.534,6.859,-6.649,0.119,-0.063,0.002,2534,0
1087031,-4.767,6.235,-6.043,-0.088,-0.05,0.031,2533,0
1087051,-3.802,5.763,-6.97,0.071,-0.052,-0.01,2532,0
1087071,-4.041,7.178,-6.165,0.074,-0.014,0.02,2536,0
1087091,-4.767,5.629,-6.481,-0.041,-0.039,0.008,2538,0
1087111,-4.025,6.335,-6.809,0.091,-0.029,0.009,2541,0
1087131,-4.005,6.33,-6.352,0.036,-0.027,0.027,2540,0
1087151,-4.096,6.273,-6.397,0.017,-0.041,0.013,2540,0
