4191846,2.507,8.693,-4.65,0.131,-0.02,-0.023,3140,3501
4191866,1.695,8.815,-4.487,-0.008,-0.037,0.033,3139,3510
4191886,1.087,7.745,-5.205,0.124,-0.021,-0.048,3138,3509
4191906,2.658,9.187,-4.235,0.02,-0.078,0.024,3138,3504
4191926,1.015,8.128,-4.793,-0.014,-0.043,0.006,3139,3489
4191946,2.057,8.217,-4.882,0.106,-0.051,-0.058,3137,3442
4191966,2.04,9.246,-4.331,-0.08,-0.09,0.047,3138,3294
4191986,0.85,7.922,-5.308,-0.009,-0.063,-0.028,3138,3227
4192006,2.193,9.261,-4.662,-0.21,-0.171,0.018,3142,2983
4192026,0.453,10.003,-4.123,-0.858,-0.378,0.126,3149,2537
4192046,0.096,10.276,-4.769,-1.652,-0.751,0.111,3148,0
4192066,1.585,9.84,-4.685,-2.408,-0.877,0.149,3141,0
4192086,1.358,9.651,-4.647,-2.677,-0.743,0.159,3133,0
4192106,0.759,11.456,-4.578,-3.495,-0.732,0.561,3097,0
4192126,1.01,12.91,-3.493,-4.769,-0.888,0.714,3043,0
4192146,1.559,9.306,-2.682,-5.356,-1.026,0.661,2991,0
4192166,2.263,9.052,-2.672,-5.395,-0.878,0.238,2937,0
4192186,2.095,8.873,-1.614,-4.876,-0.788,0.305,2850,0
4192206,2.083,11.241,-0.716,-4.95,-0.683,0.515,2729,0
4192226,2.602,9.009,-0.333,-5.253,-0.544,0.644,2614,0
4192246,2.897,8.238,0.354,-5.145,-0.237,0.632,2514,0
4192266,2.878,7.858,2.626,-5.605,-0.159,0.469,2437,0
4192286,3.263,6.196,4.484,-6.049,-0.354,0.264,2369,0
4192306,3.1,3.812,5.672,-6.16,-0.485,-0.021,2331,0
4192326,2.954,2.935,7.037,-4.943,-0.517,-0.005,2304,0
4192346,3.163,1.86,8.923,-3.354,-0.366,0.021,2288,0
4192366,3.215,3.012,8.976,-1.433,-0.212,0.217,2279,0
4192386,3.294,3.876,8.696,-0.444,-0.102,0.283,2274,0
4192406,3.388,4.463,8.317,0.094,-0.033,0.266,2273,0
4192426,3.352,4.602,8.229,0.124,0.053,0.114,2276,0
4192446,3.062,4.961,8.401,0.215,0.068,0.047,2279,0
4192466,2.871,5.119,8.332,0.195,-0.015,0.094,2285,0
4192486,2.911,5.164,8.344,0.16,-0.106,0.153,2289,0
4192506,3.112,4.985,8.262,0.133,-0.087,0.098,2294,0
4192526,3.196,4.719,8.162,0.26,0.008,0.013,2299,0
4192546,2.966,5.397,7.989,0.391,0.057,0.016,2303,0
4192566,2.775,5.806,7.731,0.254,0.031,0.059,2307,0
4192586,2.88,5.514,7.824,-0.047,-0.034,0.063,2309,0
4192606,2.801,4.614,7.966,-0.111,-0.008,0.018,2313,0
4192626,2.729,4.288,8.124,0.085,0.004,-0.035,2316,0
4192646,3.012,3.946,7.652,0.385,0.071,-0.063,2319,0
4192666,2.768,6.038,7.788,0.255,-0.029,0.067,2320,0
4192686,2.607,4.975,7.329,0.133,-0.026,-0.024,2324,0
4192706,3.27,5.272,7.57,-0.133,-0.066,0.006,2326,0
4192726,2.61,4.633,7.887,-0.123,-0.074,-0.002,2329,0
4192746,3.414,4.345,7.614,0.238,0.002,-0.011,2330,0
4192766,2.804,5.313,7.86,0.358,-0.002,0.041,2334,0
4192786,3.005,4.987,7.226,0.49,0.047,-0.059,2334,0
4192806,2.885,6.747,7.712,-0.067,-0.084,0.029,2340,0
4192826,2.703,4.695,7.434,-0.211,-0.059,-0.11,2342,0
4192846,3.182,5.643,7.973,-0.224,-0.089,-0.008,2344,0
4192866,2.768,4.228,7.664,0.232,0.006,-0.055,2347,0
4192886,3.433,5.751,7.829,0.409,0.019,0.043,2349,0
4192906,2.595,5.361,7.523,0.388,0.035,-0.025,2350,0
4192926,3.189,6.419,7.647,0.089,0.003,-0.01,2351,0
4192946,2.421,5.169,7.764,-0.059,0.012,-0.067,2350,0
4192966,3.208,5.557,7.992,0.11,0.02,0.02,2352,0
4192986,2.452,5.049,7.851,0.409,0.009,0.055,2352,0
4193006,3.215,6.574,7.709,0.269,-0.075,0.15,2354,0
4193026,2.66,5.248,7.357,-0.097,-0.106,0.032,2355,0
4193046,3.407,6.021,7.664,-0.483,-0.179,0.047,2357,0
4193066,2.816,4.199,7.489,-0.392,-0.13,-0.069,2357,0
4193086,3.165,5.042,7.764,-0.329,-0.159,0.015,2365,0
4193106,3.148,4.664,7.673,-0.038,-0.112,0.006,2366,0
4193126,3.191,4.87,7.527,0.189,-0.017,-0.009,2369,0
4193146,3.021,5.167,7.566,0.235,0.028,-0.041,2368,0
4193166,2.895,5.325,7.554,0.191,0.032,-0.058,2370,0
4193186,2.842,5.399,7.573,0.167,0.046,-0.071,2369,0
4193206,2.837,5.334,7.673,0.193,0.036,-0.062,2372,0
4193226,2.837,5.488,7.63,0.248,0.009,-0.021,2374,0
4193246,2.825,5.681,7.599,0.188,-0.009,-0.002,2373,0
4193266,2.935,5.595,7.582,0.036,-0.033,-0.022,2376,0
4193286,3.024,5.289,7.64,-0.023,-0.032,-0.048,2377,0
4193306,2.969,5.262,7.75,0.075,-0.025,-0.043,2378,0
4193326,2.895,5.306,7.685,0.205,-0.029,-0.014,2381,0
4193346,2.928,5.428,7.604,0.267,-0.02,0.003,2383,0
4193366,2.947,5.605,7.594,0.238,0.001,-0.005,2383,0
4193386,2.784,5.722,7.614,0.137,-0.008,-0.014,2383,0
4193406,2.792,5.677,7.542,0.031,-0.046,-0.012,2384,0
4193426,2.887,5.425,7.544,-0.006,-0.063,-0.009,2385,0
4193446,3.012,5.339,7.556,0.057,-0.054,-0.013,2390,0
4193466,2.969,5.428,7.621,0.159,-0.027,-0.013,2392,0
4193486,2.804,5.746,7.606,0.217,-0.014,-0.01,2391,0
4193506,2.835,5.923,7.482,0.104,-0.041,-0.003,2396,0
4193526,2.964,5.677,7.456,-0.013,-0.062,0.002,2397,0
4193546,3.05,5.502,7.597,-0.01,-0.063,0.006,2401,0
4193566,3.024,5.373,7.664,0.052,-0.046,0.005,2402,0
4193586,2.962,5.519,7.513,0.082,-0.036,-0.007,2401,0
4193606,2.914,5.61,7.326,0.042,-0.035,-0.017,2402,0
4193626,3.134,5.727,7.503,-0.039,-0.041,-0.004,2402,0
4193646,2.835,6.258,7.817,-0.116,-0.088,0.055,2403,0
4193666,2.761,4.647,7.374,0.122,-0.034,-0.044,2403,0
4193686,3.074,6.203,7.623,0.037,-0.072,0.058,2407,0
4193706,2.784,4.743,7.161,0.185,-0.021,-0.044,2409,0
4193726,2.926,6.388,7.551,-0.053,-0.072,0.046,2410,0
4193746,2.914,4.808,7.178,0.048,-0.002,-0.076,2410,0
4193766,2.691,6.086,7.764,-0.114,-0.061,0.028,2410,0
4193786,3.23,4.899,7.362,0.141,-0.009,-0.06,2410,0
4193806,2.614,5.914,7.812,-0.0,-0.062,0.032,2411,0
4193826,3.369,5.399,7.42,0.153,-0.009,-0.048,2410,0
4193846,2.33,5.72,7.554,-0.026,-0.064,-0.001,2414,0
4193866,3.524,5.895,7.424,-0.003,-0.049,-0.01,2415,0
4193886,2.523,5.047,7.482,-0.089,-0.038,-0.039,2415,0
4193906,3.424,5.895,7.74,-0.035,-0.038,0.007,2415,0
4193926,2.574,4.604,7.479,0.141,-0.011,-0.042,2415,0
4193946,3.146,6.275,7.731,0.063,-0.056,0.048,2416,0
4193966,2.976,4.81,7.283,0.149,-0.001,-0.08,2417,0
4193986,2.823,6.45,7.767,-0.126,-0.074,0.019,2417,0
4194006,3.144,5.114,7.333,-0.006,-0.036,-0.076,2416,0
4194026,2.404,5.952,7.731,-0.209,-0.091,0.006,2416,0
4194046,3.395,5.258,7.396,0.037,-0.022,-0.042,2418,0
4194066,2.392,5.289,7.669,0.054,-0.018,0.01,2419,0
4194086,3.048,5.55,7.513,0.2,0.005,0.006,2419,0
4194106,2.818,5.758,7.539,0.057,-0.042,0.007,2420,0
4194126,2.897,5.528,7.47,-0.091,-0.066,-0.005,2420,0
4194146,3.069,5.217,7.489,-0.075,-0.044,-0.016,2423,0
4194166,3.067,5.248,7.664,0.074,0.001,-0.01,2422,0
4194186,2.95,5.416,7.697,0.154,0.009,-0.009,2424,0
4194206,2.818,5.691,7.64,0.127,-0.02,-0.015,2422,0
4194226,2.847,5.717,7.527,0.001,-0.046,-0.014,2423,0
4194246,2.933,5.567,7.551,-0.071,-0.052,-0.015,2424,0
4194266,2.988,5.43,7.635,-0.045,-0.043,-0.005,2424,0
4194286,2.95,5.361,7.645,0.042,-0.025,0.007,2425,0
4194306,2.923,5.449,7.597,0.099,-0.019,0.005,2425,0
4194326,2.916,5.557,7.566,0.052,-0.02,0.001,2425,0
4194346,2.902,5.538,7.633,-0.011,-0.034,-0.007,2426,0
4194366,2.883,5.461,7.693,-0.015,-0.047,-0.008,2425,0
4194386,2.861,5.435,7.594,0.038,-0.045,0.002,2426,0
4194406,2.907,5.459,7.568,0.082,-0.03,0.009,2428,0
4194426,2.935,5.476,7.573,0.084,-0.025,0.008,2431,0
4194446,2.907,5.497,7.606,0.047,-0.032,0.006,2429,0
4194466,2.883,5.495,7.611,0.005,-0.046,-0.0,2431,0
4194486,2.914,5.442,7.575,-0.012,-0.047,-0.007,2431,0
4194506,2.954,5.361,7.628,0.019,-0.039,-0.002,2431,0
4194526,2.907,5.356,7.614,0.08,-0.038,0.003,2431,0
4194546,2.904,5.423,7.556,0.118,-0.045,0.005,2431,0
4194566,2.904,5.583,7.496,0.068,-0.048,-0.008,2431,0
4194586,2.962,5.497,7.52,0.011,-0.047,-0.017,2432,0
4194606,2.928,5.44,7.602,0.03,-0.036,-0.011,2432,0
4194626,2.902,5.447,7.599,0.091,-0.031,0.009,2433,0
4194646,2.935,5.55,7.532,0.097,-0.027,0.015,2432,0
4194666,2.983,5.555,7.585,0.041,-0.025,0.001,2433,0
4194686,2.976,5.435,7.664,-0.007,-0.026,-0.013,2431,0
4194706,2.904,5.38,7.75,0.011,-0.036,-0.015,2433,0
4194726,2.851,5.423,7.685,0.068,-0.045,-0.004,2435,0
4194746,2.856,5.583,7.573,0.088,-0.045,-0.002,2434,0
4194766,2.868,5.59,7.544,0.03,-0.052,0.001,2434,0
4194786,2.895,5.476,7.496,-0.005,-0.057,-0.007,2433,0
4194806,2.959,5.365,7.46,-0.007,-0.05,-0.016,2434,0
4194826,2.969,5.397,7.511,0.025,-0.031,-0.019,2433,0
4194846,2.952,5.437,7.566,0.036,-0.025,-0.018,2436,0
4194866,2.887,5.444,7.64,0.054,-0.021,-0.008,2438,0
4194886,2.878,5.502,7.635,0.061,-0.03,-0.009,2436,0
4194906,2.978,5.502,7.523,0.027,-0.044,-0.007,2437,0
4194926,3.021,5.435,7.561,0.007,-0.035,-0.017,2436,0
4194946,2.952,5.44,7.647,0.037,-0.026,-0.02,2438,0
4194966,2.909,5.468,7.604,0.087,-0.027,-0.005,2437,0
4194986,2.921,5.523,7.549,0.101,-0.031,-0.005,2437,0
4195006,2.933,5.614,7.456,0.058,-0.035,-0.017,2439,0
4195026,2.897,5.631,7.475,-0.004,-0.034,-0.01,2440,0
4195046,2.878,5.449,7.578,-0.031,-0.037,0.002,2440,0
4195066,2.866,5.339,7.585,-0.008,-0.03,0.002,2439,0
4195086,2.921,5.306,7.64,0.04,-0.021,-0.007,2440,0
4195106,2.914,5.404,7.681,0.074,-0.019,-0.016,2441,0
4195126,2.849,5.471,7.724,0.05,-0.027,-0.022,2439,0
4195146,2.758,5.485,7.762,0.008,-0.062,-0.018,2439,0
4195166,2.818,5.485,7.683,-0.01,-0.102,-0.001,2441,0
4195186,2.938,5.361,7.717,-0.022,-0.141,0.011,2444,0
4195206,3.01,5.315,7.551,0.067,-0.115,0.009,2443,0
4195226,2.923,5.557,7.597,0.112,-0.101,0.005,2442,0
4195246,2.986,5.605,7.393,0.082,-0.083,0.0,2441,0
4195266,3.065,5.478,7.465,0.019,-0.053,-0.01,2441,0
4195286,3.136,5.337,7.506,0.009,-0.027,-0.016,2441,0
4195306,3.089,5.351,7.566,0.036,-0.002,-0.025,2441,0
4195326,2.966,5.454,7.599,0.047,0.009,-0.031,2440,0
4195346,2.921,5.514,7.649,0.049,-0.004,-0.031,2440,0
4195366,2.914,5.502,7.616,0.03,-0.017,-0.033,2440,0
4195386,2.964,5.514,7.626,0.037,-0.026,-0.031,2442,0
4195406,2.902,5.569,7.611,0.058,-0.022,-0.018,2444,0
4195426,2.844,5.643,7.594,0.06,-0.026,0.0,2444,0
4195446,2.926,5.6,7.657,0.035,-0.039,0.011,2444,0
4195466,2.988,5.516,7.652,-0.005,-0.045,0.0,2442,0
4195486,2.978,5.464,7.666,-0.029,-0.047,-0.01,2440,0
4195506,2.883,5.411,7.681,-0.006,-0.046,-0.007,2444,0
4195526,2.895,5.389,7.705,0.046,-0.055,0.006,2442,0
4195546,2.899,5.454,7.652,0.073,-0.057,0.022,2443,0
4195566,2.926,5.423,7.57,0.033,-0.063,0.017,2445,0
4195586,2.885,5.361,7.482,-0.003,-0.058,0.002,2446,0
4195606,2.921,5.27,7.458,-0.008,-0.047,-0.004,2447,0
4195626,2.969,5.205,7.489,0.014,-0.033,-0.017,2446,0
4195646,2.94,5.274,7.515,0.047,-0.02,-0.021,2448,0
4195666,2.859,5.368,7.566,0.068,-0.021,-0.022,2448,0
4195686,2.851,5.497,7.592,0.073,-0.031,-0.026,2447,0
4195706,2.916,5.519,7.664,0.052,-0.04,-0.029,2448,0
4195726,2.902,5.413,7.669,0.075,-0.043,-0.018,2448,0
4195746,2.909,5.466,7.614,0.158,-0.042,0.002,2447,0
4195766,2.954,5.617,7.549,0.133,-0.05,0.009,2448,0
4195786,3.014,5.476,7.573,0.015,-0.062,-0.007,2448,0
4195806,2.988,5.188,7.673,0.022,-0.073,-0.023,2448,0
4195826,2.919,5.239,7.678,0.147,-0.088,-0.016,2448,0
4195846,2.981,5.411,7.513,0.206,-0.087,-0.012,2448,0
4195866,3.024,5.535,7.513,0.172,-0.072,-0.029,2448,0
4195886,2.95,5.456,7.623,0.159,-0.078,-0.04,2446,0
4195906,2.921,5.459,7.633,0.237,-0.098,-0.023,2446,0
4195926,2.954,5.646,7.506,0.304,-0.109,-0.018,2446,0
4195946,3.089,5.875,7.3,0.283,-0.091,-0.022,2447,0
4195966,3.081,5.811,7.331,0.236,-0.059,-0.039,2448,0
4195986,2.988,5.703,7.487,0.28,-0.06,-0.025,2450,0
4196006,2.99,5.655,7.348,0.433,-0.052,0.021,2452,0
4196026,3.132,5.454,7.295,0.63,-0.008,0.031,2473,0
4196046,3.259,5.169,7.233,0.956,0.092,0.019,2484,0
4196066,3.268,5.001,7.12,1.501,0.263,-0.036,2492,0
4196086,2.818,6.184,6.79,1.944,0.331,-0.024,2492,0
4196106,2.454,8.112,6.335,1.642,0.181,0.07,2489,0
4196126,2.634,8.42,6.024,0.696,0.005,0.095,2484,0
4196146,2.897,7.523,6.294,-0.176,-0.1,0.015,2484,0
4196166,3.005,6.467,6.596,-0.465,-0.127,-0.057,2481,0
4196186,3.0,6.002,6.618,-0.222,-0.082,-0.047,2481,0
4196206,2.923,6.148,6.507,0.158,-0.027,-0.006,2481,0
4196226,2.902,6.615,6.474,0.357,0.011,0.012,2480,0
4196246,2.787,7.13,6.452,0.261,-0.0,0.013,2480,0
4196266,2.792,7.185,6.421,-0.011,-0.046,0.003,2479,0
4196286,2.868,6.766,6.426,-0.212,-0.061,-0.017,2480,0
4196306,2.966,6.39,6.553,-0.173,-0.046,-0.025,2481,0
4196326,3.014,6.337,6.637,0.012,-0.02,-0.013,2480,0
4196346,2.902,6.653,6.567,0.152,-0.006,-0.005,2478,0
4196366,2.761,6.977,6.428,0.096,-0.009,-0.002,2478,0
4196386,2.763,6.926,6.424,-0.052,-0.013,0.001,2478,0
4196406,2.899,6.668,6.524,-0.139,-0.015,-0.009,2479,0
4196426,2.945,6.517,6.653,-0.13,-0.01,-0.01,2477,0
4196446,2.907,6.46,6.752,-0.082,-0.026,0.002,2476,0
4196466,2.863,6.4,6.716,-0.061,-0.039,-0.004,2477,0
4196486,2.854,6.357,6.687,-0.022,-0.037,-0.022,2478,0
4196506,2.842,6.527,6.699,0.044,-0.029,-0.023,2474,0
4196526,2.808,6.706,6.584,0.061,-0.023,-0.01,2474,0
4196546,2.799,6.723,6.553,0.001,-0.022,-0.005,2473,0
4196566,2.828,6.701,6.584,-0.07,-0.022,-0.01,2475,0
4196586,2.84,6.565,6.692,-0.122,-0.029,-0.015,2473,0
4196606,2.935,6.4,6.888,-0.085,-0.029,-0.022,2470,0
4196626,2.921,6.39,6.9,-0.001,-0.024,-0.026,2466,0
4196646,2.875,6.452,6.838,0.08,-0.009,-0.022,2465,0
4196666,2.835,6.555,6.79,0.098,-0.006,-0.017,2465,0
4196686,2.83,6.627,6.8,0.06,-0.021,-0.013,2465,0
4196706,2.861,6.649,6.845,0.025,-0.041,-0.006,2464,0
4196726,2.808,6.618,6.931,-0.007,-0.066,-0.006,2464,0
4196746,2.787,6.5,6.855,0.021,-0.073,-0.006,2464,0
4196766,2.844,6.522,6.653,0.071,-0.062,-0.002,2464,0
4196786,2.909,6.632,6.539,0.07,-0.052,0.011,2464,0
4196806,2.928,6.546,6.553,0.01,-0.031,0.006,2464,0
4196826,2.808,6.474,6.694,-0.005,-0.022,-0.007,2463,0
4196846,2.768,6.395,6.804,0.019,-0.029,-0.003,2463,0
4196866,2.835,6.316,6.831,0.052,-0.038,-0.002,2463,0
4196886,2.88,6.498,6.73,0.08,-0.034,-0.016,2464,0
4196906,2.847,6.754,6.639,0.059,-0.039,-0.007,2463,0
4196926,2.844,6.692,6.646,0.005,-0.042,0.002,2463,0
4196946,2.851,6.541,6.742,-0.016,-0.031,-0.003,2463,0
4196966,2.909,6.457,6.788,0.021,-0.023,0.007,2463,0
4196986,2.919,6.436,6.783,0.05,-0.023,0.014,2465,0
4197006,2.856,6.433,6.768,0.035,-0.033,0.001,2464,0
4197026,2.808,6.421,6.78,0.013,-0.043,-0.008,2466,0
4197046,2.849,6.373,6.756,0.014,-0.052,-0.013,2466,0
4197066,2.88,6.416,6.747,0.033,-0.042,-0.024,2466,0
4197086,2.828,6.522,6.689,0.05,-0.03,-0.027,2467,0
4197106,2.763,6.63,6.677,0.063,-0.025,-0.007,2467,0
4197126,2.804,6.606,6.649,0.043,-0.032,0.01,2467,0
4197146,2.899,6.464,6.73,0.022,-0.027,0.002,2467,0
4197166,2.969,6.39,6.802,0.035,-0.021,-0.013,2467,0
4197186,2.878,6.481,6.776,0.067,-0.018,-0.006,2469,0
4197206,2.77,6.519,6.74,0.075,-0.027,0.003,2467,0
4197226,2.84,6.574,6.747,0.044,-0.04,-0.003,2467,0
4197246,2.892,6.507,6.792,0.007,-0.033,-0.023,2469,0
4197266,2.818,6.527,6.869,0.025,-0.035,-0.023,2470,0
4197286,2.698,6.601,6.826,0.066,-0.043,0.002,2471,0
4197306,2.772,6.565,6.713,0.048,-0.048,0.009,2473,0
4197326,2.885,6.457,6.68,0.017,-0.036,-0.002,2475,0
4197346,2.859,6.378,6.699,0.011,-0.018,-0.002,2474,0
4197366,2.823,6.347,6.728,0.037,-0.016,-0.002,2478,0
4197386,2.825,6.397,6.768,0.059,-0.022,-0.007,2479,0
4197406,2.861,6.45,6.792,0.057,-0.031,-0.02,2480,0
4197426,2.875,6.598,6.835,0.033,-0.042,-0.035,2480,0
4197446,2.832,6.658,6.807,0.015,-0.046,-0.039,2480,0
4197466,2.787,6.732,6.756,0.052,-0.053,-0.014,2479,0
4197486,2.806,6.737,6.682,0.08,-0.041,0.03,2479,0
4197506,2.897,6.577,6.725,0.07,-0.029,0.039,2475,0
4197526,2.95,6.428,6.744,0.042,-0.022,0.015,2474,0
4197546,2.954,6.321,6.692,0.028,-0.013,-0.011,2470,0
4197566,2.942,6.297,6.656,0.039,0.007,-0.04,2467,0
4197586,2.801,6.433,6.79,0.06,0.021,-0.065,2469,0
4197606,2.701,6.531,6.895,0.053,-0.025,-0.057,2468,0
4197626,2.732,6.582,6.74,0.065,-0.051,-0.018,2472,0
4197646,2.806,6.534,6.637,0.068,-0.045,-0.007,2472,0
4197666,2.813,6.563,6.685,0.068,-0.046,-0.008,2475,0
4197686,2.825,6.565,6.68,0.073,-0.042,-0.006,2472,0
4197706,2.787,6.603,6.68,0.063,-0.041,-0.014,2474,0
4197726,2.849,6.675,6.642,0.064,-0.037,-0.011,2476,0
4197746,2.835,6.677,6.699,0.064,-0.028,0.004,2475,0
4197766,2.806,6.627,6.783,0.058,-0.027,0.019,2475,0
4197786,2.784,6.486,6.828,0.067,-0.038,0.018,2475,0
4197806,2.875,6.443,6.764,0.066,-0.058,0.007,2477,0
4197826,2.952,6.488,6.687,0.046,-0.048,-0.007,2478,0
4197846,2.863,6.622,6.768,0.042,-0.027,-0.008,2478,0
4197866,2.653,6.625,6.773,0.047,-0.01,0.005,2479,0
4197886,2.571,6.582,6.773,0.059,-0.024,0.017,2478,0
4197906,2.763,6.553,6.752,0.035,-0.047,0.017,2479,0
4197926,2.899,6.433,6.802,0.002,-0.044,-0.0,2480,0
4197946,2.854,6.407,6.874,0.025,-0.044,-0.014,2478,0
4197966,2.749,6.493,6.766,0.058,-0.055,-0.01,2479,0
4197986,2.768,6.51,6.651,0.047,-0.054,-0.006,2480,0
4198006,2.851,6.503,6.601,0.026,-0.047,-0.002,2479,0
4198026,2.919,6.486,6.656,0.005,-0.03,-0.012,2479,0
4198046,2.787,6.402,6.78,-0.009,-0.037,-0.015,2475,0
4198066,2.777,6.457,6.795,0.026,-0.06,-0.015,2471,0
4198086,2.823,6.512,6.699,0.033,-0.064,-0.03,2467,0
4198106,2.89,6.567,6.73,0.037,-0.057,-0.036,2466,0
4198126,2.866,6.579,6.701,0.046,-0.04,-0.026,2473,0
4198146,2.782,6.606,6.634,0.077,-0.029,-0.015,2484,0
4198166,2.768,6.656,6.608,0.068,-0.03,-0.005,2486,0
4198186,2.875,6.555,6.651,0.023,-0.036,-0.002,2490,0
4198206,2.916,6.472,6.689,0.023,-0.027,-0.012,2489,0
4198226,2.828,6.515,6.68,0.047,-0.027,-0.016,2488,0
4198246,2.813,6.601,6.608,0.051,-0.037,-0.009,2491,0
4198266,2.856,6.551,6.644,0.039,-0.024,-0.014,2489,0
4198286,2.859,6.589,6.732,0.051,-0.016,-0.02,2490,0
4198306,2.801,6.642,6.766,0.061,-0.016,-0.007,2490,0
4198326,2.734,6.61,6.699,0.055,-0.022,-0.002,2491,0
4198346,2.761,6.539,6.689,0.056,-0.031,0.006,2491,0
4198366,2.892,6.476,6.682,0.066,-0.027,0.006,2492,0
4198386,2.921,6.495,6.718,0.061,-0.015,-0.011,2493,0
4198406,2.794,6.563,6.819,0.044,-0.013,-0.021,2492,0
4198426,2.631,6.589,6.845,0.038,-0.028,-0.018,2492,0
4198446,2.717,6.586,6.797,0.055,-0.044,-0.005,2493,0
4198466,2.851,6.577,6.756,0.056,-0.036,-0.002,2493,0
4198486,2.844,6.57,6.752,0.047,-0.036,-0.005,2492,0
4198506,2.772,6.551,6.725,0.034,-0.04,-0.005,2493,0
4198526,2.729,6.476,6.701,0.042,-0.049,-0.002,2495,0
4198546,2.866,6.534,6.653,0.046,-0.038,-0.01,2493,0
4198566,2.885,6.57,6.732,0.034,-0.023,-0.013,2494,0
4198586,2.775,6.596,6.752,0.03,-0.025,-0.021,2492,0
4198606,2.717,6.57,6.756,0.034,-0.034,-0.011,2492,0
4198626,2.777,6.495,6.747,0.046,-0.041,0.001,2490,0
4198646,2.88,6.448,6.653,0.046,-0.032,-0.005,2490,0
4198666,2.856,6.551,6.663,0.048,-0.029,-0.005,2480,0
4198686,2.84,6.596,6.653,0.037,-0.029,-0.017,2476,0
4198706,2.78,6.668,6.692,0.026,-0.023,-0.031,2473,0
4198726,2.727,6.637,6.749,0.032,-0.022,-0.029,2472,0
4198746,2.722,6.68,6.709,0.055,-0.033,-0.007,2473,0
4198766,2.768,6.627,6.637,0.034,-0.034,-0.003,2474,0
4198786,2.835,6.51,6.689,-0.001,-0.022,-0.014,2476,0
4198806,2.859,6.479,6.766,0.025,-0.022,-0.011,2476,0
4198826,2.854,6.527,6.773,0.053,-0.022,-0.011,2478,0
4198846,2.753,6.618,6.771,0.055,-0.026,-0.017,2477,0
4198866,2.703,6.653,6.723,0.045,-0.037,-0.015,2478,0
4198886,2.751,6.718,6.783,0.033,-0.045,-0.001,2477,0
4198906,2.808,6.634,6.766,0.019,-0.043,0.006,2478,0
4198926,2.768,6.579,6.771,0.021,-0.036,0.001,2478,0
4198946,2.67,6.546,6.716,0.033,-0.041,0.01,2479,0
4198966,2.689,6.505,6.699,0.043,-0.039,0.008,2479,0
4198986,2.775,6.476,6.646,0.034,-0.034,0.001,2479,0
4199006,2.784,6.479,6.663,0.012,-0.022,-0.003,2480,0
4199026,2.684,6.44,6.737,0.018,-0.015,-0.007,2479,0
4199046,2.71,6.431,6.809,0.047,-0.027,-0.006,2479,0
4199066,2.792,6.436,6.79,0.055,-0.037,-0.011,2479,0
4199086,2.842,6.534,6.785,0.05,-0.048,-0.027,2480,0
4199106,2.765,6.68,6.711,0.029,-0.046,-0.027,2479,0
4199126,2.746,6.687,6.682,0.035,-0.043,-0.015,2479,0
4199146,2.787,6.634,6.718,0.052,-0.033,-0.001,2481,0
4199166,2.851,6.596,6.701,0.062,-0.026,0.003,2478,0
4199186,2.796,6.546,6.732,0.046,-0.023,-0.003,2481,0
4199206,2.727,6.529,6.773,0.034,-0.031,-0.01,2481,0
4199226,2.751,6.515,6.723,0.051,-0.041,-0.009,2480,0
4199246,2.784,6.586,6.68,0.066,-0.038,-0.001,2480,0
4199266,2.729,6.541,6.682,0.056,-0.033,0.006,2481,0
4199286,2.775,6.46,6.67,0.041,-0.03,-0.003,2480,0
4199306,2.818,6.421,6.658,0.044,-0.026,-0.015,2481,0
4199326,2.823,6.512,6.709,0.054,-0.022,-0.026,2481,0
4199346,2.751,6.613,6.744,0.055,-0.019,-0.025,2481,0
4199366,2.677,6.642,6.725,0.048,-0.019,-0.017,2482,0
4199386,2.744,6.572,6.771,0.049,-0.023,-0.005,2482,0
4199406,2.796,6.586,6.773,0.046,-0.023,-0.007,2485,0
4199426,2.782,6.536,6.859,0.036,-0.021,-0.014,2486,0
4199446,2.708,6.555,6.84,0.046,-0.027,-0.016,2487,0
4199466,2.696,6.601,6.735,0.055,-0.035,-0.01,2488,0
4199486,2.772,6.594,6.713,0.05,-0.034,-0.015,2490,0
4199506,2.83,6.651,6.74,0.051,-0.022,-0.018,2491,0
4199526,2.717,6.716,6.797,0.053,-0.021,-0.007,2492,0
4199546,2.6,6.68,6.785,0.04,-0.034,0.009,2492,0
4199566,2.686,6.546,6.725,0.023,-0.046,0.007,2493,0
4199586,2.875,6.476,6.67,0.024,-0.046,-0.005,2493,0
4199606,2.868,6.515,6.742,0.044,-0.03,-0.01,2492,0
4199626,2.67,6.615,6.797,0.055,-0.032,-0.012,2493,0
4199646,2.591,6.673,6.704,0.054,-0.045,0.004,2493,0
4199666,2.734,6.608,6.615,0.037,-0.048,0.01,2494,0
4199686,2.868,6.476,6.668,0.019,-0.029,0.007,2492,0
4199706,2.88,6.4,6.795,0.027,-0.024,-0.01,2493,0
4199726,2.737,6.469,6.816,0.055,-0.03,-0.026,2491,0
4199746,2.595,6.649,6.749,0.066,-0.042,-0.023,2493,0
4199766,2.672,6.728,6.622,0.065,-0.047,-0.003,2493,0
4199786,2.78,6.687,6.622,0.051,-0.031,0.01,2493,0
4199806,2.777,6.62,6.677,0.035,-0.017,0.007,2494,0
4199826,2.715,6.519,6.713,0.036,-0.016,0.009,2494,0
4199846,2.756,6.457,6.79,0.049,-0.021,0.003,2494,0
4199866,2.768,6.493,6.835,0.063,-0.03,-0.009,2493,0
4199886,2.765,6.646,6.809,0.059,-0.038,-0.016,2493,0
4199906,2.682,6.713,6.771,0.042,-0.041,-0.003,2493,0
4199926,2.65,6.661,6.704,0.023,-0.041,0.005,2492,0
4199946,2.737,6.512,6.692,0.026,-0.033,0.01,2493,0
4199966,2.808,6.464,6.752,0.055,-0.029,-0.001,2492,0
4199986,2.816,6.61,6.819,0.073,-0.035,-0.004,2493,0
4200006,2.686,6.665,6.795,0.055,-0.04,-0.001,2494,0
4200026,2.65,6.651,6.704,0.04,-0.054,0.006,2491,0
4200046,2.698,6.551,6.634,0.03,-0.049,0.01,2491,0
4200066,2.792,6.5,6.634,0.03,-0.042,0.001,2491,0
4200086,2.78,6.483,6.653,0.035,-0.029,-0.008,2490,0
4200106,2.725,6.486,6.685,0.033,-0.022,-0.016,2490,0
4200126,2.701,6.529,6.701,0.041,-0.023,-0.016,2490,0
4200146,2.698,6.591,6.704,0.05,-0.026,-0.013,2490,0
4200166,2.749,6.658,6.699,0.06,-0.029,-0.007,2489,0
4200186,2.732,6.728,6.697,0.046,-0.026,0.002,2489,0
4200206,2.787,6.591,6.732,0.025,-0.03,-0.0,2490,0
4200226,2.871,6.546,6.823,0.04,-0.034,-0.009,2490,0
4200246,2.82,6.677,6.807,0.057,-0.036,-0.012,2489,0
4200266,2.684,6.768,6.723,0.043,-0.041,0.002,2490,0
4200286,2.646,6.625,6.673,0.027,-0.042,0.02,2489,0
4200306,2.737,6.448,6.653,0.033,-0.032,0.018,2489,0
4200326,2.756,6.402,6.668,0.046,-0.028,0.0,2490,0
4200346,2.732,6.467,6.653,0.039,-0.032,-0.01,2490,0
4200366,2.655,6.536,6.651,0.034,-0.03,-0.013,2486,0
4200386,2.638,6.644,6.74,0.02,-0.041,-0.001,2488,0
4200406,2.756,6.874,6.814,-0.069,-0.077,0.007,2489,0
4200426,2.485,8.717,7.4,-0.535,-0.338,0.065,2488,0
4200446,2.667,10.953,6.069,-2.402,-0.82,0.235,2484,0
4200466,3.364,10.736,6.51,-4.842,-1.308,0.337,2525,0
4200486,4.187,7.894,7.211,-6.937,-1.836,0.497,2677,0
4200506,5.397,4.896,5.528,-8.453,-2.08,0.565,2832,0
4200526,6.22,-4.413,7.163,-6.543,-1.381,0.147,2926,0
4200546,5.586,-4.966,9.263,-2.092,-0.169,-0.305,3015,0
4200566,4.549,-0.828,8.985,1.514,0.436,-0.175,3103,0
4200586,1.949,0.51,7.58,2.721,0.984,0.045,3180,2086
4200606,2.67,-3.881,10.36,3.388,1.095,-0.234,3225,3266
4200626,4.077,-12.483,10.106,7.694,1.492,-1.098,3258,3919
4200646,3.886,-3.728,-0.364,8.731,2.376,-1.235,3270,4095
4200666,2.375,2.653,-3.584,8.731,3.213,-0.905,3278,4095
4200686,1.889,6.328,-8.578,8.731,3.337,-0.132,3267,4095
4200706,1.609,16.965,-11.899,8.731,2.87,0.472,3262,4095
4200726,-0.464,21.186,-7.314,8.731,1.92,1.009,3256,4095
4200746,0.575,12.905,-4.846,4.712,0.647,1.001,3244,4095
4200766,2.025,5.981,-6.57,2.688,0.094,0.145,3229,4095
4200786,4.226,9.371,-6.797,1.982,0.158,0.006,3216,4095
4200806,1.935,10.161,-6.989,0.653,0.266,0.122,3210,4095
4200826,2.507,8.023,-5.279,-0.533,0.03,-0.01,3205,4095
4200846,3.338,6.51,-4.096,-0.462,-0.109,-0.011,3201,4095
4200866,1.93,6.936,-5.332,0.336,-0.073,-0.09,3200,4095
4200886,3.816,10.508,-5.126,0.107,-0.128,-0.01,3195,4095
4200906,2.545,9.048,-4.946,-0.575,-0.058,0.015,3193,4095
4200926,2.301,6.826,-4.836,-0.401,-0.093,-0.102,3190,4095
4200946,3.62,8.131,-3.582,-0.082,-0.206,0.062,3188,4095
4200966,1.913,7.774,-4.642,0.155,-0.191,0.054,3186,4095
4200986,3.527,8.394,-4.75,0.039,-0.232,0.004,3184,4095
4201006,2.789,8.071,-4.58,-0.106,-0.181,0.024,3183,4095
4201026,1.528,6.766,-5.914,0.153,-0.183,-0.074,3183,4095
4201046,3.419,8.696,-5.224,0.059,-0.209,-0.04,3180,4095
4201066,2.121,8.224,-5.595,-0.034,-0.129,-0.018,3182,4095
4201086,2.545,7.846,-5.564,-0.045,-0.087,-0.0,3180,4095
4201106,2.495,7.903,-5.437,0.071,-0.094,-0.001,3180,4095
4201126,2.543,8.061,-5.418,0.023,-0.136,0.014,3178,4095
4201146,2.849,7.839,-5.499,-0.03,-0.116,0.0,3175,4095
4201166,2.806,7.855,-5.43,0.036,-0.043,0.009,3175,4095
4201186,2.67,7.915,-5.203,0.076,-0.032,-0.008,3174,4095
4201206,2.691,8.147,-5.073,0.002,-0.074,-0.03,3173,4095
4201226,2.701,8.119,-4.982,-0.012,-0.102,-0.039,3172,4095
4201246,2.761,7.987,-5.073,0.002,-0.085,-0.043,3170,4095
4201266,2.665,7.994,-5.021,0.029,-0.066,-0.05,3168,4095
4201286,2.55,8.212,-5.083,0.087,-0.067,-0.044,3169,4095
4201306,2.488,8.305,-5.191,0.057,-0.1,-0.016,3170,4095
4201326,2.581,7.977,-5.301,-0.014,-0.103,-0.013,3165,4095
4201346,2.531,7.791,-5.397,0.056,-0.06,-0.046,3164,4095
4201366,2.526,8.176,-5.495,0.091,-0.03,-0.044,3163,4095
4201386,2.413,8.368,-5.404,0.059,-0.022,-0.026,3163,4095
4201406,2.454,8.229,-5.272,0.002,-0.031,-0.012,3161,4095
4201426,2.507,7.913,-5.174,0.016,-0.004,-0.013,3156,4095
4201446,2.44,7.961,-5.114,0.095,0.003,-0.024,3159,4095
4201466,2.471,8.329,-5.102,0.061,-0.014,-0.021,3158,4095
4201486,2.488,8.162,-4.992,-0.014,-0.031,-0.024,3157,4095
4201506,2.447,8.011,-4.934,0.025,-0.028,-0.032,3156,4095
4201526,2.337,8.179,-4.922,0.063,-0.063,-0.006,3154,4095
4201546,2.413,8.131,-5.066,0.071,-0.089,0.001,3155,4095
4201566,2.495,8.243,-5.298,0.047,-0.077,0.006,3151,4095
4201586,2.48,8.088,-5.471,0.066,-0.023,-0.012,3151,4095
4201606,2.705,8.195,-5.078,0.096,-0.034,-0.023,3150,4095
4201626,3.179,8.995,-4.52,0.071,-0.06,0.03,3150,4095
4201646,1.628,7.659,-5.468,0.074,-0.019,0.005,3151,4095
4201666,2.71,8.064,-5.334,0.097,-0.06,-0.023,3149,4095
4201686,3.021,8.712,-4.568,-0.052,-0.072,0.056,3149,4095
4201706,1.523,6.926,-5.732,0.093,-0.011,-0.019,3150,4095
4201726,3.235,8.399,-5.2,0.124,-0.057,-0.03,3147,4095
4201746,2.598,8.531,-4.75,-0.076,-0.052,0.029,3145,4095
4201766,1.693,7.025,-5.715,0.037,-0.043,-0.057,3145,4095
4201786,3.448,8.724,-4.767,0.027,-0.094,-0.013,3145,4095
4201806,2.071,7.937,-5.164,-0.016,-0.042,0.003,3143,4095
4201826,2.148,7.489,-5.777,0.106,-0.042,-0.07,3143,4095
4201846,3.326,9.117,-4.626,-0.03,-0.076,0.019,3142,4095
4201866,1.532,7.422,-5.447,-0.003,-0.026,-0.021,3142,4095
4201886,2.837,8.116,-5.413,0.108,-0.054,-0.061,3142,4095
4201906,2.806,8.847,-4.616,-0.008,-0.04,0.026,3140,4095
4201926,1.427,7.202,-5.729,0.127,-0.004,-0.053,3139,4095
4201946,3.395,8.928,-4.865,0.073,-0.068,-0.008,3140,4095
4201966,1.961,8.193,-4.954,-0.067,-0.018,0.013,3139,4095
4201986,2.054,7.326,-5.653,0.062,-0.039,-0.071,3138,4095
4202006,3.297,9.163,-4.48,-0.009,-0.079,0.033,3139,4095
4202026,1.425,7.391,-5.576,0.043,-0.002,-0.015,3138,4095
4202046,2.964,8.267,-5.313,0.071,-0.03,-0.058,3138,4095
4202066,2.456,8.531,-4.843,0.005,-0.007,-0.018,3140,4095
4202086,2.349,8.286,-5.097,0.06,-0.017,-0.014,3138,4095
4202106,2.313,8.373,-5.148,0.036,-0.034,0.006,3139,4095
4202126,2.456,8.212,-5.191,-0.018,-0.033,0.013,3139,4095
4202146,2.413,8.004,-5.126,-0.02,-0.029,0.007,3139,4095
4202166,2.382,7.973,-5.08,-0.001,-0.03,-0.003,3138,4095
4202186,2.289,8.03,-5.021,0.08,-0.029,-0.005,3138,4095
4202206,2.349,8.217,-4.982,0.05,-0.052,0.004,3138,4095
4202226,2.433,8.102,-5.021,0.003,-0.058,-0.006,3138,4095
4202246,2.428,8.066,-5.059,-0.011,-0.059,-0.009,3136,4095
4202266,2.394,8.073,-5.076,0.022,-0.068,-0.003,3136,4095
4202286,2.385,7.855,-5.183,0.048,-0.062,-0.002,3136,4095
4202306,2.354,8.183,-5.186,0.062,-0.05,-0.009,3136,4095
4202326,2.442,8.145,-5.229,-0.021,-0.059,-0.018,3136,4095
4202346,2.423,8.133,-5.14,-0.032,-0.075,-0.012,3137,4095
4202366,2.471,8.176,-5.155,0.047,-0.063,0.002,3136,4095
4202386,2.444,8.205,-5.274,0.076,-0.038,0.006,3136,4095
4202406,2.392,8.143,-5.37,0.026,-0.002,-0.011,3135,4095
4202426,2.351,8.124,-5.236,0.016,0.006,-0.027,3135,4095
4202446,2.382,8.131,-4.987,0.007,-0.011,-0.022,3135,4095
