922336,3.460,8.452,-3.373,0.054,-0.069,-0.025,2537,0
922356,3.443,8.523,-3.414,0.071,-0.051,-0.034,2537,0
922376,3.424,8.574,-3.402,0.053,-0.038,-0.015,2537,0
922396,3.433,8.485,-3.342,0.033,-0.034,-0.005,2536,0
922416,3.498,8.454,-3.294,0.039,-0.042,-0.020,2535,0
922436,3.508,8.545,-3.299,0.047,-0.050,-0.041,2536,0
922456,3.440,8.636,-3.309,0.048,-0.060,-0.044,2535,0
922476,3.479,8.681,-3.419,0.039,-0.062,-0.030,2535,0
922496,3.560,8.669,-3.440,0.028,-0.057,-0.023,2535,0
922516,3.541,8.715,-3.455,0.033,-0.045,-0.026,2537,0
922536,3.500,8.784,-3.474,0.032,-0.042,-0.014,2537,0
922556,3.508,8.784,-3.445,0.023,-0.047,0.003,2539,0
922576,3.496,8.744,-3.440,0.034,-0.047,0.008,2542,0
922596,3.462,8.739,-3.457,0.056,-0.044,0.007,2538,0
922616,3.407,8.736,-3.527,0.055,-0.044,0.023,2541,0
922636,3.469,8.617,-3.541,0.029,-0.042,0.045,2538,0
922656,3.488,8.452,-3.457,0.027,-0.034,0.042,2539,0
922676,3.448,8.440,-3.395,0.052,-0.037,0.013,2537,0
922696,3.393,8.480,-3.426,0.061,-0.052,0.001,2538,0
922716,3.385,8.507,-3.527,0.054,-0.051,0.004,2539,0
922736,3.381,8.514,-3.503,0.047,-0.032,0.007,2539,0
922756,3.335,8.509,-3.500,0.047,-0.015,0.002,2538,0
922776,3.330,8.521,-3.476,0.042,-0.026,-0.001,2539,0
922796,3.385,8.487,-3.452,0.037,-0.020,-0.001,2539,0
922816,3.409,8.456,-3.488,0.041,-0.014,-0.006,2538,0
922836,3.426,8.507,-3.417,0.042,-0.005,-0.015,2539,0
922856,3.438,8.526,-3.335,0.041,-0.003,-0.021,2537,0
922876,3.443,8.545,-3.297,0.035,-0.022,-0.018,2539,0
922896,3.472,8.538,-3.366,0.032,-0.033,-0.018,2538,0
922916,3.479,8.540,-3.409,0.037,-0.035,-0.029,2540,0
922936,3.448,8.622,-3.412,0.051,-0.024,-0.043,2539,0
922956,3.421,8.701,-3.385,0.051,-0.016,-0.034,2541,0
922976,3.433,8.705,-3.378,0.026,-0.025,-0.009,2542,0
922996,3.479,8.641,-3.426,0.013,-0.033,-0.003,2542,0
923016,3.529,8.610,-3.445,0.024,-0.019,-0.010,2543,0
923036,3.505,8.629,-3.407,0.042,-0.006,-0.014,2543,0
923056,3.496,8.674,-3.357,0.037,-0.018,-0.003,2543,0
923076,3.445,8.624,-3.323,0.021,-0.038,0.009,2543,0
923096,3.464,8.595,-3.361,0.032,-0.044,-0.002,2543,0
923116,3.452,8.614,-3.412,0.058,-0.039,-0.021,2543,0
923136,3.426,8.696,-3.450,0.047,-0.027,-0.006,2544,0
923156,3.452,8.602,-3.421,0.021,-0.028,0.019,2542,0
923176,3.462,8.466,-3.361,0.034,-0.028,0.009,2543,0
923196,3.400,8.473,-3.388,0.054,-0.033,-0.018,2544,0
923216,3.335,8.557,-3.417,0.048,-0.021,-0.024,2543,0
923236,3.333,8.626,-3.433,0.025,-0.013,-0.005,2542,0
923256,3.431,8.531,-3.352,0.009,-0.013,0.009,2545,0
923276,3.440,8.464,-3.302,0.016,-0.011,-0.004,2544,0
923296,3.431,8.483,-3.275,0.038,-0.010,-0.023,2544,0
923316,3.443,8.564,-3.323,0.039,-0.023,-0.027,2543,0
923336,3.474,8.564,-3.316,0.031,-0.034,-0.024,2543,0
923356,3.462,8.595,-3.318,0.033,-0.052,-0.026,2544,0
923376,3.448,8.612,-3.383,0.035,-0.050,-0.029,2543,0
923396,3.426,8.655,-3.455,0.034,-0.043,-0.027,2544,0
923416,3.455,8.657,-3.493,0.033,-0.035,-0.025,2543,0
923436,3.460,8.660,-3.426,0.037,-0.026,-0.022,2544,0
923456,3.462,8.669,-3.376,0.029,-0.035,-0.013,2543,0
923476,3.445,8.624,-3.338,0.026,-0.042,-0.011,2544,0
923496,3.390,8.614,-3.397,0.056,-0.054,-0.027,2543,0
923516,3.330,8.684,-3.541,0.066,-0.046,-0.027,2544,0
923536,3.256,8.643,-3.651,0.041,-0.035,-0.010,2543,0
923556,3.268,8.586,-3.701,0.022,-0.018,-0.005,2544,0
923576,3.335,8.538,-3.651,0.019,0.029,-0.008,2546,0
923596,3.297,8.564,-3.515,0.030,0.054,-0.016,2543,0
923616,3.292,8.595,-3.515,0.031,0.035,-0.018,2543,0
923636,3.314,8.562,-3.560,0.021,0.038,-0.021,2543,0
923656,3.273,8.612,-3.591,0.031,0.060,-0.029,2545,0
923676,3.213,8.665,-3.594,0.028,0.075,-0.029,2544,0
923696,3.184,8.645,-3.723,0.007,0.095,-0.012,2543,0
923716,3.160,8.535,-3.771,0.006,0.134,-0.010,2543,0
923736,3.120,8.531,-3.826,0.007,0.175,-0.020,2545,0
923756,3.012,8.519,-3.960,-0.020,0.212,-0.017,2543,0
923776,2.835,8.377,-4.221,-0.058,0.273,-0.014,2543,0
923796,2.863,8.351,-4.367,-0.096,0.371,-0.027,2544,0
923816,2.907,8.440,-4.108,-0.111,0.514,-0.045,2544,0
923836,2.792,8.576,-3.905,-0.111,0.576,-0.044,2543,0
923856,2.782,8.564,-3.950,-0.145,0.606,-0.022,2543,0
923876,2.871,8.384,-4.101,-0.171,0.692,-0.026,2544,0
923896,2.995,8.495,-3.852,-0.175,0.823,-0.048,2544,0
923916,3.172,8.689,-3.287,-0.175,0.921,-0.050,2544,0
923936,3.328,8.751,-2.825,-0.172,0.920,-0.030,2543,0
923956,3.393,8.710,-2.614,-0.147,0.875,-0.028,2543,0
923976,3.318,8.624,-2.756,-0.106,0.831,-0.056,2543,0
923996,3.630,8.777,-2.691,-0.096,0.864,-0.079,2543,0
924016,3.733,8.914,-2.186,-0.092,0.960,-0.078,2543,0
924036,3.725,8.983,-1.853,-0.067,0.912,-0.066,2542,0
924056,3.718,8.902,-1.932,-0.056,0.826,-0.044,2542,0
924076,3.874,8.823,-1.987,-0.063,0.812,-0.041,2543,0
924096,3.912,8.827,-1.788,-0.059,0.862,-0.072,2542,0
924116,3.591,8.916,-1.836,-0.023,0.859,-0.098,2543,0
924136,3.440,9.045,-2.061,-0.040,0.861,-0.089,2542,0
924156,3.548,9.081,-1.899,-0.100,0.970,-0.053,2541,0
924176,3.481,9.076,-1.508,-0.110,1.048,-0.035,2543,0
924196,3.347,9.036,-1.429,-0.095,1.059,-0.035,2543,0
924216,3.254,8.971,-1.417,-0.083,1.072,-0.037,2541,0
924236,3.390,9.007,-1.492,-0.093,1.144,-0.027,2542,0
924256,3.567,9.007,-1.159,-0.106,1.272,-0.018,2543,0
924276,3.651,8.966,-0.752,-0.101,1.379,-0.010,2541,0
924296,3.694,9.038,-0.333,-0.105,1.426,0.013,2541,0
924316,3.603,8.921,-0.129,-0.118,1.369,0.007,2540,0
924336,3.582,8.722,-0.256,-0.068,1.296,-0.041,2537,0
924356,3.929,8.839,-0.182,-0.051,1.383,-0.075,2538,0
924376,4.264,9.036,0.242,-0.104,1.602,-0.086,2537,0
924396,4.147,9.110,0.802,-0.152,1.806,-0.092,2538,0
924416,3.747,9.100,0.922,-0.186,1.856,-0.056,2531,0
924436,3.455,9.019,1.384,-0.241,1.673,0.040,2528,0
924456,4.094,8.973,1.956,-0.266,1.360,0.064,2527,0
924476,4.547,9.052,2.354,-0.268,1.208,0.065,2525,0
924496,4.688,9.060,2.557,-0.206,1.134,0.075,2526,0
924516,4.626,8.947,2.722,-0.108,1.065,0.089,2522,0
924536,4.372,8.894,2.655,0.021,0.871,0.070,2521,0
924556,4.379,9.060,2.476,0.076,0.596,0.064,2518,0
924576,4.535,9.072,2.440,-0.010,0.394,0.092,2518,0
924596,4.547,8.921,2.444,-0.088,0.288,0.119,2521,0
924616,4.470,8.698,2.301,-0.062,0.215,0.115,2521,0
924636,4.357,8.554,2.116,0.061,0.127,0.072,2518,0
924656,4.319,8.665,1.810,0.115,0.044,0.035,2519,0
924676,4.202,8.715,1.745,0.097,-0.025,0.013,2519,0
924696,4.108,8.705,1.721,0.090,-0.074,0.003,2521,0
924716,3.946,8.655,1.551,0.145,-0.102,-0.015,2526,0
924736,3.891,8.698,1.276,0.194,-0.120,-0.031,2525,0
924756,3.821,8.763,1.013,0.177,-0.120,-0.031,2526,0
924776,3.795,8.787,0.912,0.105,-0.118,-0.013,2528,0
924796,3.809,8.722,0.994,0.068,-0.086,0.003,2527,0
924816,3.824,8.677,1.099,0.083,-0.046,0.002,2529,0
924836,3.934,8.712,1.166,0.130,-0.021,-0.018,2530,0
924856,3.922,8.808,1.211,0.156,-0.022,-0.030,2530,0
924876,3.838,8.844,1.197,0.151,-0.063,-0.026,2529,0
924896,3.898,8.823,1.099,0.141,-0.101,-0.025,2530,0
924916,4.049,8.854,0.984,0.129,-0.095,-0.029,2531,0
924936,4.073,8.890,0.967,0.133,-0.058,-0.041,2531,0
924956,3.960,8.971,0.915,0.128,-0.027,-0.042,2530,0
924976,4.008,8.933,0.783,0.103,-0.012,-0.026,2533,0
924996,4.140,8.815,0.766,0.114,0.003,-0.019,2531,0
925016,4.195,8.918,0.790,0.143,0.011,-0.032,2535,0
925036,4.073,8.990,0.764,0.148,0.023,-0.048,2531,0
925056,3.895,9.038,0.680,0.120,0.039,-0.031,2531,0
925076,3.907,8.942,0.608,0.080,0.049,0.003,2533,0
925096,4.017,8.775,0.596,0.090,0.069,0.008,2533,0
925116,4.171,8.820,0.663,0.106,0.131,-0.002,2533,0
925136,4.154,8.842,0.905,0.083,0.171,-0.003,2531,0
925156,4.104,8.839,1.147,0.067,0.157,-0.016,2531,0
925176,4.101,8.818,1.279,0.092,0.082,-0.044,2530,0
925196,4.159,8.885,1.192,0.109,0.032,-0.050,2531,0
925216,4.161,8.923,1.137,0.094,0.024,-0.034,2531,0
925236,4.058,8.894,1.173,0.083,0.017,-0.034,2530,0
925256,3.977,8.969,1.144,0.099,-0.015,-0.046,2531,0
925276,3.943,9.072,1.049,0.110,-0.052,-0.050,2531,0
925296,3.948,9.151,0.982,0.088,-0.068,-0.028,2530,0
925316,3.934,9.129,0.989,0.060,-0.053,-0.001,2532,0
925336,3.869,9.031,1.082,0.065,-0.044,0.009,2533,0
925356,3.864,8.954,1.032,0.084,-0.071,0.001,2533,0
925376,3.883,8.918,0.931,0.094,-0.087,-0.012,2534,0
925396,3.852,8.957,0.840,0.087,-0.082,-0.015,2533,0
925416,3.826,9.009,0.864,0.073,-0.068,-0.007,2535,0
925436,3.828,9.005,0.910,0.062,-0.052,0.006,2535,0
925456,3.876,8.933,0.984,0.055,-0.050,0.014,2533,0
925476,3.970,8.918,1.003,0.041,-0.060,0.009,2535,0
925496,4.008,8.868,1.025,0.018,-0.065,0.006,2538,0
925516,3.989,8.830,1.025,0.018,-0.078,-0.001,2535,0
925536,3.996,8.830,0.967,0.044,-0.091,-0.023,2535,0
925556,3.965,8.954,0.876,0.063,-0.098,-0.039,2536,0
925576,3.965,9.048,0.776,0.047,-0.108,-0.032,2534,0
925596,3.967,9.112,0.721,0.014,-0.092,-0.011,2536,0
925616,3.936,9.134,0.783,-0.004,-0.062,0.006,2537,0
925636,3.874,9.074,0.850,0.011,-0.047,0.015,2536,0
925656,3.876,9.052,0.883,0.038,-0.065,0.017,2537,0
925676,3.938,9.041,0.833,0.043,-0.092,0.018,2537,0
925696,4.020,8.988,0.821,0.029,-0.087,0.035,2540,0
925716,4.037,8.885,0.824,0.016,-0.066,0.046,2536,0
925736,4.017,8.832,0.857,0.017,-0.058,0.031,2540,0
925756,3.960,8.856,0.869,0.025,-0.082,0.014,2538,0
925776,4.034,8.878,0.864,0.027,-0.098,0.018,2537,0
925796,4.046,8.825,0.860,0.037,-0.098,0.010,2539,0
925816,4.044,8.866,0.831,0.052,-0.095,-0.008,2539,0
925836,3.891,8.990,0.742,0.066,-0.092,-0.012,2539,0
925856,3.831,9.088,0.704,0.054,-0.096,0.006,2539,0
925876,3.847,9.007,0.675,0.037,-0.101,0.029,2540,0
925896,4.001,8.863,0.678,0.035,-0.084,0.031,2540,0
925916,4.022,8.772,0.699,0.038,-0.052,0.017,2539,0
925936,3.984,8.818,0.807,0.052,-0.037,-0.001,2541,0
925956,3.938,8.859,0.833,0.053,-0.063,-0.001,2539,0
925976,3.994,8.827,0.783,0.041,-0.097,0.005,2539,0
925996,4.051,8.760,0.730,0.039,-0.091,-0.004,2539,0
926016,4.017,8.806,0.706,0.045,-0.071,-0.024,2539,0
926036,3.941,8.921,0.725,0.052,-0.048,-0.041,2540,0
926056,3.907,9.014,0.757,0.051,-0.057,-0.027,2540,0
926076,3.974,9.007,0.745,0.035,-0.072,-0.005,2540,0
926096,4.041,8.914,0.740,0.036,-0.082,-0.006,2540,0
926116,4.075,8.928,0.632,0.054,-0.076,-0.017,2540,0
926136,4.025,8.971,0.670,0.070,-0.054,-0.029,2541,0
926156,3.900,9.081,0.654,0.081,-0.051,-0.022,2539,0
926176,3.936,9.182,0.589,0.053,-0.072,0.007,2542,0
926196,4.037,9.057,0.622,0.015,-0.063,0.033,2542,0
926216,4.049,8.945,0.692,0.030,-0.039,0.027,2542,0
926236,3.989,8.945,0.740,0.075,-0.031,0.008,2542,0
926256,3.946,9.012,0.685,0.076,-0.032,0.015,2541,0
926276,4.003,8.940,0.685,0.043,-0.050,0.038,2542,0
926296,4.092,8.839,0.721,0.025,-0.047,0.039,2543,0
926316,4.082,8.794,0.783,0.031,-0.021,0.025,2543,0
926336,4.020,8.775,0.857,0.055,-0.015,0.008,2540,0
926356,3.986,8.806,0.836,0.068,-0.041,-0.002,2542,0
926376,3.960,8.902,0.792,0.056,-0.069,-0.005,2541,0
926396,3.994,8.902,0.790,0.034,-0.082,-0.001,2542,0
926416,4.027,8.885,0.771,0.043,-0.073,-0.005,2542,0
926436,4.044,8.887,0.718,0.065,-0.058,-0.014,2542,0
926456,4.039,8.902,0.706,0.061,-0.059,-0.015,2541,0
926476,4.022,8.938,0.687,0.040,-0.071,-0.012,2541,0
926496,4.015,8.940,0.699,0.033,-0.072,-0.013,2543,0
926516,4.008,8.993,0.682,0.036,-0.048,-0.005,2543,0
926536,3.998,8.978,0.694,0.037,-0.033,0.002,2542,0
926556,4.037,8.890,0.721,0.045,-0.047,-0.001,2542,0
926576,4.073,8.878,0.680,0.043,-0.067,-0.006,2543,0
926596,4.070,8.906,0.670,0.041,-0.064,-0.009,2542,0
926616,4.056,8.935,0.687,0.046,-0.052,-0.009,2543,0
926636,4.029,8.942,0.711,0.041,-0.045,-0.003,2542,0
926656,4.044,8.899,0.713,0.036,-0.071,-0.002,2542,0
926676,4.061,8.890,0.654,0.045,-0.088,-0.014,2542,0
926696,4.027,8.959,0.601,0.053,-0.065,-0.015,2542,0
926716,4.008,8.961,0.637,0.046,-0.052,-0.001,2542,0
926736,4.044,8.894,0.591,0.041,-0.068,0.002,2544,0
926756,4.051,8.906,0.534,0.045,-0.077,-0.010,2543,0
926776,4.065,8.995,0.498,0.047,-0.062,-0.014,2542,0
926796,4.017,9.038,0.579,0.051,-0.038,-0.008,2543,0
926816,3.984,9.060,0.606,0.053,-0.043,0.005,2543,0
926836,3.972,9.029,0.622,0.044,-0.059,0.025,2544,0
926856,4.020,8.961,0.656,0.054,-0.062,0.021,2543,0
926876,4.022,8.973,0.613,0.075,-0.060,0.015,2542,0
926896,4.053,8.947,0.615,0.068,-0.045,0.025,2543,0
926916,4.039,8.911,0.675,0.055,-0.050,0.030,2543,0
926936,4.085,8.909,0.754,0.051,-0.070,0.018,2543,0
926956,4.087,8.957,0.773,0.049,-0.062,0.007,2543,0
926976,4.063,8.983,0.725,0.047,-0.056,0.011,2543,0
926996,4.156,8.966,0.658,0.032,-0.060,0.020,2543,0
927016,4.204,8.938,0.663,0.002,-0.047,0.033,2543,0
927036,4.135,8.926,0.680,-0.015,-0.056,0.033,2542,0
927056,4.077,8.885,0.596,-0.017,-0.082,0.024,2544,0
927076,4.123,8.847,0.505,0.022,-0.081,0.007,2543,0
927096,4.142,8.947,0.436,0.044,-0.060,0.007,2543,0
927116,4.056,9.002,0.472,0.042,-0.054,0.015,2543,0
927136,3.994,8.983,0.481,0.022,-0.061,0.030,2544,0
927156,3.974,8.873,0.464,0.022,-0.066,0.036,2544,0
927176,4.015,8.813,0.488,0.044,-0.045,0.024,2543,0
927196,4.020,8.748,0.520,0.063,-0.019,0.017,2543,0
927216,4.058,8.701,0.572,0.043,-0.015,0.011,2543,0
927236,4.051,8.679,0.611,0.009,-0.011,0.003,2541,0
927256,4.053,8.701,0.740,0.017,-0.014,-0.015,2542,0
927276,4.056,8.789,0.781,0.036,-0.017,-0.024,2542,0
927296,4.082,8.772,0.771,0.036,-0.022,-0.026,2544,0
927316,4.161,8.708,0.749,0.030,-0.037,-0.031,2543,0
927336,4.219,8.681,0.749,0.019,-0.040,-0.039,2545,0
927356,4.147,8.746,0.816,0.031,-0.037,-0.056,2543,0
927376,4.101,8.868,0.836,0.047,-0.059,-0.059,2542,0
927396,4.099,8.971,0.713,0.041,-0.087,-0.042,2541,0
927416,4.113,8.935,0.594,0.035,-0.092,-0.029,2543,0
927436,4.010,8.997,0.594,0.057,-0.071,-0.032,2542,0
927456,3.965,9.069,0.594,0.068,-0.071,-0.027,2541,0
927476,4.013,9.048,0.529,0.057,-0.078,-0.005,2543,0
927496,4.089,8.952,0.429,0.055,-0.075,0.003,2543,0
927516,4.130,8.926,0.431,0.064,-0.052,-0.002,2542,0
927536,4.082,8.916,0.445,0.063,-0.037,-0.003,2543,0
927556,4.082,8.938,0.464,0.053,-0.054,0.000,2543,0
927576,4.082,8.940,0.496,0.049,-0.055,-0.006,2542,0
927596,4.063,9.024,0.455,0.072,-0.048,-0.014,2542,0
927616,4.063,9.069,0.417,0.071,-0.041,0.002,2542,0
927636,4.089,9.005,0.431,0.061,-0.042,0.016,2542,0
927656,4.137,8.918,0.402,0.060,-0.047,0.012,2542,0
927676,4.161,8.882,0.407,0.064,-0.023,0.001,2543,0
927696,4.144,8.928,0.431,0.070,-0.007,-0.010,2543,0
927716,4.056,9.048,0.500,0.064,-0.016,-0.018,2542,0
927736,4.015,9.129,0.515,0.051,-0.018,-0.004,2543,0
927756,4.065,9.091,0.496,0.031,-0.009,0.020,2543,0
927776,4.118,8.959,0.541,0.034,0.001,0.027,2543,0
927796,4.142,8.928,0.658,0.041,0.015,0.023,2543,0
927816,4.101,8.859,0.718,0.032,-0.001,0.027,2543,0
927836,4.135,8.796,0.721,0.027,-0.029,0.024,2543,0
927856,4.082,8.768,0.685,0.039,-0.041,0.008,2542,0
927876,4.010,8.799,0.577,0.051,-0.044,-0.010,2544,0
927896,3.960,8.882,0.534,0.045,-0.044,-0.008,2543,0
927916,4.020,8.847,0.539,0.027,-0.037,0.006,2543,0
927936,4.056,8.741,0.534,0.022,-0.024,0.004,2545,0
927956,4.068,8.653,0.527,0.033,-0.032,-0.016,2542,0
927976,4.041,8.701,0.481,0.035,-0.037,-0.031,2542,0
927996,4.029,8.796,0.479,0.037,-0.035,-0.038,2543,0
928016,4.044,8.899,0.484,0.054,-0.021,-0.042,2543,0
928036,4.044,9.002,0.546,0.060,-0.013,-0.041,2544,0
928056,4.013,9.043,0.625,0.071,-0.010,-0.032,2544,0
928076,3.979,9.072,0.661,0.079,-0.021,-0.015,2543,0
928096,4.034,9.060,0.680,0.066,-0.039,0.003,2544,0
928116,4.061,8.976,0.716,0.066,-0.039,0.002,2543,0
928136,4.073,8.990,0.771,0.075,-0.032,-0.006,2543,0
928156,4.075,9.000,0.824,0.070,-0.037,-0.003,2542,0
928176,4.068,8.985,0.848,0.063,-0.054,0.006,2542,0
928196,4.065,9.009,0.867,0.055,-0.079,0.012,2543,0
928216,4.063,9.043,0.912,0.021,-0.091,0.035,2543,0
928236,4.049,8.885,0.804,0.016,-0.116,0.044,2543,0
928256,4.137,8.753,0.498,0.031,-0.143,0.030,2543,0
928276,4.202,8.727,0.271,0.027,-0.121,0.017,2541,0
928296,4.171,8.760,0.242,0.021,-0.091,0.013,2543,0
928316,4.132,8.784,0.192,0.012,-0.086,0.007,2542,0
928336,4.130,8.763,0.129,0.017,-0.087,-0.010,2541,0
928356,4.147,8.866,0.034,0.044,-0.093,-0.022,2543,0
928376,4.085,9.009,-0.022,0.069,-0.081,-0.024,2543,0
928396,4.056,9.048,-0.053,0.074,-0.057,-0.011,2543,0
928416,4.058,8.959,-0.086,0.062,-0.022,0.015,2545,0
928436,4.082,8.844,-0.053,0.074,-0.005,0.012,2543,0
928456,4.096,8.890,-0.012,0.100,0.011,-0.008,2543,0
928476,4.022,8.966,0.122,0.110,0.036,-0.011,2542,0
928496,3.998,9.007,0.275,0.109,0.052,-0.002,2544,0
928516,4.022,8.978,0.419,0.106,0.066,0.010,2543,0
928536,4.051,8.904,0.591,0.096,0.067,0.013,2543,0
928556,4.144,8.823,0.692,0.068,0.054,0.009,2543,0
928576,4.154,8.760,0.785,0.048,0.034,-0.004,2543,0
928596,4.106,8.835,0.828,0.051,0.018,-0.028,2542,0
928616,4.065,8.966,0.836,0.054,0.009,-0.031,2543,0
928636,4.005,9.036,0.792,0.037,-0.007,-0.022,2543,0
928656,4.053,9.021,0.764,0.007,-0.010,-0.010,2544,0
928676,4.080,8.973,0.848,-0.004,-0.006,-0.002,2543,0
928696,4.106,8.892,0.953,0.000,-0.019,-0.004,2542,0
928716,4.123,8.854,0.972,0.017,-0.052,-0.014,2543,0
928736,4.082,8.880,0.922,0.042,-0.079,-0.022,2543,0
928756,4.010,8.933,0.795,0.049,-0.104,-0.017,2543,0
928776,4.037,8.887,0.656,0.028,-0.114,-0.003,2542,0
928796,4.075,8.784,0.594,0.008,-0.107,-0.002,2543,0
928816,4.044,8.763,0.582,0.021,-0.104,-0.020,2544,0
928836,4.039,8.885,0.582,0.033,-0.100,-0.032,2542,0
928856,4.015,8.950,0.565,0.026,-0.113,-0.021,2544,0
928876,4.056,8.921,0.414,0.019,-0.124,-0.012,2542,0
928896,4.096,8.911,0.328,0.016,-0.110,-0.006,2542,0
928916,4.075,8.875,0.333,0.022,-0.094,-0.007,2542,0
928936,4.111,8.916,0.326,0.033,-0.095,-0.017,2543,0
928956,4.128,8.981,0.251,0.036,-0.102,-0.014,2543,0
928976,4.168,8.966,0.132,0.037,-0.102,-0.010,2543,0
928996,4.178,9.000,0.089,0.055,-0.089,-0.014,2543,0
929016,4.132,9.067,0.067,0.054,-0.072,-0.007,2542,0
929036,4.082,9.076,0.081,0.047,-0.058,0.005,2543,0
929056,4.104,9.084,0.103,0.065,-0.051,0.008,2544,0
929076,4.104,9.112,0.132,0.078,-0.029,0.017,2543,0
929096,4.116,9.086,0.206,0.072,-0.013,0.030,2543,0
929116,4.096,9.031,0.328,0.074,-0.010,0.033,2542,0
929136,4.087,8.993,0.378,0.079,-0.016,0.038,2542,0
929156,4.130,8.964,0.395,0.071,-0.018,0.044,2542,0
929176,4.161,8.856,0.445,0.063,-0.016,0.039,2542,0
929196,4.178,8.794,0.464,0.059,-0.009,0.030,2542,0
929216,4.101,8.794,0.510,0.045,-0.018,0.023,2542,0
929236,4.075,8.832,0.553,0.033,-0.037,0.011,2542,0
929256,4.082,8.868,0.484,0.045,-0.047,0.003,2544,0
929276,4.111,8.861,0.417,0.048,-0.040,0.010,2543,0
929296,4.116,8.794,0.405,0.035,-0.034,0.016,2543,0
929316,4.087,8.794,0.455,0.029,-0.038,0.006,2542,0
929336,4.056,8.820,0.460,0.029,-0.045,-0.001,2542,0
929356,4.068,8.808,0.397,0.041,-0.047,-0.003,2542,0
929376,4.094,8.799,0.345,0.049,-0.040,-0.007,2543,0
929396,4.096,8.818,0.311,0.031,-0.026,-0.005,2543,0
929416,4.077,8.823,0.330,0.017,-0.027,-0.012,2543,0
929436,4.106,8.885,0.373,0.022,-0.020,-0.015,2543,0
929456,4.099,8.892,0.433,0.037,-0.015,-0.009,2543,0
929476,4.147,8.866,0.414,0.056,-0.027,-0.012,2543,0
929496,4.178,8.866,0.347,0.053,-0.029,-0.010,2543,0
929516,4.135,8.827,0.381,0.043,-0.031,-0.003,2543,0
929536,4.123,8.842,0.407,0.041,-0.037,-0.010,2544,0
929556,4.082,8.847,0.407,0.057,-0.037,-0.027,2542,0
929576,4.096,8.969,0.328,0.065,-0.034,-0.030,2545,0
929596,4.147,8.964,0.330,0.054,-0.023,-0.021,2543,0
929616,4.197,8.976,0.385,0.046,-0.018,-0.018,2545,0
929636,4.156,8.964,0.412,0.043,-0.016,-0.013,2543,0
929656,4.113,8.971,0.407,0.049,-0.022,-0.015,2544,0
929676,4.125,9.029,0.383,0.053,-0.023,-0.014,2543,0
929696,4.111,9.050,0.395,0.047,-0.016,0.002,2543,0
929716,4.106,8.988,0.393,0.029,-0.016,0.016,2544,0
929736,4.118,8.882,0.395,0.017,-0.015,0.019,2543,0
929756,4.156,8.813,0.426,0.037,-0.020,0.005,2543,0
929776,4.171,8.851,0.438,0.062,-0.021,-0.009,2542,0
929796,4.147,8.897,0.493,0.052,-0.027,-0.009,2543,0
929816,4.135,8.935,0.479,0.037,-0.038,-0.003,2543,0
929836,4.061,8.930,0.453,0.042,-0.047,-0.001,2543,0
929856,4.053,8.954,0.357,0.054,-0.058,0.001,2543,0
929876,4.125,8.904,0.304,0.049,-0.040,0.002,2543,0
929896,4.108,8.866,0.364,0.049,-0.029,0.001,2544,0
929916,4.118,8.851,0.359,0.044,-0.029,-0.001,2543,0
929936,4.058,8.844,0.352,0.041,-0.040,-0.004,2543,0
929956,4.113,8.844,0.299,0.041,-0.052,-0.005,2544,0
929976,4.128,8.868,0.242,0.039,-0.039,-0.012,2544,0
929996,4.096,8.914,0.304,0.047,-0.020,-0.021,2543,0
930016,4.070,8.988,0.299,0.042,-0.013,-0.015,2542,0
930036,4.092,8.973,0.345,0.036,-0.010,-0.007,2543,0
930056,4.123,8.935,0.395,0.033,-0.016,-0.002,2544,0
930076,4.137,8.911,0.433,0.037,-0.022,-0.007,2544,0
930096,4.123,8.945,0.362,0.052,-0.020,-0.013,2545,0
930116,4.104,9.029,0.294,0.046,-0.013,-0.006,2543,0
930136,4.113,9.000,0.347,0.037,-0.008,0.008,2544,0
930156,4.111,8.921,0.378,0.035,-0.012,0.013,2544,0
930176,4.156,8.890,0.405,0.030,-0.007,0.015,2543,0
930196,4.161,8.849,0.397,0.029,-0.004,0.011,2543,0
930216,4.101,8.849,0.385,0.028,-0.013,0.005,2543,0
930236,4.096,8.827,0.400,0.033,-0.026,-0.005,2544,0
930256,4.082,8.873,0.316,0.058,-0.030,-0.014,2544,0
930276,4.123,8.947,0.180,0.057,-0.014,-0.009,2543,0
930296,4.120,8.897,0.215,0.031,0.013,0.008,2546,0
930316,4.111,8.820,0.347,0.032,0.021,0.003,2544,0
930336,4.077,8.832,0.385,0.061,0.008,-0.014,2543,0
930356,4.099,8.947,0.338,0.071,-0.013,-0.010,2544,0
930376,4.082,8.930,0.215,0.062,-0.010,-0.003,2544,0
930396,4.070,8.923,0.196,0.064,0.016,-0.005,2543,0
930416,4.068,8.930,0.213,0.066,0.047,-0.003,2542,0
930436,4.056,8.942,0.302,0.069,0.053,0.005,2543,0
930456,4.073,8.911,0.314,0.064,0.041,0.013,2544,0
930476,4.073,8.815,0.326,0.064,0.042,0.008,2544,0
930496,4.132,8.820,0.292,0.060,0.062,-0.002,2543,0
930516,4.092,8.820,0.369,0.053,0.081,-0.010,2543,0
930536,4.123,8.847,0.412,0.050,0.077,-0.013,2543,0
930556,4.164,8.842,0.500,0.043,0.079,-0.008,2544,0
930576,4.118,8.866,0.529,0.039,0.060,-0.008,2543,0
930596,4.140,8.882,0.536,0.046,0.041,-0.020,2544,0
930616,4.135,8.978,0.503,0.069,0.041,-0.028,2543,0
930636,4.077,9.024,0.453,0.080,0.038,-0.020,2544,0
930656,4.051,9.024,0.417,0.062,0.032,-0.007,2543,0
930676,4.068,8.997,0.414,0.049,0.043,0.004,2544,0
930696,4.123,8.959,0.558,0.044,0.061,0.009,2544,0
930716,4.111,8.923,0.646,0.055,0.048,0.002,2543,0
930736,4.104,8.875,0.599,0.060,0.025,-0.004,2544,0
930756,4.085,8.904,0.464,0.062,0.018,-0.010,2543,0
930776,4.058,8.973,0.476,0.057,0.037,-0.009,2544,0
930796,4.075,9.000,0.534,0.049,0.047,0.004,2543,0
930816,4.082,8.969,0.634,0.037,0.038,0.015,2544,0
930836,4.113,8.871,0.596,0.044,0.019,0.014,2543,0
930856,4.142,8.887,0.536,0.050,0.012,0.002,2543,0
930876,4.118,8.961,0.560,0.046,0.021,-0.003,2543,0
930896,4.070,8.969,0.579,0.041,0.016,0.006,2543,0
930916,4.061,8.978,0.520,0.036,0.017,0.013,2543,0
930936,4.020,8.954,0.448,0.037,0.021,0.017,2544,0
930956,4.049,8.993,0.378,0.027,0.050,0.020,2544,0
930976,4.013,8.947,0.378,0.008,0.096,0.026,2542,0
930996,3.982,8.964,0.326,-0.016,0.142,0.029,2543,0
931016,4.058,8.950,0.378,-0.066,0.221,0.042,2542,0
931036,4.092,8.885,0.488,-0.110,0.340,0.054,2543,0
931056,4.130,8.827,0.809,-0.137,0.468,0.052,2544,0
931076,4.345,8.964,1.250,-0.177,0.587,0.046,2542,0
931096,4.918,9.227,2.160,-0.283,0.774,0.062,2541,0
931116,5.555,9.531,3.330,-0.405,1.075,0.061,2538,0
931136,5.578,9.400,4.094,-0.439,1.348,0.066,2535,0
931156,5.353,8.739,4.302,-0.390,1.601,-0.049,2531,0
931176,5.054,8.198,4.745,-0.268,1.929,-0.220,2527,0
931196,4.956,8.404,5.504,-0.126,2.269,-0.445,2520,0
931216,4.515,9.237,6.610,-0.446,2.801,-0.462,2508,0
931236,3.400,10.041,8.466,-0.942,3.477,-0.379,2495,0
931256,1.408,9.907,10.980,-1.304,3.629,-0.078,2475,0
931276,-0.656,8.923,13.906,-0.947,2.345,0.279,2448,0
931296,-2.691,7.262,14.248,-0.049,-0.642,0.538,2417,0
931316,-4.508,7.788,14.104,1.159,-4.829,0.563,2394,0
931336,-6.376,9.821,12.062,1.694,-8.731,0.438,2384,0
931356,-9.582,10.276,6.019,1.162,-8.731,0.518,2399,0
931376,-9.902,9.076,1.765,0.362,-8.731,1.128,2451,0
931396,-8.248,6.208,-1.939,0.709,-8.731,1.134,2520,0
931416,-6.826,6.436,-8.363,1.812,-8.731,-0.017,2558,0
931436,-4.585,8.638,-13.530,2.307,-8.731,-0.630,2581,0
931456,-5.128,9.268,-13.958,1.702,-4.823,0.067,2582,0
931476,-7.463,7.927,-13.496,0.785,-2.108,0.813,2561,0
931496,-7.412,6.625,-12.115,0.359,-1.180,0.814,2557,0
931516,-4.420,5.746,-11.439,0.162,-0.659,0.556,2554,0
931536,-2.059,5.389,-10.573,-0.095,0.215,0.490,2550,0
931556,-1.006,5.511,-8.863,-0.418,0.919,0.552,2545,0
931576,-0.457,5.459,-7.298,-0.609,1.048,0.495,2542,0
931596,0.263,5.452,-6.436,-0.520,0.907,0.296,2539,0
931616,1.173,5.784,-6.074,-0.350,0.740,0.068,2536,0
931636,1.841,6.328,-6.043,-0.290,0.649,-0.068,2537,0
931656,2.059,6.886,-6.005,-0.293,0.605,-0.139,2534,0
931676,2.418,7.350,-5.677,-0.300,0.489,-0.175,2534,0
931696,2.576,7.597,-5.471,-0.208,0.355,-0.202,2532,0
931716,2.497,7.767,-5.593,-0.060,0.237,-0.214,2531,0
931736,2.531,7.954,-5.892,-0.020,0.206,-0.219,2531,0
931756,2.756,7.989,-5.971,-0.016,0.305,-0.242,2535,0
931776,2.617,8.071,-5.758,0.038,0.359,-0.276,2537,0
931796,2.593,8.289,-5.684,0.088,0.282,-0.301,2537,0
931816,2.720,8.519,-5.777,0.067,0.252,-0.284,2537,0
931836,2.926,8.717,-5.662,0.012,0.375,-0.251,2537,0
931856,2.950,8.892,-5.248,-0.006,0.562,-0.222,2535,0
931876,3.033,9.069,-4.695,-0.024,0.636,-0.192,2535,0
931896,3.062,9.222,-4.233,-0.036,0.641,-0.143,2536,0
931916,3.153,9.196,-3.979,-0.029,0.616,-0.078,2534,0
931936,3.263,9.141,-3.893,-0.011,0.598,-0.031,2534,0
931956,3.359,8.985,-3.862,0.012,0.579,-0.011,2537,0
931976,3.335,8.827,-3.879,0.048,0.543,0.003,2539,0
931996,3.290,8.686,-3.948,0.050,0.500,0.033,2539,0
932016,3.306,8.617,-4.029,0.010,0.466,0.069,2540,0
932036,3.378,8.461,-3.891,-0.023,0.460,0.102,2540,0
932056,3.354,8.334,-3.864,-0.012,0.442,0.122,2542,0
932076,3.455,8.313,-3.883,-0.025,0.409,0.137,2543,0
932096,3.505,8.258,-3.790,-0.062,0.398,0.154,2543,0
932116,3.541,8.167,-3.687,-0.084,0.348,0.160,2543,0
932136,3.500,8.033,-3.701,-0.056,0.302,0.140,2544,0
932156,3.572,7.989,-3.867,-0.020,0.249,0.101,2544,0
932176,3.682,7.992,-3.862,-0.010,0.256,0.073,2545,0
932196,3.768,8.023,-3.749,0.002,0.279,0.063,2544,0
932216,3.709,8.016,-3.673,0.023,0.235,0.047,2544,0
932236,3.663,7.966,-3.792,0.048,0.141,0.020,2543,0
932256,3.670,7.944,-3.982,0.049,0.080,-0.002,2545,0
932276,3.701,7.963,-4.049,0.016,0.087,-0.005,2546,0
932296,3.773,7.954,-3.977,-0.002,0.121,-0.017,2546,0
932316,3.709,7.987,-3.857,0.009,0.131,-0.041,2547,0
932336,3.649,8.090,-3.953,0.006,0.104,-0.052,2546,0
932356,3.740,8.150,-4.010,-0.020,0.095,-0.047,2547,0
932376,3.836,8.200,-3.986,-0.041,0.131,-0.043,2547,0
932396,3.883,8.267,-3.802,-0.041,0.178,-0.049,2546,0
932416,3.888,8.327,-3.596,-0.016,0.186,-0.059,2546,0
932436,3.869,8.363,-3.577,0.009,0.133,-0.064,2545,0
932456,3.883,8.437,-3.598,0.020,0.075,-0.059,2546,0
932476,3.934,8.464,-3.572,0.022,0.070,-0.049,2546,0
932496,3.970,8.471,-3.450,0.038,0.079,-0.049,2547,0
932516,3.950,8.480,-3.472,0.059,0.039,-0.048,2546,0
932536,3.864,8.428,-3.553,0.068,-0.012,-0.041,2548,0
932556,3.891,8.384,-3.709,0.063,-0.033,-0.040,2547,0
932576,3.862,8.375,-3.730,0.061,-0.013,-0.044,2552,0
932596,3.869,8.464,-3.735,0.059,0.017,-0.048,2551,0
932616,3.824,8.535,-3.656,0.050,0.022,-0.033,2551,0
932636,3.757,8.497,-3.630,0.039,-0.005,-0.001,2551,0
932656,3.754,8.406,-3.697,0.023,-0.043,0.018,2552,0
932676,3.836,8.346,-3.711,0.025,-0.034,0.009,2550,0
932696,3.776,8.384,-3.699,0.056,-0.012,-0.006,2551,0
932716,3.757,8.428,-3.737,0.047,-0.021,0.013,2551,0
932736,3.737,8.327,-3.711,0.027,-0.027,0.029,2549,0
932756,3.742,8.248,-3.682,0.023,-0.038,0.028,2551,0
932776,3.740,8.205,-3.704,0.027,-0.061,0.016,2551,0
932796,3.694,8.169,-3.809,0.050,-0.092,-0.010,2551,0
932816,3.685,8.200,-3.955,0.076,-0.088,-0.034,2551,0
932836,3.634,8.308,-4.068,0.058,-0.054,-0.026,2552,0
932856,3.646,8.313,-4.005,0.030,-0.024,-0.002,2553,0
932876,3.634,8.301,-3.874,0.035,-0.002,-0.004,2554,0
932896,3.618,8.329,-3.773,0.059,-0.007,-0.010,2553,0
932916,3.752,8.327,-3.828,0.049,-0.030,-0.003,2554,0
932936,3.850,8.238,-3.804,0.041,-0.017,0.001,2555,0
932956,3.809,8.224,-3.701,0.055,0.009,-0.012,2555,0
932976,3.713,8.243,-3.680,0.073,-0.005,-0.035,2556,0
932996,3.646,8.320,-3.790,0.070,-0.042,-0.038,2555,0
933016,3.771,8.346,-3.881,0.037,-0.041,-0.013,2554,0
933036,3.814,8.270,-3.833,0.023,0.013,0.001,2554,0
933056,3.740,8.250,-3.692,0.030,0.020,-0.016,2553,0
