563256,0.120,7.472,4.839,0.025,-0.061,0.047,2511,0
563276,0.412,7.944,4.398,0.090,-0.198,0.003,2511,0
563296,0.771,8.475,4.187,0.001,-0.308,-0.054,2510,0
563316,0.991,8.602,4.087,-0.060,-0.349,-0.098,2511,0
563336,1.116,8.511,4.001,0.006,-0.335,-0.088,2512,0
563356,1.358,8.559,3.816,0.165,-0.295,-0.089,2512,0
563376,1.453,8.842,3.587,0.260,-0.265,-0.116,2511,0
563396,1.427,9.258,3.371,0.225,-0.265,-0.099,2512,0
563416,1.516,9.352,3.393,0.086,-0.259,-0.038,2511,0
563436,1.664,8.988,3.457,0.048,-0.241,0.001,2511,0
563456,1.803,8.830,3.433,0.117,-0.218,0.008,2510,0
563476,1.793,8.882,3.316,0.170,-0.188,0.000,2511,0
563496,1.776,9.091,3.275,0.168,-0.158,0.005,2511,0
563516,1.841,9.120,3.309,0.117,-0.106,0.032,2512,0
563536,1.767,8.969,3.359,0.099,-0.067,0.038,2511,0
563556,1.721,9.017,3.347,0.127,-0.057,0.024,2512,0
563576,1.731,9.117,3.287,0.131,-0.046,0.017,2512,0
563596,1.705,9.189,3.424,0.083,-0.001,0.021,2512,0
563616,1.578,9.278,3.584,0.022,0.009,0.031,2512,0
563636,1.448,9.378,3.757,-0.075,-0.047,0.059,2513,0
563656,1.391,9.167,3.838,-0.140,-0.078,0.078,2510,0
563676,1.417,8.957,3.955,-0.112,-0.050,0.072,2511,0
563696,1.422,8.844,3.953,-0.069,-0.032,0.063,2511,0
563716,1.410,8.763,3.991,-0.082,-0.047,0.060,2511,0
563736,1.458,8.614,3.984,-0.102,-0.108,0.042,2510,0
563756,1.513,8.631,3.929,-0.102,-0.153,0.008,2508,0
563776,1.561,8.650,3.893,-0.098,-0.166,-0.022,2508,0
563796,1.520,8.667,3.871,-0.071,-0.149,-0.043,2509,0
563816,1.551,8.684,3.876,-0.037,-0.123,-0.055,2508,0
563836,1.595,8.772,3.857,-0.033,-0.122,-0.066,2508,0
563856,1.566,8.813,3.773,-0.037,-0.142,-0.087,2507,0
563876,1.587,8.782,3.677,-0.019,-0.155,-0.100,2507,0
563896,1.597,8.801,3.551,0.014,-0.143,-0.100,2507,0
563916,1.662,8.887,3.464,0.051,-0.116,-0.105,2508,0
563936,1.597,8.969,3.419,0.046,-0.093,-0.098,2508,0
563956,1.477,8.918,3.366,0.054,-0.077,-0.086,2508,0
563976,1.542,8.935,3.316,0.092,-0.056,-0.081,2508,0
563996,1.566,9.031,3.328,0.104,-0.015,-0.070,2510,0
564016,1.523,9.062,3.405,0.089,0.011,-0.048,2508,0
564036,1.544,9.014,3.498,0.059,0.013,-0.027,2508,0
564056,1.525,8.973,3.584,0.056,0.015,-0.028,2508,0
564076,1.518,8.981,3.618,0.095,0.023,-0.025,2509,0
564096,1.590,9.079,3.632,0.128,0.047,-0.015,2509,0
564116,1.652,9.175,3.771,0.083,0.081,0.005,2509,0
564136,1.563,9.134,3.965,0.024,0.064,0.016,2509,0
564156,1.496,9.041,4.039,0.009,0.001,0.018,2509,0
564176,1.587,8.997,3.965,0.020,-0.015,0.022,2507,0
564196,1.628,8.969,3.972,0.039,0.005,0.020,2507,0
564216,1.556,9.036,3.986,0.033,0.000,0.019,2509,0
564236,1.487,9.024,3.986,0.003,-0.018,0.026,2509,0
564256,1.468,8.911,4.008,-0.002,-0.025,0.029,2509,0
564276,1.504,8.887,3.965,0.017,-0.026,0.023,2510,0
564296,1.542,8.880,3.900,0.014,-0.028,0.018,2508,0
564316,1.508,8.830,3.826,-0.002,-0.042,0.008,2507,0
564336,1.427,8.856,3.819,0.016,-0.052,-0.009,2508,0
564356,1.422,8.990,3.785,0.016,-0.038,-0.005,2509,0
564376,1.420,8.938,3.809,-0.010,-0.036,0.011,2509,0
564396,1.417,8.827,3.776,-0.001,-0.050,0.004,2509,0
564416,1.494,8.875,3.716,0.018,-0.050,-0.003,2508,0
564436,1.516,8.844,3.711,0.023,-0.041,0.000,2508,0
564456,1.532,8.832,3.742,0.002,-0.043,0.002,2508,0
564476,1.516,8.801,3.768,-0.029,-0.048,0.001,2508,0
564496,1.468,8.789,3.771,-0.022,-0.054,-0.009,2508,0
564516,1.492,8.823,3.766,0.017,-0.046,-0.007,2508,0
564536,1.501,8.844,3.723,0.044,-0.034,0.000,2507,0
564556,1.561,8.835,3.737,0.055,-0.029,-0.006,2508,0
564576,1.551,8.844,3.783,0.048,-0.021,-0.011,2509,0
564596,1.508,8.880,3.757,0.039,-0.026,-0.011,2508,0
564616,1.535,8.897,3.855,0.014,-0.024,-0.011,2507,0
564636,1.470,8.882,3.922,0.005,-0.025,-0.016,2509,0
564656,1.444,8.906,3.953,0.034,-0.032,-0.017,2507,0
564676,1.494,8.935,3.943,0.048,-0.026,-0.009,2508,0
564696,1.463,8.897,3.962,0.046,-0.025,-0.009,2509,0
564716,1.465,8.890,3.970,0.039,-0.044,-0.012,2507,0
564736,1.453,8.926,3.970,0.035,-0.061,-0.007,2508,0
564756,1.506,8.880,3.934,0.041,-0.060,-0.002,2508,0
564776,1.506,8.780,3.895,0.054,-0.057,-0.007,2507,0
564796,1.516,8.811,3.859,0.061,-0.071,-0.021,2507,0
564816,1.487,8.926,3.859,0.061,-0.075,-0.034,2507,0
564836,1.489,8.976,3.807,0.055,-0.056,-0.017,2507,0
564856,1.508,8.899,3.800,0.040,-0.043,-0.008,2507,0
564876,1.420,8.882,3.800,0.048,-0.052,-0.020,2508,0
564896,1.468,8.945,3.788,0.069,-0.055,-0.018,2508,0
564916,1.504,8.990,3.833,0.058,-0.042,-0.003,2510,0
564936,1.518,8.916,3.917,0.039,-0.056,0.007,2509,0
564956,1.482,8.794,3.919,0.040,-0.088,0.005,2509,0
564976,1.432,8.732,3.831,0.087,-0.102,-0.003,2509,0
564996,1.504,8.832,3.733,0.136,-0.100,-0.003,2509,0
565016,1.554,8.911,3.670,0.133,-0.083,0.001,2508,0
565036,1.496,8.871,3.701,0.085,-0.083,0.003,2508,0
565056,1.472,8.803,3.689,0.064,-0.096,-0.001,2508,0
565076,1.480,8.796,3.634,0.087,-0.096,-0.017,2510,0
565096,1.551,8.859,3.579,0.110,-0.060,-0.024,2509,0
565116,1.566,8.926,3.608,0.102,-0.032,-0.023,2509,0
565136,1.554,8.940,3.596,0.078,-0.031,-0.029,2508,0
565156,1.573,8.952,3.646,0.042,-0.040,-0.029,2508,0
565176,1.561,8.918,3.682,0.045,-0.030,-0.029,2507,0
565196,1.585,9.012,3.689,0.090,-0.013,-0.037,2509,0
565216,1.554,9.155,3.673,0.107,-0.012,-0.031,2508,0
565236,1.516,9.210,3.663,0.072,-0.012,-0.009,2510,0
565256,1.523,9.112,3.701,0.035,-0.007,0.008,2508,0
565276,1.511,9.012,3.800,0.038,-0.008,0.010,2507,0
565296,1.506,9.017,3.788,0.070,-0.021,0.012,2508,0
565316,1.537,9.060,3.761,0.072,-0.027,0.024,2506,0
565336,1.561,8.978,3.766,0.055,-0.017,0.034,2508,0
565356,1.580,8.911,3.843,0.050,-0.026,0.036,2508,0
565376,1.544,8.918,3.881,0.044,-0.056,0.025,2506,0
565396,1.518,8.935,3.862,0.059,-0.090,0.022,2508,0
565416,1.477,8.906,3.730,0.082,-0.101,0.025,2507,0
565436,1.465,8.885,3.618,0.113,-0.099,0.019,2508,0
565456,1.446,8.959,3.476,0.123,-0.089,0.013,2508,0
565476,1.429,9.036,3.440,0.082,-0.065,0.011,2507,0
565496,1.487,8.969,3.488,0.041,-0.054,0.015,2509,0
565516,1.542,8.863,3.536,0.035,-0.046,0.005,2508,0
565536,1.532,8.847,3.522,0.056,-0.032,-0.007,2509,0
565556,1.477,8.916,3.500,0.063,-0.024,-0.017,2509,0
565576,1.518,8.964,3.563,0.052,-0.015,-0.015,2509,0
565596,1.575,8.959,3.606,0.046,-0.017,-0.016,2508,0
565616,1.602,8.959,3.656,0.042,-0.026,-0.018,2508,0
565636,1.597,8.918,3.651,0.046,-0.037,-0.021,2506,0
565656,1.587,8.938,3.656,0.072,-0.038,-0.026,2509,0
565676,1.537,9.076,3.622,0.087,-0.039,-0.028,2509,0
565696,1.530,9.129,3.579,0.095,-0.036,-0.018,2509,0
565716,1.561,9.098,3.517,0.072,-0.019,0.004,2509,0
565736,1.583,9.009,3.543,0.056,-0.014,0.010,2509,0
565756,1.602,8.973,3.539,0.059,-0.020,0.005,2509,0
565776,1.602,8.966,3.570,0.062,-0.022,0.007,2509,0
565796,1.566,9.005,3.567,0.068,-0.020,0.005,2508,0
565816,1.547,9.002,3.589,0.062,-0.018,0.006,2509,0
565836,1.499,9.007,3.596,0.058,-0.030,0.004,2508,0
565856,1.480,9.036,3.610,0.057,-0.043,0.002,2508,0
565876,1.465,9.038,3.591,0.064,-0.041,0.002,2508,0
565896,1.475,9.014,3.553,0.073,-0.038,0.004,2508,0
565916,1.511,9.005,3.534,0.070,-0.037,0.005,2509,0
565936,1.501,8.983,3.591,0.046,-0.034,0.001,2509,0
565956,1.487,8.983,3.622,0.030,-0.032,-0.003,2510,0
565976,1.532,8.952,3.613,0.043,-0.037,-0.007,2507,0
565996,1.559,8.945,3.627,0.054,-0.046,-0.012,2508,0
566016,1.551,9.024,3.563,0.060,-0.054,-0.017,2509,0
566036,1.520,9.076,3.493,0.062,-0.058,-0.021,2509,0
566056,1.532,9.079,3.484,0.067,-0.047,-0.011,2509,0
566076,1.535,9.084,3.400,0.054,-0.034,-0.007,2509,0
566096,1.511,9.064,3.407,0.031,-0.037,-0.004,2508,0
566116,1.525,9.014,3.433,0.039,-0.031,0.000,2508,0
566136,1.539,9.043,3.433,0.060,-0.018,0.005,2508,0
566156,1.547,9.050,3.460,0.060,-0.018,0.010,2510,0
566176,1.542,8.964,3.440,0.040,-0.020,0.016,2508,0
566196,1.549,8.873,3.517,0.038,-0.025,0.013,2508,0
566216,1.571,8.887,3.515,0.064,-0.032,0.002,2510,0
566236,1.573,9.000,3.517,0.091,-0.030,-0.005,2509,0
566256,1.542,9.098,3.529,0.076,-0.021,-0.004,2509,0
566276,1.513,9.098,3.560,0.067,-0.031,-0.001,2509,0
566296,1.501,9.153,3.575,0.070,-0.028,0.005,2508,0
566316,1.547,9.148,3.622,0.054,-0.019,0.011,2509,0
566336,1.566,9.124,3.606,0.048,-0.025,0.011,2509,0
566356,1.561,9.120,3.637,0.040,-0.038,0.011,2509,0
566376,1.530,9.062,3.598,0.041,-0.046,0.019,2508,0
566396,1.539,9.007,3.579,0.039,-0.051,0.021,2508,0
566416,1.528,8.993,3.553,0.039,-0.054,0.014,2508,0
566436,1.504,8.969,3.505,0.045,-0.055,0.005,2509,0
566456,1.547,8.935,3.426,0.061,-0.052,0.002,2508,0
566476,1.559,8.952,3.405,0.056,-0.049,0.001,2508,0
566496,1.554,8.933,3.412,0.047,-0.058,-0.011,2508,0
566516,1.563,8.971,3.390,0.059,-0.052,-0.018,2507,0
566536,1.561,9.052,3.340,0.070,-0.034,-0.014,2507,0
566556,1.551,9.081,3.333,0.044,-0.025,-0.005,2508,0
566576,1.530,9.017,3.440,0.020,-0.027,-0.002,2508,0
566596,1.587,8.976,3.433,0.036,-0.034,-0.006,2509,0
566616,1.623,9.009,3.443,0.049,-0.026,-0.003,2509,0
566636,1.614,8.981,3.452,0.042,-0.019,-0.001,2509,0
566656,1.599,8.930,3.472,0.041,-0.029,-0.007,2508,0
566676,1.626,8.985,3.510,0.034,-0.042,-0.014,2508,0
566696,1.635,8.966,3.476,0.022,-0.050,-0.014,2508,0
566716,1.630,8.969,3.428,0.016,-0.052,-0.014,2508,0
566736,1.602,8.959,3.402,0.006,-0.052,-0.017,2508,0
566756,1.561,9.029,3.383,0.042,-0.042,-0.031,2508,0
566776,1.523,9.230,3.349,0.060,-0.026,-0.019,2507,0
566796,1.501,9.246,3.393,0.043,-0.017,0.005,2508,0
566816,1.508,9.141,3.472,0.028,-0.023,0.015,2509,0
566836,1.468,9.076,3.488,0.053,-0.028,0.015,2509,0
566856,1.489,9.093,3.500,0.067,-0.032,0.016,2509,0
566876,1.525,9.069,3.491,0.061,-0.022,0.021,2509,0
566896,1.547,8.988,3.512,0.050,-0.020,0.018,2508,0
566916,1.583,8.914,3.524,0.039,-0.023,0.008,2507,0
566936,1.573,8.914,3.548,0.043,-0.030,-0.005,2507,0
566956,1.575,9.019,3.536,0.044,-0.035,-0.015,2510,0
566976,1.561,9.050,3.493,0.031,-0.031,-0.015,2509,0
566996,1.580,9.048,3.496,0.007,-0.029,-0.012,2509,0
567016,1.554,9.000,3.560,-0.001,-0.034,-0.016,2509,0
567036,1.532,8.990,3.598,0.019,-0.053,-0.014,2509,0
567056,1.535,9.009,3.467,0.034,-0.067,-0.013,2509,0
567076,1.547,9.043,3.381,0.028,-0.067,-0.010,2509,0
567096,1.566,9.012,3.349,0.006,-0.056,-0.004,2509,0
567116,1.530,8.978,3.366,0.031,-0.051,-0.012,2507,0
567136,1.563,9.084,3.314,0.062,-0.038,-0.010,2507,0
567156,1.547,9.105,3.306,0.062,-0.019,-0.001,2508,0
567176,1.559,9.108,3.347,0.057,-0.013,-0.000,2507,0
567196,1.542,9.117,3.419,0.043,-0.007,0.008,2509,0
567216,1.554,9.048,3.496,0.027,-0.007,0.014,2508,0
567236,1.571,8.928,3.575,0.037,-0.015,0.008,2508,0
567256,1.575,8.978,3.565,0.057,-0.013,-0.001,2508,0
567276,1.523,9.055,3.582,0.053,-0.013,-0.006,2508,0
567296,1.520,9.043,3.608,0.042,-0.027,0.001,2509,0
567316,1.528,8.973,3.603,0.038,-0.040,0.003,2507,0
567336,1.571,8.947,3.613,0.040,-0.033,-0.004,2508,0
567356,1.549,8.928,3.565,0.046,-0.042,-0.010,2508,0
567376,1.513,8.997,3.529,0.055,-0.061,-0.019,2508,0
567396,1.508,9.052,3.464,0.067,-0.074,-0.019,2510,0
567416,1.537,9.103,3.338,0.079,-0.070,-0.017,2508,0
567436,1.528,9.179,3.282,0.064,-0.046,-0.011,2509,0
567456,1.535,9.134,3.306,0.045,-0.027,-0.001,2509,0
567476,1.544,9.093,3.347,0.039,-0.023,0.002,2509,0
567496,1.516,9.096,3.378,0.043,-0.022,0.001,2509,0
567516,1.516,9.103,3.407,0.035,-0.023,0.003,2509,0
567536,1.542,9.086,3.428,0.029,-0.014,0.011,2509,0
567556,1.549,9.007,3.486,0.026,-0.006,0.011,2508,0
567576,1.530,8.928,3.536,0.030,-0.012,0.005,2509,0
567596,1.544,8.952,3.553,0.044,-0.032,-0.005,2508,0
567616,1.544,9.002,3.551,0.047,-0.044,-0.012,2508,0
567636,1.554,9.012,3.496,0.042,-0.040,-0.008,2508,0
567656,1.566,8.973,3.467,0.029,-0.036,-0.010,2509,0
567676,1.532,9.000,3.515,0.031,-0.045,-0.022,2508,0
567696,1.504,9.050,3.460,0.040,-0.052,-0.023,2508,0
567716,1.532,9.103,3.433,0.040,-0.045,-0.012,2509,0
567736,1.573,9.103,3.426,0.043,-0.033,-0.012,2508,0
567756,1.537,9.141,3.421,0.037,-0.036,-0.008,2509,0
567776,1.571,9.117,3.457,0.026,-0.043,0.001,2509,0
567796,1.587,9.103,3.409,0.038,-0.043,0.000,2509,0
567816,1.580,9.110,3.405,0.044,-0.033,0.007,2508,0
567836,1.539,9.067,3.364,0.042,-0.028,0.014,2507,0
567856,1.568,9.009,3.378,0.042,-0.026,0.013,2508,0
567876,1.561,9.002,3.393,0.033,-0.025,0.014,2507,0
567896,1.535,9.002,3.402,0.039,-0.019,0.011,2508,0
567916,1.523,9.029,3.431,0.050,-0.013,0.013,2508,0
567936,1.496,9.067,3.457,0.046,-0.011,0.013,2507,0
567956,1.463,9.120,3.579,0.035,-0.013,0.011,2507,0
567976,1.470,9.124,3.632,0.047,-0.031,0.022,2507,0
567996,1.499,9.129,3.661,0.067,-0.054,0.029,2509,0
568016,1.477,9.165,3.627,0.065,-0.057,0.027,2509,0
568036,1.477,9.153,3.687,0.060,-0.056,0.034,2508,0
568056,1.504,9.091,3.625,0.066,-0.075,0.041,2507,0
568076,1.547,9.038,3.560,0.072,-0.094,0.031,2509,0
568096,1.539,9.074,3.500,0.073,-0.089,0.029,2508,0
568116,1.597,9.033,3.467,0.072,-0.090,0.039,2508,0
568136,1.712,8.942,3.381,0.065,-0.091,0.042,2509,0
568156,1.743,8.926,3.333,0.052,-0.082,0.033,2509,0
568176,1.745,9.064,3.414,0.049,-0.077,0.023,2509,0
568196,1.683,9.172,3.517,0.045,-0.092,0.032,2509,0
568216,1.676,9.163,3.508,0.058,-0.127,0.052,2509,0
568236,1.669,9.067,3.409,0.098,-0.147,0.052,2509,0
568256,1.618,9.167,3.321,0.136,-0.142,0.049,2509,0
568276,1.542,9.278,3.318,0.111,-0.129,0.063,2506,0
568296,1.494,9.153,3.311,0.061,-0.139,0.078,2509,0
568316,1.468,8.950,3.261,0.057,-0.147,0.072,2509,0
568336,1.516,8.871,3.201,0.072,-0.119,0.055,2508,0
568356,1.501,8.813,3.194,0.060,-0.084,0.042,2509,0
568376,1.518,8.753,3.304,0.049,-0.070,0.024,2509,0
568396,1.626,8.729,3.359,0.058,-0.081,0.005,2508,0
568416,1.707,8.763,3.323,0.066,-0.090,-0.014,2508,0
568436,1.750,8.815,3.383,0.064,-0.089,-0.034,2509,0
568456,1.776,8.918,3.457,0.069,-0.098,-0.046,2507,0
568476,1.841,9.012,3.457,0.067,-0.118,-0.044,2508,0
568496,1.884,9.041,3.438,0.053,-0.131,-0.038,2509,0
568516,1.915,9.096,3.440,0.065,-0.147,-0.039,2508,0
568536,1.944,9.201,3.383,0.082,-0.165,-0.025,2509,0
568556,1.992,9.220,3.251,0.089,-0.175,-0.001,2510,0
568576,2.006,9.175,3.089,0.081,-0.177,0.014,2509,0
568596,1.987,9.215,2.947,0.086,-0.172,0.017,2510,0
568616,1.970,9.273,2.887,0.080,-0.149,0.033,2508,0
568636,1.944,9.246,2.887,0.084,-0.128,0.058,2508,0
568656,1.973,9.201,2.837,0.102,-0.115,0.071,2508,0
568676,1.992,9.237,2.861,0.094,-0.081,0.080,2509,0
568696,1.973,9.208,2.969,0.063,-0.062,0.094,2509,0
568716,1.994,9.062,3.021,0.067,-0.064,0.093,2509,0
568736,2.073,9.021,3.031,0.088,-0.058,0.084,2509,0
568756,2.090,9.033,3.060,0.102,-0.042,0.074,2505,0
568776,2.102,9.064,3.055,0.104,-0.034,0.070,2509,0
568796,2.121,9.024,3.007,0.075,-0.027,0.068,2509,0
568816,2.164,8.985,3.050,0.046,-0.007,0.054,2507,0
568836,2.133,9.002,3.153,0.043,0.002,0.037,2509,0
568856,2.033,9.091,3.187,0.043,-0.011,0.029,2508,0
568876,1.925,9.158,3.259,0.024,-0.012,0.023,2508,0
568896,1.858,9.170,3.294,0.031,-0.023,0.026,2509,0
568916,1.894,9.187,3.316,0.052,-0.049,0.038,2508,0
568936,1.932,9.213,3.338,0.054,-0.050,0.041,2508,0
568956,1.915,9.208,3.472,0.045,-0.054,0.054,2507,0
568976,1.942,9.131,3.498,0.052,-0.103,0.063,2508,0
568996,2.028,9.110,3.438,0.074,-0.148,0.059,2509,0
569016,2.105,9.155,3.335,0.073,-0.147,0.062,2508,0
569036,2.083,9.129,3.261,0.072,-0.158,0.062,2508,0
569056,2.136,9.072,3.117,0.060,-0.174,0.062,2508,0
569076,2.174,9.021,3.041,0.023,-0.165,0.057,2508,0
569096,2.174,8.959,3.079,-0.001,-0.152,0.051,2510,0
569116,2.243,8.882,3.045,0.017,-0.155,0.050,2507,0
569136,2.263,8.832,2.916,0.033,-0.149,0.040,2509,0
569156,2.239,8.890,2.859,0.035,-0.131,0.027,2509,0
569176,2.298,8.923,2.818,0.036,-0.121,0.033,2510,0
569196,2.361,8.868,2.768,0.036,-0.113,0.037,2509,0
569216,2.361,8.815,2.727,0.036,-0.094,0.025,2510,0
569236,2.298,8.890,2.753,0.043,-0.082,0.015,2509,0
569256,2.279,8.983,2.729,0.054,-0.085,0.019,2509,0
569276,2.260,9.007,2.682,0.070,-0.075,0.015,2511,0
569296,2.207,9.103,2.682,0.073,-0.043,0.012,2509,0
569316,2.119,9.131,2.820,0.053,-0.019,0.017,2509,0
569336,2.152,9.079,2.938,0.050,-0.026,0.015,2509,0
569356,2.200,9.050,2.954,0.058,-0.019,0.008,2510,0
569376,2.164,9.055,3.091,0.027,0.006,0.002,2510,0
569396,2.112,8.978,3.278,-0.004,0.008,-0.006,2510,0
569416,2.181,8.887,3.364,0.000,-0.028,-0.008,2509,0
569436,2.346,8.746,3.287,0.012,-0.052,-0.013,2511,0
569456,2.452,8.768,3.247,0.042,-0.044,-0.034,2510,0
569476,2.411,8.933,3.156,0.038,-0.051,-0.045,2510,0
569496,2.421,8.981,3.074,0.023,-0.071,-0.038,2510,0
569516,2.495,8.995,2.904,0.041,-0.076,-0.033,2510,0
569536,2.564,9.127,2.770,0.049,-0.055,-0.029,2510,0
569556,2.480,9.196,2.717,0.038,-0.034,-0.021,2511,0
569576,2.401,9.220,2.631,0.044,-0.039,-0.008,2511,0
569596,2.397,9.256,2.533,0.064,-0.026,0.005,2511,0
569616,2.394,9.261,2.454,0.071,0.024,0.019,2511,0
569636,2.406,9.194,2.574,0.075,0.080,0.037,2512,0
569656,2.440,9.084,2.655,0.078,0.101,0.044,2511,0
569676,2.442,9.048,2.799,0.053,0.137,0.040,2514,0
569696,2.358,9.031,3.036,0.035,0.144,0.037,2512,0
569716,2.274,9.026,3.194,0.042,0.131,0.031,2511,0
569736,2.145,9.031,3.314,0.043,0.131,0.018,2511,0
569756,2.054,9.043,3.472,0.031,0.124,0.014,2509,0
569776,1.994,8.985,3.563,0.019,0.090,0.011,2512,0
569796,1.980,8.892,3.620,0.022,0.032,-0.005,2511,0
569816,1.939,8.899,3.551,0.034,-0.015,-0.029,2511,0
569836,1.942,8.940,3.457,0.027,-0.032,-0.050,2511,0
569856,1.877,8.935,3.405,0.009,-0.037,-0.063,2511,0
569876,1.935,8.942,3.417,-0.009,-0.058,-0.077,2511,0
569896,1.932,8.904,3.342,-0.023,-0.084,-0.088,2511,0
569916,2.028,8.859,3.263,-0.016,-0.095,-0.100,2511,0
569936,2.083,8.866,3.168,0.005,-0.085,-0.115,2511,0
569956,2.088,8.928,3.103,0.022,-0.086,-0.120,2511,0
569976,2.181,8.988,2.978,0.010,-0.084,-0.114,2512,0
569996,2.243,8.957,2.885,-0.027,-0.077,-0.110,2511,0
570016,2.205,8.981,2.974,-0.041,-0.063,-0.113,2512,0
570036,2.133,9.048,3.007,0.007,-0.070,-0.114,2512,0
570056,2.097,9.254,2.945,0.078,-0.069,-0.094,2512,0
570076,1.990,9.407,2.875,0.075,-0.047,-0.055,2511,0
570096,2.021,9.397,2.928,0.040,-0.035,-0.019,2511,0
570116,2.071,9.325,2.971,0.050,-0.033,0.002,2511,0
570136,2.164,9.263,2.962,0.083,-0.021,0.017,2512,0
570156,2.188,9.273,2.911,0.091,0.005,0.029,2511,0
570176,2.143,9.234,2.942,0.071,0.021,0.039,2512,0
570196,2.138,9.165,2.964,0.058,0.028,0.047,2513,0
570216,2.138,9.074,2.969,0.049,0.041,0.050,2511,0
570236,2.143,9.052,2.998,0.044,0.054,0.045,2511,0
570256,2.095,9.060,3.024,0.023,0.061,0.040,2511,0
570276,1.982,9.067,3.156,0.002,0.053,0.032,2511,0
570296,1.913,9.041,3.187,0.010,0.042,0.031,2512,0
570316,1.954,8.993,3.220,0.034,0.043,0.031,2511,0
570336,2.047,8.966,3.239,0.039,0.053,0.025,2511,0
570356,2.052,8.933,3.306,0.026,0.031,0.008,2511,0
570376,2.047,8.976,3.302,0.008,0.009,-0.005,2512,0
570396,1.994,8.990,3.338,-0.006,0.013,-0.019,2511,0
570416,1.932,9.072,3.433,-0.010,0.017,-0.022,2512,0
570436,1.918,9.074,3.460,-0.003,0.009,-0.018,2511,0
570456,1.944,9.079,3.450,0.011,-0.013,-0.012,2511,0
570476,1.961,9.088,3.397,0.004,-0.037,-0.011,2511,0
570496,1.990,9.038,3.357,-0.002,-0.058,-0.012,2510,0
570516,1.966,9.024,3.316,0.009,-0.067,-0.009,2510,0
570536,1.982,9.000,3.256,0.021,-0.070,-0.011,2512,0
570556,1.997,8.993,3.160,0.010,-0.076,-0.015,2511,0
570576,2.009,8.928,3.153,-0.002,-0.079,-0.020,2510,0
570596,2.025,8.921,3.091,0.021,-0.083,-0.027,2512,0
570616,2.018,9.014,3.002,0.013,-0.060,-0.026,2512,0
570636,2.030,9.064,3.050,-0.016,-0.046,-0.019,2511,0
570656,2.028,9.026,3.115,-0.013,-0.041,-0.019,2511,0
570676,2.052,9.067,3.144,0.003,-0.029,-0.017,2511,0
570696,2.054,9.112,3.148,0.009,-0.015,-0.013,2511,0
570716,2.052,9.134,3.184,0.018,-0.014,-0.006,2512,0
570736,1.982,9.110,3.215,0.025,-0.015,0.002,2512,0
570756,1.913,9.088,3.218,0.027,-0.010,0.006,2511,0
570776,1.925,9.045,3.244,0.019,0.004,0.019,2511,0
570796,1.975,8.940,3.359,0.016,0.008,0.024,2509,0
570816,2.033,8.871,3.450,0.022,0.000,0.017,2511,0
570836,2.011,8.832,3.464,0.022,-0.015,0.003,2511,0
570856,1.994,8.880,3.450,0.023,-0.032,-0.009,2511,0
570876,2.006,8.897,3.414,0.054,-0.040,-0.015,2511,0
570896,1.997,8.952,3.378,0.071,-0.058,-0.017,2511,0
570916,1.968,9.017,3.314,0.043,-0.069,-0.013,2511,0
570936,1.954,8.978,3.292,0.030,-0.067,-0.012,2511,0
570956,1.999,9.019,3.278,0.054,-0.059,-0.010,2511,0
570976,2.023,8.983,3.249,0.059,-0.056,-0.006,2511,0
570996,2.006,8.954,3.189,0.054,-0.058,-0.010,2511,0
571016,2.023,8.988,3.179,0.054,-0.049,-0.015,2511,0
571036,2.030,8.997,3.144,0.048,-0.037,-0.012,2511,0
571056,2.076,8.981,3.179,0.044,-0.033,-0.011,2511,0
571076,2.090,9.029,3.172,0.049,-0.029,-0.014,2510,0
571096,2.052,9.045,3.230,0.055,-0.026,-0.009,2511,0
571116,2.064,9.048,3.225,0.070,-0.028,-0.004,2511,0
571136,2.057,9.057,3.213,0.064,-0.030,0.001,2511,0
571156,2.016,9.026,3.242,0.055,-0.022,-0.002,2511,0
571176,1.963,9.067,3.242,0.071,-0.030,-0.005,2510,0
571196,1.994,9.136,3.208,0.075,-0.026,0.005,2511,0
571216,1.978,9.117,3.220,0.057,-0.008,0.010,2511,0
571236,1.939,9.062,3.294,0.038,-0.004,0.008,2511,0
571256,1.913,9.045,3.354,0.037,-0.020,0.005,2511,0
571276,1.925,9.050,3.304,0.062,-0.026,0.000,2510,0
571296,1.942,9.086,3.304,0.065,-0.017,0.008,2510,0
571316,1.949,9.045,3.359,0.046,-0.011,0.013,2510,0
571336,1.939,8.983,3.385,0.051,-0.030,0.005,2510,0
571356,1.970,8.957,3.340,0.061,-0.058,-0.005,2510,0
571376,2.002,8.983,3.278,0.071,-0.060,-0.010,2511,0
571396,1.992,9.036,3.223,0.068,-0.055,-0.014,2510,0
571416,1.987,9.069,3.232,0.055,-0.052,-0.008,2512,0
571436,1.999,9.017,3.194,0.037,-0.053,-0.007,2511,0
571456,2.004,9.026,3.175,0.027,-0.051,-0.011,2511,0
571476,2.023,9.062,3.196,0.021,-0.051,-0.009,2510,0
571496,1.985,9.057,3.191,0.032,-0.052,-0.007,2511,0
571516,1.956,9.103,3.175,0.045,-0.052,-0.006,2510,0
571536,1.961,9.112,3.146,0.039,-0.039,0.003,2511,0
571556,2.006,9.031,3.191,0.030,-0.035,0.010,2510,0
571576,2.052,8.935,3.230,0.039,-0.040,0.009,2512,0
571596,2.076,8.916,3.201,0.054,-0.042,0.001,2513,0
571616,2.109,8.952,3.203,0.056,-0.037,-0.007,2511,0
571636,2.066,9.017,3.194,0.059,-0.037,-0.009,2512,0
571656,2.030,9.062,3.194,0.063,-0.049,-0.001,2511,0
571676,2.035,9.000,3.110,0.068,-0.043,0.007,2511,0
571696,2.093,8.985,3.096,0.072,-0.025,0.009,2512,0
571716,2.064,9.038,3.134,0.067,-0.024,0.001,2511,0
571736,2.057,9.060,3.170,0.058,-0.025,0.001,2512,0
571756,2.057,9.103,3.165,0.057,-0.021,0.003,2510,0
571776,2.035,9.131,3.165,0.048,-0.009,0.002,2511,0
571796,2.016,9.108,3.215,0.036,-0.005,0.005,2512,0
571816,1.980,9.084,3.251,0.030,-0.014,0.005,2511,0
571836,1.939,9.112,3.254,0.039,-0.025,-0.000,2511,0
571856,1.930,9.151,3.242,0.044,-0.026,0.003,2511,0
571876,1.951,9.129,3.218,0.034,-0.014,0.012,2512,0
571896,1.985,9.036,3.259,0.019,-0.017,0.013,2511,0
571916,1.970,8.961,3.321,0.010,-0.025,0.008,2511,0
571936,1.978,8.878,3.338,0.026,-0.042,0.007,2510,0
571956,2.045,8.856,3.278,0.063,-0.057,-0.004,2510,0
571976,2.035,8.918,3.191,0.054,-0.062,-0.020,2512,0
571996,2.023,8.921,3.151,0.029,-0.061,-0.024,2511,0
572016,2.006,8.904,3.115,0.040,-0.056,-0.033,2511,0
572036,2.085,8.950,3.055,0.053,-0.043,-0.039,2511,0
572056,2.057,8.995,3.031,0.038,-0.027,-0.046,2511,0
572076,1.994,9.081,3.084,0.026,-0.020,-0.053,2510,0
572096,1.966,9.194,3.129,0.028,-0.017,-0.048,2511,0
572116,1.944,9.287,3.112,0.022,-0.013,-0.032,2511,0
572136,1.951,9.263,3.139,0.023,-0.001,-0.013,2511,0
572156,1.946,9.213,3.201,0.028,0.010,-0.001,2511,0
572176,1.903,9.179,3.294,0.027,0.009,0.005,2511,0
572196,1.908,9.155,3.357,0.030,-0.006,0.017,2511,0
572216,1.942,9.076,3.373,0.044,-0.027,0.025,2511,0
572236,1.963,8.990,3.323,0.047,-0.034,0.025,2511,0
572256,1.963,8.921,3.285,0.039,-0.032,0.018,2512,0
572276,1.968,8.947,3.299,0.043,-0.034,0.007,2511,0
572296,2.006,8.973,3.273,0.049,-0.043,0.004,2512,0
572316,2.073,8.985,3.194,0.036,-0.041,0.001,2511,0
572336,2.042,8.988,3.172,0.020,-0.035,-0.007,2511,0
572356,1.994,9.052,3.158,0.028,-0.037,-0.013,2511,0
572376,1.958,9.155,3.132,0.033,-0.024,-0.005,2510,0
572396,1.970,9.105,3.151,0.029,-0.015,0.011,2511,0
572416,2.002,8.995,3.158,0.030,-0.015,0.010,2511,0
572436,1.951,8.935,3.110,0.040,-0.022,-0.003,2509,0
572456,1.930,9.012,3.115,0.044,-0.017,-0.011,2511,0
572476,1.932,9.031,3.115,0.037,0.003,-0.006,2510,0
572496,1.946,9.009,3.168,0.042,0.005,-0.008,2511,0
572516,1.920,9.026,3.182,0.036,0.007,-0.013,2510,0
572536,1.901,9.014,3.199,0.017,0.009,-0.014,2511,0
572556,1.906,9.012,3.227,0.016,0.011,-0.016,2510,0
572576,1.944,9.002,3.254,0.027,0.012,-0.016,2511,0
572596,1.942,8.993,3.254,0.035,0.006,-0.017,2510,0
572616,1.927,9.026,3.285,0.038,0.015,-0.017,2510,0
572636,1.935,9.041,3.333,0.036,0.016,-0.014,2511,0
572656,1.966,9.029,3.294,0.035,-0.007,-0.017,2511,0
572676,1.975,9.012,3.287,0.045,-0.018,-0.022,2510,0
572696,1.956,9.060,3.237,0.056,-0.015,-0.025,2511,0
572716,1.937,9.124,3.225,0.051,-0.005,-0.022,2510,0
572736,1.954,9.115,3.199,0.027,-0.001,-0.015,2510,0
572756,1.949,9.043,3.232,0.019,0.010,-0.014,2509,0
572776,1.915,9.072,3.215,0.031,0.019,-0.022,2510,0
572796,1.879,9.153,3.237,0.045,0.018,-0.020,2511,0
572816,1.867,9.199,3.225,0.041,0.018,-0.007,2510,0
572836,1.867,9.139,3.251,0.018,0.016,0.003,2510,0
572856,1.877,9.033,3.251,0.015,0.019,0.005,2511,0
572876,1.867,9.038,3.342,0.033,0.028,0.002,2511,0
572896,1.858,9.069,3.417,0.047,0.009,0.007,2511,0
572916,1.891,9.041,3.424,0.048,-0.017,0.010,2511,0
572936,1.860,8.966,3.400,0.053,-0.022,0.005,2511,0
572956,1.839,9.007,3.340,0.066,-0.027,-0.001,2509,0
572976,1.848,9.050,3.316,0.044,-0.026,0.002,2510,0
572996,1.875,8.990,3.314,0.015,-0.029,0.002,2510,0
573016,1.891,8.959,3.330,0.015,-0.030,-0.006,2510,0
573036,1.841,8.985,3.314,0.046,-0.034,-0.017,2510,0
573056,1.848,9.079,3.232,0.060,-0.034,-0.018,2510,0
573076,1.891,9.108,3.191,0.037,-0.033,-0.009,2511,0
573096,1.891,9.064,3.191,0.022,-0.028,-0.007,2510,0
573116,1.848,9.048,3.230,0.029,-0.022,-0.011,2510,0
573136,1.877,9.074,3.259,0.045,-0.026,-0.009,2511,0
573156,1.879,9.093,3.196,0.050,-0.022,-0.006,2509,0
573176,1.875,9.120,3.182,0.044,-0.017,0.001,2511,0
573196,1.853,9.115,3.259,0.022,-0.009,0.008,2510,0
573216,1.829,9.007,3.304,0.017,-0.015,0.012,2511,0
573236,1.853,8.988,3.294,0.050,-0.021,0.009,2510,0
573256,1.853,9.036,3.282,0.059,-0.006,0.010,2509,0
573276,1.822,8.988,3.297,0.047,-0.016,0.011,2510,0
573296,1.896,8.959,3.273,0.036,-0.028,0.008,2511,0
573316,1.834,8.950,3.299,0.038,-0.026,-0.008,2510,0
573336,1.858,8.916,3.302,0.066,-0.017,-0.014,2510,0
573356,1.832,8.983,3.275,0.091,0.002,-0.017,2509,0
573376,1.827,9.093,3.342,0.041,0.000,-0.013,2511,0
573396,1.834,8.928,3.474,0.002,-0.029,-0.013,2510,0
573416,1.822,8.748,3.668,0.020,-0.023,-0.020,2511,0
573436,1.472,8.787,4.152,-0.002,0.003,-0.024,2510,0
573456,1.511,9.072,5.064,-0.146,0.068,-0.015,2510,0
573476,1.769,8.610,6.175,-0.277,0.068,-0.013,2508,0
573496,2.248,7.570,7.381,-0.088,0.024,-0.078,2509,0
573516,2.014,7.530,8.602,0.321,-0.141,-0.193,2508,0
573536,1.379,8.279,9.419,0.504,-0.543,-0.288,2507,0
573556,0.711,9.397,9.792,0.332,-1.139,-0.351,2506,0
573576,0.041,10.611,10.393,-0.064,-1.679,-0.296,2505,0
573596,-0.448,11.147,11.416,-0.590,-2.061,-0.122,2505,0
573616,-1.305,11.507,12.754,-1.211,-2.398,0.095,2503,0
573636,-2.729,10.982,14.195,-1.829,-3.091,0.240,2499,0
573656,-3.397,9.610,14.648,-1.726,-4.165,0.056,2497,0
573676,-4.137,9.311,14.291,-0.923,-4.924,-0.277,2497,0
573696,-5.459,10.649,13.563,-0.408,-5.453,-0.333,2496,0
573716,-7.183,12.651,12.775,-0.811,-6.022,-0.059,2497,0
573736,-8.404,13.721,13.010,-2.100,-6.708,0.275,2500,0
573756,-9.493,11.971,12.234,-2.924,-7.551,0.218,2502,0
573776,-10.262,10.590,10.475,-2.434,-8.320,-0.223,2509,0
573796,-11.303,12.481,8.578,-1.697,-8.616,-0.434,2518,0
573816,-12.558,13.872,6.563,-1.734,-8.731,-0.231,2527,0
573836,-13.431,13.563,3.304,-1.743,-8.731,-0.122,2544,0
573856,-12.383,13.771,-0.517,-1.680,-8.731,-0.113,2559,0
573876,-10.319,13.156,-3.151,-1.374,-8.088,-0.074,2568,0
573896,-8.581,12.163,-4.992,-0.720,-6.842,-0.116,2590,0
573916,-7.195,11.533,-6.847,-0.202,-5.670,-0.100,2587,0
573936,-6.603,11.756,-8.947,-0.206,-4.902,0.071,2588,0
573956,-5.289,11.061,-10.317,-0.700,-4.394,0.422,2589,0
573976,-3.548,9.740,-11.109,-1.023,-3.843,0.645,2595,0
573996,-2.035,8.684,-11.188,-1.018,-2.951,0.658,2606,0
574016,-1.132,7.819,-10.932,-0.851,-2.038,0.540,2608,0
574036,-0.613,7.405,-10.520,-0.664,-1.433,0.323,2608,0
574056,-0.448,7.989,-10.364,-0.736,-1.159,0.242,2605,0
574076,0.189,8.207,-9.883,-1.082,-1.083,0.360,2605,0
574096,0.962,7.666,-9.151,-1.187,-0.859,0.456,2608,0
574116,1.717,7.381,-8.645,-1.016,-0.528,0.406,2609,0
574136,2.514,7.422,-8.076,-0.822,-0.211,0.284,2608,0
574156,2.926,7.477,-7.214,-0.675,0.005,0.157,2606,0
574176,3.127,7.582,-6.340,-0.471,0.045,0.011,2605,0
574196,3.285,7.906,-5.729,-0.251,-0.027,-0.111,2603,0
574216,3.587,8.387,-5.341,-0.081,-0.037,-0.175,2603,0
574236,3.792,8.643,-5.289,0.033,0.029,-0.197,2601,0
574256,3.950,8.677,-5.090,0.169,0.105,-0.232,2603,0
574276,3.948,8.691,-4.781,0.338,0.179,-0.288,2602,0
574296,3.903,8.799,-4.436,0.495,0.229,-0.322,2601,0
574316,3.960,8.882,-4.132,0.629,0.296,-0.335,2600,0
574336,4.132,9.081,-3.711,0.741,0.390,-0.326,2599,0
574356,4.113,9.244,-3.474,0.827,0.454,-0.308,2599,0
574376,4.156,9.251,-3.321,0.825,0.453,-0.281,2597,0
574396,4.298,9.227,-3.177,0.708,0.398,-0.223,2596,0
574416,4.367,9.172,-3.050,0.559,0.358,-0.137,2597,0
574436,4.436,9.041,-2.761,0.448,0.335,-0.047,2596,0
574456,4.511,8.756,-2.660,0.431,0.338,0.006,2594,0
574476,4.590,8.480,-2.703,0.486,0.352,-0.006,2592,0
574496,4.645,8.392,-2.796,0.514,0.369,-0.040,2593,0
574516,4.630,8.461,-2.749,0.436,0.383,-0.026,2593,0
574536,4.599,8.380,-2.595,0.311,0.365,0.025,2593,0
574556,4.654,8.186,-2.490,0.276,0.314,0.056,2592,0
574576,4.685,8.054,-2.485,0.294,0.282,0.059,2593,0
574596,4.733,7.932,-2.500,0.284,0.254,0.055,2592,0
574616,4.793,7.867,-2.452,0.298,0.240,0.027,2591,0
574636,4.666,8.035,-2.363,0.299,0.215,0.010,2590,0
574656,4.556,8.121,-2.421,0.197,0.088,0.042,2590,0
574676,4.657,7.910,-2.559,0.108,-0.051,0.078,2590,0
574696,4.793,7.740,-2.844,0.118,-0.086,0.063,2590,0
574716,4.769,7.700,-3.012,0.145,-0.040,0.023,2589,0
574736,4.662,7.803,-3.031,0.144,0.019,-0.003,2589,0
574756,4.566,7.925,-2.986,0.065,0.008,0.014,2589,0
574776,4.621,7.872,-2.921,-0.038,-0.070,0.052,2589,0
574796,4.724,7.659,-3.010,-0.068,-0.123,0.040,2589,0
574816,4.793,7.633,-3.098,-0.017,-0.101,0.000,2589,0
574836,4.721,7.721,-3.112,0.031,-0.092,-0.029,2589,0
574856,4.659,7.767,-3.191,0.062,-0.106,-0.059,2588,0
574876,4.618,7.887,-3.354,0.073,-0.129,-0.074,2585,0
574896,4.618,7.973,-3.522,0.055,-0.148,-0.067,2590,0
574916,4.525,7.954,-3.620,0.060,-0.130,-0.067,2588,0
574936,4.436,8.025,-3.630,0.091,-0.099,-0.071,2589,0
574956,4.377,8.097,-3.646,0.098,-0.096,-0.062,2590,0
574976,4.276,8.186,-3.675,0.081,-0.130,-0.051,2588,0
574996,4.266,8.159,-3.761,0.067,-0.151,-0.034,2591,0
575016,4.345,8.167,-3.922,0.069,-0.142,-0.013,2591,0
575036,4.448,8.167,-3.977,0.039,-0.100,0.010,2592,0
575056,4.489,8.073,-3.917,0.004,-0.064,0.033,2591,0
575076,4.518,7.966,-3.850,0.018,-0.038,0.024,2592,0
575096,4.566,7.975,-3.867,0.056,-0.033,0.000,2592,0
575116,4.571,7.997,-3.900,0.060,-0.017,-0.002,2594,0
575136,4.532,8.018,-3.871,0.031,-0.002,0.012,2593,0
575156,4.547,8.035,-3.790,-0.006,-0.006,0.032,2592,0
575176,4.580,7.942,-3.721,-0.039,-0.011,0.039,2593,0
575196,4.527,7.872,-3.587,-0.038,-0.007,0.024,2593,0
575216,4.463,7.841,-3.553,-0.001,-0.012,0.004,2593,0
575236,4.511,7.872,-3.591,0.025,-0.016,-0.015,2592,0
575256,4.453,7.915,-3.606,0.022,-0.004,-0.024,2592,0
575276,4.389,7.966,-3.558,0.010,0.001,-0.021,2593,0
575296,4.451,7.994,-3.496,-0.017,-0.007,-0.015,2592,0
575316,4.441,7.951,-3.445,-0.025,-0.013,-0.017,2593,0
575336,4.424,7.925,-3.393,0.024,-0.014,-0.033,2591,0
575356,4.453,7.980,-3.424,0.055,-0.011,-0.041,2591,0
575376,4.489,8.064,-3.469,0.036,-0.011,-0.036,2591,0
575396,4.489,8.076,-3.402,0.011,-0.019,-0.029,2590,0
575416,4.501,8.001,-3.364,-0.006,-0.027,-0.020,2592,0
575436,4.597,7.994,-3.354,-0.026,-0.047,-0.013,2592,0
575456,4.616,7.949,-3.218,-0.014,-0.037,-0.027,2592,0
575476,4.458,7.999,-3.239,0.019,-0.047,-0.046,2591,0
575496,4.458,8.054,-3.361,0.019,-0.071,-0.057,2591,0
575516,4.480,8.037,-3.385,0.012,-0.066,-0.055,2590,0
575536,4.446,8.040,-3.340,0.012,-0.055,-0.054,2590,0
575556,4.415,8.016,-3.318,0.007,-0.070,-0.056,2590,0
575576,4.468,8.025,-3.357,0.001,-0.082,-0.062,2590,0
575596,4.453,8.045,-3.448,0.023,-0.080,-0.077,2591,0
575616,4.377,8.133,-3.498,0.035,-0.074,-0.081,2590,0
575636,4.372,8.155,-3.531,0.014,-0.067,-0.070,2590,0
575656,4.391,8.159,-3.510,-0.008,-0.067,-0.056,2590,0
575676,4.403,8.140,-3.486,-0.002,-0.068,-0.069,2590,0
575696,4.365,8.217,-3.448,0.030,-0.052,-0.086,2591,0
575716,4.336,8.305,-3.474,0.058,-0.060,-0.081,2591,0
575736,4.305,8.296,-3.589,0.038,-0.076,-0.054,2591,0
575756,4.348,8.236,-3.570,0.005,-0.072,-0.041,2591,0
575776,4.393,8.222,-3.512,0.013,-0.062,-0.051,2590,0
575796,4.338,8.258,-3.512,0.049,-0.059,-0.067,2591,0
575816,4.317,8.373,-3.546,0.073,-0.041,-0.064,2590,0
575836,4.314,8.396,-3.548,0.053,-0.031,-0.038,2592,0
575856,4.312,8.339,-3.584,0.034,-0.037,-0.015,2590,0
575876,4.283,8.317,-3.467,0.033,-0.021,-0.008,2591,0
575896,4.250,8.258,-3.433,0.021,-0.024,-0.001,2591,0
575916,4.322,8.169,-3.462,0.007,-0.031,0.005,2591,0
575936,4.379,8.121,-3.462,0.019,-0.034,-0.007,2590,0
575956,4.341,8.140,-3.424,0.053,-0.016,-0.030,2592,0
575976,4.204,8.277,-3.414,0.051,-0.021,-0.025,2591,0
575996,4.252,8.282,-3.412,0.006,-0.038,0.001,2590,0
576016,4.278,8.150,-3.361,-0.006,-0.031,0.006,2590,0
576036,4.228,8.126,-3.287,0.038,-0.030,-0.015,2590,0
576056,4.240,8.207,-3.311,0.057,-0.046,-0.025,2591,0
576076,4.307,8.188,-3.378,0.031,-0.059,-0.015,2590,0
576096,4.317,8.112,-3.440,0.018,-0.059,-0.008,2590,0
576116,4.257,8.114,-3.414,0.031,-0.055,-0.021,2590,0
576136,4.204,8.198,-3.448,0.043,-0.051,-0.035,2591,0
576156,4.209,8.236,-3.503,0.031,-0.057,-0.029,2591,0
576176,4.219,8.188,-3.484,0.013,-0.046,-0.023,2589,0
576196,4.290,8.186,-3.450,0.011,-0.046,-0.023,2590,0
576216,4.322,8.246,-3.455,0.033,-0.048,-0.030,2588,0
576236,4.274,8.325,-3.407,0.053,-0.043,-0.038,2588,0
576256,4.226,8.373,-3.378,0.056,-0.055,-0.031,2589,0
576276,4.233,8.373,-3.397,0.047,-0.075,-0.016,2588,0
576296,4.247,8.332,-3.493,0.055,-0.074,-0.015,2589,0
576316,4.180,8.363,-3.527,0.052,-0.059,-0.011,2589,0
576336,4.140,8.320,-3.579,0.035,-0.052,-0.003,2587,0
576356,4.149,8.286,-3.570,0.027,-0.031,0.003,2588,0
576376,4.171,8.270,-3.529,0.022,-0.030,0.008,2589,0
576396,4.207,8.282,-3.467,0.027,-0.016,0.008,2588,0
576416,4.175,8.262,-3.397,0.032,-0.010,0.010,2587,0
576436,4.166,8.236,-3.354,0.027,-0.017,0.016,2588,0
576456,4.204,8.128,-3.393,0.015,-0.042,0.020,2594,0
576476,4.293,8.078,-3.417,0.026,-0.045,0.005,2588,0
576496,4.252,8.147,-3.347,0.055,-0.025,-0.018,2587,0
576516,4.183,8.260,-3.316,0.059,-0.037,-0.011,2587,0
576536,4.216,8.234,-3.390,0.034,-0.065,0.000,2589,0
576556,4.231,8.181,-3.457,0.041,-0.067,-0.007,2588,0
576576,4.207,8.207,-3.462,0.056,-0.044,-0.012,2587,0
576596,4.187,8.250,-3.428,0.042,-0.041,-0.008,2588,0
