1596385,8.519,4.154,2.591,0.031,-0.039,-0.030,2607,0
1596404,8.540,4.226,2.528,0.047,-0.057,-0.029,2608,0
1596424,8.569,4.276,2.490,0.051,-0.068,-0.021,2607,0
1596444,8.583,4.307,2.435,0.053,-0.063,-0.016,2608,0
1596464,8.578,4.295,2.461,0.062,-0.050,-0.008,2608,0
1596484,8.562,4.247,2.449,0.064,-0.048,0.006,2607,0
1596504,8.557,4.175,2.480,0.056,-0.052,0.009,2608,0
1596524,8.583,4.154,2.509,0.059,-0.043,0.003,2608,0
1596544,8.538,4.104,2.574,0.057,-0.037,0.005,2608,0
1596564,8.547,4.061,2.540,0.047,-0.040,0.011,2608,0
1596584,8.566,3.979,2.535,0.025,-0.016,0.009,2608,0
1596604,8.535,3.941,2.619,0.015,-0.004,0.003,2607,0
1596624,8.554,3.960,2.614,0.020,-0.019,-0.008,2607,0
1596644,8.598,4.032,2.559,0.021,-0.024,-0.010,2607,0
1596665,8.607,4.070,2.547,0.001,-0.003,-0.009,2608,0
1596685,8.583,4.104,2.617,0.003,-0.002,-0.005,2608,0
1596705,8.598,4.173,2.662,0.003,-0.032,0.002,2608,0
1596724,8.602,4.166,2.593,0.007,-0.046,0.010,2607,0
1596744,8.586,4.116,2.552,-0.003,-0.058,0.020,2608,0
1596764,8.600,4.049,2.538,0.003,-0.058,0.009,2608,0
1596784,8.552,4.108,2.488,0.029,-0.055,-0.018,2608,0
1596804,8.538,4.192,2.444,0.039,-0.049,-0.020,2607,0
1596824,8.511,4.226,2.435,0.026,-0.035,-0.002,2608,0
1596844,8.495,4.168,2.507,0.015,-0.037,0.010,2607,0
1596864,8.552,4.140,2.552,0.028,-0.050,0.015,2607,0
1596884,8.593,4.094,2.502,0.035,-0.037,0.014,2607,0
1596904,8.554,4.034,2.514,0.038,-0.033,0.012,2607,0
1596924,8.566,4.022,2.485,0.051,-0.034,0.003,2608,0
1596944,8.566,4.053,2.459,0.056,-0.033,-0.003,2608,0
1596964,8.554,4.099,2.512,0.042,-0.028,-0.001,2607,0
1596984,8.562,4.123,2.612,0.035,-0.033,0.003,2607,0
1597004,8.538,4.120,2.607,0.051,-0.039,-0.005,2607,0
1597024,8.516,4.118,2.476,0.065,-0.051,-0.006,2607,0
1597044,8.605,4.113,2.433,0.052,-0.038,0.006,2608,0
1597064,8.566,4.073,2.531,0.034,-0.020,0.011,2607,0
1597084,8.554,4.068,2.579,0.052,-0.033,-0.001,2607,0
1597104,8.559,4.125,2.535,0.072,-0.027,-0.007,2608,0
1597124,8.528,4.161,2.526,0.051,-0.023,0.006,2608,0
1597144,8.535,4.092,2.564,0.035,-0.037,0.014,2607,0
1597164,8.583,4.022,2.579,0.042,-0.032,0.003,2607,0
1597184,8.593,4.041,2.583,0.056,-0.017,-0.011,2607,0
1597204,8.566,4.087,2.607,0.055,-0.020,-0.011,2607,0
1597224,8.574,4.037,2.540,0.040,-0.030,0.003,2608,0
1597244,8.636,4.008,2.526,0.029,-0.023,0.007,2608,0
1597264,8.674,4.005,2.574,0.024,-0.015,0.001,2608,0
1597285,8.633,4.051,2.610,0.033,-0.013,-0.005,2609,0
1597304,8.588,4.125,2.646,0.040,-0.031,0.000,2608,0
1597324,8.547,4.130,2.583,0.036,-0.050,0.007,2606,0
1597344,8.588,4.137,2.547,0.032,-0.061,0.011,2607,0
1597364,8.569,4.140,2.545,0.034,-0.047,0.007,2608,0
1597384,8.526,4.140,2.488,0.046,-0.046,0.002,2607,0
1597404,8.511,4.152,2.473,0.054,-0.042,0.005,2608,0
1597424,8.538,4.137,2.466,0.051,-0.028,0.011,2608,0
1597444,8.514,4.037,2.509,0.041,-0.028,0.019,2608,0
1597464,8.574,3.967,2.466,0.037,-0.030,0.025,2608,0
1597485,8.574,3.919,2.538,0.030,-0.022,0.017,2608,0
1597505,8.576,3.907,2.562,0.035,-0.018,0.001,2608,0
1597524,8.617,3.982,2.586,0.049,-0.025,-0.015,2607,0
1597544,8.593,4.053,2.574,0.048,-0.022,-0.021,2608,0
1597564,8.543,4.111,2.598,0.035,-0.037,-0.013,2607,0
1597584,8.612,4.089,2.507,0.036,-0.044,-0.010,2607,0
1597604,8.595,4.118,2.500,0.049,-0.038,-0.012,2608,0
1597624,8.583,4.118,2.509,0.052,-0.033,-0.005,2608,0
1597644,8.578,4.137,2.473,0.055,-0.023,0.002,2607,0
1597664,8.571,4.166,2.512,0.055,-0.020,0.014,2607,0
1597684,8.550,4.096,2.555,0.047,-0.024,0.030,2608,0
1597704,8.590,4.005,2.547,0.037,-0.035,0.029,2608,0
1597724,8.655,3.958,2.550,0.051,-0.033,0.005,2608,0
1597744,8.648,4.015,2.559,0.074,-0.020,-0.013,2607,0
1597764,8.571,4.075,2.547,0.071,-0.021,-0.005,2607,0
1597784,8.554,4.037,2.538,0.052,-0.031,0.012,2608,0
1597804,8.612,4.008,2.588,0.035,-0.033,0.016,2608,0
1597824,8.638,4.001,2.638,0.043,-0.033,0.010,2608,0
1597844,8.612,4.022,2.636,0.060,-0.040,0.005,2608,0
1597864,8.574,4.015,2.528,0.070,-0.045,0.001,2608,0
1597884,8.497,4.051,2.562,0.054,-0.051,0.003,2607,0
1597904,8.504,4.039,2.509,0.042,-0.058,0.006,2608,0
1597925,8.514,4.051,2.516,0.047,-0.038,-0.002,2607,0
1597944,8.521,4.101,2.521,0.059,-0.023,-0.012,2608,0
1597964,8.509,4.082,2.502,0.064,-0.014,-0.013,2607,0
1597984,8.495,4.096,2.519,0.055,-0.013,-0.001,2608,0
1598004,8.566,4.034,2.545,0.040,-0.027,0.009,2609,0
1598024,8.633,3.958,2.591,0.038,-0.013,0.006,2607,0
1598044,8.631,3.962,2.629,0.040,-0.013,-0.001,2608,0
1598064,8.660,3.946,2.610,0.044,-0.021,-0.013,2608,0
1598084,8.619,3.989,2.567,0.050,-0.022,-0.026,2608,0
1598104,8.547,4.085,2.607,0.030,-0.039,-0.018,2607,0
1598124,8.602,4.080,2.519,0.023,-0.054,-0.009,2607,0
1598144,8.626,4.080,2.504,0.023,-0.045,-0.006,2607,0
1598164,8.578,4.082,2.550,0.037,-0.039,-0.008,2608,0
1598184,8.538,4.089,2.519,0.043,-0.041,-0.006,2608,0
1598204,8.545,4.058,2.471,0.051,-0.042,-0.008,2607,0
1598224,8.523,4.089,2.473,0.054,-0.033,-0.006,2607,0
1598244,8.514,4.101,2.485,0.042,-0.030,0.006,2607,0
1598264,8.521,4.044,2.485,0.035,-0.028,0.003,2608,0
1598284,8.547,3.972,2.485,0.045,-0.018,-0.014,2607,0
1598304,8.588,4.041,2.473,0.059,-0.018,-0.025,2607,0
1598324,8.588,4.061,2.512,0.053,-0.008,-0.019,2608,0
1598344,8.600,4.046,2.571,0.038,-0.010,-0.007,2608,0
1598364,8.610,4.029,2.602,0.039,-0.008,-0.006,2607,0
1598384,8.607,4.025,2.591,0.048,-0.015,-0.013,2608,0
1598404,8.626,4.029,2.550,0.055,-0.023,-0.016,2608,0
1598425,8.590,4.082,2.648,0.049,-0.024,-0.011,2606,0
1598444,8.571,4.108,2.658,0.028,-0.031,-0.002,2607,0
1598464,8.566,4.051,2.693,0.035,-0.044,-0.006,2607,0
1598485,8.545,4.041,2.583,0.050,-0.052,-0.021,2607,0
1598504,8.526,4.058,2.478,0.058,-0.044,-0.033,2608,0
1598524,8.480,4.140,2.483,0.056,-0.039,-0.027,2608,0
1598544,8.519,4.144,2.483,0.034,-0.027,-0.009,2608,0
1598564,8.571,4.094,2.547,0.018,-0.014,0.009,2606,0
1598584,8.586,4.015,2.617,0.025,-0.010,0.003,2608,0
1598604,8.566,3.977,2.571,0.047,-0.018,-0.015,2607,0
1598624,8.586,4.051,2.521,0.049,-0.023,-0.025,2608,0
1598644,8.593,4.089,2.574,0.032,-0.015,-0.018,2607,0
1598664,8.607,4.082,2.593,0.019,-0.017,-0.008,2607,0
1598684,8.595,4.056,2.598,0.036,-0.027,-0.019,2607,0
1598704,8.562,4.118,2.543,0.054,-0.026,-0.031,2608,0
1598724,8.507,4.147,2.523,0.049,-0.022,-0.020,2607,0
1598744,8.554,4.111,2.545,0.033,-0.028,0.002,2607,0
1598764,8.586,4.037,2.583,0.026,-0.021,0.006,2606,0
1598784,8.543,3.977,2.583,0.045,-0.019,-0.014,2607,0
1598804,8.554,4.070,2.543,0.058,-0.022,-0.031,2608,0
1598824,8.497,4.149,2.571,0.051,-0.019,-0.031,2607,0
1598845,8.528,4.187,2.631,0.047,-0.030,-0.021,2608,0
1598864,8.598,4.171,2.581,0.048,-0.036,-0.016,2607,0
1598884,8.571,4.180,2.598,0.058,-0.027,-0.011,2606,0
1598904,8.574,4.192,2.614,0.060,-0.044,-0.003,2607,0
1598924,8.622,4.147,2.586,0.058,-0.043,0.006,2607,0
1598944,8.633,4.108,2.641,0.051,-0.034,0.012,2607,0
1598964,8.564,4.044,2.662,0.056,-0.041,0.011,2607,0
1598984,8.550,4.013,2.662,0.063,-0.049,0.000,2608,0
1599004,8.504,4.025,2.591,0.060,-0.046,-0.007,2607,0
1599025,8.487,4.027,2.588,0.048,-0.050,-0.012,2606,0
1599044,8.507,4.041,2.574,0.040,-0.045,-0.013,2607,0
1599064,8.459,4.051,2.543,0.040,-0.027,-0.014,2607,0
1599084,8.444,4.056,2.562,0.045,-0.018,-0.021,2606,0
1599104,8.466,4.073,2.516,0.039,-0.023,-0.016,2607,0
1599124,8.531,4.053,2.521,0.024,-0.016,-0.004,2607,0
1599144,8.576,3.991,2.557,0.007,-0.008,-0.007,2606,0
1599164,8.583,3.960,2.602,0.019,-0.001,-0.034,2607,0
1599200,8.545,4.178,2.564,0.040,-0.026,-0.059,2607,0
1599210,8.547,4.211,2.555,0.037,-0.033,-0.051,2607,0
1599224,8.574,4.243,2.523,0.029,-0.029,-0.043,2606,0
1599245,8.578,4.245,2.564,0.032,-0.020,-0.037,2607,0
1599264,8.547,4.247,2.555,0.046,-0.022,-0.030,2607,0
1599284,8.523,4.197,2.535,0.056,-0.031,-0.016,2607,0
1599304,8.550,4.166,2.507,0.053,-0.028,-0.012,2607,0
1599324,8.545,4.192,2.564,0.047,-0.021,-0.016,2607,0
1599344,8.554,4.209,2.638,0.049,-0.015,-0.009,2606,0
1599364,8.507,4.178,2.624,0.060,-0.022,-0.004,2606,0
1599384,8.499,4.111,2.509,0.064,-0.033,-0.013,2607,0
1599404,8.507,4.144,2.495,0.069,-0.021,-0.027,2607,0
1599424,8.519,4.207,2.540,0.066,-0.013,-0.023,2607,0
1599444,8.516,4.185,2.576,0.050,-0.005,-0.012,2605,0
1599464,8.523,4.192,2.646,0.042,-0.001,-0.006,2606,0
1599484,8.523,4.152,2.727,0.039,-0.010,-0.006,2607,0
1599504,8.543,4.166,2.696,0.053,-0.028,-0.011,2607,0
1599524,8.533,4.202,2.698,0.054,-0.032,-0.012,2607,0
1599544,8.492,4.207,2.701,0.046,-0.035,-0.006,2607,0
1599564,8.461,4.197,2.650,0.046,-0.037,-0.004,2607,0
1599584,8.442,4.178,2.564,0.051,-0.047,-0.004,2606,0
1599604,8.459,4.128,2.468,0.048,-0.052,-0.007,2607,0
1599624,8.483,4.096,2.444,0.035,-0.020,-0.013,2607,0
1599644,8.478,4.168,2.526,0.035,0.006,-0.024,2608,0
1599664,8.456,4.245,2.600,0.049,0.005,-0.022,2608,0
1599684,8.473,4.240,2.562,0.043,0.002,-0.006,2606,0
1599704,8.526,4.202,2.607,0.029,0.001,0.007,2607,0
1599724,8.559,4.168,2.610,0.029,-0.007,-0.000,2606,0
1599744,8.547,4.190,2.591,0.053,-0.008,-0.015,2607,0
1599764,8.502,4.238,2.562,0.062,-0.005,-0.015,2606,0
1599784,8.485,4.243,2.528,0.050,-0.003,-0.012,2607,0
1599804,8.509,4.286,2.670,0.058,-0.013,-0.013,2606,0
1599824,8.562,4.336,2.713,0.063,-0.020,-0.008,2607,0
1599844,8.545,4.286,2.758,0.057,-0.028,0.001,2607,0
1599864,8.497,4.223,2.713,0.066,-0.042,0.006,2607,0
1599884,8.523,4.168,2.696,0.065,-0.042,0.009,2607,0
1599904,8.478,4.123,2.686,0.057,-0.044,0.014,2606,0
1599924,8.468,4.087,2.705,0.051,-0.052,0.010,2608,0
1599944,8.468,4.073,2.660,0.047,-0.042,-0.002,2605,0
1599964,8.452,4.092,2.631,0.048,-0.030,-0.014,2608,0
1599984,8.461,4.135,2.619,0.048,-0.016,-0.013,2607,0
1600004,8.471,4.130,2.653,0.028,-0.013,0.003,2607,0
1600024,8.545,4.073,2.691,0.007,-0.014,0.008,2606,0
1600044,8.550,4.063,2.741,0.015,-0.010,-0.007,2604,0
1600064,8.499,4.120,2.696,0.033,-0.022,-0.015,2605,0
1600084,8.490,4.159,2.691,0.031,-0.032,-0.010,2607,0
1600104,8.507,4.178,2.708,0.017,-0.030,-0.002,2607,0
1600124,8.475,4.144,2.701,0.009,-0.035,-0.003,2607,0
1600144,8.475,4.144,2.677,0.028,-0.050,-0.014,2606,0
1600164,8.461,4.156,2.600,0.038,-0.052,-0.018,2607,0
1600184,8.454,4.171,2.591,0.029,-0.041,-0.018,2607,0
1600238,8.442,4.259,2.591,0.048,-0.047,-0.026,2606,0
1600247,8.442,4.252,2.535,0.050,-0.042,-0.020,2606,0
1600257,8.454,4.243,2.521,0.047,-0.034,-0.012,2608,0
1600270,8.487,4.209,2.519,0.040,-0.025,-0.006,2607,0
1600284,8.490,4.180,2.598,0.037,-0.017,-0.010,2607,0
1600304,8.485,4.187,2.713,0.051,-0.022,-0.021,2606,0
1600324,8.487,4.226,2.686,0.062,-0.039,-0.028,2606,0
1600344,8.490,4.226,2.595,0.062,-0.046,-0.022,2606,0
1600364,8.464,4.228,2.629,0.055,-0.040,-0.022,2606,0
1600384,8.502,4.274,2.684,0.058,-0.038,-0.028,2606,0
1600404,8.449,4.286,2.739,0.060,-0.044,-0.017,2606,0
1600424,8.442,4.216,2.612,0.060,-0.061,-0.006,2607,0
1600444,8.428,4.164,2.564,0.059,-0.063,-0.009,2606,0
1600464,8.432,4.175,2.555,0.059,-0.053,-0.019,2607,0
1600484,8.454,4.226,2.552,0.056,-0.037,-0.028,2607,0
1600504,8.413,4.271,2.581,0.070,-0.022,-0.041,2607,0
1600525,8.387,4.350,2.574,0.083,-0.024,-0.041,2607,0
1600544,8.459,4.357,2.564,0.070,-0.031,-0.024,2607,0
1600564,8.535,4.288,2.614,0.050,-0.020,-0.009,2606,0
1600584,8.516,4.247,2.682,0.042,-0.013,-0.003,2606,0
1600604,8.490,4.197,2.725,0.053,-0.034,-0.006,2607,0
1600624,8.528,4.199,2.674,0.056,-0.049,-0.010,2606,0
1600644,8.499,4.183,2.612,0.055,-0.037,-0.014,2607,0
1600664,8.452,4.226,2.674,0.052,-0.032,-0.016,2606,0
1600685,8.387,4.266,2.691,0.050,-0.040,-0.020,2607,0
1600704,8.411,4.331,2.636,0.048,-0.058,-0.020,2606,0
1600724,8.406,4.300,2.586,0.046,-0.050,-0.019,2607,0
1600744,8.380,4.288,2.523,0.053,-0.035,-0.022,2606,0
1600764,8.349,4.302,2.538,0.055,-0.027,-0.022,2606,0
1600785,8.387,4.305,2.521,0.044,-0.029,-0.009,2606,0
1600804,8.459,4.274,2.557,0.030,-0.025,0.000,2607,0
1600824,8.475,4.214,2.559,0.029,-0.028,-0.005,2607,0
1601014,8.368,4.322,2.533,0.042,-0.030,-0.017,2606,0
1601034,8.375,4.290,2.526,0.028,-0.023,-0.008,2606,0
1601054,8.432,4.257,2.516,0.021,-0.009,-0.012,2607,0
1601074,8.428,4.243,2.574,0.022,0.008,-0.025,2606,0
1601094,8.449,4.305,2.619,0.029,0.000,-0.027,2606,0
1601114,8.487,4.350,2.658,0.030,-0.010,-0.024,2605,0
1601134,8.509,4.348,2.622,0.028,-0.012,-0.018,2606,0
1601154,8.487,4.348,2.662,0.023,-0.014,-0.015,2607,0
1601174,8.504,4.353,2.648,0.027,-0.032,-0.010,2606,0
1601194,8.485,4.355,2.658,0.033,-0.042,-0.010,2603,0
1601214,8.464,4.362,2.631,0.041,-0.055,-0.014,2606,0
1601234,8.423,4.391,2.619,0.051,-0.064,-0.016,2606,0
1601254,8.416,4.444,2.528,0.056,-0.062,-0.016,2607,0
1601274,8.349,4.434,2.545,0.059,-0.050,-0.015,2605,0
1601294,8.339,4.460,2.552,0.068,-0.067,-0.013,2607,0
1601314,8.389,4.446,2.514,0.075,-0.063,-0.010,2606,0
1601334,8.392,4.460,2.571,0.074,-0.041,-0.003,2607,0
1601354,8.406,4.415,2.648,0.067,-0.043,0.013,2606,0
1601374,8.471,4.326,2.682,0.053,-0.047,0.026,2607,0
1601493,8.574,4.113,2.801,-0.021,-0.097,0.022,2604,0
1601556,8.473,4.154,2.535,-0.017,-0.085,-0.002,2605,0
1602857,8.033,4.690,3.139,0.066,-0.045,-0.009,2605,0
1602877,8.061,4.681,3.156,0.056,-0.036,-0.016,2604,0
1602897,8.033,4.738,3.194,0.061,-0.026,-0.016,2604,0
1602917,8.013,4.745,3.172,0.063,-0.030,-0.006,2603,0
1602937,8.047,4.721,3.077,0.060,-0.039,0.001,2604,0
1602957,8.126,4.731,2.959,0.061,-0.027,0.006,2604,0
1602977,8.104,4.798,3.029,0.059,0.004,0.011,2604,0
1602997,8.028,4.841,3.160,0.056,0.007,0.027,2605,0
1603017,8.033,4.800,3.223,0.055,-0.020,0.047,2604,0
1603037,8.083,4.676,3.168,0.057,-0.046,0.052,2604,0
1603057,8.102,4.609,3.122,0.060,-0.041,0.043,2605,0
1603077,8.066,4.575,3.134,0.057,-0.031,0.028,2603,0
1603097,8.009,4.544,3.163,0.059,-0.042,0.008,2604,0
1603117,7.956,4.566,3.065,0.070,-0.053,-0.008,2603,0
1603137,7.985,4.568,2.892,0.066,-0.057,-0.006,2604,0
1603157,8.013,4.544,2.808,0.046,-0.027,0.000,2603,0
1603177,8.018,4.547,2.871,0.026,0.007,-0.001,2604,0
1603197,8.035,4.554,2.969,0.032,0.021,-0.015,2604,0
1603217,8.092,4.671,3.026,0.044,0.023,-0.028,2602,0
1603237,8.092,4.786,3.079,0.050,0.026,-0.030,2604,0
1603257,8.095,4.853,3.160,0.050,0.025,-0.016,2606,0
1603277,8.140,4.834,3.227,0.047,0.038,-0.003,2604,0
1603297,8.104,4.853,3.318,0.040,0.029,0.002,2603,0
1603317,8.088,4.820,3.361,0.049,-0.001,0.010,2605,0
1603337,8.085,4.764,3.242,0.060,-0.017,0.015,2603,0
1603428,8.080,4.439,3.352,-0.022,0.009,0.057,2604,0
1603438,8.095,4.427,3.357,-0.018,-0.012,0.046,2603,0
1603449,8.133,4.424,3.304,-0.011,-0.028,0.030,2602,0
1603459,8.147,4.415,3.249,-0.006,-0.032,0.010,2603,0
1603468,8.155,4.436,3.223,-0.001,-0.029,-0.005,2604,0
1603478,8.145,4.477,3.189,0.005,-0.020,-0.017,2603,0
1603487,8.116,4.518,3.208,0.004,-0.013,-0.022,2603,0
1603497,8.071,4.585,3.211,-0.002,-0.013,-0.022,2604,0
1603567,8.054,4.724,3.259,-0.006,-0.040,-0.005,2601,0
1603576,8.018,4.757,3.249,-0.005,-0.034,0.001,2604,0
1603586,8.004,4.791,3.294,-0.014,-0.031,0.011,2604,0
1603596,7.980,4.772,3.335,-0.026,-0.028,0.023,2606,0
1603606,7.944,4.709,3.383,-0.036,-0.035,0.030,2602,0
1603617,7.930,4.654,3.400,-0.038,-0.051,0.030,2604,0
1603638,7.994,4.549,3.275,-0.018,-0.068,0.012,2603,0
1603657,8.004,4.556,3.189,-0.005,-0.047,0.001,2602,0
1603677,7.932,4.561,3.189,-0.013,-0.029,0.007,2604,0
1603697,7.918,4.503,3.163,-0.022,-0.031,0.015,2605,0
1603717,7.968,4.465,3.091,-0.018,-0.021,0.011,2605,0
1603737,7.946,4.496,3.062,-0.010,-0.011,-0.001,2603,0
1603757,7.973,4.539,3.081,-0.003,-0.003,-0.001,2604,0
1603777,7.977,4.554,3.103,-0.004,-0.001,-0.002,2604,0
1603797,7.954,4.508,3.057,0.000,-0.006,-0.016,2605,0
1603817,8.054,4.597,3.010,0.018,0.004,-0.035,2604,0
1603837,8.076,4.760,3.072,0.033,0.041,-0.040,2604,0
1603857,8.078,4.908,3.311,0.029,0.053,-0.022,2604,0
1603877,8.124,4.966,3.704,0.009,0.042,0.011,2604,0
1603897,8.100,4.887,3.996,0.003,0.009,0.027,2604,0
1603917,8.083,4.721,4.056,0.032,-0.053,0.024,2604,0
1603937,8.054,4.580,3.958,0.053,-0.094,0.037,2603,0
1603957,7.992,4.369,3.824,0.025,-0.122,0.063,2603,0
1603977,7.966,4.125,3.687,-0.020,-0.130,0.069,2604,0
1603997,7.937,3.958,3.476,-0.044,-0.121,0.032,2604,0
1604017,7.894,3.948,3.345,-0.030,-0.089,-0.021,2603,0
1604037,7.843,4.087,3.282,-0.032,-0.052,-0.031,2604,0
1604057,7.839,4.132,3.292,-0.097,-0.025,-0.014,2605,0
1604077,7.913,4.065,3.287,-0.134,-0.014,-0.031,2603,0
1604097,7.963,4.125,3.239,-0.112,-0.005,-0.065,2603,0
1604117,7.982,4.274,3.153,-0.091,0.006,-0.086,2603,0
1604137,7.999,4.427,3.089,-0.086,0.003,-0.092,2603,0
1604157,8.083,4.590,3.079,-0.087,0.007,-0.091,2603,0
1604177,8.083,4.750,3.089,-0.083,0.012,-0.086,2602,0
1604197,8.102,4.822,3.060,-0.055,0.012,-0.079,2604,0
1604217,8.119,4.958,3.055,-0.025,0.009,-0.071,2603,0
1604237,8.152,5.016,3.072,0.007,0.001,-0.064,2603,0
1604257,8.126,5.064,3.074,0.041,-0.002,-0.051,2604,0
1604277,8.114,5.100,3.043,0.067,-0.002,-0.034,2604,0
1604297,8.095,5.061,3.065,0.093,0.002,-0.016,2602,0
1604317,8.085,5.016,3.060,0.119,0.010,0.001,2603,0
1604337,8.035,4.966,3.065,0.141,0.019,0.015,2602,0
1604357,8.021,4.958,3.160,0.162,0.044,0.030,2602,0
1604377,7.994,4.939,3.239,0.159,0.067,0.060,2604,0
1604397,7.980,4.800,3.376,0.145,0.084,0.084,2603,0
1604417,8.001,4.729,3.575,0.145,0.100,0.088,2603,0
1604437,8.030,4.695,3.804,0.153,0.115,0.092,2604,0
1604457,8.018,4.599,3.996,0.136,0.102,0.112,2603,0
1604477,7.999,4.410,4.108,0.109,0.082,0.125,2602,0
1604497,7.992,4.250,4.178,0.081,0.064,0.116,2602,0
1604517,8.049,4.161,4.209,0.064,0.038,0.094,2603,0
1604537,8.025,4.104,4.228,0.056,0.009,0.071,2603,0
1604557,8.042,4.075,4.128,0.040,-0.018,0.056,2602,0
1604577,8.047,4.032,4.039,0.002,-0.023,0.049,2602,0
1604597,8.088,4.020,3.967,-0.029,-0.046,0.040,2602,0
1604617,8.121,4.051,3.888,-0.033,-0.061,0.021,2602,0
1604637,8.073,4.197,3.723,-0.034,-0.068,0.011,2602,0
1604657,7.963,4.312,3.608,-0.035,-0.077,0.020,2602,0
1604677,7.925,4.355,3.428,-0.047,-0.087,0.039,2601,0
1604697,7.951,4.314,3.309,-0.057,-0.082,0.040,2603,0
1604717,7.987,4.310,3.261,-0.039,-0.068,0.021,2603,0
1604737,7.989,4.405,3.287,-0.008,-0.057,-0.010,2602,0
1604757,8.011,4.537,3.366,0.018,-0.058,-0.020,2603,0
1604777,8.076,4.626,3.529,0.026,-0.047,-0.006,2603,0
1604797,8.073,4.599,3.725,0.014,-0.035,0.025,2603,0
1604923,8.265,4.001,4.111,-0.077,-0.118,0.094,2603,0
1604942,8.246,3.903,4.087,-0.106,-0.138,0.088,2601,0
1604963,8.229,3.847,4.015,-0.113,-0.159,0.065,2603,0
1604982,8.193,3.859,3.881,-0.110,-0.176,0.044,2600,0
1605003,8.128,3.917,3.735,-0.120,-0.187,0.031,2602,0
1605022,8.112,3.967,3.582,-0.129,-0.184,0.029,2603,0
1605043,8.059,4.008,3.450,-0.144,-0.169,0.031,2603,0
1605062,8.011,4.075,3.409,-0.146,-0.164,0.037,2603,0
1605082,8.004,4.080,3.256,-0.134,-0.159,0.040,2603,0
1605102,8.023,4.065,3.098,-0.121,-0.141,0.034,2602,0
1605123,8.013,4.063,3.081,-0.111,-0.117,0.025,2603,0
1605142,8.016,4.070,3.108,-0.087,-0.117,0.011,2602,0
1605162,8.035,4.075,3.021,-0.053,-0.117,0.000,2603,0
1605183,8.047,4.032,2.962,-0.028,-0.103,-0.012,2603,0
1605203,8.080,4.041,2.931,-0.001,-0.100,-0.029,2603,0
1605536,8.363,4.010,3.541,0.089,-0.049,-0.022,2602,0
1605556,8.282,4.149,3.567,0.084,-0.050,-0.021,2602,0
1605576,8.267,4.185,3.527,0.062,-0.071,0.004,2602,0
1605596,8.384,4.113,3.467,0.036,-0.074,0.022,2601,0
1605616,8.344,4.041,3.508,0.018,-0.054,0.030,2603,0
1605636,8.346,3.986,3.565,0.007,-0.056,0.020,2602,0
1605656,8.384,4.041,3.596,0.004,-0.060,0.013,2600,0
1605676,8.428,4.094,3.558,-0.018,-0.052,0.034,2601,0
1605696,8.392,3.962,3.608,-0.066,-0.043,0.063,2600,0
1605716,8.413,3.862,3.596,-0.091,-0.055,0.062,2602,0
1605736,8.454,3.838,3.536,-0.082,-0.058,0.038,2602,0
1605756,8.361,3.955,3.493,-0.076,-0.048,0.032,2601,0
1605776,8.334,4.001,3.364,-0.090,-0.063,0.059,2603,0
1605796,8.394,3.917,3.223,-0.123,-0.048,0.088,2599,0
1605816,8.404,3.864,3.282,-0.140,-0.020,0.087,2601,0
1605836,8.279,3.950,3.369,-0.112,-0.018,0.073,2602,0
1605856,8.315,4.061,3.223,-0.082,-0.066,0.076,2602,0
1605876,8.423,4.044,3.053,-0.080,-0.060,0.083,2602,0
1605896,8.341,4.068,3.089,-0.078,-0.031,0.071,2601,0
1605916,8.260,4.180,3.158,-0.034,-0.044,0.058,2603,0
1605936,8.248,4.262,3.127,-0.004,-0.066,0.078,2602,0
1605956,8.284,4.123,3.010,-0.010,-0.076,0.103,2600,0
1605976,8.337,3.919,2.926,0.004,-0.070,0.092,2602,0
1605996,8.384,3.826,2.902,0.037,-0.053,0.070,2601,0
1606016,8.432,3.857,2.990,0.042,-0.026,0.070,2600,0
1606036,8.440,3.831,3.141,0.035,-0.022,0.079,2603,0
1606056,8.504,3.713,3.220,0.052,-0.043,0.067,2601,0
1606076,8.535,3.656,3.136,0.068,-0.056,0.044,2600,0
1606096,8.557,3.747,3.177,0.072,-0.046,0.022,2601,0
1606116,8.531,3.881,3.280,0.079,-0.036,0.009,2602,0
1606136,8.471,3.977,3.366,0.083,-0.039,0.020,2601,0
1606156,8.411,3.994,3.460,0.070,-0.051,0.040,2602,0
1606176,8.404,3.864,3.460,0.062,-0.069,0.044,2600,0
1606546,8.674,3.553,3.067,0.035,-0.048,0.017,2603,0
1606566,8.514,3.601,3.120,0.057,-0.026,0.004,2602,0
1606586,8.468,3.639,3.146,0.044,-0.066,0.028,2603,0
1606606,8.633,3.560,3.105,0.024,-0.078,0.051,2603,0
1606626,8.657,3.469,3.115,0.040,-0.050,0.035,2603,0
1606646,8.576,3.515,3.096,0.070,-0.037,0.011,2602,0
1606666,8.545,3.572,3.093,0.065,-0.040,0.022,2601,0
1606686,8.571,3.577,3.194,0.038,-0.043,0.042,2602,0
1606706,8.590,3.503,3.249,0.047,-0.051,0.037,2603,0
1606726,8.559,3.510,3.196,0.080,-0.049,0.023,2602,0
1606746,8.495,3.524,3.139,0.083,-0.039,0.028,2603,0
1606766,8.497,3.527,3.182,0.049,-0.033,0.045,2602,0
1606786,8.521,3.457,3.275,0.030,-0.030,0.042,2602,0
1606806,8.499,3.390,3.297,0.042,-0.033,0.023,2602,0
1606826,8.497,3.400,3.247,0.053,-0.042,0.005,2603,0
1606846,8.562,3.457,3.254,0.058,-0.036,-0.012,2603,0
1606866,8.526,3.572,3.273,0.052,-0.027,-0.017,2602,0
1606886,8.487,3.598,3.263,0.042,-0.036,-0.000,2602,0
1606906,8.523,3.510,3.206,0.032,-0.042,0.017,2602,0
1606926,8.595,3.409,3.232,0.022,-0.025,0.019,2603,0
1606946,8.593,3.400,3.266,0.023,-0.018,0.001,2602,0
1606966,8.509,3.431,3.306,0.030,-0.020,-0.017,2602,0
1606986,8.473,3.486,3.292,0.028,-0.031,-0.019,2603,0
1607006,8.504,3.474,3.321,0.018,-0.045,-0.009,2602,0
1607026,8.543,3.484,3.321,0.015,-0.038,-0.013,2601,0
1607046,8.535,3.481,3.244,0.013,-0.032,-0.024,2601,0
1607066,8.538,3.500,3.211,-0.008,-0.031,-0.013,2603,0
1607086,8.535,3.409,3.218,-0.058,-0.035,0.002,2603,0
1607106,8.554,3.244,3.261,-0.086,-0.057,-0.006,2602,0
1607126,8.648,3.239,3.239,-0.081,-0.054,-0.020,2603,0
1607146,8.636,3.359,3.103,-0.088,-0.018,-0.015,2602,0
1607166,8.562,3.524,3.158,-0.193,0.014,0.023,2603,0
1607186,8.641,3.529,3.390,-0.343,0.001,0.065,2603,0
1607206,8.473,3.596,3.148,-0.559,0.033,0.162,2607,0
1607226,8.447,3.553,3.136,-0.829,0.003,0.375,2607,0
1607246,8.808,3.002,3.010,-1.091,0.047,0.613,2615,0
1607266,8.756,2.533,3.127,-1.577,0.118,0.925,2630,0
1607286,8.598,1.252,3.045,-1.921,0.213,1.201,2644,0
1607306,8.866,-0.069,2.717,-2.236,0.179,1.332,2665,0
1607326,9.093,-1.556,2.598,-2.308,0.275,1.301,2673,0
1607346,9.342,-2.241,2.497,-2.336,0.500,1.146,2678,0
1607366,9.220,-2.741,2.921,-2.365,0.740,0.868,2679,0
1607386,8.971,-3.144,3.409,-2.229,0.851,0.543,2679,0
1607406,8.832,-3.081,4.166,-1.947,0.771,0.186,2678,0
1607426,8.950,-3.093,3.551,-1.824,0.536,-0.123,2685,0
1607446,9.335,-3.555,2.559,-1.883,0.505,-0.346,2699,0
1607466,9.735,-3.989,2.559,-1.893,0.796,-0.637,2713,0
1608932,7.748,-19.738,2.567,0.044,-0.219,-1.443,2736,0
1608952,6.692,-15.603,3.144,-0.225,0.230,-2.740,2736,0
1608972,5.260,-11.145,5.284,-0.341,0.405,-3.756,2736,0
1608992,4.269,-5.746,7.367,-0.126,0.342,-4.450,2738,0
1609012,3.546,-0.093,8.729,0.098,0.226,-4.598,2740,0
1609032,2.787,5.133,9.637,0.182,0.031,-4.168,2740,0
1609052,2.433,9.665,9.986,0.260,-0.237,-3.319,2742,0
1609072,2.679,13.343,9.467,0.427,-0.364,-2.099,2746,0
1609092,2.523,14.760,8.332,0.471,-0.238,-0.400,2747,0
1609112,2.356,13.197,7.197,0.359,-0.001,1.517,2744,0
1609132,2.236,9.103,6.907,0.196,0.255,3.082,2741,0
1609152,2.289,4.245,7.523,0.184,0.442,4.075,2738,0
1609172,2.456,-1.034,7.719,0.229,0.432,4.572,2737,0
1609192,3.014,-6.079,7.616,0.161,0.313,4.645,2735,0
1609212,4.001,-11.437,7.348,0.059,0.116,4.250,2734,0
1609232,5.188,-16.252,6.639,-0.094,-0.124,3.326,2733,0
1609252,6.333,-19.822,5.459,-0.159,-0.376,2.011,2730,0
1609272,7.154,-20.935,3.982,-0.216,-0.435,0.409,2732,0
1609292,7.381,-19.673,3.194,-0.241,-0.221,-1.268,2730,0
1609312,6.900,-16.168,3.677,-0.332,0.200,-2.719,2730,0
1609332,5.576,-11.902,5.674,-0.382,0.433,-3.918,2729,0
1609352,4.472,-6.407,8.373,-0.046,0.369,-4.817,2730,0
1609372,3.053,0.426,10.314,0.382,0.067,-5.080,2730,0
1609392,2.344,5.995,10.618,0.469,-0.472,-4.519,2729,0
1609412,2.751,10.218,10.056,0.318,-0.743,-3.390,2731,0
1609432,2.787,13.123,9.366,0.350,-0.738,-2.085,2733,0
1609452,2.763,14.619,8.188,0.634,-0.652,-0.771,2733,0
1609472,2.100,14.178,6.364,0.801,-0.368,0.976,2735,0
1609492,1.731,11.583,5.495,0.594,0.056,2.748,2733,0
1609512,1.583,7.025,6.268,0.351,0.477,4.028,2730,0
1609532,1.463,1.676,7.645,0.356,0.615,4.622,2728,0
1609552,2.061,-3.632,8.140,0.577,0.441,4.610,2725,0
1609572,3.110,-9.392,7.762,0.504,0.211,4.459,2726,0
1609592,4.539,-16.017,7.032,0.062,-0.100,4.058,2724,0
1609612,6.464,-21.684,5.729,-0.238,-0.491,2.834,2725,0
1609632,7.755,-23.985,3.771,-0.095,-0.666,0.695,2724,0
1609652,7.865,-21.778,2.468,0.102,-0.418,-1.458,2724,0
1609672,6.785,-16.848,3.000,-0.065,0.064,-2.947,2722,0
1609692,5.813,-11.224,5.219,-0.317,0.389,-3.878,2723,0
1609712,4.903,-5.653,8.159,-0.425,0.501,-4.363,2722,0
1609732,3.464,-0.915,10.166,-0.214,0.126,-4.388,2721,0
1609752,3.189,4.137,10.178,-0.044,-0.504,-4.001,2721,0
1609772,3.500,8.373,8.691,0.040,-0.762,-3.334,2722,0
1609792,3.687,12.127,7.664,0.129,-0.416,-2.212,2725,0
1609812,2.739,13.752,7.733,0.209,0.025,-0.596,2728,0
1609832,2.011,13.295,7.489,0.266,0.160,1.262,2727,0
1609852,2.090,9.639,6.912,0.118,0.288,2.992,2724,0
1609872,2.433,4.075,6.721,-0.140,0.521,4.284,2721,0
1609892,2.880,-2.468,7.029,-0.350,0.643,4.875,2719,0
1609912,3.960,-9.436,7.673,-0.353,0.573,4.695,2718,0
1609932,5.356,-14.976,8.112,-0.422,0.285,3.839,2718,0
1609952,6.653,-19.182,7.518,-0.561,-0.266,2.374,2718,0
1609972,7.836,-20.475,5.564,-0.339,-0.655,0.496,2718,0
1609992,7.788,-18.390,3.814,-0.244,-0.578,-1.188,2717,0
1610012,7.226,-15.471,3.414,-0.593,-0.284,-2.356,2719,0
1610032,6.395,-12.347,4.580,-1.011,0.034,-3.284,2721,0
1610052,5.284,-8.586,6.515,-0.852,0.072,-4.253,2726,0
1610072,4.185,-2.832,7.836,-0.329,-0.094,-4.899,2725,0
1610092,3.024,3.189,8.097,-0.054,-0.385,-4.762,2724,0
1610112,2.840,8.365,7.999,-0.147,-0.532,-3.882,2727,0
1610132,3.084,11.923,8.131,-0.056,-0.337,-2.591,2723,0
1610152,3.043,14.796,7.757,0.149,-0.111,-1.079,2726,0
1610172,2.478,15.179,7.432,0.329,0.083,0.572,2721,0
1610192,1.683,13.204,6.862,0.435,0.228,2.293,2720,0
1610212,1.657,9.179,6.194,0.544,0.485,3.810,2720,0
1610232,1.688,4.295,6.285,0.489,0.968,5.024,2718,0
1610252,1.791,-2.579,7.470,0.084,1.147,5.671,2716,0
1610272,2.588,-10.238,8.514,-0.261,0.773,5.498,2715,0
1610292,4.496,-17.439,8.528,-0.205,-0.022,4.317,2714,0
1610312,6.673,-21.466,6.627,0.049,-0.616,2.612,2712,0
1610332,7.827,-22.766,4.618,-0.051,-0.702,0.805,2715,0
1610352,8.071,-21.900,3.701,-0.212,-0.557,-1.086,2712,0
1610372,7.331,-18.385,3.867,-0.225,-0.418,-2.866,2713,0
1610392,6.323,-13.388,5.080,-0.149,-0.294,-4.219,2714,0
1610412,4.946,-6.962,6.744,-0.028,-0.251,-4.986,2716,0
1610432,3.510,-1.233,8.001,-0.033,-0.394,-5.050,2718,0
1610452,2.286,3.314,8.315,-0.033,-0.842,-4.525,2720,0
1610472,2.574,7.918,7.278,0.096,-1.140,-3.825,2724,0
1610492,3.100,12.158,5.957,0.464,-0.830,-2.811,2733,0
1610512,2.717,15.275,5.358,0.557,-0.144,-1.102,2734,0
1610532,1.867,14.909,5.942,0.457,0.326,0.971,2733,0
1610552,1.532,12.127,6.436,0.531,0.525,2.736,2726,0
1610572,1.547,8.210,6.596,0.703,0.737,4.070,2722,0
1610592,1.511,3.321,7.041,0.675,1.019,4.991,2721,0
1610612,1.717,-2.808,7.848,0.489,1.100,5.421,2719,0
1610632,2.868,-10.111,8.624,0.186,0.861,5.305,2716,0
1610652,4.573,-17.600,8.928,0.010,0.311,4.362,2713,0
1610672,6.285,-22.819,7.724,-0.076,-0.371,2.784,2710,0
1610692,7.678,-25.158,5.531,-0.159,-0.787,0.668,2710,0
1610712,7.812,-23.640,3.498,-0.129,-0.783,-1.609,2707,0
1610732,7.137,-18.909,2.892,-0.301,-0.474,-3.470,2708,0
1610752,5.622,-13.029,4.446,-0.412,-0.086,-4.763,2709,0
1610772,4.269,-5.935,6.519,-0.346,-0.065,-5.391,2710,0
1610792,3.476,-0.158,8.169,-0.458,-0.182,-5.214,2714,0
1610812,2.784,5.229,8.598,-0.529,-0.485,-4.516,2713,0
1610832,3.060,9.608,7.918,-0.492,-0.722,-3.663,2717,0
1610852,3.213,13.283,7.566,0.014,-0.414,-2.442,2720,0
1610872,2.626,16.685,7.137,0.352,0.103,-0.418,2718,0
1610892,1.882,15.725,7.365,0.212,0.427,1.901,2716,0
1610912,1.844,11.463,7.661,0.217,0.552,3.750,2717,0
1610932,1.841,6.436,7.676,0.307,0.693,4.915,2716,0
1610952,1.544,0.991,7.796,0.425,0.783,5.409,2715,0
1610972,1.724,-3.977,8.059,0.798,0.861,5.322,2713,0
1610992,1.745,-7.898,8.358,1.151,0.814,4.962,2714,0
1611116,4.863,-19.027,5.042,-0.459,-0.002,-2.148,2705,0
1611136,3.883,-15.294,5.559,-0.653,0.014,-3.175,2704,0
1611197,2.899,-4.879,7.180,-1.533,-0.172,-4.980,2711,0
1611207,2.866,-3.359,7.444,-1.499,-0.198,-5.137,2710,0
1611216,2.866,-1.803,7.772,-1.357,-0.174,-5.210,2713,0
1611228,2.502,0.543,8.193,-1.086,-0.103,-5.183,2715,0
1611237,2.155,2.500,8.468,-0.856,-0.083,-5.027,2712,0
1611256,1.827,6.649,8.499,-0.505,-0.189,-4.292,2713,0
1611276,2.643,9.476,7.652,-0.491,-0.272,-2.993,2713,0
1611296,3.934,10.314,7.412,-0.650,-0.026,-1.485,2712,0
1611324,4.118,10.364,8.478,-0.161,0.224,-0.232,2711,0
1611336,3.958,10.386,8.406,0.200,0.159,0.283,2708,0
1611356,3.946,9.560,7.515,0.579,0.080,1.243,2707,0
1611376,4.142,7.621,6.984,0.605,0.147,2.263,2706,0
1611396,4.149,5.207,6.867,0.648,0.268,3.066,2705,0
1611416,3.919,2.935,6.771,0.833,0.337,3.526,2705,0
1611436,3.476,0.429,7.638,1.083,0.425,3.778,2704,0
1611456,2.993,-2.136,8.207,1.278,0.387,4.167,2703,0
1611476,2.818,-5.258,8.083,1.128,0.254,4.523,2704,0
1611496,3.220,-9.644,7.606,0.811,0.036,4.465,2704,0
1611516,4.061,-13.953,6.862,0.516,-0.243,3.786,2704,0
1611536,5.318,-17.394,6.404,0.495,-0.448,2.536,2702,0
1611556,6.045,-18.162,5.947,0.725,-0.354,1.042,2702,0
1611711,5.394,-1.559,8.229,-0.225,-0.459,-1.225,2700,0
1611730,5.823,-1.817,7.817,-0.235,-0.491,-0.997,2700,0
1611750,6.093,-2.121,7.898,-0.254,-0.419,-0.851,2699,0
1611770,5.971,-2.251,7.870,-0.263,-0.495,-0.851,2698,0
1611790,6.029,-2.260,7.295,-0.086,-0.683,-0.960,2698,0
1611810,6.270,-1.657,6.364,0.141,-0.767,-1.086,2697,0
1611830,6.191,-0.800,5.607,0.227,-0.681,-1.048,2698,0
1611850,6.055,-0.304,5.203,0.135,-0.537,-0.721,2699,0
1611870,6.139,-0.613,5.023,0.018,-0.441,-0.321,2697,0
1611890,6.450,-1.314,5.025,-0.022,-0.375,-0.091,2698,0
1611910,6.622,-1.817,5.018,0.023,-0.310,-0.051,2698,0
1611930,6.689,-2.059,5.004,0.152,-0.188,-0.086,2697,0
1611950,6.670,-1.889,5.219,0.228,-0.016,-0.016,2698,0
1611970,6.701,-2.157,5.808,0.147,0.078,0.143,2697,0
1611990,6.819,-2.500,6.242,0.103,0.073,0.228,2697,0
1612010,6.981,-2.887,6.529,0.076,0.042,0.193,2696,0
1612030,7.173,-3.112,6.749,0.129,0.046,0.149,2696,0
1612050,7.128,-3.194,6.979,0.144,0.074,0.132,2695,0
1612070,7.061,-3.100,7.140,0.162,-0.013,0.088,2697,0
1612090,7.142,-2.878,6.855,0.181,-0.109,0.038,2695,0
1612110,7.216,-2.868,6.716,0.096,-0.113,0.055,2695,0
1612131,7.281,-3.203,6.946,0.028,-0.112,0.062,2694,0
1612150,7.314,-3.302,7.202,0.114,-0.137,-0.022,2693,0
1612170,7.238,-2.978,7.389,0.177,-0.203,-0.078,2694,0
1612190,7.355,-2.847,7.606,0.165,-0.346,-0.105,2694,0
1612210,7.705,-3.038,7.975,0.176,-0.444,-0.182,2694,0
1612230,7.740,-3.191,8.207,0.337,-0.537,-0.347,2695,0
1612251,7.544,-3.012,8.322,0.578,-0.765,-0.526,2695,0
1612270,7.870,-2.964,8.229,0.738,-1.073,-0.693,2696,0
1612291,8.174,-2.935,7.657,0.863,-1.300,-0.907,2698,0
1612310,8.294,-2.306,7.321,0.976,-1.487,-1.068,2704,0
1612330,8.282,-1.176,6.644,0.837,-1.629,-1.094,2710,0
1612350,8.222,-0.927,6.567,0.456,-1.793,-1.003,2712,0
1612370,8.540,-1.214,6.412,0.219,-1.961,-0.937,2717,0
1612391,8.882,-1.381,6.158,0.235,-2.067,-0.920,2719,0
1612410,8.878,-0.728,5.708,0.350,-2.138,-1.021,2718,0
1612431,8.693,-0.163,4.961,0.475,-2.189,-1.140,2710,0
1612450,8.370,0.589,4.372,0.468,-2.302,-1.076,2700,0
1612470,8.332,0.867,3.816,0.380,-2.409,-0.884,2685,0
1612490,8.576,1.204,2.959,0.192,-2.390,-0.620,2672,0
1612511,8.610,1.063,2.303,0.117,-2.367,-0.432,2662,0
1612530,8.466,0.898,1.518,0.211,-2.338,-0.345,2646,0
1612551,8.507,0.680,0.601,0.286,-2.247,-0.199,2639,0
1612570,8.387,0.716,-0.254,0.248,-2.102,-0.054,2632,0
1612590,8.277,0.294,-0.941,0.210,-1.971,0.074,2630,0
1612610,8.358,-0.060,-1.915,0.232,-1.700,0.170,2628,0
1612630,8.346,-0.093,-2.167,0.182,-1.389,0.255,2624,0
1612650,8.492,-0.453,-2.231,0.162,-1.128,0.287,2621,0
1612670,8.595,-0.716,-2.466,0.222,-0.873,0.245,2617,0
1612690,8.698,-0.831,-2.866,0.307,-0.507,0.154,2613,0
1612710,8.394,-0.620,-2.610,0.217,-0.154,0.145,2612,0
1612730,8.329,-0.737,-2.049,0.104,-0.042,0.214,2613,0
1612750,8.722,-0.953,-2.023,0.073,-0.003,0.221,2614,0
1613011,10.053,0.175,-0.024,0.144,0.130,-0.094,2625,0
1613031,9.776,0.124,0.175,0.158,0.065,-0.103,2626,0
1613051,9.857,0.074,0.134,0.192,-0.060,-0.135,2627,0
1613071,9.974,0.163,0.098,0.216,-0.071,-0.172,2629,0
1613091,9.907,0.218,0.096,0.229,-0.062,-0.182,2628,0
1613111,9.809,0.273,0.024,0.222,-0.066,-0.156,2631,0
1613131,9.771,0.230,-0.091,0.188,-0.060,-0.121,2631,0
1613151,9.732,0.172,-0.079,0.153,-0.023,-0.100,2633,0
1613171,9.725,0.132,-0.043,0.166,-0.008,-0.080,2636,0
1613191,9.749,0.160,-0.069,0.189,-0.051,-0.066,2638,0
1613211,9.874,0.189,-0.204,0.192,-0.027,-0.058,2640,0
1613231,10.017,0.096,-0.165,0.166,0.067,-0.028,2641,0
1613251,10.036,0.065,-0.048,0.146,0.155,0.001,2642,0
1613271,9.847,-0.007,0.081,0.112,0.154,-0.001,2640,0
1613291,9.831,0.005,0.110,0.126,0.096,-0.046,2639,0
1613311,9.965,0.096,0.158,0.151,0.092,-0.065,2640,0
1613331,9.967,0.232,0.182,0.132,0.101,-0.031,2639,0
1613351,9.898,0.278,0.223,0.106,0.077,-0.003,2640,0
1613371,9.859,0.208,0.093,0.126,0.058,-0.008,2640,0
1613391,9.979,0.239,0.005,0.127,0.087,-0.004,2640,0
1613411,10.101,0.192,0.148,0.101,0.156,0.010,2639,0
1613431,9.962,0.182,0.400,0.092,0.190,0.006,2640,0
1613451,9.814,0.175,0.522,0.099,0.111,0.002,2640,0
1613471,9.938,0.091,0.366,0.099,0.044,-0.007,2639,0
1613491,10.027,0.062,0.347,0.096,0.037,-0.038,2641,0
1613511,9.979,0.165,0.476,0.088,0.068,-0.074,2640,0
1613531,9.826,0.287,0.608,0.100,0.049,-0.092,2641,0
1613551,9.752,0.294,0.536,0.158,-0.012,-0.100,2640,0
1613571,9.785,0.448,0.419,0.183,-0.035,-0.096,2641,0
1613591,9.699,0.500,0.371,0.124,-0.044,-0.058,2641,0
1613611,9.823,0.373,0.326,0.085,-0.057,-0.029,2641,0
1613631,9.843,0.309,0.350,0.079,-0.046,0.004,2641,0
1613651,9.852,0.278,0.369,0.047,-0.037,0.033,2643,0
1613671,9.821,0.158,0.369,0.032,-0.058,0.029,2643,0
1613691,9.893,0.108,0.254,0.048,-0.071,0.004,2643,0
1613711,10.001,0.156,0.285,0.053,-0.033,-0.020,2643,0
1613731,9.895,0.204,0.424,0.061,-0.024,-0.037,2643,0
1613751,9.898,0.242,0.438,0.097,-0.059,-0.058,2643,0
1613771,9.900,0.323,0.232,0.098,-0.079,-0.056,2644,0
1613791,9.847,0.345,0.091,0.029,-0.048,-0.020,2643,0
1613811,9.840,0.218,0.254,-0.009,-0.038,0.003,2645,0
1613831,9.859,0.201,0.311,0.040,-0.046,-0.013,2645,0
1613851,9.845,0.292,0.177,0.071,-0.052,-0.030,2644,0
1613871,9.797,0.417,0.215,0.028,-0.040,-0.015,2645,0
1613891,9.845,0.443,0.321,0.003,-0.032,0.002,2646,0
1613911,9.850,0.457,0.426,0.015,-0.022,0.002,2644,0
1613931,9.766,0.464,0.517,0.028,-0.035,-0.005,2643,0
1613951,9.795,0.424,0.412,0.042,-0.077,-0.010,2643,0
1613971,9.831,0.357,0.316,0.046,-0.084,-0.003,2644,0
1613991,9.900,0.364,0.314,0.038,-0.061,0.007,2644,0
1614034,9.740,0.266,0.362,0.033,-0.055,0.031,2646,0
1614044,9.744,0.239,0.316,0.032,-0.072,0.038,2647,0
1614053,9.785,0.184,0.273,0.024,-0.080,0.042,2645,0
1614071,9.802,0.113,0.192,0.019,-0.061,0.037,2645,0
1614091,9.797,0.168,0.151,0.026,-0.022,0.013,2646,0
1614111,9.713,0.311,0.182,0.026,0.004,0.010,2645,0
1614131,9.737,0.359,0.230,0.015,0.006,0.028,2644,0
1614151,9.785,0.338,0.280,-0.014,-0.006,0.034,2645,0
1614171,9.802,0.237,0.338,0.009,-0.021,0.016,2644,0
1614191,9.819,0.335,0.304,0.041,-0.018,0.001,2645,0
1614211,9.850,0.342,0.237,0.033,-0.015,0.011,2645,0
1614231,9.816,0.251,0.175,0.014,-0.011,0.011,2644,0
1614251,9.792,0.237,0.211,0.025,-0.018,-0.006,2645,0
1614271,9.764,0.278,0.218,0.041,-0.024,-0.013,2645,0
1614291,9.845,0.292,0.278,0.049,-0.033,-0.013,2646,0
1614311,9.893,0.342,0.261,0.057,-0.011,-0.015,2645,0
1614331,9.752,0.366,0.278,0.040,0.007,0.002,2644,0
1614351,9.723,0.239,0.328,0.024,-0.049,0.015,2645,0
1614371,9.847,0.129,0.273,0.063,-0.069,-0.001,2645,0
1614391,9.900,0.172,0.244,0.074,-0.012,-0.023,2646,0
1614411,9.711,0.244,0.342,0.063,0.031,-0.023,2645,0
1614431,9.670,0.283,0.369,0.048,-0.003,-0.007,2645,0
1614451,9.764,0.230,0.302,0.039,-0.025,0.002,2644,0
1614512,9.742,0.321,0.294,0.077,0.045,-0.050,2645,0
1614522,9.704,0.366,0.290,0.075,0.048,-0.041,2644,0
1614531,9.701,0.397,0.290,0.063,0.045,-0.022,2647,0
1614542,9.752,0.383,0.314,0.047,0.044,0.001,2644,0
1614552,9.759,0.333,0.405,0.026,0.047,0.021,2646,0
1614571,9.814,0.225,0.534,0.010,0.038,0.034,2644,0
