1741330,9.766,0.218,1.458,0.030,-0.003,-0.019,2611,0
1741350,9.764,0.350,1.508,0.072,-0.006,-0.046,2610,0
1741370,9.668,0.493,1.516,0.092,-0.017,-0.050,2610,0
1741390,9.658,0.591,1.556,0.051,-0.049,-0.011,2610,0
1741410,9.740,0.436,1.561,0.027,-0.048,0.015,2610,0
1741430,9.761,0.261,1.513,0.067,-0.047,-0.002,2611,0
1741450,9.759,0.239,1.425,0.091,-0.031,-0.022,2612,0
1741470,9.677,0.306,1.415,0.070,-0.008,-0.011,2613,0
1741490,9.670,0.292,1.496,0.035,-0.014,0.006,2612,0
1741510,9.701,0.218,1.556,0.016,-0.025,0.011,2610,0
1741619,9.680,0.385,1.563,-0.011,-0.008,0.019,2613,0
1741629,9.708,0.354,1.592,0.001,-0.025,0.010,2614,0
1741638,9.756,0.311,1.575,0.023,-0.037,-0.004,2613,0
1741648,9.776,0.321,1.520,0.049,-0.036,-0.017,2615,0
1741658,9.737,0.350,1.480,0.072,-0.026,-0.026,2611,0
1741668,9.685,0.400,1.451,0.074,-0.021,-0.026,2613,0
1741680,9.658,0.426,1.441,0.064,-0.020,-0.017,2614,0
1741690,9.694,0.417,1.422,0.044,-0.015,-0.003,2613,0
1741701,9.668,0.390,1.470,0.023,-0.013,0.009,2613,0
1741711,9.639,0.342,1.525,0.009,-0.027,0.013,2615,0
1741730,9.694,0.223,1.506,0.024,-0.057,-0.001,2614,0
1741750,9.701,0.268,1.460,0.074,-0.036,-0.030,2615,0
1741770,9.646,0.400,1.441,0.101,-0.005,-0.048,2615,0
1741790,9.618,0.508,1.511,0.085,0.005,-0.030,2615,0
1741810,9.562,0.503,1.587,0.057,-0.025,-0.004,2615,0
1741830,9.663,0.390,1.511,0.041,-0.060,0.005,2616,0
1741850,9.759,0.292,1.458,0.048,-0.026,-0.010,2618,0
1741870,9.816,0.266,1.537,0.080,0.002,-0.031,2615,0
1741890,9.756,0.323,1.561,0.097,0.023,-0.036,2617,0
1741910,9.637,0.400,1.654,0.066,-0.011,-0.020,2618,0
1741930,9.720,0.381,1.583,0.031,-0.044,0.003,2616,0
1741950,9.826,0.251,1.578,0.002,-0.029,0.016,2617,0
1741970,9.785,0.096,1.599,0.030,-0.005,-0.010,2617,0
1741990,9.708,0.201,1.549,0.076,-0.014,-0.058,2617,0
1742010,9.675,0.484,1.427,0.067,-0.017,-0.057,2619,0
1742030,9.629,0.634,1.465,0.009,0.009,-0.013,2617,0
1742050,9.682,0.469,1.604,-0.021,0.009,0.021,2619,0
1742070,9.699,0.304,1.741,-0.007,0.001,0.011,2618,0
1742090,9.677,0.290,1.736,0.055,-0.039,-0.031,2618,0
1742110,9.713,0.457,1.609,0.096,-0.045,-0.049,2617,0
1742130,9.720,0.536,1.518,0.053,-0.025,-0.015,2617,0
1742150,9.708,0.393,1.530,-0.001,-0.022,0.017,2618,0
1742170,9.682,0.268,1.604,-0.004,-0.036,0.002,2617,0
1742190,9.682,0.259,1.528,0.040,-0.045,-0.034,2617,0
1742210,9.768,0.330,1.453,0.071,-0.041,-0.050,2618,0
1742230,9.795,0.388,1.477,0.049,0.002,-0.045,2619,0
1742250,9.697,0.441,1.654,0.017,0.018,-0.036,2617,0
1742270,9.639,0.510,1.693,0.018,-0.010,-0.023,2617,0
1742290,9.682,0.517,1.669,0.014,-0.046,-0.009,2618,0
1742310,9.756,0.453,1.599,0.028,-0.054,-0.003,2617,0
1742357,9.591,0.424,1.578,0.064,-0.023,-0.024,2617,0
1742366,9.534,0.484,1.506,0.056,-0.030,-0.021,2617,0
1742375,9.498,0.479,1.475,0.038,-0.045,-0.016,2616,0
1742390,9.548,0.407,1.434,0.009,-0.061,-0.009,2617,0
1742410,9.708,0.306,1.458,0.009,-0.030,-0.023,2616,0
1742430,9.689,0.397,1.566,0.046,0.032,-0.050,2616,0
1742450,9.613,0.512,1.686,0.052,0.041,-0.048,2616,0
1742470,9.577,0.536,1.750,0.018,-0.004,-0.019,2616,0
1742490,9.723,0.390,1.717,-0.016,-0.058,-0.004,2617,0
1742510,9.835,0.283,1.638,-0.007,-0.039,-0.029,2617,0
1742530,9.737,0.366,1.609,0.055,-0.013,-0.075,2616,0
1742550,9.632,0.611,1.499,0.067,-0.021,-0.067,2618,0
1742570,9.708,0.606,1.494,0.009,-0.029,-0.014,2616,0
1742590,9.802,0.455,1.650,-0.033,-0.015,0.010,2616,0
1742845,9.677,0.512,1.520,0.054,0.006,-0.010,2617,0
1742865,9.558,0.536,1.597,0.063,-0.008,-0.007,2616,0
1742885,9.584,0.512,1.523,0.062,-0.044,0.002,2618,0
1742905,9.613,0.515,1.437,0.052,-0.028,0.007,2616,0
1742925,9.622,0.488,1.585,0.046,0.004,0.012,2617,0
1742945,9.658,0.421,1.743,0.042,0.016,0.016,2614,0
1742965,9.689,0.352,1.784,0.055,0.010,-0.000,2616,0
1742985,9.637,0.369,1.745,0.047,-0.012,-0.024,2616,0
1743005,9.685,0.431,1.731,0.037,-0.046,-0.022,2616,0
1743025,9.747,0.419,1.724,0.035,-0.025,-0.010,2616,0
1743045,9.766,0.354,1.760,0.045,-0.015,-0.014,2614,0
1743065,9.706,0.405,1.741,0.059,-0.023,-0.031,2616,0
1743085,9.701,0.522,1.664,0.039,-0.051,-0.019,2615,0
1743105,9.730,0.498,1.623,-0.005,-0.050,0.011,2617,0
1743125,9.780,0.369,1.647,0.017,-0.028,0.001,2614,0
1743145,9.694,0.441,1.669,0.078,-0.003,-0.033,2614,0
1743165,9.534,0.622,1.583,0.091,-0.015,-0.039,2616,0
1743185,9.579,0.663,1.489,0.076,-0.050,-0.025,2617,0
1743205,9.682,0.639,1.542,0.048,-0.014,0.000,2616,0
1743225,9.613,0.553,1.733,0.054,0.014,-0.003,2613,0
1743245,9.565,0.575,1.743,0.119,-0.024,-0.023,2615,0
1743265,9.582,0.649,1.528,0.133,-0.035,-0.022,2615,0
1743285,9.555,0.620,1.508,0.094,-0.021,0.003,2613,0
1743305,9.646,0.414,1.535,0.070,-0.003,0.017,2615,0
1743325,9.720,0.273,1.683,0.063,0.023,-0.003,2615,0
1743345,9.766,0.335,1.812,0.075,0.042,-0.031,2616,0
1743545,9.663,0.412,1.824,0.036,-0.047,0.017,2615,0
1743565,9.608,0.445,1.638,0.071,-0.030,-0.014,2616,0
1743585,9.519,0.553,1.595,0.058,-0.021,-0.016,2616,0
1743605,9.577,0.555,1.628,0.030,-0.011,0.010,2615,0
1743625,9.634,0.453,1.743,0.022,0.011,0.019,2615,0
1743646,9.641,0.400,1.733,0.053,0.007,0.007,2616,0
1743665,9.601,0.407,1.664,0.055,-0.010,-0.002,2615,0
1743686,9.610,0.350,1.628,0.049,-0.036,-0.024,2615,0
1743705,9.656,0.395,1.595,0.064,-0.019,-0.046,2614,0
1743726,9.682,0.498,1.654,0.070,0.010,-0.060,2616,0
1743745,9.656,0.575,1.781,0.083,0.024,-0.066,2615,0
1743765,9.572,0.682,1.875,0.091,-0.003,-0.058,2613,0
1743785,9.637,0.697,1.776,0.078,-0.036,-0.041,2615,0
1743805,9.728,0.575,1.774,0.037,-0.031,-0.015,2615,0
1743825,9.708,0.438,1.882,0.041,-0.015,-0.016,2614,0
1743845,9.651,0.464,1.894,0.087,-0.026,-0.038,2615,0
1743865,9.634,0.618,1.788,0.099,-0.035,-0.035,2616,0
1743885,9.644,0.685,1.760,0.045,-0.029,-0.001,2614,0
1743905,9.708,0.496,1.841,0.009,-0.023,0.020,2615,0
1743925,9.704,0.357,1.848,0.027,-0.018,-0.005,2614,0
1743945,9.687,0.402,1.803,0.054,-0.024,-0.030,2615,0
1744113,9.615,0.611,1.786,0.039,-0.046,-0.013,2615,0
1744133,9.550,0.579,1.736,0.061,-0.046,-0.018,2617,0
1744153,9.531,0.644,1.688,0.034,-0.044,-0.013,2616,0
1744173,9.591,0.548,1.707,0.004,-0.042,-0.009,2615,0
1744193,9.677,0.522,1.724,0.008,-0.021,-0.009,2616,0
1744213,9.699,0.500,1.839,0.024,0.006,-0.015,2614,0
1744233,9.653,0.522,1.915,0.046,0.006,-0.028,2616,0
1744253,9.603,0.675,1.906,0.039,-0.030,-0.025,2615,0
1744273,9.699,0.687,1.820,0.020,-0.057,-0.005,2614,0
1744293,9.749,0.613,1.788,0.022,-0.042,-0.007,2617,0
1744313,9.704,0.589,1.776,0.056,-0.027,-0.031,2616,0
1744333,9.656,0.733,1.772,0.068,-0.040,-0.031,2616,0
1744353,9.665,0.788,1.769,0.038,-0.056,0.006,2615,0
1744373,9.718,0.620,1.798,0.018,-0.062,0.029,2616,0
1744393,9.723,0.496,1.781,0.029,-0.065,0.017,2616,0
1744413,9.685,0.417,1.765,0.047,-0.053,-0.007,2616,0
1744433,9.661,0.503,1.690,0.078,-0.042,-0.023,2615,0
1744453,9.570,0.579,1.669,0.057,-0.020,-0.010,2615,0
1744473,9.519,0.503,1.748,0.012,-0.028,0.012,2616,0
1744493,9.637,0.455,1.741,-0.001,-0.051,0.005,2616,0
1744513,9.704,0.479,1.719,0.023,-0.026,-0.031,2617,0
1744533,9.694,0.663,1.686,0.075,0.013,-0.047,2617,0
1744553,9.637,0.778,1.686,0.080,0.025,-0.030,2616,0
1744573,9.558,0.749,1.753,0.034,0.014,0.010,2615,0
1744593,9.653,0.678,1.856,-0.018,-0.032,0.043,2615,0
1744613,9.742,0.505,1.906,-0.004,-0.037,0.027,2617,0
1744633,9.708,0.488,1.851,0.071,-0.036,-0.023,2617,0
1744653,9.574,0.630,1.748,0.109,-0.027,-0.047,2614,0
1744673,9.488,0.769,1.674,0.061,-0.034,-0.013,2618,0
1744693,9.517,0.649,1.774,0.007,-0.039,0.018,2616,0
1744713,9.615,0.484,1.774,0.020,-0.039,0.005,2615,0
1744733,9.675,0.441,1.805,0.062,-0.004,-0.034,2614,0
1744753,9.627,0.560,1.841,0.099,0.013,-0.064,2617,0
1744773,9.560,0.778,1.891,0.081,-0.003,-0.050,2616,0
1744793,9.596,0.769,1.899,0.010,-0.044,0.007,2615,0
1744813,9.732,0.505,1.932,-0.015,-0.045,0.028,2616,0
1744833,9.773,0.385,1.908,0.044,-0.025,-0.020,2615,0
1744853,9.689,0.543,1.824,0.091,-0.010,-0.060,2616,0
1744873,9.582,0.682,1.772,0.052,-0.008,-0.041,2615,0
1744893,9.596,0.644,1.788,-0.012,-0.050,-0.004,2616,0
1744913,9.759,0.532,1.803,-0.003,-0.044,-0.007,2614,0
1744933,9.764,0.654,1.867,0.040,-0.006,-0.023,2616,0
1744953,9.658,0.728,1.925,0.066,-0.007,-0.027,2614,0
1744973,9.610,0.812,1.884,0.054,-0.046,-0.012,2615,0
1744993,9.663,0.747,1.877,0.012,-0.075,0.013,2614,0
1745013,9.699,0.661,1.870,0.031,-0.054,0.013,2616,0
1745033,9.682,0.675,1.903,0.070,-0.042,-0.003,2614,0
1745053,9.649,0.723,1.867,0.079,-0.051,0.002,2615,0
1745073,9.641,0.706,1.834,0.038,-0.074,0.022,2614,0
1745093,9.754,0.534,1.860,0.013,-0.084,0.030,2614,0
1745113,9.804,0.383,1.877,0.024,-0.064,0.010,2616,0
1745133,9.823,0.457,1.865,0.052,-0.057,-0.014,2615,0
1745153,9.768,0.548,1.769,0.048,-0.060,-0.007,2615,0
1745173,9.670,0.582,1.664,0.017,-0.071,0.023,2616,0
1745193,9.629,0.543,1.592,-0.013,-0.086,0.042,2615,0
1745213,9.680,0.512,1.470,-0.026,-0.053,0.053,2615,0
1745233,9.641,0.505,1.549,-0.028,-0.020,0.040,2615,0
1745253,9.558,0.589,1.633,-0.009,0.002,0.023,2616,0
1745273,9.443,0.649,1.602,0.019,-0.001,0.018,2615,0
1745293,9.459,0.685,1.482,-0.001,-0.004,0.034,2615,0
1745313,9.515,0.548,1.561,-0.055,0.025,0.061,2615,0
1745333,9.562,0.311,1.717,-0.051,0.042,0.044,2616,0
1745353,9.603,0.261,1.709,0.014,0.058,-0.003,2617,0
1745373,9.589,0.402,1.738,0.022,0.098,-0.014,2614,0
1745393,9.570,0.455,1.908,-0.030,0.099,0.001,2615,0
1745413,9.596,0.426,2.054,-0.071,0.073,0.013,2616,0
1745433,9.730,0.426,2.069,-0.067,0.074,0.010,2613,0
1745453,9.687,0.426,2.188,-0.032,0.089,-0.007,2614,0
1745473,9.570,0.599,2.224,0.001,0.072,-0.010,2615,0
1745493,9.548,0.666,2.162,-0.048,0.033,0.035,2615,0
1745513,9.670,0.388,2.138,-0.099,0.027,0.070,2612,0
1745533,9.701,0.139,2.186,-0.063,0.045,0.025,2615,0
1745553,9.570,0.213,2.136,0.017,0.051,-0.037,2615,0
1745573,9.462,0.527,1.999,-0.005,0.037,-0.025,2615,0
1745593,9.486,0.563,2.006,-0.112,0.011,0.040,2614,0
1745613,9.555,0.314,2.085,-0.153,0.007,0.063,2614,0
1745655,9.598,0.287,2.085,-0.003,0.032,-0.057,2614,0
1745664,9.565,0.412,2.128,-0.006,0.031,-0.059,2613,0
1745675,9.541,0.479,2.116,-0.032,0.014,-0.047,2616,0
1745693,9.589,0.462,2.150,-0.074,-0.005,-0.018,2615,0
1745713,9.653,0.357,2.145,-0.079,-0.016,-0.019,2615,0
1745733,9.641,0.330,2.090,-0.029,-0.014,-0.047,2616,0
1745753,9.625,0.378,2.033,0.000,-0.022,-0.060,2615,0
1745773,9.618,0.450,1.975,0.008,-0.019,-0.066,2615,0
1745793,9.574,0.591,1.899,0.002,-0.013,-0.059,2614,0
1745813,9.558,0.692,1.860,-0.027,-0.019,-0.025,2613,0
1745833,9.606,0.639,1.918,-0.025,-0.025,-0.014,2614,0
1745853,9.610,0.668,1.946,0.026,-0.018,-0.052,2614,0
1745873,9.562,0.773,2.066,0.075,-0.009,-0.078,2614,0
1745893,9.584,0.905,2.105,0.093,-0.021,-0.065,2613,0
1745913,9.577,0.852,2.191,0.072,-0.022,-0.034,2614,0
1745933,9.584,0.723,2.260,0.085,-0.023,-0.027,2613,0
1745953,9.622,0.613,2.310,0.082,-0.030,-0.009,2614,0
1745973,9.711,0.409,2.454,0.053,-0.043,-0.001,2614,0
1745993,9.728,0.223,2.497,0.058,-0.066,-0.027,2613,0
1746013,9.637,0.220,2.361,0.075,-0.070,-0.065,2613,0
1746033,9.562,0.395,2.095,0.068,-0.057,-0.071,2614,0
1746053,9.483,0.563,2.014,0.009,-0.030,-0.037,2613,0
1746073,9.536,0.579,2.054,-0.031,-0.003,0.002,2616,0
1746093,9.536,0.505,2.133,-0.031,0.025,0.003,2614,0
1746113,9.503,0.498,2.255,-0.009,0.043,-0.010,2615,0
1746133,9.455,0.558,2.298,-0.008,0.037,-0.001,2614,0
1746153,9.455,0.553,2.308,-0.016,0.001,0.009,2614,0
1746173,9.438,0.555,2.210,0.002,-0.009,-0.002,2615,0
1746193,9.369,0.658,2.119,0.003,-0.009,0.005,2615,0
1746213,9.416,0.532,2.076,-0.017,-0.028,0.014,2614,0
1746233,9.483,0.378,1.975,0.013,-0.012,-0.009,2616,0
1746253,9.383,0.453,1.980,0.043,-0.001,-0.052,2617,0
1746273,9.476,0.596,1.887,0.058,-0.022,-0.067,2617,0
1746293,9.522,0.661,1.956,0.027,0.002,-0.047,2615,0
1746313,9.479,0.596,2.133,0.026,-0.007,-0.047,2616,0
1746333,9.572,0.587,2.143,0.084,-0.027,-0.075,2616,0
1746353,9.577,0.704,2.114,0.127,-0.026,-0.099,2616,0
1746373,9.493,0.804,2.148,0.123,-0.039,-0.083,2615,0
1746393,9.529,0.802,2.222,0.098,-0.059,-0.057,2616,0
1746413,9.548,0.670,2.219,0.107,-0.075,-0.061,2614,0
1746433,9.579,0.603,2.114,0.156,-0.083,-0.098,2616,0
1746453,9.543,0.675,2.105,0.174,-0.064,-0.115,2616,0
1746473,9.586,0.761,2.069,0.152,-0.064,-0.107,2616,0
1746493,9.618,0.769,2.107,0.136,-0.062,-0.098,2615,0
1746513,9.668,0.766,2.191,0.142,-0.058,-0.099,2615,0
1746533,9.682,0.790,2.231,0.146,-0.047,-0.091,2616,0
1746553,9.680,0.836,2.248,0.146,-0.053,-0.078,2618,0
1746573,9.754,0.855,2.231,0.137,-0.042,-0.070,2614,0
1746593,9.713,0.905,2.377,0.110,-0.015,-0.059,2616,0
1746613,9.673,0.922,2.579,0.087,-0.015,-0.030,2615,0
1746633,9.701,0.848,2.574,0.086,-0.041,-0.009,2615,0
1746653,9.720,0.838,2.476,0.079,-0.039,0.002,2616,0
1746673,9.768,0.814,2.461,0.046,-0.024,0.029,2615,0
1746693,9.752,0.725,2.576,-0.018,-0.019,0.063,2615,0
1746713,9.807,0.546,2.617,-0.049,-0.055,0.078,2616,0
1746733,9.790,0.503,2.531,-0.040,-0.076,0.071,2615,0
1746753,9.682,0.551,2.385,-0.050,-0.099,0.066,2615,0
1746773,9.653,0.567,2.265,-0.088,-0.121,0.075,2616,0
1746793,9.629,0.512,2.145,-0.134,-0.129,0.072,2615,0
1746813,9.596,0.474,2.054,-0.130,-0.139,0.038,2617,0
1746833,9.483,0.587,1.872,-0.103,-0.127,0.006,2617,0
1746853,9.448,0.680,1.760,-0.096,-0.119,0.004,2618,0
1746873,9.469,0.682,1.733,-0.125,-0.087,0.020,2617,0
1746893,9.471,0.644,1.805,-0.134,-0.075,0.011,2616,0
1746913,9.474,0.661,1.824,-0.106,-0.078,-0.011,2616,0
1746933,9.558,0.795,1.808,-0.062,-0.069,-0.025,2616,0
1746953,9.558,0.852,1.674,-0.055,-0.047,-0.022,2618,0
1746973,9.567,0.888,1.927,-0.047,-0.034,-0.010,2617,0
1746993,9.483,0.984,1.920,-0.046,-0.044,-0.002,2615,0
1747013,9.541,0.970,1.887,-0.022,-0.062,0.012,2617,0
1747033,9.682,0.886,1.788,-0.008,-0.025,0.021,2616,0
1747053,9.740,0.828,1.939,-0.005,0.002,0.027,2617,0
1747073,9.673,0.828,2.124,0.008,0.006,0.033,2616,0
1747093,9.680,0.759,2.179,0.013,-0.014,0.051,2615,0
1747113,9.754,0.591,2.128,-0.006,-0.026,0.068,2615,0
1747133,9.766,0.376,2.105,-0.033,-0.031,0.079,2616,0
1747153,9.759,0.285,2.047,-0.033,-0.053,0.063,2617,0
1747173,9.704,0.402,1.975,-0.019,-0.042,0.042,2615,0
1747193,9.589,0.603,1.942,-0.029,-0.042,0.050,2615,0
1747213,9.548,0.541,1.949,-0.074,-0.067,0.072,2617,0
1747233,9.658,0.414,1.918,-0.079,-0.083,0.058,2617,0
1747253,9.632,0.505,1.978,-0.046,-0.050,0.021,2616,0
1747273,9.507,0.627,2.030,-0.022,-0.057,0.018,2617,0
1747293,9.457,0.577,1.992,-0.038,-0.083,0.043,2616,0
1747313,9.507,0.309,1.863,-0.063,-0.115,0.055,2617,0
1747333,9.596,0.206,1.705,-0.055,-0.095,0.043,2617,0
1747353,9.548,0.204,1.595,-0.050,-0.044,0.033,2618,0
1747373,9.529,0.259,1.705,-0.047,-0.016,0.023,2618,0
1747393,9.503,0.299,1.769,-0.045,-0.005,0.020,2617,0
1747413,9.550,0.215,1.690,-0.055,-0.006,0.030,2617,0
1747433,9.622,0.093,1.640,-0.067,0.014,0.029,2616,0
1747453,9.699,0.132,1.817,-0.087,0.084,0.005,2616,0
1747683,9.378,0.132,2.042,-0.247,0.232,-0.007,2615,0
1747703,9.560,-0.065,2.172,-0.322,0.283,-0.019,2616,0
1747723,9.543,-0.055,2.423,-0.307,0.383,-0.057,2616,0
1747743,9.407,0.158,2.655,-0.286,0.396,-0.054,2619,0
1747763,9.369,-0.287,1.848,-0.440,0.332,0.004,2621,0
1747783,9.431,-0.563,1.990,-0.541,0.357,0.042,2630,0
1747803,9.697,-0.943,2.507,-0.720,0.366,0.036,2665,0
1747823,9.828,-0.998,2.385,-0.810,0.460,-0.038,2687,0
1747843,9.680,-1.231,2.239,-0.811,0.537,-0.070,2706,0
1747863,9.275,-1.585,1.894,-0.829,0.561,-0.022,2713,0
1747883,9.160,-1.757,1.635,-0.993,0.492,0.049,2716,0
1747903,9.369,-2.301,2.076,-1.227,0.550,0.071,2725,0
1747923,9.438,-2.866,2.313,-1.347,0.708,0.059,2728,0
1747943,9.239,-3.211,2.337,-1.443,0.798,-0.029,2728,0
1747963,9.074,-3.742,2.028,-1.588,0.790,-0.111,2729,0
1747983,9.572,-3.582,2.444,-1.726,0.889,-0.212,2730,0
1748003,9.495,-2.689,3.924,-1.893,1.281,-0.376,2728,0
1748023,9.005,-2.025,5.186,-1.971,1.417,-0.539,2721,0
1748043,8.528,-2.332,5.382,-1.895,1.051,-0.719,2721,0
1748063,8.717,-2.109,4.702,-1.762,0.525,-0.971,2728,0
1748083,8.914,-1.030,4.822,-1.712,0.501,-1.290,2737,0
1748103,8.499,0.510,5.710,-1.532,0.942,-1.647,2741,0
1748123,6.972,2.205,6.898,-1.055,1.215,-1.962,2740,0
1748143,5.746,4.678,7.719,-0.556,0.909,-2.012,2738,0
1748704,0.646,4.096,7.238,0.095,0.252,4.121,2773,0
1748724,1.015,-0.998,7.702,0.223,0.450,4.613,2768,0
1748744,2.217,-6.886,8.430,-0.106,0.362,4.840,2764,0
1748764,4.348,-14.265,8.598,-0.452,-0.135,4.516,2759,0
1748784,7.120,-19.767,7.542,-0.438,-0.812,3.389,2757,0
1748804,9.088,-22.802,5.272,-0.164,-1.170,1.679,2755,0
1748824,9.694,-22.089,2.964,0.088,-1.000,-0.079,2758,0
1748844,9.074,-19.051,1.614,0.069,-0.524,-1.556,2761,0
1748863,7.649,-15.000,2.138,-0.093,0.008,-2.597,2760,0
1748883,6.419,-11.037,3.546,-0.256,0.278,-3.299,2760,0
1748904,5.349,-7.010,5.227,-0.392,0.437,-3.714,2760,0
1748924,4.372,-2.689,7.123,-0.299,0.556,-3.917,2760,0
1748944,2.945,1.092,8.272,-0.107,0.519,-3.799,2761,0
1748964,2.478,4.949,8.382,0.015,0.339,-3.330,2762,0
1748984,2.636,8.068,8.727,-0.062,0.364,-2.562,2762,0
1749003,2.507,9.984,9.780,0.054,0.437,-1.649,2763,0
1749024,1.822,11.590,10.285,0.274,0.297,-0.548,2760,0
1749044,1.140,12.072,9.778,0.373,0.029,0.791,2757,0
1749064,0.500,10.982,8.432,0.185,-0.164,2.231,2757,0
1749084,0.273,7.908,7.252,0.040,-0.214,3.312,2756,0
1749103,0.196,3.282,6.682,-0.118,-0.004,4.250,2754,0
1749124,0.675,-2.828,7.427,-0.341,0.201,4.799,2752,0
1749143,2.145,-9.926,8.181,-0.455,0.086,4.709,2751,0
1749164,4.908,-16.475,7.642,-0.444,-0.443,3.970,2750,0
1749183,7.764,-20.885,5.480,-0.351,-1.069,2.713,2747,0
1749203,9.907,-22.623,2.878,-0.216,-1.205,1.150,2749,0
1749224,10.515,-22.118,0.991,-0.135,-0.758,-0.653,2749,0
1749244,9.792,-18.670,0.721,-0.066,-0.119,-2.211,2749,0
1749264,7.942,-14.327,2.263,-0.117,0.523,-3.358,2750,0
1749284,6.053,-8.961,4.829,-0.094,0.850,-4.085,2749,0
1749303,3.907,-3.941,7.276,-0.043,0.770,-4.325,2746,0
1749324,2.808,1.180,8.351,-0.085,0.352,-4.066,2746,0
1749344,2.713,5.059,8.914,-0.179,0.187,-3.430,2746,0
1749364,2.502,7.685,9.950,-0.074,0.326,-2.722,2744,0
1749383,1.695,10.092,10.338,0.281,0.282,-1.978,2744,0
1749404,1.161,12.318,9.658,0.615,0.002,-0.869,2744,0
1749423,0.728,13.233,8.423,0.607,-0.157,0.717,2742,0
1749444,0.273,11.085,7.513,0.225,-0.119,2.384,2743,0
1749463,0.120,6.960,7.087,0.089,-0.051,3.684,2740,0
1749549,5.578,-16.920,6.879,-0.272,-0.452,4.059,2741,0
1749558,6.735,-19.905,6.519,-0.379,-0.676,3.439,2740,0
1749571,8.088,-22.199,5.349,-0.363,-0.977,2.442,2739,0
1749581,9.163,-23.248,3.871,-0.213,-1.134,1.394,2739,0
1749591,9.699,-23.260,2.626,-0.035,-1.092,0.439,2741,0
1749601,9.874,-22.424,1.614,0.080,-0.916,-0.357,2745,0
1749611,9.680,-20.909,0.912,0.097,-0.601,-1.140,2747,0
1749624,8.916,-18.778,0.960,-0.019,-0.115,-2.002,2745,0
1749644,7.084,-14.820,2.648,-0.180,0.455,-3.152,2745,0
1749664,5.279,-9.761,4.662,0.002,0.609,-3.961,2749,0
1749683,4.008,-4.240,6.460,0.066,0.668,-4.179,2749,0
1749704,2.820,0.151,8.241,-0.073,0.642,-3.925,2747,0
1749724,2.253,3.311,9.141,-0.102,0.414,-3.451,2746,0
1749743,2.286,6.704,9.790,0.092,0.307,-2.843,2748,0
1749764,2.030,9.886,10.640,0.414,0.333,-1.931,2747,0
1749784,1.238,11.827,10.750,0.483,0.202,-0.619,2743,0
1749804,0.974,11.679,9.852,0.381,-0.124,0.871,2743,0
1749823,1.101,9.680,8.624,0.218,-0.258,2.251,2741,0
1749844,1.082,6.278,7.839,0.172,-0.171,3.312,2739,0
1749863,0.970,2.246,7.721,0.180,0.001,4.089,2738,0
1749884,1.372,-2.593,7.743,0.141,-0.020,4.478,2737,0
1749903,3.019,-8.768,7.415,0.110,-0.214,4.516,2737,0
1749924,5.535,-14.834,6.658,-0.154,-0.473,4.135,2737,0
1749944,7.882,-20.399,5.488,-0.410,-0.855,2.924,2737,0
1749964,9.699,-23.846,3.440,-0.339,-1.151,1.083,2736,0
1749984,10.005,-23.264,1.077,-0.131,-0.977,-0.945,2738,0
1750004,9.115,-19.822,0.201,-0.143,-0.408,-2.407,2740,0
1750024,7.240,-15.268,1.501,-0.391,0.315,-3.589,2739,0
1750044,5.234,-10.870,3.979,-0.340,0.608,-4.445,2739,0
1750064,3.706,-4.800,6.323,-0.052,0.612,-4.905,2739,0
1750084,2.274,1.290,7.982,0.009,0.514,-4.683,2739,0
1750104,1.456,5.634,8.885,-0.136,0.325,-3.818,2737,0
1750124,1.472,8.516,10.245,-0.250,0.232,-2.672,2737,0
1750144,1.791,10.388,10.748,-0.030,0.147,-1.741,2735,0
1750164,1.609,12.119,10.331,0.383,0.081,-0.666,2736,0
1750184,0.776,12.799,9.378,0.478,0.023,0.841,2736,0
1750204,0.354,10.934,8.322,0.260,-0.127,2.425,2735,0
1750224,0.455,7.223,7.554,0.180,-0.109,3.661,2735,0
1750244,0.481,2.765,7.180,0.212,0.033,4.471,2734,0
1750263,0.632,-2.037,6.864,0.306,0.089,4.862,2734,0
1750284,1.834,-7.549,6.448,0.278,0.026,4.953,2735,0
1750304,4.152,-14.564,6.371,-0.070,-0.162,4.715,2734,0
1750323,6.639,-21.002,5.698,-0.415,-0.582,3.717,2734,0
1750343,8.736,-25.094,3.685,-0.373,-1.000,1.897,2733,0
1750364,9.505,-25.146,1.061,-0.096,-0.915,-0.221,2734,0
1750384,8.959,-21.900,-0.010,-0.118,-0.228,-2.019,2735,0
1750404,7.094,-17.492,1.264,-0.339,0.553,-3.422,2735,0
1750424,4.946,-12.428,3.728,-0.315,0.859,-4.509,2735,0
1750444,3.474,-6.539,6.105,-0.138,0.836,-5.088,2735,0
1750464,2.224,-1.082,8.519,-0.012,0.852,-5.105,2735,0
1750484,0.883,3.941,10.432,0.116,0.708,-4.611,2734,0
1750503,0.256,8.684,10.973,0.270,0.298,-3.714,2733,0
1750524,0.680,12.330,10.654,0.354,0.052,-2.421,2731,0
1750544,0.965,13.822,10.096,0.321,0.073,-0.816,2731,0
1750564,0.673,13.216,9.311,0.247,0.050,0.912,2730,0
1750584,0.479,10.867,8.183,0.129,-0.030,2.451,2728,0
1750604,0.589,7.195,7.755,0.058,-0.013,3.653,2730,0
1750623,0.783,2.624,7.539,0.218,0.114,4.525,2726,0
1750768,8.650,-18.050,0.725,0.006,-0.008,-2.923,2730,0
1750787,6.278,-12.917,2.892,-0.137,0.645,-4.037,2730,0
1750807,4.360,-7.259,5.334,0.041,0.734,-4.730,2731,0
1750827,2.782,-1.657,7.271,0.204,0.646,-4.804,2731,0
1750847,1.707,3.376,8.619,0.194,0.517,-4.293,2731,0
1750868,1.468,7.384,9.606,0.119,0.458,-3.434,2731,0
1750887,1.238,10.511,10.570,0.215,0.580,-2.325,2729,0
1750907,0.591,12.311,11.183,0.434,0.412,-0.979,2725,0
1750928,0.419,13.118,10.089,0.518,0.038,0.550,2723,0
1750947,0.419,11.557,8.734,0.200,-0.076,2.075,2725,0
1750967,0.371,8.181,8.248,0.070,-0.010,3.296,2723,0
1750987,0.388,4.417,7.992,0.179,0.193,4.200,2723,0
1751008,0.218,0.034,7.994,0.222,0.239,4.781,2722,0
1751027,0.862,-4.887,7.673,0.035,-0.008,4.960,2724,0
1751047,2.758,-11.253,7.104,-0.151,-0.295,4.821,2723,0
1751067,5.198,-17.621,6.275,-0.370,-0.493,4.137,2723,0
1751087,7.219,-22.209,4.973,-0.459,-0.764,2.711,2724,0
1751107,8.569,-24.327,3.220,-0.281,-0.861,0.791,2725,0
1751127,8.701,-22.915,2.049,-0.093,-0.540,-1.086,2726,0
1751148,7.659,-19.178,2.346,-0.104,-0.021,-2.566,2725,0
1751168,6.105,-14.913,4.063,-0.211,0.386,-3.704,2725,0
1751187,4.520,-10.123,5.964,-0.107,0.458,-4.528,2726,0
1751208,3.081,-5.004,7.075,0.010,0.316,-4.886,2725,0
1751228,2.179,-0.271,7.695,-0.013,0.132,-4.751,2728,0
1751247,1.879,4.219,8.657,-0.065,0.246,-4.246,2730,0
1751267,0.943,7.575,10.065,0.073,0.451,-3.472,2728,0
1751287,0.594,11.061,10.463,0.378,0.203,-2.445,2725,0
1751308,0.716,13.269,9.665,0.388,-0.108,-0.996,2723,0
1751328,0.697,13.001,8.662,0.091,-0.145,0.701,2723,0
1751348,0.752,10.587,7.824,-0.109,-0.094,2.182,2723,0
1751368,0.577,7.336,7.379,0.050,0.049,3.305,2722,0
1751388,0.249,3.950,7.274,0.310,0.232,4.238,2720,0
1751407,0.175,0.443,7.063,0.261,0.290,4.980,2721,0
1751428,1.247,-5.523,7.051,-0.234,0.175,5.366,2720,0
1751447,3.498,-13.151,7.101,-0.553,-0.063,5.147,2721,0
1751467,5.942,-20.389,6.481,-0.678,-0.399,4.100,2720,0
1751487,7.970,-24.766,5.217,-0.376,-0.791,2.265,2718,0
1751507,8.727,-24.632,3.065,0.099,-0.841,0.123,2720,0
1751527,8.356,-21.490,1.654,0.110,-0.376,-1.679,2722,0
1751547,7.140,-17.549,2.626,-0.196,0.300,-3.018,2723,0
1751568,5.341,-13.455,4.791,-0.266,0.699,-4.179,2720,0
1751587,3.654,-8.229,6.744,0.055,0.669,-4.958,2722,0
1751608,2.172,-2.320,7.977,0.321,0.448,-5.098,2725,0
1751627,1.259,3.033,8.373,0.260,0.141,-4.633,2724,0
1751647,1.547,7.317,8.598,0.102,0.078,-3.747,2724,0
1751668,1.535,10.333,9.550,0.048,0.388,-2.571,2724,0
1751687,0.924,12.366,10.712,0.206,0.407,-1.341,2721,0
1751708,0.388,13.113,10.611,0.366,0.089,0.197,2718,0
1751728,0.338,12.028,8.983,0.231,-0.177,1.856,2716,0
1751748,0.685,8.241,7.779,-0.026,-0.187,3.270,2716,0
1751768,0.843,4.209,7.932,0.078,0.053,4.171,2718,0
1751787,0.326,1.144,8.011,0.284,0.175,4.563,2717,0
1751808,0.397,-2.756,7.803,0.440,-0.017,4.643,2717,0
1751828,1.755,-8.061,7.491,0.437,-0.194,4.738,2716,0
1751847,3.577,-12.531,7.295,0.203,-0.321,4.478,2718,0
1752021,4.434,-1.599,8.811,0.204,-1.112,-3.476,2723,0
1752041,4.796,0.982,8.928,-0.125,-1.234,-2.806,2723,0
1752061,5.212,1.705,8.727,-0.481,-1.278,-2.102,2722,0
1752081,5.610,1.781,8.195,-0.538,-1.381,-1.577,2722,0
1752101,6.246,1.355,7.386,-0.436,-1.349,-1.113,2723,0
1752121,6.452,0.757,7.140,-0.402,-1.224,-0.747,2721,0
1752141,6.524,-0.278,6.977,-0.476,-1.239,-0.501,2719,0
1752161,6.539,-1.288,6.146,-0.444,-1.389,-0.487,2720,0
1752181,6.606,-1.231,4.855,-0.301,-1.396,-0.512,2721,0
1752201,6.481,-0.723,3.859,-0.242,-1.270,-0.490,2719,0
1752221,6.273,-0.261,2.909,-0.142,-1.119,-0.404,2720,0
1752241,6.309,0.158,2.045,-0.156,-0.957,-0.197,2721,0
1752261,6.579,-0.062,1.571,-0.287,-0.742,0.003,2722,0
1752281,6.835,-0.405,1.281,-0.220,-0.488,0.084,2722,0
1752301,7.005,-0.486,1.405,-0.080,-0.186,0.132,2721,0
1752321,6.960,-0.608,2.064,0.019,0.060,0.169,2720,0
1752341,7.101,-0.383,2.593,0.127,0.126,0.208,2719,0
1752361,7.609,-0.508,2.935,0.076,0.196,0.357,2718,0
1752381,7.989,-1.264,3.536,-0.001,0.302,0.470,2717,0
1752401,8.145,-1.968,4.111,0.021,0.361,0.493,2717,0
1752421,8.418,-2.523,4.539,0.082,0.336,0.420,2717,0
1752441,8.576,-2.842,4.822,0.116,0.231,0.339,2717,0
1752461,8.751,-3.067,4.889,0.199,0.108,0.236,2716,0
1752481,8.880,-2.796,4.496,0.266,0.084,0.149,2716,0
1752501,8.796,-2.859,4.463,0.215,0.152,0.150,2715,0
1752521,8.717,-3.091,4.676,0.166,0.157,0.121,2716,0
1752541,8.643,-3.220,5.167,0.194,0.105,0.019,2714,0
1752561,8.681,-2.954,5.641,0.363,0.015,-0.098,2714,0
1752581,8.655,-2.851,6.256,0.479,-0.123,-0.120,2713,0
1752601,8.952,-2.629,6.404,0.496,-0.304,-0.148,2714,0
1752621,9.005,-2.746,6.843,0.545,-0.433,-0.254,2713,0
1752641,8.954,-2.686,7.379,0.786,-0.653,-0.407,2716,0
1752661,9.026,-2.313,7.709,1.059,-0.993,-0.543,2722,0
1752681,9.299,-1.578,7.417,1.234,-1.387,-0.638,2731,0
1752701,9.395,-0.632,6.716,1.160,-1.675,-0.607,2737,0
1752721,9.388,-0.199,6.306,0.960,-1.865,-0.523,2746,0
1752741,9.572,-0.201,5.942,0.869,-2.150,-0.497,2742,0
1752761,9.440,0.244,4.551,0.818,-2.258,-0.441,2735,0
1752781,9.052,0.268,3.656,0.702,-2.261,-0.297,2722,0
1752801,8.547,0.175,2.902,0.596,-2.372,-0.167,2701,0
1752821,8.519,-0.093,1.966,0.548,-2.503,-0.038,2677,0
1752841,8.466,-0.546,0.702,0.479,-2.495,0.078,2654,0
1752861,8.531,-1.104,-0.153,0.454,-2.389,0.106,2629,0
1752881,8.624,-1.518,-1.216,0.616,-2.149,0.003,2610,0
1752987,8.945,-1.523,-2.665,0.671,-0.808,-0.014,2543,0
1752996,9.091,-1.580,-2.600,0.648,-0.669,0.016,2543,0
1753005,9.187,-1.640,-2.476,0.635,-0.519,0.056,2541,0
1753014,9.153,-1.741,-2.308,0.629,-0.372,0.108,2537,0
1753025,9.139,-1.784,-2.138,0.614,-0.279,0.146,2532,0
1753034,9.136,-1.829,-2.071,0.593,-0.225,0.167,2530,0
1753045,9.225,-1.915,-2.014,0.548,-0.191,0.172,2526,0
1753055,9.306,-2.033,-1.913,0.494,-0.160,0.167,2526,0
1753082,9.515,-1.975,-1.379,0.421,-0.193,0.112,2522,0
1753092,9.780,-1.913,-1.379,0.422,-0.210,0.079,2522,0
1753101,10.036,-1.841,-1.583,0.424,-0.162,0.044,2520,0
1753121,10.118,-1.671,-1.700,0.407,0.084,-0.017,2519,0
1753141,9.491,-1.425,-1.300,0.366,0.242,-0.053,2518,0
1753161,9.196,-1.372,-1.020,0.405,0.084,-0.090,2518,0
1753181,9.462,-1.190,-1.137,0.418,-0.022,-0.112,2519,0
1753201,9.570,-1.085,-1.295,0.362,0.049,-0.081,2520,0
1753221,9.524,-1.192,-1.334,0.307,0.118,-0.035,2525,0
1753241,9.464,-1.235,-1.178,0.288,0.193,-0.051,2528,0
1753261,9.383,-1.374,-1.243,0.351,0.262,-0.149,2534,0
1753281,9.328,-0.953,-0.699,0.362,0.315,-0.215,2538,0
1753313,9.661,-0.630,-0.443,0.320,0.234,-0.170,2539,0
1753322,9.618,-0.737,-0.455,0.285,0.225,-0.137,2539,0
1753341,9.785,-0.907,-0.419,0.254,0.178,-0.104,2539,0
1753361,9.936,-0.869,-0.223,0.218,0.218,-0.123,2543,0
1753381,9.929,-0.939,-0.189,0.264,0.195,-0.171,2546,0
1753401,9.969,-0.871,-0.225,0.319,0.077,-0.229,2553,0
1753421,10.142,-0.697,-0.306,0.334,0.035,-0.263,2557,0
1753441,10.137,-0.690,-0.412,0.310,0.082,-0.243,2557,0
1753461,10.120,-0.429,-0.345,0.276,0.095,-0.189,2557,0
1753481,10.094,-0.304,-0.357,0.255,0.091,-0.134,2558,0
1753501,9.996,-0.309,-0.405,0.268,0.089,-0.090,2558,0
1753521,10.087,-0.357,-0.184,0.272,0.063,-0.034,2558,0
1753541,10.214,-0.553,-0.127,0.233,0.058,0.044,2559,0
1753660,9.704,-0.783,-0.010,0.179,0.048,0.055,2559,0
1753669,9.661,-0.809,-0.060,0.200,0.027,0.026,2559,0
1753679,9.708,-0.764,-0.060,0.216,0.019,-0.002,2559,0
1753688,9.699,-0.742,-0.122,0.213,0.032,-0.015,2559,0
1753698,9.682,-0.690,-0.077,0.185,0.046,-0.011,2559,0
1753707,9.699,-0.649,-0.036,0.156,0.050,-0.003,2561,0
1753716,9.737,-0.654,0.036,0.127,0.052,0.007,2559,0
1753726,9.747,-0.678,0.108,0.104,0.048,0.010,2559,0
1753735,9.720,-0.733,0.122,0.098,0.038,0.001,2570,0
1753745,9.668,-0.790,0.098,0.113,0.013,-0.013,2578,0
1753761,9.658,-0.800,-0.043,0.143,-0.022,-0.041,2585,0
1753781,9.778,-0.690,-0.170,0.151,-0.002,-0.072,2589,0
1753801,9.795,-0.625,-0.129,0.148,0.070,-0.101,2593,0
1753821,9.749,-0.491,0.072,0.167,0.096,-0.115,2590,0
1753841,9.651,-0.352,0.091,0.140,0.054,-0.089,2589,0
1753861,9.723,-0.376,-0.057,0.095,0.008,-0.055,2588,0
1753881,9.811,-0.426,0.007,0.062,0.011,-0.029,2591,0
1753901,9.965,-0.601,0.113,0.066,0.034,-0.018,2590,0
1753921,10.010,-0.620,0.211,0.091,0.067,-0.034,2590,0
1753941,9.919,-0.582,0.333,0.093,0.056,-0.060,2592,0
1753961,9.833,-0.546,0.273,0.098,-0.014,-0.057,2594,0
1753981,9.960,-0.488,0.093,0.073,-0.042,-0.021,2596,0
1754001,10.036,-0.603,0.048,0.058,0.003,0.000,2597,0
1754021,10.005,-0.541,0.153,0.051,0.033,0.002,2599,0
1754041,9.926,-0.529,0.297,0.060,0.013,-0.004,2597,0
1754061,9.907,-0.496,0.232,0.081,-0.038,0.005,2597,0
1754081,9.974,-0.587,0.110,0.072,-0.044,0.016,2600,0
1754101,9.948,-0.596,0.098,0.054,-0.025,0.012,2598,0
1754121,9.886,-0.558,0.194,0.034,-0.007,0.014,2599,0
1754141,9.862,-0.591,0.271,0.038,-0.022,0.016,2601,0
1754161,9.847,-0.620,0.280,0.057,-0.045,-0.002,2605,0
1754181,9.790,-0.570,0.268,0.076,-0.064,-0.017,2604,0
1754201,9.740,-0.441,0.148,0.063,-0.064,-0.002,2606,0
1754221,9.708,-0.520,0.069,0.007,-0.048,0.041,2606,0
1754241,9.797,-0.663,0.204,-0.027,-0.056,0.041,2606,0
1754261,9.835,-0.776,0.204,0.016,-0.059,-0.010,2607,0
1754281,9.732,-0.678,0.069,0.051,-0.063,-0.029,2607,0
1754301,9.730,-0.685,-0.012,0.015,-0.063,-0.009,2607,0
1754321,9.742,-0.783,-0.002,-0.017,-0.041,-0.021,2607,0
1754341,9.704,-0.620,0.057,0.013,-0.019,-0.066,2608,0
1754361,9.694,-0.431,0.089,0.052,-0.018,-0.080,2609,0
1754381,9.764,-0.371,0.081,0.068,-0.001,-0.062,2608,0
1754401,9.687,-0.412,0.113,0.063,0.018,-0.056,2608,0
1754421,9.627,-0.460,0.103,0.051,-0.013,-0.053,2608,0
1754441,9.735,-0.436,-0.029,0.036,-0.017,-0.043,2608,0
1754461,9.809,-0.520,-0.007,0.040,0.025,-0.044,2608,0
1754481,9.799,-0.524,0.077,0.085,0.042,-0.062,2609,0
1754501,9.917,-0.472,0.146,0.112,0.044,-0.072,2608,0
1754521,9.862,-0.362,0.204,0.073,0.036,-0.054,2607,0
1754541,9.917,-0.496,0.189,0.025,-0.017,-0.009,2609,0
1754561,10.027,-0.654,0.091,0.013,-0.018,-0.007,2609,0
1754581,9.993,-0.711,0.170,0.032,0.009,-0.054,2609,0
1754601,9.878,-0.479,0.242,0.084,-0.007,-0.093,2609,0
1754621,9.835,-0.230,0.144,0.072,-0.047,-0.063,2608,0
