1843666,9.787,0.685,0.323,0.058,-0.040,0.011,2671,0
1843686,9.838,0.632,0.330,0.042,-0.029,0.026,2672,0
1843706,9.867,0.642,0.414,0.044,-0.036,0.026,2672,0
1843726,9.943,0.630,0.433,0.062,-0.046,0.016,2671,0
1843746,9.926,0.587,0.496,0.070,-0.042,0.008,2671,0
1843766,9.833,0.534,0.474,0.063,-0.063,0.009,2671,0
1843786,9.859,0.500,0.359,0.066,-0.075,0.006,2671,0
1843807,9.773,0.503,0.297,0.067,-0.063,-0.001,2671,0
1843826,9.764,0.572,0.321,0.059,-0.062,0.004,2671,0
1843846,9.744,0.656,0.354,0.043,-0.052,0.018,2671,0
1843866,9.778,0.654,0.373,0.031,-0.041,0.033,2671,0
1843886,9.728,0.572,0.381,0.039,-0.031,0.032,2670,0
1843906,9.687,0.520,0.283,0.051,-0.050,0.024,2671,0
1843926,9.795,0.543,0.196,0.033,-0.043,0.028,2671,0
1843946,9.811,0.488,0.256,0.011,-0.012,0.030,2672,0
1843966,9.809,0.438,0.287,0.030,-0.017,0.011,2672,0
1843986,9.802,0.464,0.237,0.045,-0.025,-0.001,2671,0
1844006,9.826,0.484,0.251,0.026,-0.019,0.002,2671,0
1844026,9.823,0.536,0.326,0.021,-0.020,-0.001,2672,0
1844046,9.785,0.594,0.302,0.036,-0.023,-0.008,2672,0
1844066,9.804,0.582,0.237,0.047,-0.037,-0.008,2672,0
1844086,9.807,0.515,0.199,0.046,-0.038,-0.013,2672,0
1844106,9.787,0.548,0.247,0.048,-0.033,-0.025,2671,0
1844126,9.768,0.558,0.302,0.063,-0.030,-0.043,2671,0
1844146,9.747,0.668,0.323,0.073,-0.021,-0.036,2672,0
1844166,9.749,0.611,0.330,0.064,-0.017,-0.019,2671,0
1844186,9.802,0.591,0.393,0.059,-0.019,-0.017,2671,0
1844206,9.799,0.563,0.388,0.068,-0.024,-0.027,2671,0
1844226,9.799,0.575,0.338,0.068,-0.017,-0.027,2671,0
1844247,9.783,0.548,0.328,0.057,-0.010,-0.019,2671,0
1844267,9.773,0.484,0.362,0.047,0.000,-0.022,2671,0
1844286,9.843,0.534,0.381,0.049,-0.001,-0.037,2671,0
1844307,9.924,0.589,0.443,0.053,0.014,-0.048,2672,0
1844326,9.914,0.699,0.510,0.061,0.017,-0.041,2671,0
1844346,9.881,0.670,0.510,0.033,0.006,-0.018,2672,0
1844366,9.905,0.606,0.532,0.016,-0.018,-0.006,2671,0
1844386,9.902,0.560,0.522,0.034,-0.041,-0.012,2671,0
1844406,9.912,0.596,0.433,0.044,-0.045,-0.012,2671,0
1844426,9.809,0.615,0.369,0.035,-0.044,-0.010,2672,0
1844446,9.795,0.630,0.383,0.029,-0.052,-0.016,2671,0
1844466,9.708,0.668,0.328,0.035,-0.058,-0.013,2672,0
1844487,9.771,0.692,0.225,0.045,-0.046,-0.013,2670,0
1844506,9.780,0.709,0.239,0.056,-0.013,-0.020,2672,0
1844526,9.742,0.745,0.350,0.052,0.004,-0.017,2671,0
1844546,9.759,0.685,0.393,0.036,-0.018,0.001,2671,0
1844566,9.864,0.587,0.362,0.025,-0.027,0.015,2671,0
1844586,9.888,0.460,0.407,0.030,-0.014,-0.011,2670,0
1844606,9.890,0.553,0.450,0.078,-0.010,-0.055,2672,0
1844626,9.843,0.781,0.409,0.080,-0.018,-0.048,2671,0
1844646,9.819,0.754,0.409,0.016,-0.031,0.014,2672,0
1844667,9.917,0.560,0.474,0.002,-0.048,0.027,2670,0
1844686,9.984,0.508,0.412,0.056,-0.046,-0.015,2671,0
1844707,9.888,0.690,0.359,0.089,-0.019,-0.047,2669,0
1844726,9.756,0.886,0.354,0.058,-0.016,-0.011,2671,0
1844746,9.771,0.752,0.373,0.010,-0.045,0.043,2671,0
1844766,9.902,0.498,0.323,0.021,-0.055,0.048,2671,0
1844786,9.924,0.407,0.347,0.053,-0.015,0.012,2672,0
1844806,9.792,0.570,0.438,0.075,-0.004,-0.017,2671,0
1844979,9.852,0.694,0.493,0.052,-0.027,0.003,2671,0
1844998,9.869,0.678,0.443,0.070,-0.041,0.003,2670,0
1845018,9.807,0.615,0.383,0.082,-0.039,-0.006,2671,0
1845038,9.713,0.620,0.345,0.079,-0.033,-0.004,2671,0
1845058,9.778,0.587,0.378,0.053,-0.028,0.011,2671,0
1845078,9.819,0.484,0.486,0.042,-0.019,0.011,2670,0
1845098,9.809,0.488,0.512,0.047,-0.026,-0.014,2671,0
1845118,9.799,0.553,0.455,0.068,-0.021,-0.039,2671,0
1845138,9.756,0.627,0.393,0.068,-0.016,-0.034,2669,0
1845159,9.790,0.646,0.364,0.031,-0.010,-0.003,2671,0
1845179,9.799,0.551,0.421,0.006,-0.008,0.019,2671,0
1845199,9.845,0.424,0.453,0.019,-0.015,0.012,2671,0
1845218,9.917,0.441,0.433,0.040,-0.009,-0.017,2671,0
1845238,9.898,0.606,0.409,0.053,0.004,-0.041,2672,0
1845258,9.855,0.682,0.508,0.044,-0.011,-0.041,2670,0
1845278,9.864,0.757,0.524,0.022,-0.033,-0.020,2670,0
1845299,9.886,0.699,0.515,0.010,-0.049,-0.002,2671,0
1845318,9.874,0.632,0.467,0.045,-0.064,-0.009,2670,0
1845338,9.811,0.666,0.364,0.077,-0.060,-0.022,2670,0
1845359,9.730,0.668,0.314,0.068,-0.039,-0.013,2670,0
1845378,9.697,0.632,0.369,0.045,-0.040,0.003,2671,0
1845398,9.773,0.639,0.407,0.051,-0.035,-0.007,2671,0
1845418,9.771,0.646,0.402,0.074,-0.026,-0.013,2671,0
1845438,9.747,0.697,0.400,0.071,-0.016,-0.014,2671,0
1845458,9.795,0.649,0.479,0.068,-0.026,-0.023,2671,0
1845478,9.859,0.668,0.503,0.078,-0.028,-0.032,2670,0
1845498,9.876,0.704,0.486,0.075,-0.025,-0.026,2671,0
1845519,9.874,0.644,0.481,0.057,-0.025,-0.009,2670,0
1845538,9.859,0.608,0.515,0.057,-0.032,-0.009,2670,0
1845558,9.859,0.587,0.517,0.076,-0.043,-0.023,2670,0
1845578,9.862,0.584,0.517,0.095,-0.052,-0.050,2671,0
1845598,9.828,0.752,0.500,0.111,-0.054,-0.060,2671,0
1845619,9.749,0.804,0.455,0.102,-0.044,-0.045,2670,0
1845638,9.675,0.831,0.438,0.077,-0.048,-0.020,2669,0
1845658,9.656,0.752,0.342,0.054,-0.058,-0.003,2671,0
1845678,9.704,0.675,0.256,0.066,-0.040,-0.017,2671,0
1845698,9.720,0.718,0.266,0.081,0.000,-0.037,2670,0
1845719,9.728,0.761,0.429,0.078,0.021,-0.029,2671,0
1845738,9.787,0.747,0.570,0.050,0.012,-0.002,2671,0
1845758,9.876,0.625,0.596,0.028,-0.025,0.013,2670,0
1845778,9.900,0.469,0.505,0.037,-0.038,-0.002,2671,0
1845798,9.974,0.522,0.409,0.049,-0.023,-0.022,2671,0
1845819,9.960,0.582,0.479,0.026,-0.002,-0.026,2670,0
1845838,9.883,0.668,0.582,0.019,-0.024,-0.027,2670,0
1845858,9.859,0.749,0.529,0.031,-0.063,-0.022,2671,0
1845879,9.855,0.773,0.342,0.037,-0.062,-0.010,2671,0
1845898,9.807,0.781,0.302,0.040,-0.035,-0.000,2671,0
1845918,9.783,0.752,0.354,0.038,-0.020,0.010,2671,0
1845938,9.752,0.723,0.318,0.046,-0.030,0.017,2669,0
1845958,9.706,0.644,0.371,0.046,-0.028,0.018,2670,0
1845978,9.773,0.673,0.352,0.049,-0.021,0.010,2670,0
1845998,9.823,0.651,0.453,0.038,-0.010,0.006,2670,0
1846275,9.747,0.728,0.441,0.041,-0.001,-0.037,2671,0
1846295,9.766,0.809,0.508,0.034,-0.003,-0.025,2670,0
1846315,9.771,0.749,0.546,0.021,-0.029,-0.017,2671,0
1846335,9.840,0.721,0.476,0.046,-0.038,-0.028,2669,0
1846355,9.855,0.776,0.402,0.057,-0.014,-0.031,2670,0
1846375,9.838,0.761,0.419,0.041,0.004,-0.022,2670,0
1846395,9.809,0.747,0.515,0.025,-0.023,-0.007,2670,0
1846415,9.845,0.716,0.453,0.026,-0.054,-0.004,2669,0
1846435,9.878,0.706,0.405,0.034,-0.037,-0.014,2669,0
1846455,9.869,0.778,0.431,0.043,-0.025,-0.027,2669,0
1846475,9.802,0.833,0.443,0.051,-0.027,-0.020,2669,0
1846495,9.776,0.812,0.438,0.035,-0.044,-0.001,2670,0
1846515,9.764,0.711,0.405,0.027,-0.047,0.004,2670,0
1846535,9.792,0.675,0.383,0.041,-0.033,-0.008,2667,0
1846555,9.761,0.709,0.405,0.049,-0.021,-0.019,2670,0
1846575,9.783,0.745,0.407,0.039,-0.026,-0.010,2669,0
1846595,9.816,0.745,0.436,0.027,-0.037,-0.008,2668,0
1846615,9.833,0.771,0.429,0.035,-0.025,-0.026,2670,0
1846635,9.799,0.864,0.443,0.049,-0.012,-0.036,2671,0
1846655,9.814,0.898,0.469,0.058,-0.017,-0.019,2670,0
1846675,9.874,0.807,0.481,0.049,-0.020,0.009,2670,0
1846695,9.869,0.687,0.467,0.024,-0.024,0.017,2670,0
1846715,9.874,0.591,0.503,0.018,-0.035,0.004,2670,0
1846735,9.845,0.658,0.527,0.035,-0.045,-0.011,2670,0
1846755,9.828,0.716,0.524,0.047,-0.043,-0.023,2670,0
1846775,9.814,0.848,0.488,0.056,-0.034,-0.018,2670,0
1846795,9.744,0.876,0.493,0.042,-0.033,-0.005,2669,0
1846815,9.706,0.876,0.455,0.027,-0.056,0.007,2670,0
1846835,9.728,0.785,0.395,0.015,-0.061,0.010,2670,0
1846855,9.747,0.713,0.335,0.037,-0.042,-0.004,2670,0
1846875,9.771,0.675,0.335,0.053,-0.020,-0.014,2669,0
1846895,9.742,0.716,0.366,0.041,-0.009,-0.011,2670,0
1846915,9.749,0.702,0.436,0.023,-0.014,-0.010,2669,0
1846935,9.835,0.737,0.500,0.030,-0.009,-0.022,2669,0
1846955,9.807,0.819,0.551,0.043,-0.002,-0.028,2670,0
1846975,9.795,0.857,0.472,0.045,-0.030,-0.017,2669,0
1846995,9.814,0.824,0.357,0.039,-0.036,-0.008,2670,0
1847015,9.826,0.802,0.369,0.030,-0.027,-0.011,2669,0
1847035,9.840,0.862,0.493,0.048,-0.010,-0.022,2670,0
1847055,9.838,0.941,0.567,0.065,-0.017,-0.012,2670,0
1847075,9.821,0.881,0.560,0.066,-0.040,0.002,2670,0
1847095,9.807,0.771,0.464,0.058,-0.058,0.008,2667,0
1847115,9.845,0.687,0.455,0.052,-0.051,0.008,2669,0
1847135,9.823,0.608,0.409,0.048,-0.032,-0.005,2669,0
1847155,9.814,0.620,0.438,0.055,-0.019,-0.016,2669,0
1847175,9.759,0.658,0.443,0.031,-0.011,-0.017,2669,0
1847195,9.797,0.725,0.496,0.009,-0.018,-0.015,2670,0
1847215,9.840,0.840,0.591,0.007,-0.023,-0.010,2669,0
1847235,9.843,0.814,0.567,0.023,-0.022,-0.012,2670,0
1847255,9.847,0.795,0.476,0.054,-0.029,-0.021,2669,0
1847275,9.807,0.826,0.383,0.051,-0.015,-0.018,2669,0
1847295,9.797,0.843,0.467,0.008,-0.016,0.012,2669,0
1847315,9.838,0.795,0.563,-0.008,-0.027,0.025,2668,0
1847335,9.799,0.716,0.601,0.028,-0.043,0.007,2670,0
1847355,9.735,0.730,0.424,0.067,-0.052,-0.021,2671,0
1847375,9.685,0.826,0.338,0.062,-0.041,-0.028,2668,0
1847395,9.661,0.850,0.407,0.037,-0.022,-0.012,2670,0
1847415,9.680,0.855,0.443,0.031,-0.020,-0.006,2669,0
1847435,9.687,0.809,0.486,0.044,-0.019,-0.015,2669,0
1847455,9.759,0.800,0.474,0.056,-0.005,-0.029,2669,0
1847475,9.752,0.836,0.551,0.062,0.006,-0.031,2669,0
1847495,9.816,0.809,0.630,0.039,-0.017,-0.012,2669,0
1847515,9.938,0.733,0.606,0.021,-0.029,0.002,2670,0
1847535,9.898,0.678,0.584,0.025,-0.031,-0.013,2670,0
1847555,9.874,0.709,0.596,0.041,-0.047,-0.035,2669,0
1847575,9.816,0.797,0.505,0.053,-0.048,-0.052,2669,0
1847595,9.797,0.895,0.453,0.041,-0.055,-0.044,2670,0
1847615,9.780,0.922,0.462,0.019,-0.049,-0.016,2669,0
1847635,9.785,0.886,0.448,0.018,-0.048,0.001,2669,0
1847655,9.828,0.833,0.460,0.033,-0.039,-0.007,2670,0
1847675,9.754,0.802,0.503,0.054,-0.028,-0.026,2669,0
1847695,9.737,0.881,0.491,0.070,-0.047,-0.024,2670,0
1847715,9.787,0.919,0.402,0.044,-0.041,0.002,2670,0
1847735,9.761,0.852,0.460,0.017,-0.024,0.022,2670,0
1847755,9.761,0.742,0.498,0.031,-0.037,0.009,2670,0
1847775,9.795,0.709,0.460,0.061,-0.031,-0.023,2671,0
1847795,9.797,0.812,0.496,0.051,-0.014,-0.031,2670,0
1847815,9.840,0.862,0.587,0.030,-0.027,-0.013,2669,0
1847835,9.869,0.785,0.524,0.020,-0.039,0.001,2670,0
1847855,9.883,0.723,0.479,0.032,-0.039,-0.014,2669,0
1847875,9.783,0.816,0.500,0.044,-0.038,-0.033,2669,0
1847895,9.828,0.917,0.543,0.040,-0.056,-0.029,2669,0
1847915,9.850,0.996,0.522,0.027,-0.049,-0.005,2669,0
1847935,9.843,0.984,0.579,0.026,-0.048,0.006,2670,0
1847955,9.766,0.979,0.611,0.041,-0.060,0.008,2669,0
1847975,9.773,0.893,0.524,0.041,-0.091,0.018,2669,0
1847995,9.864,0.778,0.524,0.030,-0.093,0.017,2669,0
1848015,9.859,0.740,0.508,0.041,-0.081,-0.001,2668,0
1848035,9.838,0.725,0.467,0.050,-0.080,-0.009,2670,0
1848055,9.823,0.747,0.417,0.027,-0.074,0.010,2670,0
1848075,9.831,0.673,0.433,-0.012,-0.071,0.019,2667,0
1848095,9.929,0.644,0.484,-0.017,-0.071,0.015,2670,0
1848115,9.948,0.721,0.481,-0.017,-0.064,0.021,2669,0
1848135,9.833,0.690,0.397,-0.014,-0.071,0.014,2669,0
1848155,9.756,0.771,0.237,0.007,-0.072,0.007,2669,0
1848175,9.776,0.924,0.017,-0.005,-0.044,0.032,2670,0
1848195,9.819,0.939,0.000,-0.037,0.005,0.058,2670,0
1848215,9.740,0.888,0.105,-0.026,0.029,0.067,2668,0
1848235,9.673,0.821,0.199,0.009,0.027,0.059,2668,0
1848255,9.728,0.871,0.213,0.034,0.009,0.054,2668,0
1848275,9.687,0.850,0.254,0.032,0.013,0.058,2669,0
1848295,9.653,0.697,0.215,0.013,0.011,0.077,2669,0
1848315,9.699,0.476,0.199,0.008,0.039,0.061,2668,0
1848335,9.677,0.417,0.323,0.021,0.062,0.022,2669,0
1848355,9.737,0.498,0.464,0.029,0.054,-0.009,2669,0
1848375,9.831,0.555,0.546,0.017,0.065,-0.019,2669,0
1848395,9.833,0.543,0.615,0.011,0.074,-0.021,2669,0
1848415,9.845,0.582,0.666,0.011,0.088,-0.014,2669,0
1848435,9.895,0.596,0.709,-0.021,0.095,0.000,2669,0
1848455,9.898,0.541,0.848,-0.037,0.085,0.004,2668,0
1848475,9.850,0.567,0.931,-0.023,0.060,-0.001,2668,0
1848495,9.802,0.649,0.919,-0.014,0.037,0.008,2668,0
1848515,9.802,0.644,0.874,-0.050,0.033,0.028,2667,0
1848535,9.783,0.536,0.826,-0.066,0.026,0.025,2668,0
1848555,9.706,0.558,0.776,-0.038,0.018,-0.008,2670,0
1848575,9.701,0.721,0.670,-0.019,0.013,-0.026,2668,0
1848595,9.653,0.860,0.658,-0.045,0.031,0.003,2669,0
1848615,9.677,0.730,0.711,-0.076,0.029,0.033,2668,0
1848635,9.723,0.558,0.690,-0.050,0.030,0.012,2669,0
1848655,9.699,0.582,0.716,-0.006,0.026,-0.032,2668,0
1848675,9.732,0.694,0.711,-0.005,0.020,-0.043,2668,0
1848695,9.797,0.702,0.781,-0.039,0.025,-0.025,2670,0
1848715,9.804,0.639,0.881,-0.050,0.021,-0.019,2668,0
1848735,9.811,0.563,0.802,-0.018,0.003,-0.044,2668,0
1848755,9.790,0.682,0.735,-0.015,-0.010,-0.056,2667,0
1848775,9.831,0.728,0.709,-0.035,0.002,-0.043,2669,0
1848795,9.828,0.742,0.723,-0.032,0.017,-0.038,2669,0
1848815,9.797,0.824,0.680,0.007,0.011,-0.051,2669,0
1848835,9.811,0.982,0.637,0.032,0.001,-0.042,2668,0
1848855,9.864,1.022,0.534,0.014,0.021,-0.008,2669,0
1848875,9.914,0.946,0.709,0.018,0.041,0.012,2669,0
1848895,9.881,0.905,0.855,0.051,0.041,-0.007,2669,0
1848915,9.809,0.977,0.953,0.088,0.009,-0.020,2669,0
1848935,9.816,0.982,0.907,0.079,-0.019,-0.005,2670,0
1848955,9.857,0.833,0.967,0.066,-0.020,0.002,2670,0
1848975,9.888,0.687,1.013,0.066,-0.008,-0.016,2669,0
1848995,9.862,0.644,1.087,0.083,-0.016,-0.047,2668,0
1849015,9.807,0.706,1.032,0.068,-0.044,-0.054,2667,0
1849035,9.845,0.709,1.008,0.026,-0.046,-0.029,2669,0
1849055,9.802,0.656,1.087,0.013,-0.025,-0.020,2668,0
1849075,9.814,0.694,1.073,0.021,-0.025,-0.028,2668,0
1849095,9.831,0.812,1.113,0.012,-0.014,-0.019,2669,0
1849115,9.706,0.876,1.238,-0.017,-0.027,0.027,2668,0
1849135,9.692,0.773,1.192,-0.020,-0.065,0.055,2668,0
1849155,9.668,0.611,1.008,-0.006,-0.071,0.037,2669,0
1849175,9.596,0.596,0.821,0.010,-0.046,0.010,2669,0
1849195,9.577,0.670,0.797,0.010,-0.027,-0.007,2666,0
1849215,9.500,0.785,0.828,0.013,-0.011,-0.007,2669,0
1849235,9.476,0.797,0.781,0.013,-0.002,0.009,2669,0
1849255,9.553,0.725,0.764,0.005,0.013,0.016,2669,0
1849275,9.565,0.651,0.785,0.009,0.009,-0.005,2668,0
1849295,9.610,0.658,0.812,0.037,-0.002,-0.040,2669,0
1849315,9.673,0.764,0.812,0.063,0.002,-0.072,2668,0
1849335,9.692,0.869,0.807,0.076,-0.006,-0.087,2669,0
1849355,9.752,0.979,0.852,0.088,-0.014,-0.086,2669,0
1849375,9.783,0.986,0.912,0.082,-0.028,-0.064,2669,0
1849434,9.847,0.895,0.831,0.156,-0.057,-0.093,2669,0
1849445,9.804,0.915,0.850,0.151,-0.055,-0.086,2669,0
1849454,9.780,0.934,0.871,0.145,-0.063,-0.076,2670,0
1849465,9.756,0.931,0.893,0.141,-0.079,-0.064,2670,0
1849475,9.776,0.915,0.857,0.140,-0.093,-0.060,2669,0
1849495,9.819,0.860,0.764,0.146,-0.087,-0.079,2668,0
1849515,9.785,0.903,0.735,0.171,-0.062,-0.105,2668,0
1849535,9.783,1.075,0.737,0.187,-0.048,-0.094,2669,0
1849555,9.847,1.123,0.802,0.160,-0.044,-0.060,2668,0
1849575,9.917,1.034,0.910,0.130,-0.044,-0.026,2669,0
1849595,9.948,0.895,1.037,0.127,-0.035,-0.030,2669,0
1849615,9.902,0.905,1.034,0.175,-0.046,-0.060,2669,0
1849635,9.871,1.049,0.958,0.185,-0.057,-0.062,2669,0
1849655,9.883,1.109,0.898,0.140,-0.048,-0.024,2669,0
1849675,9.874,1.008,1.034,0.088,-0.029,0.019,2669,0
1849695,9.888,0.874,1.195,0.098,-0.038,0.022,2670,0
1849715,9.852,0.848,1.085,0.116,-0.052,0.000,2668,0
1849735,9.816,0.860,1.001,0.079,-0.042,0.002,2667,0
1849755,9.809,0.852,1.053,0.029,-0.032,0.014,2668,0
1849775,9.823,0.871,1.116,0.015,-0.023,0.023,2668,0
1849795,9.826,0.883,1.171,0.009,-0.018,0.027,2669,0
1849815,9.795,0.915,1.104,-0.002,-0.013,0.032,2667,0
1849835,9.725,0.939,1.111,-0.029,-0.023,0.042,2667,0
1850063,9.711,0.974,0.699,-0.031,-0.044,-0.006,2669,0
1850083,9.773,0.895,0.783,-0.041,-0.044,0.007,2667,0
1850103,9.814,0.785,0.785,-0.011,-0.036,-0.006,2668,0
1850123,9.799,0.800,0.716,0.029,-0.019,-0.018,2667,0
1850143,9.776,0.867,0.663,0.015,0.004,-0.005,2669,0
1850163,9.773,0.879,0.783,-0.019,0.011,0.036,2669,0
1850183,9.850,0.737,0.950,-0.044,-0.006,0.062,2668,0
1850203,9.893,0.649,0.991,-0.018,-0.017,0.042,2668,0
1850223,9.838,0.673,1.001,0.022,-0.018,0.006,2667,0
1850243,9.778,0.807,1.039,0.030,-0.024,-0.003,2668,0
1850263,9.653,0.833,1.147,-0.017,-0.054,0.038,2669,0
1850283,9.653,0.599,1.173,-0.034,-0.123,0.058,2669,0
1850303,9.723,0.388,0.979,-0.006,-0.145,0.006,2668,0
1850323,9.682,0.405,0.646,0.020,-0.112,-0.062,2667,0
1850343,9.699,0.639,0.462,0.000,-0.066,-0.084,2669,0
1850363,9.725,0.800,0.481,-0.055,-0.017,-0.058,2668,0
1850383,9.761,0.881,0.644,-0.088,0.017,-0.022,2668,0
1850403,9.878,0.946,0.807,-0.070,0.019,-0.010,2669,0
1850423,9.948,1.020,0.843,-0.010,0.033,-0.020,2669,0
1850443,9.869,1.204,0.888,0.014,0.026,0.004,2669,0
1850463,9.838,1.192,0.876,-0.011,-0.003,0.067,2667,0
1850483,9.799,0.982,0.867,-0.035,-0.043,0.112,2668,0
1850503,9.809,0.766,0.761,0.005,-0.057,0.092,2669,0
1850523,9.787,0.761,0.699,0.049,-0.058,0.052,2668,0
1850543,9.728,0.795,0.749,0.064,-0.044,0.030,2667,0
1850563,9.574,0.819,0.845,0.059,-0.077,0.025,2667,0
1850583,9.550,0.785,0.788,0.084,-0.114,0.009,2668,0
1850603,9.570,0.809,0.663,0.102,-0.122,0.005,2667,0
1850623,9.555,0.702,0.541,0.097,-0.112,0.003,2669,0
1850643,9.572,0.599,0.390,0.110,-0.088,-0.018,2668,0
1850663,9.634,0.642,0.441,0.101,-0.039,-0.041,2668,0
1850683,9.632,0.682,0.594,0.105,-0.007,-0.050,2668,0
1850703,9.673,0.716,0.601,0.112,-0.026,-0.041,2668,0
1850723,9.852,0.651,0.575,0.093,-0.021,-0.025,2668,0
1850743,9.900,0.663,0.637,0.082,0.017,-0.026,2668,0
1850763,9.905,0.697,0.637,0.092,0.016,-0.025,2668,0
1850783,10.010,0.634,0.500,0.087,0.012,-0.009,2667,0
1850803,9.996,0.654,0.548,0.058,0.055,0.000,2666,0
1850823,9.936,0.709,0.761,0.034,0.055,0.014,2666,0
1850843,10.077,0.709,0.771,0.024,0.032,0.038,2667,0
1850863,10.082,0.613,0.718,-0.007,0.043,0.057,2668,0
1850883,9.979,0.536,0.757,-0.036,0.060,0.050,2668,0
1850903,9.905,0.565,0.962,-0.034,0.063,0.021,2668,0
1850923,9.957,0.702,1.049,-0.027,0.063,0.008,2667,0
1850943,9.981,0.857,1.238,-0.072,0.073,0.027,2664,0
1850963,9.974,0.912,1.516,-0.081,0.078,0.033,2667,0
1850983,9.840,0.907,1.633,-0.063,0.026,0.050,2668,0
1851003,9.838,0.716,1.628,-0.071,-0.034,0.067,2667,0
1851023,9.900,0.572,1.590,-0.091,-0.052,0.062,2667,0
1851043,9.776,0.524,1.626,-0.081,-0.036,0.036,2665,0
1851063,9.606,0.599,1.492,-0.062,-0.066,0.023,2666,0
1851083,9.620,0.618,1.343,-0.084,-0.082,0.033,2666,0
1851103,9.589,0.613,1.286,-0.108,-0.061,0.043,2666,0
1851123,9.486,0.572,1.197,-0.114,-0.059,0.054,2667,0
1851143,9.493,0.441,0.883,-0.091,-0.058,0.051,2667,0
1851163,9.548,0.493,0.771,-0.099,-0.003,0.039,2667,0
1851183,9.594,0.579,0.955,-0.110,0.029,0.051,2666,0
1851203,9.589,0.630,1.041,-0.112,0.022,0.069,2665,0
1851223,9.692,0.520,1.015,-0.090,0.008,0.075,2667,0
1851243,9.742,0.493,0.948,-0.084,-0.004,0.057,2667,0
1851312,9.859,0.371,0.771,-0.046,-0.003,0.028,2667,0
1851322,9.867,0.340,0.749,-0.058,-0.005,0.031,2667,0
1851332,9.874,0.302,0.821,-0.064,-0.011,0.028,2667,0
1851342,9.912,0.283,0.871,-0.062,-0.013,0.021,2667,0
1851352,9.929,0.290,0.934,-0.048,-0.009,0.018,2665,0
1851363,9.946,0.364,0.962,-0.039,-0.006,0.019,2666,0
1851383,9.893,0.378,1.001,-0.030,-0.014,0.028,2667,0
1851403,9.799,0.362,0.855,-0.024,-0.043,0.045,2667,0
1851423,9.838,0.239,0.680,-0.066,-0.050,0.071,2667,0
1851443,9.878,0.103,0.685,-0.107,-0.009,0.080,2667,0
1851463,9.778,0.091,0.759,-0.106,0.048,0.065,2668,0
1851483,9.682,0.168,0.634,-0.124,0.080,0.057,2667,0
1851503,9.713,0.175,0.409,-0.302,0.106,0.059,2668,0
1851523,9.752,-0.304,0.139,-0.579,0.105,0.058,2666,0
1851543,9.833,-0.979,-0.237,-0.767,0.142,0.093,2668,0
1851563,10.123,-1.980,-0.290,-1.027,0.264,0.208,2665,0
1851583,10.508,-2.607,0.304,-1.371,0.362,0.335,2661,0
1851603,10.616,-3.093,-0.034,-1.574,0.497,0.351,2657,0
1851623,10.604,-3.594,0.378,-1.672,0.512,0.226,2655,0
1851643,10.369,-3.426,-0.218,-1.706,0.529,0.099,2653,0
1851663,10.302,-3.019,-0.453,-1.905,0.706,0.099,2648,0
1851683,10.032,-3.055,-0.464,-2.180,1.025,0.177,2651,0
1851703,9.512,-3.524,-0.144,-2.319,1.154,0.156,2655,0
1851723,9.428,-3.553,0.548,-2.263,1.237,-0.024,2669,0
1851743,9.574,-2.964,1.255,-2.182,1.397,-0.275,2684,0
1851763,9.076,-2.421,1.946,-2.214,1.556,-0.533,2692,0
1851783,8.674,-1.334,2.837,-2.189,1.566,-0.775,2695,0
1851803,8.042,-0.251,4.056,-2.059,1.529,-1.075,2701,0
1851823,7.259,1.506,5.799,-1.598,1.620,-1.418,2705,0
1851843,5.741,4.640,7.420,-0.942,1.696,-1.507,2704,0
1851863,4.374,8.633,8.126,-0.507,1.499,-1.147,2705,0
1851883,3.412,11.495,9.131,-0.249,1.259,-0.309,2711,0
1851903,2.488,12.682,9.570,0.167,0.990,0.822,2715,0
1851923,1.832,12.237,8.942,0.536,0.776,2.069,2720,0
1851943,1.448,9.632,7.630,0.881,0.746,3.296,2727,0
1851963,1.654,5.638,7.319,0.992,0.836,4.309,2733,0
1851983,2.332,0.711,7.616,0.914,0.968,4.796,2730,0
1852003,3.352,-4.549,8.267,0.981,0.955,4.752,2725,0
1852023,4.300,-9.354,8.258,0.889,0.729,4.516,2725,0
1852043,5.813,-15.244,8.011,0.411,0.224,4.105,2725,0
1852063,7.829,-20.435,7.116,0.014,-0.454,3.114,2733,0
1852083,9.716,-23.595,5.332,-0.112,-0.811,1.543,2742,0
1852103,10.058,-23.209,3.297,-0.081,-0.687,-0.237,2748,0
1852123,9.301,-20.573,2.444,-0.212,-0.330,-1.785,2752,0
1852143,7.961,-16.618,2.693,-0.381,0.004,-3.016,2752,0
1852163,6.591,-12.012,3.543,-0.404,0.044,-3.899,2753,0
1852183,5.641,-7.144,4.195,-0.529,-0.125,-4.337,2763,0
1852203,5.171,-2.354,4.532,-0.824,-0.113,-4.329,2768,0
1852223,4.741,1.575,5.236,-0.995,0.163,-4.051,2773,0
1852243,3.709,4.781,6.170,-0.790,0.314,-3.533,2775,0
1852263,3.472,7.479,6.766,-0.547,0.172,-2.798,2776,0
1852283,4.070,9.989,7.286,-0.303,0.266,-2.001,2780,0
1852303,3.831,12.254,8.298,0.069,0.559,-1.144,2781,0
1852323,2.739,13.554,8.892,0.481,0.635,0.032,2779,0
1852343,1.724,13.264,8.384,0.698,0.423,1.459,2780,0
1852363,1.437,10.877,7.599,0.701,0.227,2.903,2779,0
1852383,1.592,6.924,7.171,0.772,0.347,4.079,2780,0
1852403,1.709,2.126,7.125,0.968,0.624,4.767,2774,0
1852423,1.889,-2.380,7.353,1.091,0.834,5.149,2770,0
1852443,3.021,-8.593,8.358,0.553,0.696,5.316,2768,0
1852463,5.466,-16.175,9.122,-0.053,0.064,4.808,2763,0
1852483,7.819,-22.355,7.848,-0.144,-0.718,3.442,2757,0
1852503,9.359,-24.435,4.958,0.142,-1.160,1.612,2757,0
1852523,9.924,-23.037,2.167,0.058,-0.959,-0.228,2765,0
1852543,9.143,-20.279,1.271,-0.221,-0.415,-1.804,2766,0
1852569,7.185,-14.645,2.306,-0.555,0.171,-3.448,2765,0
1852583,6.278,-11.746,3.244,-0.558,0.254,-4.099,2763,0
1852603,5.095,-6.701,4.168,-0.436,0.272,-4.599,2759,0
1852623,4.422,-1.528,5.634,-0.546,0.296,-4.513,2755,0
1852643,3.792,3.275,7.336,-0.755,0.454,-4.050,2753,0
1852663,2.801,6.443,9.646,-0.610,0.397,-3.453,2750,0
1852683,2.629,10.386,9.637,0.049,-0.062,-2.609,2748,0
1852889,8.698,-26.355,5.679,-0.600,-1.072,2.123,2736,0
1852909,9.713,-25.726,2.332,-0.059,-1.127,-0.400,2735,0
1852929,8.923,-21.318,0.761,0.044,-0.462,-2.377,2736,0
1852949,7.214,-16.089,1.894,-0.297,0.280,-3.639,2735,0
1852969,5.717,-11.157,4.125,-0.460,0.555,-4.539,2734,0
1852989,4.587,-5.660,6.170,-0.334,0.493,-5.046,2734,0
1853009,3.270,-0.591,6.989,-0.195,0.149,-4.999,2735,0
1853029,2.914,4.700,6.668,-0.260,-0.212,-4.388,2734,0
1853049,3.402,8.420,6.967,-0.407,-0.052,-3.431,2735,0
1853069,3.402,11.274,8.523,-0.138,0.462,-2.352,2735,0
1853089,2.512,13.944,9.615,0.424,0.530,-1.210,2734,0
1853109,1.729,15.253,9.304,0.813,0.223,0.272,2731,0
1853129,1.420,14.032,8.294,0.695,0.136,2.025,2728,0
1853149,1.525,9.524,7.764,0.526,0.183,3.472,2726,0
1853169,1.628,4.707,7.922,0.699,0.367,4.253,2726,0
1853189,1.590,0.306,8.219,0.990,0.459,4.500,2725,0
1853209,2.176,-4.721,8.423,0.878,0.374,4.732,2725,0
1853229,3.608,-11.746,8.748,0.276,-0.007,4.843,2726,0
1853249,5.619,-18.909,8.181,-0.382,-0.717,4.356,2726,0
1853269,7.867,-24.447,5.725,-0.651,-1.449,2.715,2724,0
1853289,9.285,-26.068,3.108,-0.240,-1.596,0.290,2723,0
1853309,8.952,-22.455,0.943,0.017,-1.113,-1.867,2722,0
1853329,7.690,-17.188,0.862,-0.224,-0.298,-3.248,2723,0
1853349,6.136,-12.081,2.444,-0.472,0.174,-4.162,2722,0
1853369,5.217,-6.855,4.020,-0.418,0.262,-4.739,2724,0
1853389,4.451,-1.185,5.528,-0.448,0.294,-4.764,2722,0
1853409,3.687,3.816,6.864,-0.644,0.168,-4.223,2719,0
1853429,3.615,7.190,7.748,-0.670,-0.001,-3.427,2721,0
1853449,3.680,10.434,8.399,-0.377,-0.018,-2.454,2720,0
1853469,3.481,13.285,8.564,0.135,0.007,-1.448,2720,0
1853489,2.926,14.983,7.939,0.707,0.078,-0.166,2720,0
1853524,1.551,12.208,6.598,0.540,0.327,2.641,2716,0
1853534,1.453,10.010,6.620,0.418,0.359,3.246,2716,0
1853549,1.408,6.357,6.874,0.432,0.497,3.907,2715,0
1853569,1.453,1.197,7.293,0.639,0.689,4.407,2714,0
1853589,2.181,-4.822,7.621,0.633,0.711,4.785,2712,0
1853609,3.493,-11.456,7.774,0.261,0.344,4.789,2711,0
1853629,5.746,-18.474,7.537,-0.261,-0.367,4.100,2711,0
1853649,8.205,-23.952,5.880,-0.344,-1.008,2.661,2713,0
1853669,9.783,-25.249,3.371,-0.234,-1.064,0.664,2712,0
1853689,9.713,-23.284,1.803,-0.207,-0.634,-1.318,2712,0
1853709,8.337,-18.720,2.138,-0.480,0.004,-2.838,2712,0
1853729,6.591,-14.099,4.250,-0.491,0.364,-4.001,2713,0
1853749,5.183,-8.200,6.000,-0.205,0.450,-4.730,2713,0
1853769,3.886,-1.788,6.893,-0.450,0.276,-4.740,2711,0
1853789,3.254,1.827,6.716,-0.923,-0.330,-4.083,2709,0
1853809,3.886,4.101,5.258,-1.219,-0.730,-3.244,2709,0
1853829,5.437,6.390,5.389,-1.184,-0.196,-2.704,2712,0
1853849,4.894,9.479,7.422,-0.632,0.670,-2.298,2711,0
1853869,2.844,12.481,9.256,0.046,0.763,-1.558,2711,0
1853889,2.334,14.664,9.215,0.351,0.266,-0.249,2707,0
1853909,2.263,13.894,8.679,0.180,0.067,1.357,2706,0
1853929,2.274,10.872,8.042,0.223,0.082,2.649,2706,0
1853949,1.918,7.278,7.204,0.625,0.208,3.453,2704,0
1853969,1.484,3.869,6.349,1.169,0.403,4.028,2705,0
1853989,1.403,0.283,6.553,1.418,0.667,4.610,2704,0
1854009,1.970,-4.271,7.353,1.184,0.620,4.983,2705,0
1854029,3.543,-10.515,8.320,0.857,0.295,4.940,2704,0
1854049,5.648,-15.675,8.588,0.411,-0.236,4.329,2707,0
1854069,7.367,-20.595,7.760,0.371,-0.779,3.029,2704,0
1854089,8.760,-21.658,6.397,0.443,-0.991,1.517,2705,0
1854109,9.012,-20.320,5.148,0.260,-0.810,-0.181,2704,0
1854129,8.126,-16.625,4.882,0.355,-0.430,-1.768,2705,0
1854149,6.376,-11.526,4.829,0.551,-0.160,-2.723,2704,0
1854169,4.956,-6.512,4.903,0.431,-0.102,-2.878,2704,0
1854189,4.441,-2.435,4.990,-0.056,-0.123,-2.458,2704,0
1854209,4.609,-0.381,5.248,-0.558,-0.083,-1.811,2704,0
1854229,4.788,0.077,5.107,-0.759,0.039,-1.147,2704,0
1854249,5.409,-0.244,5.217,-0.900,0.211,-0.597,2704,0
1854269,5.839,-1.125,6.237,-0.902,0.435,-0.357,2704,0
1854289,5.983,-1.671,7.070,-0.794,0.546,-0.321,2703,0
1854309,6.211,-2.052,7.726,-0.625,0.450,-0.341,2702,0
1854329,6.158,-2.059,7.989,-0.464,0.277,-0.401,2703,0
1854349,6.366,-1.190,7.968,-0.311,0.144,-0.423,2703,0
1854369,6.182,-0.584,7.491,-0.188,0.062,-0.329,2702,0
1854389,6.371,-0.713,6.950,-0.147,-0.039,-0.161,2703,0
1854409,6.773,-1.511,6.397,-0.129,-0.109,-0.036,2703,0
1854429,7.192,-2.059,6.026,-0.057,-0.125,-0.034,2702,0
1854449,7.422,-2.093,5.868,0.087,-0.064,-0.073,2701,0
1854469,7.487,-2.116,6.199,0.110,0.052,-0.027,2703,0
1854489,7.400,-2.466,6.991,0.095,0.072,0.063,2700,0
1854509,7.551,-2.988,7.875,0.094,-0.096,0.081,2701,0
1854529,7.920,-3.417,8.554,0.147,-0.333,-0.015,2701,0
1854549,8.358,-3.797,9.043,0.237,-0.486,-0.131,2701,0
1854569,8.339,-4.096,9.752,0.374,-0.585,-0.282,2702,0
1854589,8.368,-3.977,9.929,0.615,-0.927,-0.493,2704,0
1854609,8.313,-3.373,9.519,0.676,-1.252,-0.561,2706,0
1854629,8.258,-3.223,9.874,0.660,-1.651,-0.607,2715,0
1854649,8.325,-3.043,9.184,0.677,-2.208,-0.703,2725,0
1854669,8.480,-2.715,8.401,0.711,-2.514,-0.839,2731,0
1854689,8.119,-1.652,7.077,0.826,-2.783,-1.057,2732,0
1854709,7.666,-1.025,5.667,0.869,-3.000,-1.044,2726,0
1854729,7.539,-0.488,4.745,0.802,-3.013,-0.815,2723,0
1854749,7.290,-0.488,4.207,0.652,-3.100,-0.583,2721,0
1854769,7.228,-0.936,3.196,0.590,-3.281,-0.450,2717,0
1854789,7.324,-1.082,1.925,0.581,-3.343,-0.417,2706,0
1854809,7.233,-1.080,0.771,0.526,-3.279,-0.443,2695,0
1854829,7.008,-1.346,-0.546,0.523,-3.117,-0.497,2683,0
1854849,6.946,-1.204,-1.798,0.668,-2.904,-0.536,2671,0
1854869,7.027,-0.678,-2.837,0.850,-2.542,-0.530,2661,0
1854889,6.943,-0.369,-3.649,0.842,-2.078,-0.434,2649,0
1854909,7.058,-0.721,-3.986,0.696,-1.733,-0.253,2642,0
1854929,7.501,-1.109,-4.276,0.566,-1.378,-0.115,2637,0
1854949,7.793,-1.480,-4.566,0.509,-0.997,-0.089,2630,0
1854969,8.126,-1.757,-4.590,0.581,-0.618,-0.112,2627,0
1854989,8.528,-1.724,-4.245,0.556,-0.239,-0.087,2624,0
1855009,8.983,-1.786,-3.539,0.401,0.076,-0.057,2621,0
1855029,9.318,-1.860,-2.768,0.284,0.229,-0.088,2617,0
1855049,9.615,-1.614,-2.215,0.315,0.290,-0.175,2614,0
1855069,9.586,-1.341,-1.882,0.329,0.306,-0.207,2614,0
1855089,9.902,-0.934,-1.556,0.282,0.284,-0.196,2613,0
1855109,10.077,-0.543,-1.231,0.232,0.328,-0.191,2612,0
1855129,9.946,-0.160,-0.929,0.262,0.341,-0.196,2613,0
1855149,9.699,0.005,-1.039,0.361,0.224,-0.199,2610,0
1855169,9.483,-0.017,-1.393,0.442,0.145,-0.181,2610,0
1855189,9.699,-0.053,-1.563,0.460,0.165,-0.128,2611,0
1855700,9.974,-0.352,0.096,0.096,0.047,-0.008,2640,0
1855719,10.056,-0.220,-0.017,0.132,0.051,-0.039,2642,0
1855739,10.075,-0.199,-0.062,0.099,0.059,-0.023,2643,0
1855759,9.991,-0.187,0.012,0.047,0.060,0.001,2643,0
1855779,10.001,-0.359,0.134,-0.006,0.011,-0.017,2645,0
1855799,10.056,-0.292,0.086,0.015,-0.007,-0.066,2644,0
1855819,9.936,-0.050,0.010,0.022,-0.014,-0.082,2645,0
1855839,9.888,0.031,-0.079,0.020,-0.032,-0.073,2647,0
1855859,9.835,-0.002,-0.156,-0.004,-0.023,-0.061,2648,0
1855879,9.780,0.024,-0.057,-0.024,-0.024,-0.053,2648,0
1856005,9.900,0.184,-0.038,0.028,-0.010,-0.010,2645,0
1856025,9.902,0.148,-0.096,0.067,-0.010,-0.022,2646,0
1856045,9.756,0.089,-0.211,0.062,-0.031,-0.023,2647,0
1856065,9.792,-0.072,-0.227,0.051,-0.059,-0.026,2646,0
1856085,9.867,-0.041,-0.225,0.064,-0.039,-0.038,2647,0
1856105,9.845,-0.084,-0.208,0.060,-0.011,-0.049,2649,0
1856125,9.855,-0.045,-0.156,0.042,0.026,-0.045,2647,0
1856145,9.864,0.000,-0.101,0.023,0.021,-0.050,2647,0
1856166,9.900,0.024,-0.079,0.018,-0.006,-0.053,2648,0
1856185,9.972,0.038,-0.077,0.015,-0.004,-0.055,2647,0
1856205,9.929,0.122,0.050,0.007,0.031,-0.050,2646,0
1856225,9.960,0.239,0.136,0.015,0.022,-0.037,2645,0
1856245,9.917,0.244,0.053,0.016,-0.007,0.001,2646,0
1856265,9.948,0.101,-0.043,-0.004,-0.039,0.013,2647,0
1856285,9.996,0.002,-0.096,-0.005,-0.026,-0.001,2646,0
1856305,9.922,0.065,-0.069,0.004,-0.003,-0.012,2646,0
1856325,9.831,0.187,0.000,0.033,-0.019,-0.034,2647,0
1856345,9.787,0.342,-0.072,0.058,-0.038,-0.048,2647,0
1856365,9.780,0.412,-0.165,0.035,-0.044,-0.031,2647,0
1856385,9.828,0.290,-0.136,-0.008,-0.021,0.009,2646,0
1856405,9.792,0.156,-0.043,-0.008,0.001,0.016,2647,0
1856425,9.785,0.067,-0.007,0.029,-0.028,-0.022,2647,0
1856445,9.874,0.208,-0.057,0.067,-0.022,-0.052,2645,0
1856465,9.864,0.259,-0.072,0.065,0.007,-0.039,2647,0
1856485,9.847,0.235,-0.019,0.035,0.010,-0.015,2647,0
1856505,9.792,0.189,0.005,0.010,-0.011,-0.004,2645,0
1856603,9.737,0.318,0.019,0.032,-0.016,-0.022,2647,0
1856613,9.747,0.259,-0.019,0.017,-0.027,-0.008,2647,0
1856623,9.809,0.213,-0.038,0.013,-0.027,-0.003,2647,0
1856633,9.845,0.122,-0.072,0.026,-0.016,-0.012,2648,0
1856642,9.893,0.115,-0.060,0.051,0.000,-0.027,2647,0
1856652,9.936,0.180,-0.055,0.078,0.025,-0.049,2648,0
1856663,9.900,0.283,0.002,0.096,0.054,-0.064,2647,0
1856674,9.809,0.400,0.072,0.102,0.067,-0.066,2646,0
1856685,9.723,0.505,0.089,0.090,0.063,-0.053,2646,0
1856705,9.658,0.457,0.081,0.050,0.009,-0.015,2645,0
1856725,9.833,0.263,-0.005,0.047,-0.009,0.005,2647,0
1856745,9.900,0.146,-0.007,0.074,0.010,-0.010,2646,0
1856765,9.900,0.184,0.012,0.098,0.021,-0.028,2647,0
1856785,9.898,0.263,0.041,0.080,0.038,-0.016,2648,0
1856805,9.890,0.275,0.153,0.060,0.037,0.001,2647,0
1856825,9.890,0.237,0.189,0.055,0.010,0.012,2647,0
1856845,9.948,0.204,0.220,0.077,-0.002,-0.003,2648,0
1856865,9.907,0.285,0.196,0.101,0.015,-0.022,2648,0
1856885,9.795,0.335,0.237,0.094,0.016,-0.009,2647,0
1856905,9.778,0.283,0.204,0.060,-0.029,0.019,2647,0
1856925,9.890,0.113,0.156,0.019,-0.047,0.031,2646,0
1856945,9.919,0.014,0.136,0.040,-0.030,-0.002,2648,0
1856965,9.878,0.069,0.091,0.106,-0.003,-0.054,2647,0
1856985,9.843,0.278,0.127,0.132,0.014,-0.074,2646,0
1857005,9.776,0.431,0.235,0.098,0.024,-0.046,2647,0
1857025,9.768,0.453,0.271,0.044,-0.003,0.010,2648,0
1857045,9.886,0.235,0.251,0.022,-0.028,0.043,2648,0
1857065,9.926,0.091,0.158,0.060,-0.014,0.017,2647,0
1857085,9.883,0.136,0.180,0.104,0.007,-0.025,2647,0
1857105,9.814,0.330,0.251,0.113,0.024,-0.035,2647,0
1857125,9.759,0.431,0.290,0.067,0.010,0.006,2646,0
1857145,9.811,0.316,0.268,0.040,-0.017,0.033,2648,0
1857165,9.847,0.177,0.261,0.066,-0.017,0.011,2645,0
1857185,9.797,0.177,0.180,0.106,0.001,-0.020,2647,0
1857205,9.761,0.306,0.199,0.086,0.029,-0.013,2646,0
1857225,9.699,0.316,0.350,0.034,0.003,0.028,2647,0
1857245,9.826,0.129,0.294,0.018,-0.038,0.047,2646,0
1857265,9.907,-0.024,0.180,0.056,-0.017,0.002,2647,0
1857285,9.850,0.060,0.218,0.098,0.030,-0.061,2646,0
1857305,9.792,0.306,0.362,0.082,0.027,-0.060,2647,0
1857325,9.840,0.359,0.419,0.025,-0.011,-0.012,2647,0
1857345,9.876,0.227,0.419,0.014,-0.026,-0.001,2650,0
1857365,9.850,0.199,0.366,0.047,-0.031,-0.021,2646,0
1857385,9.883,0.309,0.285,0.070,-0.036,-0.034,2646,0
