1925484,2.545,9.153,-2.851,0.018,-0.024,-0.006,2456,0
1925503,2.512,9.167,-2.842,0.060,-0.015,0.009,2456,0
1925523,2.495,9.194,-2.835,0.085,-0.020,0.020,2455,0
1925543,2.452,9.201,-2.761,0.086,-0.015,0.022,2454,0
1925563,2.456,9.215,-2.717,0.087,-0.023,0.022,2454,0
1925583,2.492,9.244,-2.650,0.083,-0.027,0.018,2455,0
1925604,2.559,9.222,-2.636,0.074,-0.039,0.015,2456,0
1925623,2.605,9.108,-2.586,0.031,-0.036,-0.002,2455,0
1925643,2.617,9.045,-2.593,-0.011,-0.033,-0.022,2455,0
1925663,2.591,9.057,-2.641,-0.042,-0.021,-0.026,2455,0
1925683,2.521,9.115,-2.727,-0.030,-0.022,-0.015,2456,0
1925703,2.500,9.076,-2.739,-0.042,-0.032,0.004,2456,0
1925723,2.514,8.973,-2.770,-0.036,-0.036,-0.015,2455,0
1925743,2.514,8.976,-2.725,-0.045,-0.050,-0.027,2454,0
1925763,2.516,8.947,-2.749,-0.032,-0.048,-0.018,2456,0
1925783,2.543,9.043,-2.691,0.017,-0.035,-0.021,2454,0
1925803,2.557,9.206,-2.641,0.056,-0.040,-0.031,2455,0
1925824,2.612,9.201,-2.574,0.042,-0.052,-0.041,2455,0
1925843,2.677,9.112,-2.571,0.033,-0.045,-0.061,2454,0
1925863,2.648,9.184,-2.631,0.031,-0.032,-0.054,2457,0
1925883,2.634,9.285,-2.737,0.043,-0.030,-0.032,2456,0
1925904,2.655,9.258,-2.713,0.038,-0.021,-0.026,2454,0
1925923,2.624,9.175,-2.758,0.032,-0.008,-0.024,2454,0
1925943,2.591,9.117,-2.768,0.025,0.002,-0.010,2455,0
1925963,2.555,9.134,-2.758,0.042,0.006,0.011,2456,0
1925983,2.497,9.160,-2.777,0.054,0.008,0.021,2455,0
1926003,2.473,9.191,-2.761,0.059,-0.002,0.025,2454,0
1926023,2.495,9.141,-2.662,0.070,-0.005,0.021,2454,0
1926043,2.483,9.129,-2.684,0.079,-0.005,0.016,2454,0
1926064,2.488,9.165,-2.638,0.074,-0.010,0.017,2455,0
1926084,2.497,9.177,-2.701,0.021,-0.021,0.020,2454,0
1926103,2.562,8.971,-2.636,-0.033,-0.014,0.005,2456,0
1926123,2.567,8.825,-2.538,-0.026,0.015,-0.030,2456,0
1926143,2.468,8.866,-2.497,0.011,0.022,-0.047,2455,0
1926163,2.401,8.921,-2.507,0.057,0.000,-0.046,2455,0
1926184,2.449,8.961,-2.567,0.100,-0.023,-0.051,2456,0
1926203,2.478,9.151,-2.636,0.111,-0.032,-0.061,2456,0
1926224,2.519,9.237,-2.634,0.106,-0.033,-0.066,2454,0
1926243,2.500,9.280,-2.658,0.116,-0.016,-0.065,2454,0
1926264,2.449,9.433,-2.583,0.114,-0.010,-0.039,2457,0
1926284,2.500,9.500,-2.543,0.102,-0.025,-0.018,2455,0
1926304,2.557,9.347,-2.545,0.047,-0.035,-0.009,2454,0
1926323,2.614,9.254,-2.552,0.033,-0.037,-0.026,2455,0
1926344,2.605,9.230,-2.638,0.006,-0.034,-0.022,2453,0
1926363,2.545,9.258,-2.717,0.016,-0.033,-0.002,2454,0
1926384,2.581,9.270,-2.758,0.019,-0.031,0.014,2455,0
1926403,2.507,9.208,-2.717,0.007,-0.017,0.028,2454,0
1926423,2.452,9.100,-2.713,-0.003,-0.025,0.047,2455,0
1926443,2.488,9.002,-2.691,0.026,-0.034,0.050,2456,0
1926464,2.476,9.017,-2.729,0.075,-0.044,0.050,2454,0
1926483,2.490,9.050,-2.739,0.110,-0.047,0.032,2454,0
1926504,2.507,9.105,-2.729,0.102,-0.032,0.013,2455,0
1926523,2.500,9.179,-2.725,0.077,-0.026,0.002,2455,0
1926543,2.545,9.120,-2.643,0.027,-0.024,-0.002,2457,0
1926563,2.614,9.012,-2.535,0.014,-0.017,-0.012,2454,0
1926583,2.629,9.038,-2.519,0.018,-0.018,-0.021,2454,0
1926603,2.614,9.060,-2.579,0.014,-0.019,-0.037,2453,0
1926623,2.512,9.158,-2.643,0.013,-0.035,-0.030,2454,0
1926643,2.466,9.333,-2.713,0.002,-0.041,-0.022,2454,0
1926663,2.423,9.268,-2.811,-0.025,-0.037,0.005,2454,0
1926683,2.435,9.222,-2.780,0.006,-0.023,0.039,2454,0
1926703,2.468,9.268,-2.727,0.040,-0.019,0.051,2454,0
1926723,2.535,9.134,-2.626,0.053,-0.041,0.047,2453,0
1926743,2.636,8.945,-2.509,0.051,-0.036,0.024,2453,0
1926763,2.574,9.019,-2.483,0.061,-0.029,-0.016,2453,0
1926783,2.571,9.036,-2.543,0.031,-0.038,-0.007,2454,0
1926803,2.574,8.969,-2.559,0.039,-0.037,-0.003,2453,0
1926823,2.567,9.045,-2.610,0.073,-0.017,-0.034,2454,0
1926843,2.485,9.242,-2.705,0.067,-0.006,-0.050,2454,0
1926864,2.435,9.222,-2.660,0.032,0.004,-0.043,2454,0
1926884,2.430,9.170,-2.583,0.012,-0.001,-0.027,2454,0
1926903,2.444,9.151,-2.514,0.026,-0.011,-0.029,2454,0
1926923,2.471,9.175,-2.497,0.071,-0.038,-0.030,2454,0
1926943,2.495,9.232,-2.526,0.078,-0.049,-0.018,2456,0
1926963,2.512,9.268,-2.600,0.071,-0.050,-0.010,2453,0
1926983,2.500,9.285,-2.698,0.029,-0.040,-0.005,2452,0
1927003,2.500,9.246,-2.734,0.027,-0.037,0.004,2453,0
1927024,2.492,9.215,-2.708,0.011,-0.035,0.005,2454,0
1927043,2.500,9.165,-2.672,0.021,-0.038,0.009,2453,0
1927063,2.528,9.096,-2.598,0.031,-0.044,0.023,2453,0
1927084,2.523,9.055,-2.641,0.056,-0.048,0.036,2453,0
1927103,2.569,9.081,-2.559,0.074,-0.059,0.021,2453,0
1927123,2.555,9.096,-2.648,0.071,-0.065,0.001,2453,0
1927143,2.576,9.148,-2.612,0.064,-0.062,-0.005,2452,0
1927163,2.543,9.220,-2.638,0.048,-0.050,0.001,2452,0
1927184,2.543,9.282,-2.641,0.038,-0.048,0.000,2454,0
1927203,2.598,9.201,-2.684,0.018,-0.050,0.007,2453,0
1927223,2.643,9.165,-2.670,0.021,-0.049,-0.005,2453,0
1927243,2.634,9.127,-2.703,-0.006,-0.044,-0.012,2454,0
1927263,2.629,9.045,-2.729,-0.017,-0.035,0.005,2454,0
1927283,2.552,9.098,-2.780,0.015,-0.019,0.012,2455,0
1927303,2.476,9.172,-2.804,0.037,-0.022,0.022,2453,0
1927323,2.528,9.175,-2.729,0.064,-0.041,0.026,2453,0
1927343,2.559,9.064,-2.679,0.069,-0.044,0.023,2454,0
1927363,2.550,9.074,-2.648,0.081,-0.043,0.031,2453,0
1927383,2.555,9.213,-2.600,0.086,-0.049,0.034,2453,0
1927404,2.543,9.230,-2.684,0.058,-0.053,0.027,2454,0
1927423,2.567,9.275,-2.655,0.035,-0.052,0.033,2453,0
1927443,2.626,9.134,-2.595,-0.058,-0.050,0.046,2450,0
1927463,2.698,8.820,-2.540,-0.074,-0.013,0.030,2451,0
1927483,2.629,8.952,-2.523,0.024,0.015,-0.016,2452,0
1927503,2.514,9.084,-2.612,0.045,-0.006,-0.021,2453,0
1927523,2.543,8.973,-2.614,0.067,-0.019,-0.025,2453,0
1927543,2.495,9.108,-2.631,0.093,0.003,-0.041,2451,0
1927564,2.418,9.354,-2.591,0.083,-0.004,-0.023,2451,0
1927583,2.413,9.311,-2.574,0.062,-0.028,0.002,2453,0
1927604,2.447,9.237,-2.516,0.052,-0.031,-0.007,2453,0
1927623,2.507,9.227,-2.483,0.052,-0.044,-0.014,2453,0
1927643,2.526,9.139,-2.516,0.027,-0.055,-0.007,2452,0
1927664,2.521,9.134,-2.509,0.026,-0.060,-0.004,2452,0
1927683,2.521,9.194,-2.547,0.022,-0.054,-0.015,2453,0
1927703,2.533,9.136,-2.626,0.003,-0.051,-0.003,2453,0
1927723,2.581,9.170,-2.576,0.011,-0.054,0.003,2452,0
1927743,2.543,9.084,-2.593,0.000,-0.052,0.001,2452,0
1927763,2.555,9.052,-2.598,0.024,-0.065,-0.005,2450,0
1927783,2.535,9.112,-2.600,0.033,-0.072,-0.003,2452,0
1927803,2.538,9.139,-2.641,0.052,-0.083,-0.004,2451,0
1927823,2.571,9.172,-2.708,0.055,-0.078,0.004,2451,0
1927844,2.591,9.210,-2.782,0.064,-0.070,-0.000,2452,0
1927863,2.658,9.131,-2.737,0.035,-0.061,-0.010,2453,0
1927883,2.691,9.076,-2.693,0.023,-0.047,-0.011,2453,0
1927903,2.696,9.076,-2.634,0.020,-0.023,-0.012,2453,0
1927923,2.650,9.153,-2.612,0.031,-0.018,-0.010,2452,0
1927943,2.641,9.179,-2.610,0.035,-0.017,-0.003,2451,0
1927963,2.588,9.232,-2.605,0.055,-0.015,-0.006,2453,0
1927984,2.545,9.222,-2.648,0.047,-0.017,-0.001,2452,0
1928004,2.538,9.242,-2.650,0.062,-0.015,0.005,2452,0
1928023,2.512,9.316,-2.631,0.067,-0.006,0.006,2453,0
1928043,2.516,9.354,-2.591,0.057,-0.013,0.007,2452,0
1928063,2.557,9.184,-2.519,0.014,-0.015,0.011,2452,0
1928083,2.600,9.036,-2.521,-0.008,-0.017,0.011,2451,0
1928103,2.622,9.105,-2.533,-0.002,-0.012,0.001,2452,0
1928123,2.595,9.189,-2.605,0.003,-0.018,-0.003,2452,0
1928143,2.595,9.146,-2.614,-0.010,-0.021,-0.006,2453,0
1928163,2.588,9.036,-2.619,-0.027,-0.022,-0.001,2452,0
1928183,2.543,9.043,-2.634,-0.002,-0.022,0.014,2452,0
1928203,2.540,9.124,-2.638,0.040,-0.028,0.026,2452,0
1928223,2.552,9.163,-2.655,0.066,-0.045,0.022,2451,0
1928243,2.602,9.093,-2.638,0.056,-0.045,0.007,2452,0
1928263,2.634,9.041,-2.605,0.045,-0.031,0.004,2452,0
1928284,2.643,9.091,-2.591,0.049,-0.018,0.007,2451,0
1928303,2.636,9.148,-2.567,0.035,-0.008,-0.003,2453,0
1928323,2.670,9.120,-2.559,0.029,-0.010,-0.017,2452,0
1928343,2.662,9.081,-2.569,0.009,0.000,-0.037,2451,0
1928364,2.619,8.969,-2.583,-0.004,0.007,-0.020,2453,0
1928383,2.591,9.112,-2.624,0.040,0.007,0.003,2452,0
1928403,2.535,9.237,-2.595,0.061,0.020,-0.014,2452,0
1928423,2.509,9.256,-2.653,0.059,0.002,-0.011,2451,0
1928444,2.593,9.182,-2.540,0.039,0.007,-0.017,2453,0
1928463,2.559,9.069,-2.552,0.044,0.012,-0.001,2452,0
1928483,2.559,9.222,-2.466,0.078,0.003,0.005,2450,0
1928503,2.579,9.220,-2.447,0.064,-0.007,0.001,2452,0
1928523,2.605,9.153,-2.447,0.048,-0.020,-0.013,2452,0
1928543,2.653,9.052,-2.456,0.011,-0.014,-0.018,2453,0
1928563,2.602,9.105,-2.528,0.021,-0.005,-0.006,2452,0
1928583,2.559,9.225,-2.466,0.045,-0.002,-0.010,2452,0
1928603,2.552,9.237,-2.490,0.042,-0.013,-0.008,2452,0
1928624,2.557,9.179,-2.411,0.016,-0.018,-0.012,2452,0
1928643,2.543,9.026,-2.452,0.008,-0.025,-0.015,2454,0
1928664,2.512,9.096,-2.502,0.041,-0.039,0.001,2452,0
1928683,2.559,9.172,-2.519,0.075,-0.047,-0.001,2452,0
1928703,2.600,9.172,-2.521,0.067,-0.053,-0.005,2451,0
1928723,2.629,9.096,-2.483,0.034,-0.043,-0.010,2451,0
1928743,2.571,9.045,-2.550,0.005,-0.033,-0.001,2450,0
1928764,2.555,9.086,-2.533,0.029,-0.039,-0.006,2453,0
1928783,2.545,9.045,-2.567,0.055,-0.048,-0.008,2452,0
1928803,2.574,9.108,-2.552,0.087,-0.047,-0.026,2452,0
1928823,2.540,9.143,-2.559,0.057,-0.041,-0.029,2453,0
1928843,2.552,9.225,-2.574,0.052,-0.041,-0.016,2454,0
1928863,2.509,9.325,-2.586,0.046,-0.034,-0.010,2451,0
1928883,2.547,9.258,-2.550,0.029,-0.043,0.003,2452,0
1928903,2.612,9.143,-2.483,0.026,-0.042,-0.000,2452,0
1928923,2.629,9.081,-2.456,0.026,-0.043,-0.013,2450,0
1928943,2.595,9.103,-2.461,0.036,-0.046,-0.016,2451,0
1928963,2.543,9.182,-2.574,0.055,-0.054,-0.011,2451,0
1928983,2.571,9.208,-2.655,0.061,-0.055,-0.013,2451,0
1929003,2.583,9.215,-2.653,0.059,-0.045,-0.018,2451,0
1929024,2.579,9.182,-2.576,0.044,-0.036,-0.018,2451,0
1929043,2.564,9.112,-2.500,0.039,-0.035,-0.029,2452,0
1929063,2.583,9.084,-2.428,0.057,-0.047,-0.035,2450,0
1929083,2.552,9.141,-2.471,0.087,-0.056,-0.027,2451,0
1929103,2.531,9.177,-2.610,0.085,-0.063,0.002,2452,0
1929123,2.543,9.153,-2.622,0.088,-0.047,-0.004,2451,0
1929144,2.523,9.196,-2.777,0.035,-0.034,0.002,2452,0
1929163,2.605,9.136,-2.567,0.019,-0.029,-0.016,2450,0
1929183,2.581,9.055,-2.586,0.019,-0.009,-0.017,2452,0
1929203,2.545,9.220,-2.480,0.039,-0.023,-0.006,2450,0
1929224,2.555,9.237,-2.550,0.025,-0.032,-0.018,2451,0
1929243,2.557,9.182,-2.581,0.035,-0.042,-0.021,2450,0
1929264,2.557,9.170,-2.569,0.046,-0.026,-0.008,2451,0
1929283,2.526,9.177,-2.610,0.048,-0.019,0.011,2451,0
1929303,2.504,9.175,-2.624,0.048,-0.014,0.009,2451,0
1929324,2.476,9.201,-2.586,0.056,-0.024,-0.004,2451,0
1929343,2.468,9.196,-2.591,0.054,-0.024,-0.016,2451,0
1929363,2.471,9.177,-2.557,0.056,-0.023,-0.008,2450,0
1929383,2.449,9.273,-2.557,0.060,-0.017,0.009,2450,0
1929403,2.509,9.285,-2.476,0.047,-0.025,0.027,2450,0
1929423,2.552,9.234,-2.447,0.033,-0.029,0.015,2451,0
1929444,2.552,9.170,-2.461,0.021,-0.037,0.000,2451,0
1929463,2.562,9.100,-2.459,0.011,-0.053,0.008,2451,0
1929483,2.550,9.060,-2.533,0.018,-0.054,0.027,2451,0
1929503,2.526,9.203,-2.557,0.062,-0.058,0.031,2450,0
1929523,2.516,9.256,-2.562,0.051,-0.069,0.023,2451,0
1929543,2.588,9.153,-2.569,0.040,-0.084,0.014,2449,0
1929563,2.624,9.041,-2.543,0.022,-0.074,0.015,2452,0
1929583,2.583,9.081,-2.569,0.045,-0.069,0.019,2452,0
1929603,2.595,9.189,-2.593,0.034,-0.070,-0.000,2451,0
1929623,2.641,9.105,-2.655,-0.000,-0.071,-0.019,2452,0
1929644,2.636,9.000,-2.643,0.003,-0.051,-0.030,2452,0
1929664,2.586,9.055,-2.636,0.014,-0.042,-0.010,2451,0
1929683,2.614,9.096,-2.650,0.063,-0.041,0.018,2451,0
1929703,2.562,9.182,-2.713,0.093,-0.018,0.023,2451,0
1929723,2.535,9.218,-2.701,0.084,-0.008,0.012,2450,0
1929744,2.552,9.129,-2.557,0.036,-0.009,0.002,2450,0
1929763,2.559,9.081,-2.543,0.038,-0.014,-0.004,2450,0
1929783,2.567,9.163,-2.483,0.075,-0.014,-0.006,2451,0
1929803,2.528,9.294,-2.533,0.101,-0.029,0.002,2450,0
1929823,2.576,9.316,-2.485,0.071,-0.038,-0.001,2449,0
1929843,2.602,9.201,-2.476,0.019,-0.043,-0.007,2450,0
1929863,2.586,9.155,-2.509,-0.008,-0.036,0.002,2450,0
1929883,2.540,9.227,-2.636,0.022,-0.035,0.025,2450,0
1929904,2.543,9.242,-2.725,0.055,-0.038,0.028,2450,0
1929923,2.564,9.155,-2.703,0.059,-0.028,0.027,2451,0
1929944,2.626,9.055,-2.523,0.048,-0.026,0.038,2449,0
1929963,2.579,9.067,-2.514,0.046,-0.024,0.027,2450,0
1929983,2.557,9.096,-2.468,0.054,-0.041,0.025,2450,0
1930003,2.555,9.163,-2.526,0.072,-0.051,0.006,2451,0
1930023,2.612,9.163,-2.557,0.052,-0.057,-0.001,2449,0
1930043,2.598,9.167,-2.583,0.026,-0.045,0.001,2449,0
1930064,2.619,9.199,-2.684,0.017,-0.039,0.014,2449,0
1930083,2.602,9.158,-2.682,-0.008,-0.037,0.018,2449,0
1930104,2.631,9.072,-2.677,0.004,-0.039,0.006,2449,0
1930123,2.641,9.045,-2.674,-0.006,-0.039,0.007,2450,0
1930144,2.658,8.959,-2.607,0.021,-0.027,0.005,2450,0
1930163,2.605,9.036,-2.588,0.066,-0.019,0.011,2449,0
1930183,2.547,9.172,-2.593,0.080,-0.027,0.017,2450,0
1930203,2.576,9.158,-2.550,0.079,-0.043,0.002,2450,0
1930223,2.643,9.038,-2.497,0.049,-0.048,-0.013,2450,0
1930243,2.708,8.938,-2.423,0.029,-0.050,-0.026,2449,0
1930264,2.715,8.899,-2.315,-0.003,-0.049,-0.054,2449,0
1930283,2.586,9.079,-2.377,-0.005,-0.062,-0.077,2450,0
1930304,2.480,9.311,-2.507,-0.002,-0.070,-0.086,2450,0
1930323,2.447,9.395,-2.715,-0.002,-0.070,-0.062,2449,0
1930343,2.512,9.388,-2.765,0.004,-0.063,-0.028,2450,0
1930364,2.564,9.199,-2.749,0.003,-0.042,-0.010,2450,0
1930383,2.614,9.100,-2.605,0.034,-0.038,0.001,2449,0
1930404,2.574,9.115,-2.509,0.061,-0.035,-0.014,2451,0
1930423,2.564,9.098,-2.471,0.062,-0.047,-0.013,2448,0
1930443,2.492,9.222,-2.526,0.082,-0.049,-0.017,2450,0
1930464,2.473,9.359,-2.614,0.071,-0.054,-0.004,2450,0
1930483,2.552,9.361,-2.550,0.056,-0.051,0.006,2449,0
1930503,2.617,9.278,-2.528,0.026,-0.048,0.002,2450,0
1930523,2.660,9.148,-2.492,-0.021,-0.041,-0.007,2450,0
1930543,2.648,9.134,-2.550,-0.013,-0.041,-0.017,2449,0
1930564,2.619,9.108,-2.571,-0.016,-0.041,0.003,2451,0
1930584,2.586,9.084,-2.602,0.015,-0.040,0.002,2449,0
1930603,2.535,9.064,-2.629,0.011,-0.031,0.018,2449,0
1930623,2.571,9.048,-2.631,0.044,-0.039,0.013,2450,0
1930643,2.543,8.959,-2.610,0.062,-0.035,-0.005,2449,0
1930664,2.485,9.026,-2.624,0.114,-0.042,-0.020,2449,0
1930684,2.447,9.160,-2.648,0.095,-0.030,-0.018,2449,0
1930703,2.473,9.321,-2.653,0.098,-0.031,-0.007,2449,0
1930724,2.583,9.309,-2.569,0.063,-0.022,-0.000,2450,0
1930743,2.674,9.210,-2.512,0.053,-0.019,-0.010,2449,0
1930764,2.684,9.139,-2.452,0.015,-0.011,-0.026,2449,0
1930783,2.643,9.084,-2.490,-0.007,-0.009,-0.028,2449,0
1930804,2.602,9.160,-2.500,0.001,-0.013,-0.015,2450,0
1930823,2.516,9.230,-2.547,0.035,-0.007,-0.005,2450,0
1930844,2.468,9.232,-2.581,0.050,-0.022,0.008,2448,0
1930863,2.497,9.124,-2.593,0.044,-0.032,-0.002,2449,0
1930883,2.478,9.108,-2.634,0.058,-0.027,-0.008,2449,0
1930903,2.456,9.234,-2.655,0.084,-0.021,-0.012,2449,0
1930923,2.504,9.206,-2.624,0.080,-0.015,-0.011,2449,0
1930943,2.581,9.160,-2.569,0.072,-0.004,-0.014,2449,0
1930963,2.586,9.189,-2.478,0.032,0.005,-0.032,2449,0
1930983,2.591,9.155,-2.447,-0.004,-0.003,-0.029,2450,0
1931003,2.562,9.208,-2.449,0.009,-0.005,-0.022,2451,0
1931023,2.531,9.246,-2.571,0.015,-0.017,-0.006,2449,0
1931043,2.538,9.127,-2.598,0.014,-0.026,0.013,2449,0
1931063,2.538,9.088,-2.607,0.026,-0.020,0.014,2449,0
1931084,2.512,9.129,-2.665,0.043,-0.012,0.018,2449,0
1931103,2.531,9.134,-2.614,0.067,-0.011,0.015,2450,0
1931123,2.531,9.110,-2.555,0.072,-0.003,-0.004,2449,0
1931143,2.507,9.131,-2.509,0.072,-0.008,-0.024,2448,0
1931163,2.519,9.153,-2.440,0.054,-0.013,-0.019,2448,0
1931184,2.562,9.222,-2.507,0.052,-0.015,-0.018,2448,0
1931203,2.567,9.337,-2.514,0.046,-0.007,-0.026,2449,0
1931223,2.547,9.309,-2.531,0.009,-0.003,-0.018,2449,0
1931244,2.557,9.172,-2.478,-0.017,-0.009,-0.002,2449,0
1931263,2.516,9.055,-2.430,-0.005,-0.010,0.012,2448,0
1931284,2.495,9.091,-2.500,0.046,-0.025,0.031,2448,0
1931303,2.478,9.136,-2.588,0.082,-0.036,0.029,2449,0
1931323,2.480,9.129,-2.614,0.084,-0.036,0.016,2448,0
1931343,2.454,9.227,-2.593,0.084,-0.025,0.012,2449,0
1931363,2.435,9.266,-2.516,0.066,-0.024,0.012,2449,0
1931384,2.502,9.151,-2.411,0.049,-0.035,0.012,2448,0
1931403,2.586,9.117,-2.406,0.050,-0.036,-0.016,2448,0
1931423,2.626,9.148,-2.411,0.033,-0.043,-0.022,2448,0
1931443,2.641,9.201,-2.437,0.008,-0.037,-0.034,2448,0
1931464,2.634,9.172,-2.452,-0.025,-0.038,-0.029,2449,0
1931483,2.607,9.153,-2.528,-0.021,-0.036,-0.026,2448,0
1931503,2.533,9.191,-2.643,-0.006,-0.044,0.005,2448,0
1931523,2.540,9.280,-2.689,0.034,-0.052,0.005,2448,0
1931543,2.519,9.230,-2.751,0.038,-0.039,0.003,2448,0
1931564,2.545,9.210,-2.629,0.054,-0.036,0.023,2448,0
1931584,2.550,9.136,-2.557,0.039,-0.025,0.020,2448,0
1931603,2.579,9.033,-2.504,0.048,-0.031,0.015,2448,0
1931624,2.605,9.086,-2.440,0.070,-0.038,0.007,2449,0
1931643,2.622,9.064,-2.413,0.055,-0.039,0.005,2449,0
1931663,2.624,9.076,-2.435,0.033,-0.037,-0.005,2449,0
1931684,2.612,9.108,-2.526,0.019,-0.034,-0.019,2448,0
1931703,2.583,9.098,-2.550,0.014,-0.033,-0.025,2448,0
1931724,2.557,9.084,-2.545,0.047,-0.029,-0.017,2448,0
1931743,2.485,9.227,-2.591,0.078,-0.022,-0.014,2449,0
1931763,2.461,9.328,-2.581,0.058,-0.030,-0.015,2449,0
1931783,2.495,9.261,-2.557,0.050,-0.038,-0.017,2449,0
1931803,2.523,9.203,-2.507,0.050,-0.037,-0.003,2449,0
1931823,2.540,9.268,-2.478,0.070,-0.037,0.017,2449,0
1931843,2.571,9.208,-2.459,0.063,-0.035,0.007,2448,0
1931863,2.591,9.151,-2.442,0.037,-0.039,-0.013,2448,0
1931883,2.610,9.165,-2.433,0.025,-0.037,-0.016,2448,0
1931903,2.528,9.201,-2.512,0.026,-0.030,-0.001,2448,0
1931923,2.528,9.258,-2.564,0.043,-0.035,-0.001,2449,0
1931943,2.557,9.278,-2.559,0.035,-0.035,-0.008,2448,0
1931963,2.579,9.213,-2.464,0.030,-0.035,-0.012,2448,0
1931983,2.591,9.206,-2.490,0.026,-0.028,-0.006,2448,0
1932004,2.535,9.256,-2.466,0.032,-0.031,0.014,2448,0
1932023,2.497,9.421,-2.686,0.063,-0.051,0.021,2446,0
1932043,2.538,9.402,-2.516,0.045,-0.058,0.034,2442,0
1932063,2.579,9.318,-2.540,0.038,-0.091,0.037,2440,0
1932083,2.528,9.522,-2.670,0.031,-0.122,0.063,2431,0
1932103,2.533,9.266,-2.772,-0.087,-0.163,0.136,2419,0
1932123,2.646,8.930,-2.753,-0.152,-0.155,0.148,2407,0
1932143,2.622,9.304,-2.298,-0.085,-0.122,0.076,2389,0
1932164,2.502,9.749,-2.492,-0.108,-0.211,0.137,2367,0
1932183,2.433,9.258,-2.444,-0.365,-0.339,0.336,2341,0
1932204,2.691,8.952,-2.272,-0.362,-0.318,0.392,2320,0
1932223,2.962,8.291,-2.349,-0.394,-0.170,0.299,2309,1310
1932243,3.065,8.715,-1.915,-0.197,-0.102,0.053,2302,2980
1932264,2.935,8.794,-2.102,-0.025,-0.052,-0.081,2295,3510
1932284,2.813,8.880,-2.325,-0.026,-0.027,0.048,2294,3694
1932303,2.653,9.218,-2.509,-0.071,0.008,0.071,2292,3824
1932324,2.693,9.309,-2.428,-0.069,0.065,-0.006,2291,3951
1932343,2.835,9.369,-2.224,-0.095,0.062,-0.018,2290,4006
1932363,2.911,8.997,-1.841,-0.059,0.076,-0.002,2288,4038
1932383,2.418,8.909,-1.817,-0.027,0.006,0.008,2289,4049
1932403,2.456,9.268,-2.018,0.041,0.010,-0.031,2288,4072
1932423,3.194,9.129,-1.626,-0.006,-0.003,-0.013,2287,4083
1932444,2.840,9.342,-2.025,0.058,-0.071,-0.030,2287,4095
1932463,2.200,8.935,-1.638,-0.035,-0.058,0.054,2286,4095
1932483,3.575,9.218,-2.456,0.153,-0.042,-0.052,2287,4095
1932503,2.662,9.543,-2.339,0.052,-0.070,-0.011,2287,4095
1932523,2.195,8.964,-1.793,-0.080,-0.047,0.068,2284,4095
1932543,3.656,9.055,-2.222,0.102,0.012,-0.055,2286,4095
1932563,3.021,9.550,-2.248,0.095,-0.009,-0.042,2284,4095
1932583,1.920,9.244,-1.583,-0.048,-0.055,0.077,2283,4095
1932603,3.110,8.983,-1.822,0.039,-0.055,0.031,2284,4095
1932623,3.704,9.318,-2.399,0.150,-0.034,-0.057,2284,4095
1932643,2.334,9.373,-2.109,0.029,-0.069,0.022,2283,4095
1932664,2.109,9.009,-1.822,-0.071,-0.055,0.080,2283,4095
1932683,3.519,8.995,-2.294,0.061,-0.023,-0.022,2283,4095
1932704,3.369,9.347,-2.416,0.130,-0.035,-0.056,2284,4095
1932724,1.997,9.227,-1.913,-0.019,-0.042,0.038,2285,4095
1932743,2.444,8.746,-1.781,-0.018,-0.029,0.041,2284,4093
1932763,3.754,9.048,-2.325,0.152,-0.014,-0.076,2285,4087
1932784,3.010,9.230,-2.152,0.167,-0.035,-0.080,2285,4036
1932803,1.968,9.280,-1.796,0.117,-0.055,0.002,2286,3938
1932823,2.741,9.002,-1.956,0.179,-0.042,-0.017,2287,3430
1932843,3.527,9.143,-2.301,0.279,-0.026,-0.023,2287,2572
1932864,2.708,9.675,-2.308,0.153,-0.080,0.106,2289,0
1932883,2.229,9.309,-2.241,-0.052,-0.027,0.119,2292,0
1932903,3.388,8.516,-2.284,0.060,0.123,-0.104,2306,0
1932924,3.527,8.940,-2.595,0.335,0.215,-0.248,2323,0
1932943,2.342,9.555,-2.274,0.159,0.128,-0.079,2340,0
1932963,2.447,9.287,-1.793,0.047,0.059,0.047,2355,0
1932983,3.393,8.825,-1.966,0.207,0.109,-0.091,2373,0
1933003,3.273,8.878,-2.387,0.336,0.113,-0.237,2389,0
1933023,2.246,9.007,-2.301,0.193,0.052,-0.209,2410,0
1933043,2.294,9.232,-2.093,0.121,0.043,-0.112,2421,0
1933063,2.978,9.380,-2.523,0.192,0.031,-0.128,2433,0
1933083,2.835,9.373,-2.725,0.284,0.005,-0.150,2440,0
1933103,2.095,9.177,-2.315,0.120,-0.047,-0.083,2447,0
1933124,2.049,9.179,-2.354,0.026,-0.048,-0.078,2450,0
1933143,3.072,9.220,-2.780,0.101,0.015,-0.124,2448,0
1933164,2.612,9.280,-2.806,0.130,-0.040,-0.121,2447,0
1933183,2.109,9.072,-2.222,0.008,-0.076,-0.024,2447,0
1933203,2.758,9.318,-1.930,0.043,-0.032,0.015,2447,0
1933223,3.208,9.529,-2.653,0.175,-0.025,-0.061,2447,0
1933244,2.418,9.579,-2.698,0.116,-0.086,-0.046,2448,0
1933263,2.136,9.246,-2.090,-0.096,-0.132,0.104,2448,0
1933283,3.105,9.225,-2.243,-0.019,-0.085,0.115,2450,0
1933303,3.074,9.304,-3.081,0.158,-0.085,0.013,2450,0
1933323,2.600,9.254,-3.086,0.161,-0.087,-0.004,2451,0
1933343,2.054,9.079,-2.497,-0.017,-0.095,0.075,2452,6
