3199813,3.929,8.272,3.541,0.068,-0.047,0.017,2447,0
3199833,3.972,8.234,3.642,0.044,-0.040,0.009,2447,0
3199853,3.953,8.140,3.704,0.031,-0.043,0.001,2447,0
3199873,3.943,8.092,3.646,0.051,-0.050,0.001,2448,0
3199893,3.958,8.191,3.524,0.056,-0.046,-0.009,2448,0
3199913,3.948,8.277,3.572,0.042,-0.037,-0.010,2448,0
3199933,3.970,8.291,3.620,0.035,-0.040,-0.003,2447,0
3199953,4.001,8.270,3.670,0.043,-0.044,0.002,2447,0
3199973,4.001,8.258,3.632,0.048,-0.050,0.006,2447,0
3199993,3.989,8.236,3.567,0.048,-0.051,0.012,2447,0
3200013,3.998,8.179,3.546,0.040,-0.047,0.010,2448,0
3200033,3.960,8.150,3.582,0.029,-0.047,0.004,2448,0
3200053,3.943,8.159,3.587,0.035,-0.051,-0.001,2447,0
3200073,3.912,8.210,3.491,0.053,-0.050,-0.000,2448,0
3200093,3.955,8.234,3.469,0.051,-0.045,0.001,2448,0
3200113,4.027,8.186,3.491,0.035,-0.043,-0.001,2447,0
3200133,3.994,8.198,3.515,0.034,-0.042,-0.005,2447,0
3200153,3.936,8.219,3.529,0.041,-0.046,-0.004,2447,0
3200173,3.888,8.217,3.488,0.042,-0.042,-0.006,2447,0
3200193,3.919,8.193,3.486,0.039,-0.041,-0.011,2447,0
3200213,3.929,8.135,3.529,0.048,-0.041,-0.015,2448,0
3200233,3.974,8.107,3.517,0.067,-0.048,-0.016,2447,0
3200253,3.965,8.186,3.493,0.073,-0.048,-0.018,2447,0
3200273,3.948,8.238,3.496,0.063,-0.044,-0.021,2447,0
3200293,3.950,8.241,3.548,0.049,-0.035,-0.019,2447,0
3200313,4.008,8.167,3.565,0.054,-0.036,-0.015,2447,0
3200333,4.034,8.133,3.539,0.063,-0.038,-0.021,2447,0
3200353,4.010,8.174,3.503,0.066,-0.038,-0.029,2447,0
3200373,3.960,8.346,3.505,0.057,-0.039,-0.032,2447,0
3200393,3.946,8.373,3.577,0.040,-0.035,-0.023,2447,0
3200413,3.974,8.305,3.598,0.048,-0.037,-0.008,2447,0
3200433,3.998,8.260,3.570,0.055,-0.036,0.002,2447,0
3200453,3.979,8.191,3.567,0.044,-0.033,-0.007,2447,0
3200473,3.982,8.212,3.591,0.049,-0.033,-0.013,2447,0
3200493,3.943,8.305,3.613,0.045,-0.040,-0.014,2446,0
3200513,3.917,8.305,3.625,0.038,-0.046,-0.002,2447,0
3200533,3.893,8.224,3.555,0.037,-0.044,-0.001,2447,0
3200553,3.910,8.162,3.498,0.040,-0.044,-0.005,2447,0
3200573,3.986,8.145,3.488,0.038,-0.037,-0.018,2445,0
3200593,3.934,8.198,3.555,0.031,-0.044,-0.025,2445,0
3200613,3.886,8.274,3.563,0.027,-0.054,-0.023,2445,0
3200633,3.838,8.272,3.517,0.044,-0.063,-0.019,2446,0
3200653,3.929,8.296,3.369,0.063,-0.061,-0.010,2445,0
3200673,4.003,8.298,3.326,0.061,-0.045,-0.007,2445,0
3200693,4.041,8.241,3.333,0.049,-0.029,-0.007,2446,0
3200713,3.989,8.140,3.414,0.037,-0.019,-0.006,2446,0
3200733,3.960,8.097,3.450,0.040,-0.015,-0.015,2446,0
3200753,3.907,8.193,3.491,0.062,-0.017,-0.024,2444,0
3200773,3.891,8.353,3.488,0.074,-0.019,-0.023,2444,0
3200793,3.917,8.428,3.531,0.064,-0.029,-0.013,2444,0
3200813,3.936,8.373,3.543,0.053,-0.037,-0.005,2445,0
3200833,3.958,8.296,3.534,0.055,-0.040,-0.002,2444,0
3200853,4.010,8.246,3.527,0.073,-0.039,0.003,2444,0
3200873,3.984,8.277,3.519,0.072,-0.033,0.002,2444,0
3200893,3.953,8.229,3.589,0.048,-0.031,0.001,2442,0
3200913,3.962,8.152,3.563,0.039,-0.034,-0.005,2444,0
3200933,4.022,8.145,3.570,0.040,-0.031,-0.017,2444,0
3200953,3.972,8.277,3.548,0.046,-0.032,-0.026,2445,0
3200973,3.867,8.396,3.539,0.035,-0.032,-0.017,2444,0
3200993,3.812,8.332,3.476,0.028,-0.034,-0.005,2443,0
3201013,3.895,8.179,3.390,0.042,-0.032,-0.007,2445,0
3201033,3.903,8.176,3.354,0.052,-0.023,-0.015,2444,0
3201053,3.912,8.181,3.433,0.044,-0.017,-0.019,2445,0
3201073,3.888,8.226,3.505,0.033,-0.022,-0.026,2444,0
3201093,3.915,8.248,3.524,0.033,-0.033,-0.030,2445,0
3201113,3.915,8.327,3.424,0.051,-0.041,-0.035,2445,0
3201133,3.972,8.399,3.364,0.065,-0.039,-0.025,2446,0
3201153,4.039,8.440,3.366,0.063,-0.029,-0.009,2443,0
3201173,4.001,8.394,3.397,0.042,-0.016,-0.001,2444,0
3201193,3.977,8.325,3.510,0.030,-0.013,-0.001,2444,0
3201213,3.970,8.282,3.594,0.048,-0.019,0.007,2445,0
3201233,3.950,8.310,3.649,0.065,-0.034,0.011,2443,0
3201253,3.931,8.298,3.587,0.058,-0.044,0.013,2444,0
3201273,3.931,8.286,3.553,0.052,-0.054,0.010,2445,0
3201293,3.938,8.258,3.527,0.054,-0.050,0.010,2447,0
3201313,3.922,8.272,3.467,0.048,-0.040,0.006,2444,0
3201333,3.907,8.241,3.515,0.039,-0.035,0.009,2444,0
3201353,3.907,8.195,3.524,0.035,-0.038,0.006,2444,0
3201373,3.905,8.181,3.517,0.028,-0.035,-0.007,2445,0
3201393,3.862,8.183,3.484,0.029,-0.031,-0.013,2444,0
3201413,3.847,8.262,3.539,0.035,-0.035,-0.014,2444,0
3201433,3.869,8.313,3.527,0.034,-0.040,-0.011,2445,0
3201453,3.867,8.327,3.529,0.035,-0.047,-0.006,2446,0
3201473,3.910,8.282,3.469,0.031,-0.053,-0.006,2443,0
3201493,3.919,8.212,3.402,0.035,-0.053,-0.008,2446,0
3201513,3.950,8.289,3.349,0.041,-0.045,-0.014,2445,0
3201533,3.924,8.373,3.400,0.037,-0.038,-0.005,2445,0
3201553,3.962,8.289,3.464,0.031,-0.038,0.004,2444,0
3201573,3.970,8.176,3.524,0.038,-0.038,-0.003,2443,0
3201593,4.008,8.150,3.481,0.054,-0.047,-0.010,2444,0
3201613,3.982,8.229,3.440,0.063,-0.040,-0.013,2445,0
3201633,3.970,8.322,3.421,0.055,-0.032,-0.007,2444,0
3201653,3.958,8.301,3.443,0.032,-0.021,-0.005,2445,0
3201673,3.924,8.241,3.515,0.028,-0.021,-0.011,2445,0
3201693,3.929,8.231,3.493,0.057,-0.027,-0.007,2445,0
3201713,3.812,8.341,3.467,0.062,-0.034,0.006,2445,0
3201733,3.840,8.315,3.479,0.051,-0.028,0.016,2446,0
3201753,3.891,8.226,3.572,0.026,-0.025,0.010,2445,0
3201773,3.881,8.061,3.601,0.038,-0.027,0.000,2445,0
3201793,3.886,8.073,3.524,0.065,-0.043,-0.016,2444,0
3201813,3.879,8.200,3.433,0.065,-0.046,-0.020,2445,0
3201833,3.881,8.308,3.378,0.056,-0.039,-0.030,2444,0
3201853,3.926,8.377,3.395,0.043,-0.026,-0.024,2446,0
3201873,3.907,8.315,3.474,0.037,-0.022,-0.016,2445,0
3201893,3.960,8.224,3.455,0.048,-0.027,-0.018,2445,0
3201913,4.029,8.224,3.448,0.058,-0.030,-0.023,2443,0
3201933,4.025,8.334,3.534,0.052,-0.028,-0.026,2443,0
3201953,3.967,8.404,3.503,0.054,-0.033,-0.017,2442,0
3201973,3.958,8.370,3.414,0.069,-0.037,-0.004,2443,0
3201993,4.046,8.294,3.335,0.083,-0.026,-0.000,2442,0
3202013,4.061,8.363,3.330,0.085,-0.021,-0.002,2443,0
3202033,4.008,8.543,3.421,0.070,-0.023,0.009,2443,0
3202053,3.871,8.576,3.575,0.047,-0.026,0.030,2443,0
3202073,3.778,8.418,3.649,0.046,-0.045,0.050,2442,0
3202093,3.776,8.147,3.584,0.052,-0.060,0.047,2444,0
3202113,3.869,8.035,3.498,0.063,-0.066,0.029,2443,0
3202133,3.915,8.109,3.407,0.064,-0.053,0.012,2444,0
3202153,3.867,8.174,3.426,0.029,-0.034,-0.000,2444,0
3202173,3.807,8.116,3.448,0.002,-0.017,-0.017,2443,0
3202193,3.958,8.114,3.433,0.014,-0.005,-0.028,2443,0
3202213,4.041,8.272,3.457,0.018,0.009,-0.036,2443,0
3202233,3.991,8.425,3.555,0.014,0.011,-0.028,2444,0
3202253,3.922,8.478,3.618,0.001,-0.000,-0.010,2444,0
3202273,3.960,8.296,3.584,0.002,-0.013,0.004,2443,0
3202293,4.001,8.186,3.508,0.035,-0.023,0.005,2441,0
3202313,4.046,8.219,3.527,0.043,-0.037,0.001,2443,0
3202333,3.974,8.289,3.496,0.032,-0.047,-0.002,2443,0
3202353,3.926,8.325,3.407,0.026,-0.054,0.003,2443,0
3202373,3.891,8.258,3.326,0.037,-0.046,0.007,2442,0
3202393,3.910,8.231,3.285,0.058,-0.035,0.007,2443,0
3202413,3.915,8.219,3.273,0.060,-0.024,0.002,2443,0
3202433,3.912,8.234,3.330,0.050,-0.016,-0.006,2443,0
3202453,3.891,8.258,3.342,0.047,-0.017,-0.011,2444,0
3202473,3.862,8.212,3.347,0.054,-0.013,-0.004,2444,0
3202493,3.855,8.226,3.409,0.074,-0.002,0.004,2443,0
3202513,3.926,8.303,3.488,0.070,0.005,-0.004,2442,0
3202533,3.946,8.286,3.577,0.048,-0.003,-0.006,2444,0
3202553,3.991,8.265,3.591,0.043,-0.017,-0.016,2445,0
3202573,3.979,8.351,3.534,0.056,-0.018,-0.018,2444,0
3202593,3.962,8.454,3.527,0.050,-0.010,-0.007,2443,0
3202613,3.991,8.442,3.579,0.039,-0.006,0.008,2442,0
3202633,3.984,8.377,3.725,0.035,-0.010,0.022,2444,0
3202653,3.972,8.274,3.745,0.027,-0.020,0.023,2443,0
3202673,3.924,8.212,3.711,0.026,-0.030,0.021,2441,0
3202693,3.886,8.226,3.625,0.037,-0.038,0.020,2442,0
3202713,3.936,8.250,3.546,0.033,-0.045,0.014,2442,0
3202733,3.979,8.270,3.460,0.025,-0.046,0.006,2443,0
3202753,3.919,8.253,3.421,0.022,-0.041,0.012,2442,0
3202773,3.871,8.248,3.376,0.023,-0.026,0.016,2442,0
3202793,3.845,8.205,3.405,0.015,-0.019,0.011,2443,0
3202813,3.895,8.119,3.460,0.019,-0.023,0.006,2444,0
3202833,3.903,8.143,3.529,0.036,-0.028,-0.003,2442,0
3202853,3.867,8.191,3.510,0.050,-0.039,-0.005,2444,0
3202873,3.855,8.253,3.479,0.047,-0.044,-0.007,2444,0
3202893,3.924,8.193,3.424,0.049,-0.041,-0.013,2443,0
3202913,4.010,8.198,3.381,0.055,-0.033,-0.012,2442,0
3202933,4.010,8.198,3.397,0.040,-0.021,-0.015,2443,0
3202953,3.919,8.250,3.496,0.035,-0.020,-0.018,2442,0
3202973,3.953,8.277,3.575,0.054,-0.025,-0.010,2443,0
3202993,3.967,8.325,3.543,0.067,-0.037,-0.007,2443,0
3203013,4.003,8.351,3.472,0.068,-0.041,-0.002,2442,0
3203033,4.061,8.358,3.419,0.050,-0.024,0.002,2442,0
3203053,4.080,8.325,3.541,0.025,-0.011,0.004,2442,0
3203073,4.065,8.320,3.670,0.026,-0.018,0.013,2442,0
3203093,4.065,8.416,3.754,0.039,-0.031,0.024,2442,0
3203113,4.032,8.473,3.864,0.042,-0.050,0.039,2443,0
3203133,4.051,8.449,3.910,0.019,-0.077,0.049,2443,0
3203153,4.113,8.370,3.874,0.023,-0.103,0.064,2442,0
3203173,4.185,8.416,3.733,0.035,-0.113,0.080,2443,0
3203193,4.180,8.444,3.675,-0.003,-0.112,0.083,2443,0
3203213,4.144,8.234,3.572,-0.060,-0.110,0.084,2442,0
3203233,4.080,8.255,3.630,-0.013,-0.108,0.105,2443,0
3203253,4.022,8.282,3.491,0.007,-0.096,0.130,2441,0
3203273,3.989,8.262,3.373,-0.009,-0.114,0.169,2439,0
3203293,4.278,8.305,3.151,-0.011,-0.088,0.197,2439,0
3203313,4.341,8.085,3.179,-0.071,-0.010,0.099,2438,0
3203333,4.166,7.975,3.354,-0.074,0.006,0.066,2436,0
3203353,4.108,8.052,3.321,-0.034,-0.014,0.066,2433,0
3203373,4.061,8.181,3.335,-0.026,-0.012,0.039,2433,0
3203393,3.994,8.243,3.285,-0.039,-0.004,0.026,2434,0
3203413,4.106,7.966,3.287,-0.047,0.015,0.026,2435,0
3203433,4.171,7.894,3.357,-0.029,0.033,0.002,2435,0
3203453,4.199,7.934,3.395,-0.013,0.032,-0.021,2436,0
3203473,4.214,8.147,3.481,-0.014,0.031,-0.022,2436,0
3203493,4.175,8.394,3.596,-0.010,0.019,-0.006,2437,0
3203513,4.207,8.464,3.666,-0.012,-0.009,0.022,2435,0
3203533,4.238,8.368,3.658,-0.011,-0.032,0.046,2436,0
3203553,4.245,8.195,3.687,-0.007,-0.046,0.067,2435,0
3203573,4.149,8.037,3.666,0.004,-0.047,0.077,2435,0
3203593,4.123,7.966,3.630,0.010,-0.044,0.079,2436,0
3203613,4.259,7.803,3.572,-0.011,-0.019,0.073,2436,0
3203633,4.307,7.666,3.663,-0.039,0.014,0.045,2436,0
3203653,4.190,7.681,3.833,-0.046,0.025,0.027,2435,0
3203673,4.061,7.867,4.053,-0.035,0.009,0.026,2433,0
3203693,3.994,7.829,4.101,-0.036,-0.002,0.027,2433,0
3203713,4.013,7.733,3.974,-0.017,-0.022,0.027,2432,0
3203733,4.142,7.657,3.862,-0.005,-0.036,0.027,2431,0
3203753,4.250,7.578,3.709,0.000,-0.032,0.016,2431,0
3203773,4.360,7.570,3.634,0.034,-0.026,0.015,2432,0
3203793,4.410,7.673,3.553,0.059,-0.015,0.011,2433,0
3203813,4.367,7.855,3.527,0.055,0.008,0.006,2435,0
3203833,4.281,7.958,3.606,0.039,0.038,0.018,2432,0
3203853,4.221,7.977,3.721,0.039,0.051,0.025,2434,0
3203873,4.164,7.970,3.795,0.059,0.039,0.038,2432,0
3203893,4.233,8.030,3.903,0.060,0.023,0.050,2430,0
3203913,4.271,7.997,4.001,0.055,0.017,0.052,2434,0
3203933,4.317,8.018,4.180,0.056,0.017,0.042,2431,0
3203953,4.211,8.011,4.259,0.062,0.007,0.041,2433,0
3203973,4.187,7.951,4.266,0.078,-0.027,0.056,2431,0
3203993,4.183,7.918,4.264,0.084,-0.069,0.066,2432,0
3204013,4.243,7.810,4.204,0.074,-0.084,0.067,2430,0
3204033,4.343,7.819,4.185,0.064,-0.091,0.055,2430,0
3204053,4.310,7.805,4.104,0.050,-0.085,0.040,2429,0
3204073,4.257,7.745,3.974,0.041,-0.082,0.026,2429,0
3204093,4.211,7.793,3.852,0.050,-0.068,0.006,2429,0
3204113,4.140,7.954,3.857,0.056,-0.051,-0.011,2428,0
3204133,4.140,7.989,3.859,0.045,-0.029,-0.014,2427,0
3204153,4.219,7.884,3.783,0.040,-0.009,-0.013,2426,0
3204173,4.350,7.762,3.754,0.018,0.010,-0.015,2426,0
3204193,4.348,7.681,3.996,-0.007,0.030,-0.026,2426,0
3204213,4.207,7.788,4.250,-0.005,0.015,-0.044,2426,0
3204233,4.013,7.901,4.298,-0.005,-0.008,-0.048,2425,0
3204253,4.144,7.652,4.240,-0.006,-0.041,-0.023,2424,0
3204273,4.434,7.295,4.056,0.016,-0.067,-0.010,2427,0
3204293,4.580,7.305,3.883,0.007,-0.077,-0.045,2426,0
3204313,4.647,7.453,3.764,-0.007,-0.097,-0.084,2426,0
3204333,4.535,7.834,3.733,0.012,-0.105,-0.104,2425,0
3204353,4.362,8.226,3.689,0.058,-0.114,-0.090,2425,0
3204373,4.235,8.519,3.606,0.072,-0.114,-0.060,2426,0
3204393,4.159,8.562,3.625,0.037,-0.103,-0.041,2425,0
3204413,4.147,8.327,3.752,0.034,-0.089,-0.011,2426,0
3204433,4.144,8.085,3.926,0.070,-0.094,0.025,2427,0
3204453,4.245,7.836,3.953,0.075,-0.109,0.033,2425,0
3204473,4.290,7.616,3.938,0.049,-0.110,0.015,2425,0
3204493,4.314,7.561,3.929,0.038,-0.110,-0.007,2424,0
3204513,4.357,7.558,3.967,0.037,-0.119,-0.023,2426,0
3204533,4.334,7.652,3.962,0.041,-0.133,-0.044,2424,0
3204553,4.302,7.865,3.958,0.042,-0.146,-0.053,2425,0
3204573,4.209,7.977,3.917,0.036,-0.156,-0.057,2426,0
3204593,4.197,8.030,3.855,0.033,-0.160,-0.065,2425,0
3204613,4.216,8.023,3.819,0.033,-0.157,-0.061,2425,0
3204633,4.276,7.982,3.792,0.037,-0.148,-0.053,2425,0
3204653,4.417,7.896,3.780,0.026,-0.142,-0.046,2426,0
3204673,4.420,7.827,3.804,0.015,-0.137,-0.049,2425,0
3204693,4.326,7.860,3.735,0.020,-0.137,-0.054,2427,0
3204713,4.369,7.918,3.575,0.017,-0.123,-0.051,2426,0
3204733,4.439,7.942,3.529,-0.003,-0.094,-0.049,2426,0
3204753,4.463,7.822,3.622,-0.004,-0.098,-0.050,2425,0
3204773,4.458,7.762,3.661,0.010,-0.104,-0.062,2425,0
3204793,4.353,7.779,3.689,0.019,-0.109,-0.075,2426,0
3204813,4.276,7.870,3.680,0.033,-0.113,-0.073,2426,0
3204833,4.360,7.812,3.658,0.024,-0.116,-0.078,2425,0
3204853,4.401,7.817,3.725,0.017,-0.120,-0.104,2425,0
3204873,4.317,8.009,3.812,0.033,-0.136,-0.120,2425,0
3204893,4.231,8.265,3.809,0.048,-0.145,-0.107,2426,0
3204913,4.264,8.250,3.675,0.058,-0.140,-0.082,2427,0
3204933,4.365,8.114,3.608,0.047,-0.141,-0.063,2427,0
3204953,4.398,8.004,3.670,0.030,-0.143,-0.053,2426,0
3204973,4.350,7.992,3.733,0.036,-0.141,-0.055,2427,0
3204993,4.283,8.116,3.742,0.047,-0.146,-0.046,2425,0
3205013,4.271,8.045,3.553,0.047,-0.146,-0.031,2426,0
3205033,4.398,7.951,3.359,0.057,-0.139,-0.029,2425,0
3205053,4.525,8.025,3.179,0.039,-0.106,-0.034,2426,0
3205073,4.623,7.937,3.182,0.007,-0.069,-0.039,2427,0
3205093,4.642,7.946,3.247,0.035,-0.050,-0.035,2426,0
3205113,4.741,8.145,3.225,0.061,-0.040,-0.031,2428,0
3205133,4.745,8.344,3.400,0.060,-0.031,-0.021,2426,0
3205153,4.673,8.492,3.627,0.076,-0.042,0.017,2428,0
3205173,4.597,8.452,3.689,0.087,-0.074,0.063,2429,0
3205193,4.700,8.492,3.757,0.111,-0.087,0.091,2428,0
3205213,4.527,8.641,3.711,0.112,-0.066,0.111,2427,0
3205233,4.283,8.566,3.558,0.053,-0.050,0.139,2427,0
3205253,4.305,8.076,3.383,0.019,-0.053,0.164,2427,0
3205273,4.448,7.630,3.249,0.031,-0.053,0.167,2429,0
3205293,4.508,7.439,3.129,0.049,-0.054,0.137,2430,0
3205313,4.513,7.568,3.074,0.048,-0.050,0.094,2428,0
3205333,4.453,7.810,3.268,0.070,-0.056,0.080,2430,0
3205353,4.360,8.025,3.594,0.134,-0.149,0.089,2427,0
3205373,4.547,8.377,3.227,0.131,-0.230,0.143,2423,0
3205393,4.611,8.564,2.938,0.125,-0.278,0.261,2416,0
3205413,4.602,8.557,2.909,-0.059,-0.326,0.326,2413,0
3205433,4.968,8.035,2.978,-0.123,-0.330,0.243,2407,0
3205453,5.219,7.858,3.199,0.022,-0.293,0.175,2402,0
3205473,5.040,7.705,2.380,-0.133,-0.257,0.224,2410,0
3205493,4.566,7.209,2.215,-0.103,-0.119,0.231,2436,2033
3205513,4.791,7.173,3.005,-0.172,-0.009,0.107,2465,3514
3205533,4.841,7.640,3.213,-0.123,0.096,0.073,2480,3862
3205553,4.920,7.709,3.249,-0.130,0.152,0.081,2482,4045
3205573,4.525,7.513,3.565,0.012,0.183,0.055,2479,4095
3205593,4.657,7.918,4.118,0.086,0.091,0.086,2480,4095
3205613,5.018,8.540,4.377,0.061,0.041,0.183,2479,4095
3205633,4.077,7.827,4.276,-0.027,0.071,0.194,2477,4095
3205653,5.710,7.468,3.982,0.071,0.078,0.100,2479,4095
3205673,4.051,7.326,4.183,0.016,0.172,0.107,2477,4095
3205693,5.784,7.566,4.408,0.027,0.072,0.113,2477,4095
3205713,3.960,7.151,4.032,0.017,0.030,0.101,2475,4095
3205733,5.765,7.671,4.767,-0.064,-0.035,0.137,2474,4095
3205753,4.678,6.862,3.577,0.127,0.017,-0.012,2474,4095
3205773,5.092,7.812,4.381,0.011,0.052,0.056,2476,4095
3205793,5.473,7.475,3.328,0.120,-0.004,-0.009,2477,4095
3205813,4.140,7.750,3.915,-0.080,0.040,0.044,2478,4095
3205833,5.698,7.956,4.324,-0.133,0.024,0.062,2478,4095
3205853,3.883,7.051,3.474,0.032,0.086,-0.001,2477,4095
3205873,4.705,7.779,4.367,-0.035,0.054,0.084,2477,4095
3205893,4.918,7.015,3.282,0.110,0.025,-0.008,2475,4095
3205913,4.276,7.506,4.274,-0.095,0.032,0.047,2471,4095
3205933,5.837,7.286,3.953,-0.024,-0.042,-0.014,2472,4095
3205953,3.833,7.022,3.637,0.031,-0.007,-0.037,2471,4095
3205973,5.590,8.006,4.468,-0.014,-0.050,0.046,2473,4095
3205993,5.052,7.254,3.242,0.114,-0.044,-0.053,2473,4095
3206013,4.305,7.499,4.049,-0.098,0.014,-0.001,2475,4095
3206033,5.813,7.520,4.250,-0.021,-0.026,0.000,2477,4095
3206053,4.604,7.185,3.259,0.141,-0.026,-0.071,2476,4095
3206073,4.647,7.913,4.324,-0.067,-0.015,0.024,2475,4095
3206093,5.918,7.511,3.737,0.076,-0.049,-0.048,2475,4095
3206113,3.893,7.274,3.534,0.066,-0.021,-0.038,2477,4095
3206133,5.665,7.807,4.336,-0.009,-0.071,0.003,2479,4095
3206153,5.057,7.063,3.263,0.179,-0.065,-0.126,2483,4095
3206173,4.058,7.338,4.166,0.107,-0.083,-0.017,2492,4095
3206193,5.442,6.843,4.005,0.497,-0.161,0.050,2491,4095
3206213,4.310,7.245,3.273,1.105,-0.045,0.136,2480,3394
3206233,4.913,8.339,2.167,0.774,0.247,0.128,2445,0
3206253,5.432,7.618,0.898,0.065,1.016,-0.397,2404,0
3206273,4.877,6.744,4.073,-0.050,1.406,-0.735,2363,0
3206293,4.975,6.938,5.389,0.209,1.049,-0.904,2336,0
3206313,3.615,7.740,4.590,0.613,0.606,-0.614,2304,0
3206333,3.491,9.493,4.451,0.451,0.229,-0.135,2289,0
3206353,4.583,9.515,4.142,-0.102,0.062,-0.087,2280,0
3206373,3.282,7.788,3.622,-0.177,0.075,-0.207,2277,0
3206393,3.881,8.305,4.616,-0.115,-0.074,-0.026,2278,0
3206413,4.360,8.310,4.140,0.135,-0.235,0.018,2282,0
3206433,3.536,7.858,3.757,0.089,-0.245,0.038,2287,0
3206453,5.107,8.578,4.458,-0.052,-0.145,0.014,2286,0
3206473,4.338,7.963,3.235,0.148,-0.029,-0.154,2290,11
3206493,3.706,8.076,3.792,0.035,-0.013,-0.045,2292,0
3206513,4.982,8.569,3.912,0.058,-0.070,0.005,2308,0
3206533,3.606,7.841,3.352,0.130,-0.022,-0.046,2331,0
3206553,4.226,8.380,4.468,-0.077,-0.060,0.048,2342,0
3206573,3.943,8.222,3.634,0.035,-0.092,-0.001,2342,0
3206593,3.934,8.066,4.475,-0.065,-0.162,0.045,2340,0
3206613,3.919,7.846,4.286,-0.119,-0.195,0.084,2339,0
3206633,4.142,7.501,4.128,-0.078,-0.241,0.081,2341,0
3206653,4.369,7.403,3.910,0.003,-0.237,0.034,2343,0
3206673,4.496,7.506,3.615,0.021,-0.191,-0.027,2351,0
3206693,4.489,7.568,3.591,0.001,-0.153,-0.055,2362,0
3206713,4.377,7.635,3.627,-0.002,-0.143,-0.053,2365,0
3206733,4.278,7.827,3.606,0.001,-0.131,-0.061,2370,0
3206753,4.295,7.997,3.668,0.009,-0.131,-0.064,2372,0
3206773,4.276,8.083,3.752,0.012,-0.124,-0.047,2374,0
3206793,4.269,8.107,3.958,0.006,-0.140,-0.042,2374,0
3206813,4.204,8.018,3.972,-0.005,-0.161,-0.062,2378,0
3206833,4.168,7.910,3.912,0.003,-0.171,-0.074,2380,0
3206853,4.207,7.839,3.819,0.020,-0.173,-0.066,2386,0
3206873,4.235,7.728,3.752,0.017,-0.177,-0.075,2388,0
3206893,4.271,7.712,3.651,0.010,-0.167,-0.084,2391,0
3206913,4.329,7.688,3.589,-0.008,-0.145,-0.088,2397,0
3206933,4.348,7.638,3.677,-0.029,-0.123,-0.095,2397,0
3206953,4.312,7.702,3.701,-0.015,-0.131,-0.101,2395,0
3206973,4.343,7.831,3.618,-0.009,-0.143,-0.121,2396,0
3206993,4.360,7.906,3.570,0.015,-0.142,-0.126,2395,0
3207013,4.389,7.963,3.467,0.044,-0.145,-0.118,2397,0
3207033,4.405,8.100,3.359,0.055,-0.145,-0.110,2395,0
3207053,4.477,8.205,3.302,0.041,-0.129,-0.115,2395,0
3207073,4.499,8.301,3.314,0.048,-0.114,-0.101,2394,0
