3190513,4.233,8.217,4.005,0.060,-0.017,-0.009,2383,0
3190533,4.305,8.061,3.950,0.034,-0.018,-0.003,2383,0
3190553,4.369,7.865,3.938,0.032,-0.010,-0.008,2382,0
3190573,4.324,7.846,3.955,0.043,-0.003,-0.015,2383,0
3190593,4.238,7.903,3.955,0.037,-0.005,-0.007,2383,0
3190613,4.214,7.910,4.010,0.031,-0.008,-0.006,2382,0
3190633,4.190,7.942,4.020,0.040,-0.014,-0.004,2383,0
3190653,4.209,7.946,4.051,0.037,-0.024,0.001,2383,0
3190673,4.161,7.851,3.986,0.029,-0.020,-0.006,2383,0
3190693,4.111,7.827,3.912,0.031,-0.016,-0.016,2383,0
3190713,4.120,7.865,3.881,0.027,-0.009,-0.015,2383,0
3190733,4.123,7.858,3.929,0.021,0.003,-0.016,2383,0
3190753,4.125,7.822,3.996,0.029,0.006,-0.016,2383,0
3190773,4.073,7.827,4.003,0.021,-0.000,-0.021,2384,0
3190793,4.063,7.815,3.972,0.026,-0.003,-0.035,2383,0
3190813,4.111,7.831,3.974,0.039,-0.001,-0.044,2383,0
3190833,4.154,7.884,3.977,0.050,-0.006,-0.035,2383,0
3190853,4.168,7.934,3.958,0.047,-0.005,-0.034,2382,0
3190873,4.128,7.925,3.938,0.044,0.007,-0.034,2382,0
3190893,4.173,7.915,4.063,0.053,0.004,-0.029,2380,0
3190913,4.207,7.891,4.144,0.055,-0.005,-0.031,2383,0
3190933,4.171,7.922,4.168,0.062,-0.009,-0.030,2383,0
3190953,4.142,7.961,4.106,0.068,-0.019,-0.021,2383,0
3190973,4.125,8.011,4.049,0.051,-0.011,-0.020,2383,0
3190993,4.152,7.980,4.063,0.027,0.002,-0.024,2382,0
3191013,4.135,8.009,4.178,0.032,0.002,-0.022,2382,0
3191033,4.164,8.045,4.240,0.041,-0.010,-0.003,2382,0
3191053,4.104,7.975,4.250,0.039,-0.014,0.000,2382,0
3191073,4.044,7.930,4.216,0.036,-0.025,0.001,2381,0
3191093,4.111,7.855,4.132,0.027,-0.026,-0.002,2381,0
3191113,4.140,7.827,4.123,0.019,-0.021,-0.009,2383,0
3191133,4.159,7.863,4.207,0.015,-0.033,-0.008,2382,0
3191153,4.135,7.882,4.171,0.011,-0.038,-0.012,2383,0
3191173,4.096,7.894,4.056,0.023,-0.046,-0.014,2384,0
3191193,4.149,8.013,4.032,0.033,-0.053,-0.004,2383,0
3191213,4.147,8.009,4.063,0.032,-0.059,0.010,2382,0
3191233,4.185,7.961,4.049,0.028,-0.062,0.019,2382,0
3191253,4.147,7.846,4.005,0.025,-0.056,0.020,2382,0
3191273,4.156,7.769,3.970,0.033,-0.056,0.008,2382,0
3191293,4.161,7.875,3.936,0.043,-0.051,-0.003,2382,0
3191313,4.152,8.006,3.958,0.040,-0.038,-0.002,2382,0
3191333,4.171,8.004,4.039,0.026,-0.030,0.009,2382,0
3191353,4.137,7.920,4.082,0.022,-0.025,0.011,2382,0
3191373,4.104,7.841,4.118,0.026,-0.031,0.013,2381,0
3191393,4.104,7.858,4.171,0.036,-0.044,0.010,2382,0
3191413,4.075,7.882,4.221,0.051,-0.059,0.009,2381,0
3191433,4.015,7.898,4.178,0.051,-0.066,0.009,2382,0
3191453,3.960,7.925,4.156,0.045,-0.072,-0.005,2382,0
3191473,3.931,7.985,4.113,0.059,-0.065,-0.018,2381,0
3191493,3.955,8.021,4.154,0.065,-0.060,-0.019,2382,0
3191513,4.128,8.006,4.216,0.044,-0.053,-0.012,2381,0
3191533,4.171,7.875,4.343,0.018,-0.045,-0.006,2381,0
3191553,4.111,7.853,4.460,-0.012,-0.050,-0.029,2382,0
3191573,4.085,7.882,4.527,-0.003,-0.070,-0.034,2382,0
3191593,4.147,7.982,4.542,0.028,-0.099,-0.013,2381,0
3191613,4.243,7.963,4.556,0.005,-0.124,0.011,2381,0
3191633,4.271,7.779,4.523,-0.048,-0.146,0.022,2381,0
3191653,4.235,7.558,4.446,-0.060,-0.165,0.015,2383,0
3191673,4.168,7.580,4.357,-0.026,-0.188,-0.001,2382,0
3191693,4.135,7.807,4.271,-0.015,-0.210,-0.023,2382,0
3191713,4.080,8.035,4.190,-0.015,-0.220,-0.022,2382,0
3191733,4.029,8.112,4.207,-0.021,-0.226,0.009,2381,0
3191753,4.118,7.839,4.063,-0.038,-0.232,0.030,2382,0
3191773,4.228,7.496,3.986,-0.042,-0.229,0.017,2383,0
3191793,4.310,7.594,3.967,-0.025,-0.220,-0.010,2383,0
3191813,4.247,7.681,3.977,-0.030,-0.207,-0.019,2383,0
3191833,4.310,7.728,4.058,-0.027,-0.212,-0.005,2382,0
3191853,4.369,7.606,3.991,-0.027,-0.208,-0.006,2383,0
3191873,4.463,7.604,3.797,0.009,-0.210,-0.010,2381,0
3191893,4.561,7.772,3.577,0.028,-0.193,-0.000,2383,0
3191913,4.621,7.805,3.474,-0.015,-0.153,0.006,2384,0
3191933,4.635,7.673,3.534,-0.031,-0.121,0.005,2383,0
3191953,4.583,7.693,3.575,0.008,-0.104,0.009,2383,0
3191973,4.465,7.712,3.663,0.040,-0.097,0.018,2383,0
3191993,4.422,7.707,3.685,0.068,-0.107,0.030,2383,0
3192013,4.413,7.678,3.709,0.083,-0.119,0.026,2383,0
3192033,4.408,7.724,3.728,0.107,-0.129,0.020,2384,0
3192053,4.367,7.757,3.666,0.146,-0.136,0.021,2384,0
3192073,4.427,7.738,3.496,0.158,-0.128,0.037,2384,0
3192093,4.527,7.587,3.438,0.131,-0.099,0.026,2384,0
3192113,4.571,7.489,3.488,0.115,-0.068,-0.006,2384,0
3192133,4.518,7.621,3.642,0.123,-0.053,-0.025,2384,0
3192153,4.446,7.812,3.759,0.144,-0.057,-0.028,2384,0
3192173,4.360,8.016,3.831,0.151,-0.064,-0.021,2383,0
3192193,4.357,7.966,3.800,0.132,-0.070,-0.018,2384,0
3192213,4.458,7.784,3.713,0.117,-0.064,-0.020,2385,0
3192233,4.556,7.685,3.656,0.119,-0.053,-0.037,2391,0
3192253,4.571,7.740,3.721,0.113,-0.053,-0.058,2391,0
3192273,4.492,7.932,3.780,0.114,-0.055,-0.067,2392,0
3192293,4.503,8.078,3.814,0.108,-0.064,-0.051,2392,0
3192313,4.530,8.097,3.783,0.098,-0.071,-0.035,2392,0
3192333,4.602,8.018,3.768,0.082,-0.074,-0.031,2391,0
3192353,4.626,7.958,3.757,0.074,-0.066,-0.030,2393,0
3192373,4.626,7.927,3.740,0.087,-0.070,-0.026,2393,0
3192393,4.587,7.942,3.675,0.090,-0.072,-0.026,2394,0
3192413,4.556,8.023,3.620,0.079,-0.074,-0.027,2391,0
3192433,4.609,8.088,3.622,0.071,-0.064,-0.022,2394,0
3192453,4.530,8.157,3.704,0.078,-0.062,-0.009,2394,0
3192473,4.499,8.169,3.697,0.078,-0.075,0.012,2396,0
3192493,4.499,8.068,3.668,0.074,-0.082,0.025,2395,0
3192513,4.525,8.066,3.658,0.070,-0.078,0.022,2395,0
3192533,4.487,7.992,3.740,0.043,-0.071,0.022,2398,0
3192553,4.405,7.793,3.790,0.052,-0.083,0.033,2402,0
3192573,4.441,7.695,3.701,0.077,-0.089,0.027,2402,0
3192593,4.429,7.728,3.637,0.066,-0.096,0.009,2412,0
3192613,4.460,7.776,3.555,0.052,-0.083,-0.013,2416,0
3192633,4.446,7.853,3.510,0.047,-0.066,-0.024,2417,0
3192653,4.453,7.882,3.548,0.030,-0.054,-0.020,2417,0
3192673,4.475,7.848,3.598,0.031,-0.062,-0.016,2417,0
3192693,4.480,7.879,3.548,0.046,-0.070,-0.018,2416,0
3192713,4.506,7.915,3.496,0.064,-0.080,-0.021,2416,0
3192733,4.594,7.942,3.467,0.062,-0.079,-0.023,2416,0
3192753,4.640,7.951,3.488,0.060,-0.081,-0.030,2416,0
3192773,4.638,8.013,3.515,0.067,-0.080,-0.023,2417,0
3192793,4.618,8.021,3.431,0.063,-0.074,-0.014,2416,0
3192813,4.604,7.968,3.369,0.061,-0.066,-0.006,2416,0
3192833,4.630,7.932,3.371,0.064,-0.058,0.000,2417,0
3192853,4.623,7.992,3.440,0.059,-0.049,-0.004,2416,0
3192873,4.542,8.028,3.536,0.061,-0.051,-0.003,2416,0
3192893,4.463,8.028,3.553,0.076,-0.064,0.006,2416,0
3192913,4.448,8.078,3.524,0.086,-0.073,0.013,2417,0
3192933,4.537,8.045,3.510,0.078,-0.068,0.019,2416,0
3192953,4.580,7.934,3.469,0.068,-0.053,0.015,2417,0
3192973,4.559,7.891,3.460,0.060,-0.034,0.005,2417,0
3192993,4.499,7.831,3.455,0.036,-0.011,-0.005,2419,0
3193013,4.499,7.760,3.472,0.019,0.005,-0.009,2420,0
3193033,4.501,7.690,3.517,0.018,0.012,-0.009,2420,0
3193053,4.515,7.609,3.553,0.003,0.010,-0.023,2420,0
3193073,4.544,7.499,3.618,-0.013,0.001,-0.049,2420,0
3193093,4.606,7.475,3.644,0.010,-0.018,-0.067,2420,0
3193113,4.635,7.719,3.546,0.033,-0.037,-0.083,2421,0
3193133,4.654,7.977,3.510,0.017,-0.054,-0.104,2423,0
3193153,4.585,8.279,3.493,0.021,-0.064,-0.108,2422,0
3193173,4.470,8.502,3.541,0.041,-0.071,-0.083,2422,0
3193193,4.441,8.564,3.654,0.054,-0.076,-0.052,2425,0
3193213,4.379,8.353,3.766,0.057,-0.055,-0.047,2424,0
3193233,4.278,8.095,3.792,0.049,-0.083,-0.021,2426,0
3193253,4.381,7.906,3.733,0.023,-0.114,0.000,2426,0
3193273,4.432,7.697,3.757,-0.009,-0.098,-0.023,2425,0
3193293,4.329,7.652,3.766,-0.022,-0.084,-0.045,2425,0
3193313,4.391,7.623,3.704,-0.041,-0.087,-0.057,2427,0
3193333,4.429,7.582,3.737,-0.050,-0.095,-0.078,2428,0
3193353,4.374,7.757,3.565,-0.037,-0.097,-0.090,2428,0
3193373,4.283,7.896,3.551,-0.029,-0.108,-0.088,2429,0
3193393,4.312,7.944,3.340,-0.011,-0.122,-0.077,2430,0
3193413,4.420,7.925,3.208,-0.010,-0.105,-0.081,2430,0
3193433,4.530,7.901,3.268,-0.010,-0.087,-0.105,2429,0
3193453,4.599,8.071,3.496,0.022,-0.075,-0.119,2428,0
3193473,4.496,8.337,3.735,0.042,-0.067,-0.110,2428,0
3193493,4.369,8.452,3.788,0.043,-0.074,-0.079,2427,0
3193513,4.549,8.317,3.625,0.043,-0.074,-0.025,2429,0
3193533,4.815,8.090,3.400,0.038,-0.056,0.006,2429,0
3193553,4.934,8.033,3.177,0.002,-0.025,0.020,2429,0
3193573,4.997,7.913,3.105,-0.045,-0.004,0.035,2429,0
3193593,4.980,7.822,3.060,-0.034,0.008,0.038,2429,0
3193613,4.930,7.937,2.933,0.014,0.007,0.033,2428,0
3193633,4.736,8.219,2.928,0.053,0.010,0.034,2430,0
3193653,4.511,8.380,2.959,0.080,0.008,0.056,2430,0
3193673,4.453,8.389,2.978,0.115,0.004,0.087,2429,0
3193693,4.465,8.317,3.081,0.137,0.015,0.104,2430,0
3193713,4.365,8.332,3.323,0.148,0.020,0.114,2430,0
3193733,4.144,8.301,3.620,0.135,0.012,0.124,2428,0
3193753,4.073,8.155,3.809,0.124,-0.009,0.126,2430,0
3193773,4.123,7.956,3.881,0.126,-0.025,0.112,2429,0
3193793,4.175,7.772,3.979,0.119,-0.042,0.092,2427,0
3193813,4.214,7.683,3.998,0.094,-0.059,0.058,2428,0
3193833,4.187,7.709,3.996,0.060,-0.072,0.023,2426,0
3193853,4.149,7.796,3.970,0.045,-0.088,0.013,2426,0
3193873,4.202,7.807,3.831,0.039,-0.100,0.007,2428,0
3193893,4.322,7.752,3.575,0.037,-0.096,-0.011,2427,0
3193913,4.508,7.726,3.306,0.023,-0.064,-0.035,2427,0
3193933,4.657,7.654,3.153,-0.006,-0.014,-0.047,2429,0
3193953,4.724,7.685,3.017,-0.022,0.034,-0.058,2429,0
3193973,4.817,7.738,3.000,-0.037,0.088,-0.072,2430,0
3193993,4.683,7.915,3.328,-0.042,0.131,-0.086,2428,0
3194013,4.396,8.116,3.792,-0.038,0.113,-0.098,2428,0
3194033,4.360,8.308,4.077,-0.022,0.070,-0.088,2427,0
3194053,4.288,8.387,4.233,-0.021,0.033,-0.069,2428,0
3194073,4.238,8.248,4.283,-0.026,-0.011,-0.042,2426,0
3194093,4.276,8.037,4.278,-0.041,-0.052,-0.030,2427,0
3194113,4.300,7.736,4.197,-0.059,-0.088,-0.031,2427,0
3194133,4.377,7.451,4.020,-0.044,-0.134,-0.047,2427,0
3194153,4.537,7.482,3.749,-0.026,-0.159,-0.074,2428,0
3194173,4.511,7.726,3.534,-0.038,-0.149,-0.096,2428,0
3194193,4.357,7.922,3.409,-0.054,-0.130,-0.097,2427,0
3194213,4.319,7.915,3.314,-0.029,-0.116,-0.072,2426,0
3194233,4.458,7.841,3.266,0.000,-0.099,-0.064,2428,0
3194253,4.609,7.812,3.294,0.013,-0.074,-0.075,2427,0
3194273,4.592,7.910,3.421,0.018,-0.054,-0.076,2428,0
3194293,4.496,8.025,3.563,0.021,-0.048,-0.058,2428,0
3194313,4.472,8.104,3.632,0.020,-0.033,-0.036,2427,0
3194333,4.465,8.030,3.807,0.012,-0.017,-0.016,2428,0
3194353,4.379,7.867,3.967,0.018,-0.031,-0.013,2426,0
3194373,4.286,7.855,3.950,0.043,-0.054,-0.014,2425,0
3194393,4.274,7.822,3.737,0.056,-0.071,-0.014,2429,0
3194413,4.480,7.788,3.476,0.072,-0.076,0.005,2426,0
3194433,4.695,7.714,3.270,0.072,-0.067,-0.003,2427,0
3194453,4.760,7.836,3.098,0.063,-0.053,-0.019,2425,0
3194473,4.709,8.037,3.021,0.043,-0.018,-0.024,2428,0
3194493,4.657,8.083,3.055,0.065,0.002,-0.001,2426,0
3194513,4.697,8.138,3.110,0.120,0.005,0.019,2428,0
3194533,4.626,8.289,3.110,0.132,0.017,0.014,2427,0
3194553,4.520,8.447,3.235,0.137,0.030,0.025,2428,0
3194573,4.489,8.466,3.388,0.157,0.037,0.063,2427,0
3194593,4.463,8.432,3.606,0.171,0.032,0.104,2427,0
3194613,4.314,8.334,3.764,0.132,0.028,0.110,2426,0
3194633,4.190,8.126,3.974,0.115,0.013,0.102,2426,0
3194653,4.152,8.037,4.089,0.137,-0.010,0.095,2426,0
3194673,4.108,7.994,4.123,0.137,-0.034,0.087,2429,0
3194693,4.082,7.968,4.092,0.098,-0.055,0.073,2426,0
3194713,4.080,7.846,3.998,0.051,-0.065,0.056,2425,0
3194733,4.209,7.638,3.874,0.044,-0.071,0.040,2427,0
3194753,4.319,7.580,3.704,0.052,-0.066,0.010,2427,0
3194773,4.326,7.731,3.654,0.023,-0.050,-0.022,2427,0
3194793,4.286,7.745,3.625,-0.009,-0.033,-0.032,2428,0
3194813,4.362,7.606,3.584,-0.014,-0.034,-0.029,2427,0
3194833,4.499,7.558,3.484,-0.006,-0.025,-0.052,2425,0
3194853,4.556,7.688,3.481,0.001,-0.018,-0.083,2425,0
3194873,4.480,7.977,3.666,0.008,-0.021,-0.081,2427,0
3194893,4.367,8.128,3.898,0.006,-0.041,-0.070,2427,0
3194913,4.245,8.219,3.946,0.001,-0.066,-0.076,2425,0
3194933,4.254,8.224,3.946,0.005,-0.092,-0.065,2426,0
3194953,4.331,8.085,3.850,0.020,-0.109,-0.044,2427,0
3194973,4.403,7.901,3.766,0.013,-0.125,-0.042,2426,0
3194993,4.453,7.779,3.642,-0.014,-0.128,-0.059,2426,0
3195013,4.487,7.700,3.630,-0.016,-0.128,-0.075,2426,0
3195033,4.417,7.867,3.622,0.005,-0.128,-0.079,2427,0
3195053,4.369,8.016,3.610,0.002,-0.129,-0.060,2425,0
3195073,4.389,7.942,3.488,-0.010,-0.120,-0.048,2425,0
3195093,4.427,7.788,3.421,0.001,-0.105,-0.045,2425,0
3195113,4.527,7.695,3.328,0.020,-0.090,-0.050,2425,0
3195133,4.602,7.678,3.285,0.019,-0.072,-0.068,2425,0
3195153,4.578,7.726,3.323,0.012,-0.051,-0.082,2426,0
3195173,4.470,7.891,3.309,0.025,-0.046,-0.081,2426,0
3195193,4.468,8.052,3.342,0.048,-0.048,-0.061,2426,0
3195213,4.587,8.095,3.342,0.066,-0.048,-0.048,2426,0
3195233,4.681,8.138,3.359,0.084,-0.056,-0.048,2426,0
3195253,4.618,8.301,3.275,0.101,-0.064,-0.051,2426,0
3195273,4.427,8.519,3.285,0.122,-0.068,-0.035,2426,0
3195293,4.276,8.593,3.244,0.130,-0.062,0.002,2426,0
3195313,4.317,8.363,3.187,0.116,-0.048,0.041,2427,0
3195333,4.535,7.975,3.144,0.110,-0.030,0.048,2426,0
3195353,4.618,7.889,3.230,0.114,-0.001,0.018,2425,0
3195373,4.379,8.169,3.481,0.106,0.021,-0.001,2427,0
3195393,4.101,8.387,3.788,0.089,0.009,0.014,2426,0
3195413,4.027,8.361,3.917,0.085,-0.030,0.032,2425,0
3195433,4.089,8.284,3.833,0.092,-0.050,0.033,2425,0
3195453,4.214,8.138,3.721,0.083,-0.052,0.034,2424,0
3195473,4.384,8.037,3.613,0.064,-0.039,0.023,2426,0
3195493,4.542,8.152,3.654,0.009,-0.019,0.024,2426,0
3195513,4.760,8.195,3.764,-0.070,-0.017,0.029,2424,0
3195533,4.836,8.152,4.061,-0.102,-0.037,0.028,2424,0
3195553,5.047,8.440,3.965,-0.067,-0.106,0.072,2423,0
3195573,5.140,8.875,4.008,-0.037,-0.126,0.144,2424,0
3195593,5.198,8.775,4.240,-0.062,-0.155,0.192,2429,0
3195613,5.109,8.918,4.099,0.010,-0.196,0.272,2429,0
3195633,5.090,8.906,4.252,0.059,-0.333,0.399,2430,0
3195653,4.829,8.780,3.584,0.041,-0.523,0.596,2428,0
3195673,5.054,8.104,3.170,-0.056,-0.568,0.707,2423,0
3195693,5.195,7.305,2.770,-0.037,-0.493,0.633,2423,0
3195713,5.167,7.017,2.251,0.024,-0.379,0.532,2427,0
3195733,5.021,6.771,2.533,0.025,-0.372,0.501,2440,0
3195753,4.970,6.673,2.464,0.057,-0.408,0.467,2457,0
3195773,4.978,6.716,1.772,0.120,-0.342,0.455,2471,0
3195793,5.088,6.637,1.767,0.079,-0.216,0.363,2474,0
3195813,5.222,6.776,2.076,0.141,-0.145,0.217,2468,0
3195833,5.080,7.068,1.360,-0.156,-0.108,0.148,2458,1945
3195853,5.222,5.880,1.700,-0.461,0.112,-0.021,2448,3342
3195873,4.966,6.155,2.308,-0.138,0.312,-0.149,2442,3764
3195893,4.681,7.171,2.878,0.096,0.346,-0.080,2442,4081
3195913,4.839,7.566,3.440,0.171,0.279,0.008,2440,4095
3195933,5.016,8.071,3.361,0.179,0.197,-0.009,2435,4095
3195953,5.401,7.654,3.912,0.131,0.194,-0.111,2433,4095
3195973,5.069,8.025,4.970,0.075,0.196,-0.034,2429,4095
3195993,4.877,7.487,4.085,0.214,0.073,-0.043,2424,4095
3196013,5.409,7.975,4.949,0.070,0.023,0.111,2418,4095
3196033,5.878,7.341,3.934,0.209,0.042,0.003,2413,4095
3196053,4.640,7.379,4.458,0.098,0.123,-0.005,2408,4095
3196073,6.285,7.245,4.310,0.151,0.005,-0.032,2401,4095
3196093,4.417,7.065,3.634,0.172,-0.010,-0.002,2400,4095
3196113,6.187,7.774,4.432,0.055,-0.033,0.071,2396,4095
3196133,5.456,7.209,3.110,0.163,0.044,-0.072,2394,4095
3196153,4.860,7.877,3.984,-0.084,0.063,-0.001,2391,4095
3196173,6.218,7.329,3.524,-0.000,-0.070,-0.017,2391,4095
3196193,4.621,7.175,3.230,0.090,-0.028,0.003,2388,4095
3196213,6.452,7.848,3.965,0.104,-0.004,0.023,2387,4095
3196233,5.282,7.393,2.784,0.259,0.035,-0.062,2385,4095
3196253,4.712,8.179,3.840,0.005,-0.008,0.073,2385,4095
3196273,6.304,7.468,3.603,-0.001,-0.088,0.041,2384,4095
3196293,4.326,7.195,3.050,0.108,-0.012,0.005,2385,4095
3196313,5.830,7.851,3.958,-0.017,-0.032,0.069,2385,4095
3196333,5.416,6.816,2.806,0.138,-0.032,-0.033,2385,4095
3196353,4.154,6.879,3.079,0.128,0.025,-0.036,2388,4095
3196373,5.847,6.950,3.773,0.170,-0.061,-0.049,2391,4095
3196393,4.475,6.823,3.223,0.376,-0.078,-0.142,2401,4095
3196413,5.622,8.193,3.706,0.271,-0.015,-0.152,2408,4095
3196433,5.832,7.348,2.753,0.140,0.046,-0.333,2403,4095
3196453,3.742,6.244,3.093,0.170,0.063,-0.358,2387,4008
3196473,4.171,6.704,4.080,0.767,-0.066,0.064,2368,1983
3196493,5.806,7.822,1.051,0.890,0.375,0.225,2352,0
3196513,5.064,7.530,2.162,0.331,0.824,-0.335,2348,0
3196533,5.813,7.657,4.310,0.150,0.972,-1.022,2347,0
3196553,4.393,7.994,3.591,0.476,0.758,-1.073,2334,0
3196573,3.395,8.298,4.183,0.340,0.327,-0.399,2319,0
3196593,4.772,9.689,3.926,0.039,0.066,-0.053,2310,0
3196613,4.266,8.756,3.311,-0.099,-0.067,-0.066,2303,0
3196633,4.384,8.229,4.075,-0.306,-0.176,-0.006,2302,0
3196653,5.789,8.234,3.792,-0.157,-0.255,-0.050,2305,0
3196673,4.441,7.508,2.488,0.067,-0.201,-0.126,2303,0
3196693,4.721,8.092,3.285,-0.027,-0.143,-0.034,2305,0
3196713,5.485,8.437,2.780,0.112,-0.137,-0.094,2304,0
3196733,3.960,8.100,2.473,0.073,-0.075,-0.081,2305,0
3196753,5.219,8.739,3.460,-0.177,-0.078,0.007,2307,0
3196773,4.867,7.994,2.502,-0.045,-0.043,-0.086,2308,0
3196793,3.917,7.688,3.053,-0.122,-0.016,-0.029,2309,0
3196813,5.437,8.076,3.606,-0.077,-0.069,-0.018,2315,0
3196833,4.266,7.666,2.677,0.141,-0.058,-0.075,2320,0
3196853,4.032,8.092,3.601,-0.005,-0.074,0.039,2325,0
3196873,5.337,8.363,3.464,0.043,-0.119,0.015,2331,0
3196893,3.768,7.647,2.705,0.106,-0.074,-0.025,2335,0
3196913,4.647,8.080,3.634,-0.007,-0.112,0.033,2336,0
3196933,4.470,8.078,3.117,0.033,-0.036,0.005,2337,0
3196953,4.468,7.889,3.156,0.029,-0.060,-0.020,2338,0
3196973,4.439,7.898,3.299,0.049,-0.057,-0.042,2342,0
3196993,4.420,7.992,3.361,0.033,-0.059,-0.052,2351,0
3197013,4.465,8.009,3.309,0.008,-0.060,-0.060,2358,0
3197033,4.523,7.987,3.287,0.012,-0.066,-0.061,2360,0
3197053,4.597,7.968,3.172,0.034,-0.070,-0.065,2361,0
3197073,4.614,8.088,3.273,0.026,-0.077,-0.067,2360,0
3197093,4.544,8.140,3.417,0.013,-0.084,-0.074,2361,0
3197113,4.460,8.181,3.412,-0.000,-0.100,-0.082,2364,0
3197133,4.417,8.205,3.383,-0.020,-0.099,-0.095,2367,0
3197153,4.396,8.195,3.414,-0.038,-0.072,-0.108,2380,0
3197173,4.331,8.133,3.522,-0.066,-0.046,-0.108,2387,0
3197193,4.350,8.128,3.608,-0.095,-0.044,-0.111,2394,0
3197213,4.424,8.107,3.699,-0.163,-0.050,-0.117,2397,0
3197233,4.410,8.080,3.883,-0.175,-0.059,-0.129,2397,0
3197253,4.319,8.068,4.027,-0.153,-0.088,-0.135,2396,0
3197273,4.204,8.126,3.986,-0.105,-0.137,-0.119,2395,0
3197293,4.219,8.068,3.742,-0.108,-0.185,-0.093,2394,0
3197313,4.379,7.793,3.433,-0.128,-0.209,-0.087,2395,0
3197333,4.499,7.750,3.175,-0.129,-0.200,-0.103,2395,0
3197353,4.566,7.649,3.019,-0.109,-0.179,-0.115,2397,0
3197373,4.681,7.657,2.966,-0.064,-0.159,-0.114,2397,0
