2064943,2.526,9.086,-1.044,0.007,-0.074,0.019,2391,0
2064963,2.547,9.064,-1.075,-0.010,-0.084,-0.005,2391,0
2064983,2.593,9.098,-1.130,-0.024,-0.096,-0.033,2390,0
2065003,2.617,9.210,-1.104,0.006,-0.093,-0.061,2390,0
2065023,2.653,9.258,-1.080,0.037,-0.088,-0.069,2391,0
2065043,2.734,9.263,-1.049,0.058,-0.073,-0.076,2391,0
2065063,2.794,9.282,-1.063,0.068,-0.063,-0.091,2391,0
2065083,2.801,9.380,-1.092,0.077,-0.061,-0.103,2391,0
2065103,2.820,9.488,-1.123,0.082,-0.058,-0.097,2392,0
2065123,2.875,9.462,-1.061,0.082,-0.042,-0.086,2392,0
2065143,2.907,9.529,-1.092,0.073,-0.025,-0.077,2391,0
2065163,2.926,9.522,-1.111,0.030,-0.022,-0.066,2392,0
2065183,2.964,9.529,-1.097,0.013,-0.037,-0.056,2391,0
2065204,2.957,9.541,-1.068,0.021,-0.037,-0.051,2392,0
2065224,2.883,9.495,-1.123,0.057,-0.027,-0.028,2392,0
2065243,2.835,9.572,-1.147,0.077,-0.021,-0.007,2391,0
2065264,2.784,9.603,-1.147,0.055,-0.026,0.007,2391,0
2065284,2.820,9.541,-1.101,0.035,-0.039,0.029,2388,0
2065303,2.789,9.483,-1.087,0.039,-0.038,0.042,2392,0
2065324,2.739,9.459,-1.111,0.058,-0.032,0.048,2391,0
2065343,2.739,9.440,-1.130,0.064,-0.027,0.052,2391,0
2065363,2.722,9.371,-1.089,0.051,-0.022,0.047,2391,0
2065383,2.703,9.359,-1.058,0.041,-0.020,0.040,2390,0
2065403,2.717,9.321,-0.989,0.035,-0.030,0.034,2391,0
2065423,2.753,9.270,-1.039,0.033,-0.025,0.023,2390,0
2065444,2.804,9.297,-1.125,0.034,-0.007,0.021,2390,0
2065463,2.739,9.352,-1.132,0.035,0.013,0.005,2391,0
2065483,2.727,9.376,-1.094,0.016,0.005,0.009,2391,0
2065504,2.801,9.280,-0.958,0.008,-0.002,0.013,2391,0
2065523,2.832,9.177,-0.960,0.019,-0.009,0.003,2392,0
2065544,2.840,9.227,-1.056,0.048,-0.018,-0.014,2390,0
2065563,2.816,9.275,-1.120,0.059,-0.018,-0.019,2390,0
2065583,2.784,9.342,-1.077,0.079,-0.011,-0.022,2391,0
2065603,2.761,9.349,-1.056,0.043,-0.010,-0.010,2391,0
2065624,2.720,9.316,-1.015,0.032,-0.027,-0.006,2393,0
2065643,2.705,9.292,-1.041,0.040,-0.041,-0.003,2392,0
2065663,2.588,9.402,-1.068,0.084,-0.046,-0.004,2391,0
2065683,2.485,9.469,-1.070,0.094,-0.058,-0.002,2391,0
2065703,2.473,9.474,-1.125,0.094,-0.076,0.005,2390,0
2065723,2.674,9.380,-1.235,0.066,-0.085,0.010,2390,0
2065743,2.892,9.349,-1.250,0.065,-0.057,0.018,2391,0
2065763,2.935,9.359,-1.183,0.059,-0.011,0.015,2391,0
2065783,2.854,9.424,-1.092,0.048,0.012,-0.003,2392,0
2065803,2.794,9.445,-0.941,0.022,-0.005,-0.005,2391,0
2065823,2.813,9.424,-0.893,0.021,-0.031,-0.001,2391,0
2065843,2.885,9.352,-1.010,0.039,-0.043,0.013,2390,0
2065863,2.931,9.421,-1.058,0.068,-0.038,0.017,2390,0
2065883,2.907,9.407,-1.097,0.047,-0.030,0.014,2391,0
2065903,2.902,9.402,-1.149,0.031,-0.036,0.008,2392,0
2065923,2.921,9.366,-1.173,0.013,-0.038,0.010,2392,0
2065944,2.916,9.325,-1.178,0.034,-0.032,0.019,2392,0
2065963,2.919,9.328,-1.168,0.058,-0.024,0.038,2390,0
2065983,2.899,9.304,-1.149,0.061,-0.015,0.033,2391,0
2066003,2.835,9.266,-1.164,0.031,-0.018,0.011,2391,0
2066023,2.784,9.299,-1.185,0.025,-0.027,0.001,2390,0
2066043,2.792,9.335,-1.192,0.052,-0.023,0.013,2391,0
2066063,2.804,9.251,-1.164,0.062,-0.007,0.033,2393,0
2066083,2.794,9.244,-1.104,0.069,-0.001,0.014,2390,0
2066103,2.784,9.215,-1.080,0.039,-0.010,-0.019,2392,0
2066123,2.739,9.299,-1.053,0.047,-0.022,-0.031,2393,0
2066144,2.665,9.369,-1.051,0.067,-0.020,-0.018,2391,0
2066163,2.579,9.421,-1.104,0.092,-0.015,0.001,2392,0
2066183,2.586,9.335,-1.137,0.069,-0.021,0.019,2391,0
2066203,2.749,9.196,-1.106,0.043,-0.028,0.005,2390,0
2066223,2.873,9.072,-1.097,0.014,-0.024,-0.038,2392,0
2066243,2.832,9.196,-1.065,0.050,-0.010,-0.073,2391,0
2066263,2.780,9.366,-1.051,0.072,-0.004,-0.071,2391,0
2066283,2.756,9.412,-1.020,0.069,-0.010,-0.052,2391,0
2066303,2.763,9.450,-1.046,0.043,-0.024,-0.047,2392,0
2066323,2.828,9.388,-1.077,0.023,-0.048,-0.054,2392,0
2066344,2.859,9.313,-1.109,0.031,-0.060,-0.056,2391,0
2066363,2.914,9.270,-1.132,0.054,-0.054,-0.058,2392,0
2066383,2.849,9.340,-1.142,0.068,-0.029,-0.057,2393,0
2066403,2.854,9.474,-1.147,0.051,-0.026,-0.041,2391,0
2066424,2.859,9.483,-1.185,0.028,-0.023,-0.046,2393,0
2066443,2.830,9.503,-1.219,0.037,-0.026,-0.043,2392,0
2066464,2.811,9.505,-1.226,0.060,-0.024,-0.027,2392,0
2066483,2.753,9.483,-1.118,0.077,-0.017,-0.018,2392,0
2066503,2.768,9.459,-1.032,0.063,-0.021,-0.013,2392,0
2066523,2.787,9.424,-0.974,0.033,-0.030,-0.015,2391,0
2066544,2.787,9.366,-0.996,-0.001,-0.041,0.001,2393,0
2066563,2.792,9.345,-1.053,0.007,-0.041,0.008,2392,0
2066583,2.715,9.404,-1.049,0.014,-0.010,-0.017,2392,0
2066603,2.626,9.385,-1.008,-0.020,0.002,-0.028,2392,0
2066624,2.579,9.359,-1.020,-0.045,-0.029,-0.037,2392,0
2066643,2.591,9.347,-1.039,-0.036,-0.060,-0.044,2393,0
2066663,2.629,9.395,-1.123,0.039,-0.068,-0.026,2391,0
2066683,2.658,9.419,-1.190,0.082,-0.046,-0.006,2392,0
2066703,2.705,9.383,-1.152,0.082,-0.022,-0.005,2393,0
2066723,2.703,9.366,-1.085,0.023,-0.031,-0.012,2393,0
2066743,2.710,9.313,-1.058,-0.003,-0.060,-0.027,2393,0
2066764,2.705,9.280,-1.130,0.030,-0.070,-0.016,2391,0
2066783,2.715,9.361,-1.255,0.095,-0.053,0.007,2391,0
2066803,2.684,9.385,-1.312,0.100,-0.021,-0.001,2392,0
2066823,2.655,9.438,-1.226,0.062,-0.005,-0.027,2393,0
2066843,2.624,9.440,-1.137,0.007,-0.006,-0.026,2393,0
2066863,2.586,9.426,-1.180,0.025,-0.006,0.006,2393,0
2066883,2.512,9.426,-1.233,0.063,0.001,0.016,2392,0
2066903,2.564,9.424,-1.295,0.080,0.006,0.021,2390,0
2066923,2.698,9.479,-1.176,0.102,0.014,0.017,2391,0
2066943,2.737,9.445,-1.046,0.086,0.039,0.025,2391,0
2066964,2.691,9.397,-1.034,0.074,0.034,0.042,2393,0
2066984,2.667,9.347,-1.018,0.039,0.018,0.042,2390,0
2067003,2.677,9.325,-1.092,0.030,0.005,0.041,2394,0
2067024,2.701,9.347,-1.120,0.043,0.011,0.035,2392,0
2067043,2.737,9.390,-1.027,0.067,0.026,0.017,2391,0
2067064,2.727,9.361,-0.943,0.044,0.027,0.015,2392,0
2067084,2.722,9.337,-0.941,0.029,0.000,0.010,2391,0
2067103,2.749,9.352,-1.006,0.018,-0.027,0.017,2393,0
2067123,2.830,9.299,-1.049,0.050,-0.029,0.026,2392,0
2067143,2.859,9.210,-1.094,0.062,-0.015,0.021,2392,0
2067163,2.835,9.203,-1.149,0.063,-0.018,-0.008,2392,0
2067183,2.806,9.301,-1.125,0.048,-0.027,-0.036,2392,0
2067203,2.729,9.409,-1.089,0.059,-0.024,-0.042,2391,0
2067223,2.698,9.488,-0.989,0.071,-0.017,-0.019,2392,0
2067243,2.717,9.548,-0.994,0.063,-0.018,0.012,2392,0
2067264,2.732,9.483,-0.996,0.018,-0.023,0.018,2389,0
2067283,2.729,9.392,-1.032,-0.002,-0.041,0.014,2392,0
2067303,2.732,9.361,-1.075,0.011,-0.049,0.005,2391,0
2067323,2.763,9.323,-1.080,0.040,-0.047,0.011,2393,0
2067343,2.799,9.316,-1.094,0.046,-0.037,0.012,2391,0
2067363,2.753,9.390,-1.137,0.027,-0.030,-0.001,2392,0
2067383,2.753,9.400,-1.137,0.006,-0.041,0.008,2392,0
2067403,2.813,9.366,-1.164,0.009,-0.031,0.011,2393,0
2067424,2.849,9.220,-1.183,0.021,-0.021,0.012,2392,0
2067443,2.823,9.357,-1.130,0.053,-0.007,0.010,2393,0
2067464,2.801,9.347,-1.080,0.040,-0.008,-0.000,2393,0
2067483,2.806,9.395,-1.085,0.035,-0.035,0.003,2393,0
2067504,2.825,9.347,-1.092,0.038,-0.036,0.011,2392,0
2067523,2.741,9.404,-1.094,0.072,-0.021,0.015,2393,0
2067544,2.727,9.328,-1.130,0.058,-0.015,0.021,2391,0
2067563,2.720,9.361,-1.075,0.045,-0.025,0.011,2393,0
2067584,2.753,9.256,-1.037,0.027,-0.028,-0.005,2393,0
2067603,2.717,9.254,-1.080,0.044,-0.017,-0.017,2393,0
2067623,2.665,9.280,-1.152,0.061,-0.012,-0.028,2393,0
2067644,2.684,9.385,-1.135,0.078,-0.013,-0.023,2391,0
2067663,2.780,9.359,-0.948,0.079,-0.008,-0.012,2394,0
2067683,2.825,9.330,-0.838,0.057,-0.017,-0.014,2393,0
2067703,2.835,9.400,-0.874,0.058,-0.044,-0.023,2393,0
2067723,2.772,9.474,-0.953,0.061,-0.060,-0.018,2393,0
2067743,2.772,9.471,-1.092,0.068,-0.071,0.002,2393,0
2067763,2.818,9.529,-1.140,0.067,-0.060,0.009,2392,0
2067783,2.842,9.452,-1.104,0.038,-0.038,0.007,2393,0
2067803,2.792,9.426,-1.049,0.013,-0.030,0.003,2395,0
2067824,2.758,9.347,-1.006,-0.002,-0.036,0.002,2392,0
2067844,2.653,9.297,-1.046,0.014,-0.044,0.009,2393,0
2067863,2.720,9.266,-1.080,0.045,-0.056,0.011,2393,0
2067884,2.794,9.234,-1.070,0.050,-0.050,-0.007,2393,0
2067903,2.765,9.215,-1.010,0.038,-0.051,-0.023,2394,0
2067923,2.701,9.390,-1.039,0.030,-0.074,-0.018,2392,0
2067943,2.693,9.395,-1.118,0.026,-0.093,-0.009,2392,0
2067963,2.741,9.328,-1.183,0.049,-0.097,0.008,2392,0
2067984,2.796,9.340,-1.267,0.072,-0.082,0.006,2394,0
2068003,2.804,9.392,-1.257,0.061,-0.060,-0.013,2392,0
2068023,2.782,9.424,-1.228,0.038,-0.043,-0.020,2393,0
2068043,2.717,9.503,-1.140,0.043,-0.033,-0.015,2392,0
2068063,2.725,9.459,-1.111,0.036,-0.041,0.005,2394,0
2068083,2.820,9.359,-1.082,0.047,-0.044,0.012,2394,0
2068104,2.875,9.306,-1.132,0.047,-0.035,0.000,2394,0
2068123,2.856,9.352,-1.099,0.036,-0.029,-0.014,2393,0
2068143,2.780,9.385,-1.077,0.012,-0.030,-0.015,2393,0
2068163,2.751,9.347,-1.044,0.009,-0.037,-0.011,2394,0
2068184,2.739,9.278,-1.087,0.021,-0.045,-0.008,2393,0
2068203,2.828,9.256,-1.053,0.034,-0.059,-0.006,2392,0
2068224,2.806,9.266,-1.013,0.043,-0.054,-0.017,2392,0
2068243,2.749,9.373,-1.087,0.056,-0.049,-0.021,2392,0
2068263,2.751,9.452,-1.125,0.044,-0.043,-0.017,2393,0
2068283,2.739,9.471,-1.178,0.028,-0.038,-0.020,2394,0
2068303,2.746,9.483,-1.142,0.023,-0.032,-0.013,2393,0
2068323,2.725,9.491,-1.099,0.034,-0.032,0.008,2393,0
2068343,2.758,9.416,-1.061,0.039,-0.029,0.027,2394,0
2068363,2.765,9.340,-1.101,0.046,-0.034,0.027,2392,0
2068384,2.799,9.318,-1.109,0.041,-0.042,0.012,2393,0
2068404,2.789,9.285,-1.034,0.028,-0.035,0.001,2392,0
2068423,2.770,9.419,-1.049,0.037,-0.028,-0.010,2392,0
2068443,2.720,9.481,-1.056,0.023,-0.022,-0.006,2393,0
2068463,2.674,9.438,-1.087,0.026,-0.038,0.021,2390,0
2068483,2.758,9.335,-1.128,0.026,-0.047,0.033,2391,0
2068503,2.804,9.206,-1.104,0.038,-0.042,0.020,2391,0
2068523,2.796,9.230,-1.053,0.050,-0.036,-0.000,2393,0
2068543,2.744,9.299,-1.068,0.042,-0.029,-0.015,2392,0
2068563,2.658,9.376,-1.104,0.031,-0.037,-0.017,2391,0
2068583,2.670,9.321,-1.063,0.031,-0.051,0.002,2393,0
2068603,2.746,9.210,-0.943,0.051,-0.063,0.005,2392,0
2068623,2.749,9.227,-0.936,0.073,-0.075,-0.014,2394,0
2068644,2.720,9.349,-1.044,0.089,-0.092,-0.016,2394,0
2068663,2.761,9.450,-1.202,0.085,-0.094,-0.002,2392,0
2068683,2.832,9.445,-1.281,0.070,-0.072,0.003,2391,0
2068704,2.823,9.433,-1.245,0.046,-0.038,-0.007,2392,0
2068723,2.780,9.404,-1.185,0.025,-0.025,-0.008,2393,0
2068743,2.794,9.285,-1.085,0.004,-0.036,-0.003,2391,0
2068763,2.849,9.278,-1.073,0.040,-0.046,-0.012,2393,0
2068784,2.849,9.376,-1.199,0.070,-0.039,-0.020,2394,0
2068803,2.830,9.498,-1.221,0.074,-0.025,-0.017,2394,0
2068823,2.808,9.479,-1.188,0.035,-0.011,-0.011,2393,0
2068843,2.823,9.388,-1.065,0.003,-0.010,0.002,2394,0
2068864,2.844,9.292,-1.044,-0.001,-0.021,0.003,2393,0
2068883,2.828,9.313,-1.077,0.033,-0.026,-0.002,2392,0
2068904,2.746,9.395,-1.156,0.069,-0.026,-0.011,2392,0
2068923,2.710,9.481,-1.147,0.067,-0.023,0.000,2393,0
2068943,2.775,9.431,-1.106,0.035,-0.017,0.004,2394,0
2068964,2.763,9.397,-1.051,0.005,-0.016,0.006,2393,0
2068983,2.780,9.404,-1.063,0.010,-0.028,0.007,2391,0
2069004,2.770,9.318,-1.053,0.030,-0.035,0.013,2392,0
2069023,2.753,9.335,-1.044,0.063,-0.033,0.014,2393,0
2069043,2.739,9.337,-1.080,0.053,-0.030,0.007,2392,0
2069063,2.732,9.402,-1.094,0.036,-0.037,0.011,2393,0
2069083,2.737,9.378,-1.087,0.020,-0.037,0.009,2393,0
2069103,2.749,9.349,-1.051,0.041,-0.050,0.011,2392,0
2069124,2.758,9.311,-1.034,0.058,-0.046,0.013,2395,0
2069143,2.753,9.328,-1.106,0.072,-0.052,0.010,2391,0
2069163,2.756,9.347,-1.070,0.043,-0.037,0.002,2395,0
2069183,2.753,9.347,-1.130,0.039,-0.042,0.010,2394,0
2069203,2.753,9.369,-1.135,0.015,-0.023,-0.008,2392,0
2069223,2.784,9.292,-1.120,0.030,-0.031,-0.006,2392,0
2069243,2.758,9.349,-1.109,0.035,-0.014,-0.013,2392,0
2069263,2.782,9.306,-1.056,0.037,-0.029,-0.007,2392,0
2069284,2.782,9.349,-0.989,0.028,-0.033,-0.011,2391,0
2069303,2.799,9.311,-1.025,0.045,-0.050,-0.018,2392,0
2069324,2.816,9.428,-1.073,0.057,-0.052,-0.010,2393,0
2069343,2.820,9.419,-1.164,0.056,-0.045,-0.000,2393,0
2069364,2.866,9.361,-1.159,0.034,-0.033,0.004,2393,0
2069383,2.825,9.301,-1.120,0.017,-0.018,-0.003,2393,0
2069403,2.756,9.316,-1.123,0.017,-0.027,-0.011,2393,0
2069423,2.746,9.436,-1.070,0.047,-0.035,-0.010,2393,0
2069443,2.753,9.419,-1.089,0.078,-0.046,0.003,2392,0
2069463,2.775,9.376,-1.130,0.067,-0.050,0.019,2392,0
2069483,2.861,9.263,-1.130,0.056,-0.048,0.020,2393,0
2069503,2.842,9.189,-1.192,0.034,-0.034,0.000,2396,0
2069524,2.823,9.261,-1.199,0.049,-0.024,-0.019,2393,0
2069544,2.823,9.335,-1.171,0.056,-0.015,-0.018,2394,0
2069563,2.816,9.333,-1.125,0.060,-0.013,-0.016,2392,0
2069583,2.818,9.349,-1.109,0.054,-0.015,-0.018,2391,0
2069603,2.789,9.333,-1.044,0.044,-0.024,-0.023,2392,0
2069623,2.739,9.395,-1.008,0.068,-0.045,-0.023,2394,0
2069643,2.722,9.431,-1.037,0.096,-0.070,-0.001,2393,0
2069663,2.708,9.553,-1.183,0.134,-0.078,0.023,2393,0
2069683,2.749,9.464,-1.281,0.108,-0.073,0.041,2393,0
2069703,2.825,9.366,-1.240,0.076,-0.051,0.035,2394,0
2069723,2.878,9.237,-1.204,0.029,-0.031,0.013,2392,0
2069743,2.840,9.278,-1.132,0.041,-0.021,-0.007,2394,0
2069764,2.804,9.364,-1.137,0.060,-0.017,-0.003,2391,0
2069783,2.749,9.424,-1.147,0.072,-0.011,0.017,2396,0
2069804,2.789,9.371,-1.135,0.040,-0.019,0.017,2392,0
2069824,2.823,9.309,-1.082,0.011,-0.022,-0.005,2393,0
2069843,2.777,9.330,-1.037,0.025,-0.024,-0.015,2394,0
2069864,2.737,9.354,-1.073,0.049,-0.027,-0.001,2393,0
2069884,2.734,9.369,-1.101,0.054,-0.031,0.014,2393,0
2069904,2.796,9.402,-1.085,0.042,-0.045,0.009,2392,0
2069924,2.816,9.335,-1.037,0.017,-0.052,0.003,2394,0
2069943,2.794,9.311,-1.092,0.029,-0.060,-0.001,2392,0
2069963,2.765,9.376,-1.188,0.051,-0.065,0.001,2393,0
2069983,2.749,9.438,-1.240,0.053,-0.057,0.009,2392,0
2070003,2.777,9.448,-1.195,0.029,-0.052,0.012,2393,0
2070023,2.835,9.294,-1.089,0.005,-0.050,0.008,2392,0
2070043,2.837,9.206,-1.132,0.006,-0.059,-0.007,2392,0
2070063,2.796,9.203,-1.209,0.029,-0.064,-0.014,2393,0
2070083,2.784,9.294,-1.271,0.054,-0.062,-0.005,2394,0
2070104,2.765,9.392,-1.219,0.056,-0.041,-0.002,2393,0
2070123,2.749,9.380,-1.219,0.037,-0.036,-0.003,2393,0
2070144,2.763,9.349,-1.211,0.022,-0.044,-0.009,2392,0
2070163,2.818,9.275,-1.252,0.041,-0.054,-0.005,2393,0
2070184,2.835,9.306,-1.216,0.076,-0.047,-0.007,2393,0
2070203,2.806,9.364,-1.154,0.082,-0.032,-0.001,2392,0
2070223,2.818,9.392,-1.171,0.058,-0.029,-0.001,2392,0
2070244,2.854,9.342,-1.207,0.014,-0.039,-0.006,2395,0
2070263,2.897,9.349,-1.176,0.032,-0.040,-0.010,2393,0
2070284,2.878,9.364,-1.123,0.063,-0.021,-0.002,2392,0
2070303,2.828,9.392,-1.039,0.069,-0.031,0.016,2392,0
2070323,2.811,9.416,-1.101,0.039,-0.055,0.009,2391,0
2070344,2.830,9.364,-1.228,0.021,-0.067,-0.002,2393,0
2070363,2.875,9.352,-1.307,0.034,-0.053,-0.001,2392,0
2070383,2.856,9.325,-1.264,0.050,-0.018,0.005,2393,0
2070404,2.792,9.299,-1.178,0.050,-0.005,0.014,2392,0
2070423,2.784,9.311,-1.101,0.036,-0.022,0.009,2393,0
2070444,2.768,9.321,-1.166,0.031,-0.050,-0.003,2392,0
2070463,2.789,9.359,-1.233,0.063,-0.049,-0.003,2391,0
2070483,2.787,9.400,-1.166,0.088,-0.034,0.006,2394,0
2070504,2.744,9.366,-1.116,0.050,-0.031,0.017,2392,0
2070523,2.789,9.354,-1.061,0.029,-0.060,0.014,2393,0
2070543,2.887,9.280,-1.097,0.030,-0.073,0.008,2393,0
2070564,2.890,9.261,-1.144,0.058,-0.066,0.005,2393,0
2070583,2.842,9.323,-1.209,0.062,-0.054,-0.003,2392,0
2070603,2.770,9.378,-1.238,0.034,-0.046,-0.005,2394,0
2070623,2.794,9.383,-1.245,0.009,-0.044,-0.004,2394,0
2070643,2.844,9.352,-1.240,0.018,-0.054,0.002,2394,0
2070664,2.837,9.333,-1.183,0.042,-0.046,-0.002,2392,0
2070684,2.830,9.340,-1.197,0.059,-0.048,-0.001,2394,0
2070703,2.799,9.385,-1.195,0.044,-0.056,0.003,2393,0
2070723,2.806,9.402,-1.216,0.034,-0.067,0.007,2392,0
2070744,2.856,9.330,-1.279,0.025,-0.064,0.020,2392,0
2070764,2.849,9.301,-1.288,0.047,-0.042,0.007,2393,0
2070783,2.813,9.225,-1.264,0.037,-0.021,-0.006,2394,0
2070804,2.794,9.261,-1.113,0.040,-0.019,-0.012,2391,0
2070823,2.804,9.230,-0.979,0.021,-0.030,-0.007,2392,0
2070843,2.856,9.306,-0.838,0.037,-0.061,-0.022,2394,0
2070863,2.856,9.464,-0.646,0.048,-0.087,-0.039,2394,0
2070884,2.863,9.670,-0.357,0.064,-0.137,-0.025,2390,0
2070903,2.914,9.989,0.079,0.075,-0.212,0.001,2394,0
2070923,2.923,10.633,0.314,-0.016,-0.343,0.087,2393,0
2070943,2.914,11.724,0.172,-0.489,-0.644,0.310,2392,0
2070963,3.045,12.644,-0.510,-1.487,-1.042,0.694,2391,0
2070983,3.314,12.594,-1.458,-2.775,-1.415,1.118,2392,0
2071004,3.668,12.273,-2.263,-3.893,-1.575,1.576,2389,0
2071023,3.888,11.954,-2.935,-5.199,-1.621,1.970,2389,0
2071043,4.420,11.164,-4.005,-6.245,-1.483,2.253,2387,0
2071064,4.503,9.790,-3.043,-6.935,-1.086,2.500,2385,0
2071083,4.606,8.583,-1.875,-6.925,-0.686,2.593,2383,0
2071103,4.853,7.558,-0.405,-6.242,-0.260,2.820,2383,0
2071123,4.312,7.556,0.927,-5.935,0.199,3.019,2380,0
2071143,4.238,6.366,2.097,-5.108,0.531,3.177,2378,0
2071163,3.812,4.403,4.310,-3.797,0.736,3.196,2376,0
2071183,4.044,3.577,5.370,-2.012,0.980,3.073,2377,0
2071204,3.867,3.405,5.598,-0.218,1.238,2.875,2373,0
2071223,3.357,3.620,5.516,0.661,1.334,2.840,2371,0
2071243,3.069,2.306,6.146,0.798,1.425,2.960,2370,0
2071263,3.189,0.136,7.518,0.648,1.464,3.003,2367,0
2071283,3.639,-2.150,9.182,0.666,1.414,2.666,2367,0
2071303,3.639,-3.891,10.527,0.679,1.251,2.111,2365,0
2071323,3.704,-5.957,12.005,0.595,0.863,1.486,2364,0
2071343,4.123,-7.764,13.115,0.529,0.322,0.733,2365,0
2071363,4.537,-8.102,13.293,0.337,-0.215,-0.199,2365,0
2071383,4.537,-7.400,12.838,-0.120,-0.637,-1.170,2364,0
2071404,4.369,-6.148,11.935,-0.436,-0.940,-2.023,2365,0
2071423,4.202,-4.132,10.939,-0.623,-1.161,-2.562,2365,0
2071443,4.307,-1.908,9.979,-0.896,-1.289,-2.875,2364,0
2071464,4.417,0.156,9.361,-1.188,-1.284,-3.116,2365,0
2071484,4.415,2.452,8.468,-1.450,-1.234,-3.180,2364,0
2071503,4.492,4.616,7.621,-1.598,-1.201,-3.037,2366,0
2071523,4.602,6.591,6.833,-1.546,-1.206,-2.706,2365,0
2071543,5.176,8.444,5.732,-1.282,-1.141,-2.238,2364,0
2071564,5.880,10.139,4.594,-1.030,-0.889,-1.689,2362,0
2071584,5.942,10.889,3.900,-0.805,-0.581,-1.055,2365,0
2071604,6.187,10.829,3.278,-0.303,-0.261,-0.254,2366,0
2071623,6.086,10.664,3.017,0.155,0.013,0.505,2366,0
2071643,5.926,9.711,3.275,0.479,0.301,1.165,2365,0
2071663,5.717,8.255,3.788,0.761,0.569,1.676,2365,0
2071684,5.327,6.936,4.501,1.028,0.839,2.061,2363,0
2071703,4.769,5.681,5.377,1.228,1.115,2.406,2364,0
2071724,4.252,4.377,6.335,1.390,1.340,2.726,2363,0
2071743,3.843,2.725,7.439,1.367,1.478,2.916,2362,0
2071764,3.457,0.558,9.033,1.160,1.510,2.977,2363,0
2071783,3.364,-2.073,10.781,0.978,1.396,2.827,2361,0
2071803,3.613,-5.083,12.613,0.837,1.120,2.414,2361,0
2071823,3.955,-7.688,13.609,0.693,0.634,1.674,2361,0
2071844,4.235,-8.954,13.645,0.510,0.036,0.640,2359,0
2071863,4.410,-8.564,12.998,0.141,-0.472,-0.452,2357,0
2071884,4.453,-7.166,11.823,-0.284,-0.805,-1.385,2361,0
2071903,4.513,-5.279,10.669,-0.590,-0.929,-2.000,2360,0
2071923,4.599,-3.194,9.828,-0.922,-0.912,-2.376,2360,0
2071943,4.662,-1.113,9.124,-1.235,-0.882,-2.598,2358,0
2071963,4.887,1.154,8.353,-1.442,-0.913,-2.747,2360,0
2071984,5.183,3.630,7.987,-1.560,-0.886,-2.789,2358,0
2072003,5.143,5.868,7.750,-1.541,-0.796,-2.642,2359,0
2072023,5.253,7.554,7.032,-1.273,-0.778,-2.243,2357,0
2072043,5.473,9.141,5.976,-0.865,-0.779,-1.703,2356,0
2072063,5.677,10.139,4.724,-0.557,-0.703,-1.066,2356,0
2072083,5.866,10.029,3.898,-0.260,-0.486,-0.342,2356,0
2072103,5.854,9.335,3.479,0.045,-0.162,0.396,2357,0
2072123,5.720,8.212,3.694,0.365,0.203,1.019,2356,0
2072143,5.337,7.087,4.219,0.690,0.539,1.520,2355,0
2072163,4.949,6.381,4.702,0.864,0.794,1.907,2355,0
2072183,4.494,5.528,5.456,0.940,1.018,2.188,2356,0
2072204,3.965,4.487,6.457,0.981,1.206,2.469,2354,0
2072223,3.627,2.851,7.669,1.118,1.377,2.788,2355,0
2072243,3.352,1.482,8.650,1.161,1.448,2.946,2354,0
2072263,3.163,-0.026,9.725,1.108,1.402,2.889,2353,0
2072283,3.244,-1.659,10.693,0.911,1.225,2.614,2354,0
2072303,3.397,-2.998,11.277,0.691,0.999,2.183,2353,0
2072323,3.718,-4.283,11.681,0.606,0.752,1.718,2353,0
2072344,4.044,-5.346,12.012,0.566,0.485,1.220,2354,0
2072363,4.278,-6.069,12.016,0.479,0.192,0.658,2352,0
2072384,4.401,-6.187,11.741,0.274,-0.146,0.035,2352,0
2072403,4.559,-5.538,11.102,0.076,-0.447,-0.580,2352,0
2072423,4.755,-4.439,10.432,-0.003,-0.626,-1.132,2352,0
2072443,4.726,-3.464,9.871,0.144,-0.692,-1.583,2351,0
2072464,4.635,-3.033,9.720,0.788,-0.746,-1.925,2352,0
2072483,4.451,-1.662,9.232,1.787,-0.831,-2.276,2351,0
2072503,4.022,0.599,8.569,2.450,-0.909,-2.581,2352,0
2072523,3.606,2.720,7.614,2.570,-1.013,-2.718,2352,0
2072543,3.318,3.630,7.034,2.557,-1.182,-2.647,2352,0
2072564,3.215,4.017,6.546,2.862,-1.291,-2.521,2352,0
2072584,3.476,4.554,5.806,3.545,-1.289,-2.403,2353,0
2072603,3.701,5.787,4.499,4.155,-1.212,-2.365,2355,0
2072623,3.766,6.773,3.436,4.430,-1.110,-2.297,2354,0
2072644,3.730,7.623,2.387,4.523,-0.925,-2.152,2358,0
2072663,4.015,8.291,1.492,4.761,-0.777,-1.834,2362,0
2072683,3.029,8.377,0.876,4.435,-0.753,-1.638,2366,0
2072703,3.642,9.203,0.041,4.255,-0.582,-1.394,2368,0
2072723,3.464,9.448,-0.364,3.607,-0.550,-1.297,2371,0
2072743,3.225,10.017,-0.982,3.101,-0.520,-1.115,2371,0
2072763,3.103,10.130,-1.312,2.215,-0.586,-0.952,2371,0
2072783,3.622,10.159,-1.676,1.786,-0.496,-0.753,2378,0
2072804,3.728,9.843,-1.504,1.584,-0.407,-0.589,2379,0
2072823,3.438,10.017,-1.671,1.442,-0.292,-0.486,2382,0
2072844,3.065,9.888,-1.810,1.183,-0.279,-0.394,2383,0
2072863,3.084,9.831,-2.179,1.059,-0.229,-0.288,2384,0
2072883,3.218,9.708,-2.193,0.831,-0.228,-0.252,2383,0
2072904,3.287,9.768,-2.224,0.753,-0.131,-0.198,2387,0
2072923,3.024,9.934,-2.136,0.565,-0.058,-0.152,2386,0
2072943,2.765,9.922,-2.157,0.273,-0.048,-0.103,2386,0
2072963,2.772,9.768,-1.946,-0.010,-0.079,-0.023,2388,0
2072983,2.911,9.462,-1.779,-0.176,-0.080,0.035,2387,0
2073004,3.019,9.290,-1.626,-0.184,-0.042,0.041,2387,0
2073024,2.964,9.201,-1.506,-0.133,-0.006,0.021,2388,0
2073043,2.885,9.239,-1.398,-0.086,0.014,0.001,2387,0
2073064,2.794,9.290,-1.195,-0.068,0.008,-0.001,2390,0
2073083,2.777,9.237,-1.188,-0.052,-0.025,0.001,2390,0
2073103,2.878,9.134,-1.176,0.021,-0.029,0.004,2390,0
2073123,2.875,9.208,-1.310,0.125,-0.014,-0.018,2388,0
2073143,2.859,9.285,-1.310,0.152,0.015,-0.045,2388,0
2073164,2.854,9.347,-1.281,0.159,0.029,-0.057,2387,0
2073183,2.899,9.357,-1.219,0.119,0.044,-0.059,2387,0
2073203,2.851,9.335,-1.226,0.097,0.047,-0.042,2388,0
2073223,2.765,9.313,-1.298,0.063,0.032,-0.027,2389,0
2073243,2.768,9.330,-1.286,0.038,0.010,-0.021,2389,0
2073263,2.816,9.304,-1.255,0.015,-0.012,-0.021,2389,0
2073283,2.868,9.199,-1.233,0.014,-0.018,-0.034,2387,0
2073303,2.842,9.155,-1.293,0.026,-0.005,-0.041,2389,0
2073323,2.801,9.258,-1.334,0.053,0.014,-0.037,2388,0
2073343,2.777,9.357,-1.307,0.058,0.033,-0.035,2388,0
2073363,2.756,9.409,-1.264,0.051,0.024,-0.043,2388,0
2073383,2.775,9.328,-1.240,0.022,0.003,-0.043,2388,0
2073403,2.782,9.357,-1.307,0.036,0.002,-0.047,2388,0
2073424,2.751,9.467,-1.381,0.063,0.017,-0.044,2389,0
2073443,2.715,9.476,-1.487,0.073,0.021,-0.022,2387,0
2073464,2.792,9.395,-1.453,0.077,0.008,0.005,2388,0
2073483,2.861,9.325,-1.369,0.082,0.001,0.002,2389,0
2073503,2.830,9.261,-1.269,0.098,-0.006,-0.011,2390,0
2073524,2.784,9.129,-1.307,0.109,-0.042,-0.019,2392,0
2073543,2.801,9.002,-1.346,0.126,-0.075,-0.021,2392,0
