3364553,1.863,9.361,1.688,0.122,-0.066,-0.046,2642,0
3364573,1.836,9.443,1.726,0.133,-0.062,-0.045,2641,0
3364593,1.757,9.574,1.681,0.120,-0.055,-0.042,2640,0
3364613,1.681,9.694,1.628,0.096,-0.051,-0.042,2642,0
3364633,1.678,9.685,1.666,0.069,-0.057,-0.032,2641,0
3364653,1.743,9.550,1.757,0.093,-0.054,-0.017,2641,0
3364673,1.748,9.553,1.738,0.131,-0.046,-0.005,2640,0
3364693,1.709,9.603,1.642,0.115,-0.046,-0.011,2641,0
3364713,1.674,9.701,1.559,0.054,-0.044,-0.027,2640,0
3364733,1.700,9.665,1.518,-0.002,-0.043,-0.033,2641,0
3364753,1.726,9.534,1.642,0.004,-0.034,-0.021,2641,0
3364773,1.662,9.524,1.695,0.062,-0.035,-0.005,2641,0
3364793,1.616,9.548,1.607,0.072,-0.039,0.002,2641,0
3364813,1.566,9.591,1.568,0.049,-0.040,0.007,2640,0
3364833,1.597,9.448,1.539,0.027,-0.038,-0.001,2642,0
3364853,1.623,9.409,1.614,0.046,-0.029,-0.012,2641,0
3364873,1.628,9.428,1.681,0.064,-0.025,-0.019,2640,0
3364893,1.568,9.534,1.714,0.062,-0.037,-0.021,2640,0
3364913,1.556,9.512,1.702,0.034,-0.045,-0.017,2641,0
3364933,1.559,9.404,1.688,0.045,-0.043,-0.013,2640,0
3364953,1.607,9.433,1.719,0.064,-0.036,-0.023,2640,0
3364973,1.597,9.450,1.808,0.059,-0.033,-0.035,2640,0
3364993,1.563,9.433,1.793,0.050,-0.054,-0.036,2640,0
3365013,1.580,9.455,1.721,0.024,-0.071,-0.044,2641,0
3365033,1.611,9.464,1.683,0.017,-0.068,-0.063,2641,0
3365053,1.635,9.601,1.745,0.042,-0.059,-0.063,2640,0
3365073,1.623,9.730,1.786,0.049,-0.063,-0.045,2641,0
3365093,1.652,9.701,1.721,0.023,-0.080,-0.026,2640,0
3365113,1.669,9.596,1.642,0.005,-0.089,-0.024,2641,0
3365133,1.681,9.515,1.587,0.014,-0.086,-0.023,2641,0
3365153,1.676,9.522,1.595,0.041,-0.073,-0.017,2641,0
3365173,1.690,9.536,1.616,0.051,-0.064,-0.010,2642,0
3365193,1.702,9.493,1.559,0.040,-0.067,-0.006,2641,0
3365213,1.731,9.400,1.492,0.010,-0.066,-0.026,2642,0
3365233,1.712,9.404,1.472,0.006,-0.051,-0.044,2643,0
3365253,1.650,9.591,1.504,0.044,-0.034,-0.039,2645,0
3365273,1.587,9.711,1.535,0.056,-0.029,-0.014,2644,0
3365293,1.592,9.661,1.556,0.043,-0.033,0.010,2644,0
3365313,1.659,9.479,1.470,0.028,-0.033,0.002,2643,0
3365333,1.702,9.342,1.561,0.026,-0.024,-0.010,2643,0
3365353,1.647,9.340,1.642,0.046,-0.010,-0.022,2642,0
3365373,1.566,9.488,1.717,0.062,-0.006,-0.018,2642,0
3365393,1.518,9.553,1.623,0.048,-0.015,-0.022,2642,0
3365413,1.513,9.529,1.611,0.032,-0.023,-0.029,2644,0
3365433,1.563,9.550,1.623,0.034,-0.015,-0.032,2643,0
3365453,1.590,9.591,1.686,0.062,-0.009,-0.018,2642,0
3365473,1.597,9.601,1.705,0.077,-0.010,-0.005,2643,0
3365493,1.587,9.577,1.676,0.063,-0.023,-0.002,2642,0
3365513,1.559,9.567,1.618,0.039,-0.025,-0.008,2643,0
3365533,1.511,9.586,1.650,0.041,-0.017,-0.009,2645,0
3365553,1.477,9.543,1.738,0.051,-0.011,-0.001,2642,0
3365573,1.504,9.469,1.776,0.062,-0.020,0.006,2643,0
3365593,1.556,9.395,1.717,0.053,-0.026,-0.009,2642,0
3365613,1.511,9.409,1.671,0.035,-0.026,-0.030,2642,0
3365633,1.401,9.572,1.659,0.032,-0.021,-0.039,2643,0
3365653,1.408,9.572,1.724,0.025,-0.024,-0.029,2643,0
3365673,1.405,9.498,1.748,0.043,-0.025,-0.025,2642,0
3365693,1.494,9.522,1.736,0.064,-0.040,-0.025,2642,0
3365713,1.537,9.534,1.674,0.065,-0.042,-0.025,2642,0
3365733,1.511,9.634,1.664,0.051,-0.042,-0.030,2643,0
3365753,1.484,9.706,1.741,0.035,-0.038,-0.023,2642,0
3365773,1.468,9.639,1.851,0.040,-0.053,-0.003,2644,0
3365793,1.516,9.534,1.829,0.062,-0.073,0.009,2643,0
3365813,1.556,9.495,1.776,0.065,-0.087,0.007,2643,0
3365833,1.516,9.555,1.640,0.051,-0.088,-0.002,2644,0
3365853,1.516,9.651,1.563,0.041,-0.080,-0.002,2643,0
3365873,1.551,9.613,1.623,0.047,-0.071,0.010,2644,0
3365893,1.575,9.531,1.635,0.057,-0.069,0.011,2644,0
3365913,1.626,9.486,1.607,0.046,-0.074,0.012,2645,0
3365933,1.630,9.433,1.551,0.028,-0.070,0.002,2645,0
3365953,1.602,9.450,1.516,0.028,-0.057,-0.006,2646,0
3365973,1.532,9.457,1.561,0.042,-0.038,-0.004,2645,0
3365993,1.535,9.462,1.602,0.055,-0.038,0.003,2646,0
3366013,1.580,9.426,1.563,0.056,-0.041,0.005,2645,0
3366033,1.604,9.299,1.580,0.060,-0.042,-0.013,2644,0
3366053,1.578,9.479,1.583,0.083,-0.038,-0.026,2646,0
3366073,1.525,9.610,1.535,0.078,-0.046,-0.013,2646,0
3366093,1.523,9.586,1.480,0.056,-0.054,-0.002,2645,0
3366113,1.602,9.519,1.444,0.046,-0.050,-0.003,2646,0
3366133,1.657,9.426,1.470,0.067,-0.036,-0.007,2645,0
3366153,1.652,9.476,1.472,0.099,-0.038,-0.012,2646,0
3366173,1.645,9.608,1.413,0.101,-0.043,-0.018,2646,0
3366193,1.607,9.634,1.367,0.084,-0.033,-0.016,2645,0
3366213,1.597,9.591,1.434,0.083,-0.014,-0.006,2646,0
3366233,1.585,9.572,1.525,0.082,0.010,-0.006,2643,0
3366253,1.516,9.536,1.633,0.078,0.020,-0.009,2645,0
3366273,1.504,9.620,1.712,0.075,0.014,-0.011,2645,0
3366293,1.475,9.694,1.707,0.053,-0.003,-0.018,2645,0
3366313,1.439,9.742,1.717,0.044,-0.024,-0.013,2644,0
3366333,1.405,9.764,1.721,0.039,-0.033,0.001,2645,0
3366353,1.417,9.608,1.743,0.045,-0.042,0.018,2645,0
3366373,1.494,9.462,1.666,0.055,-0.051,0.021,2644,0
3366393,1.551,9.376,1.587,0.042,-0.055,0.001,2645,0
3366413,1.561,9.352,1.554,0.025,-0.054,-0.021,2644,0
3366433,1.525,9.486,1.566,0.029,-0.054,-0.033,2645,0
3366453,1.439,9.574,1.575,0.033,-0.057,-0.032,2644,0
3366473,1.420,9.663,1.520,0.057,-0.061,-0.025,2645,0
3366493,1.422,9.699,1.360,0.052,-0.065,-0.015,2644,0
3366513,1.506,9.574,1.353,0.026,-0.057,-0.013,2645,0
3366533,1.535,9.474,1.453,0.021,-0.047,-0.016,2644,0
3366553,1.530,9.445,1.492,0.046,-0.037,-0.021,2644,0
3366573,1.530,9.433,1.523,0.058,-0.037,-0.027,2647,0
3366593,1.458,9.541,1.468,0.075,-0.033,-0.031,2644,0
3366613,1.427,9.641,1.484,0.068,-0.037,-0.025,2643,0
3366633,1.434,9.622,1.511,0.047,-0.037,-0.025,2646,0
3366653,1.441,9.531,1.592,0.042,-0.043,-0.022,2644,0
3366673,1.475,9.471,1.642,0.050,-0.048,-0.026,2645,0
3366693,1.499,9.471,1.616,0.047,-0.052,-0.036,2644,0
3366713,1.453,9.584,1.537,0.029,-0.055,-0.051,2643,0
3366733,1.472,9.641,1.542,0.015,-0.055,-0.047,2644,0
3366753,1.537,9.601,1.585,0.024,-0.050,-0.037,2643,0
3366773,1.535,9.620,1.602,0.035,-0.044,-0.033,2643,0
3366793,1.513,9.634,1.525,0.028,-0.048,-0.032,2643,0
3366813,1.439,9.649,1.523,0.012,-0.050,-0.031,2644,0
3366833,1.425,9.699,1.523,0.010,-0.051,-0.016,2645,0
3366853,1.448,9.574,1.575,0.021,-0.055,-0.007,2643,0
3366873,1.496,9.486,1.511,0.044,-0.064,-0.005,2643,0
3366893,1.494,9.481,1.413,0.051,-0.073,-0.014,2642,0
3366913,1.535,9.536,1.350,0.043,-0.066,-0.029,2643,0
3366933,1.511,9.572,1.386,0.038,-0.049,-0.027,2643,0
3366953,1.477,9.558,1.472,0.058,-0.035,-0.013,2643,0
3366973,1.456,9.555,1.482,0.062,-0.037,-0.007,2644,0
3366993,1.511,9.433,1.492,0.047,-0.034,-0.015,2643,0
3367013,1.465,9.498,1.547,0.063,-0.022,-0.022,2645,0
3367033,1.460,9.610,1.554,0.077,-0.022,-0.010,2644,0
3367053,1.398,9.701,1.532,0.071,-0.026,-0.012,2643,0
3367073,1.384,9.740,1.460,0.042,-0.030,-0.012,2645,0
3367093,1.355,9.708,1.475,0.031,-0.026,-0.004,2643,0
3367113,1.367,9.639,1.573,0.046,-0.023,0.002,2644,0
3367133,1.427,9.594,1.611,0.047,-0.026,0.009,2643,0
3367153,1.432,9.517,1.626,0.039,-0.032,0.008,2642,0
3367173,1.398,9.531,1.602,0.030,-0.036,-0.006,2644,0
3367193,1.355,9.589,1.561,0.019,-0.038,-0.009,2643,0
3367213,1.346,9.589,1.599,0.018,-0.047,-0.003,2645,0
3367233,1.401,9.536,1.568,0.028,-0.050,0.003,2644,0
3367253,1.408,9.464,1.547,0.029,-0.053,0.003,2643,0
3367273,1.338,9.457,1.537,0.048,-0.048,-0.001,2643,0
3367293,1.329,9.548,1.542,0.056,-0.059,-0.008,2644,0
3367313,1.360,9.538,1.468,0.031,-0.072,-0.011,2643,0
3367333,1.451,9.407,1.415,0.022,-0.071,-0.024,2646,0
3367353,1.489,9.450,1.396,0.055,-0.055,-0.033,2643,0
3367373,1.453,9.589,1.300,0.064,-0.044,-0.034,2643,0
3367393,1.425,9.553,1.456,0.054,-0.031,-0.034,2643,0
3367413,1.403,9.548,1.556,0.050,-0.036,-0.037,2643,0
3367433,1.429,9.577,1.549,0.050,-0.041,-0.041,2645,0
3367453,1.472,9.634,1.520,0.059,-0.043,-0.034,2644,0
3367473,1.530,9.632,1.468,0.068,-0.042,-0.019,2644,0
3367493,1.547,9.606,1.501,0.067,-0.036,-0.014,2644,0
3367513,1.484,9.629,1.508,0.058,-0.035,-0.018,2644,0
3367533,1.434,9.574,1.492,0.078,-0.041,-0.017,2644,0
3367553,1.427,9.570,1.446,0.129,-0.028,-0.007,2644,0
3367573,1.429,9.646,1.425,0.127,-0.022,-0.001,2648,0
3367593,1.391,9.598,1.470,0.068,-0.022,-0.014,2642,0
3367613,1.365,9.527,1.506,0.039,-0.037,-0.023,2642,0
3367633,1.425,9.555,1.504,0.062,-0.043,-0.021,2642,0
3367653,1.420,9.661,1.393,0.079,-0.042,-0.020,2643,0
3367673,1.405,9.737,1.374,0.071,-0.039,-0.012,2643,0
3367693,1.334,9.776,1.369,0.042,-0.034,-0.007,2643,0
3367713,1.314,9.685,1.396,0.025,-0.041,-0.004,2644,0
3367733,1.355,9.558,1.365,0.028,-0.039,-0.004,2644,0
3367753,1.360,9.553,1.396,0.051,-0.031,-0.010,2644,0
3367773,1.355,9.584,1.448,0.048,-0.021,-0.013,2643,0
3367793,1.286,9.610,1.484,0.036,-0.021,-0.008,2643,0
3367813,1.271,9.596,1.458,0.034,-0.030,-0.016,2643,0
3367833,1.307,9.606,1.463,0.020,-0.037,-0.015,2641,0
3367853,1.381,9.495,1.463,0.026,-0.031,-0.011,2643,0
3367873,1.369,9.519,1.460,0.038,-0.015,-0.013,2644,0
3367893,1.312,9.596,1.508,0.038,-0.020,-0.017,2645,0
3367913,1.348,9.603,1.499,0.022,-0.033,-0.024,2642,0
3367933,1.396,9.603,1.472,0.012,-0.039,-0.030,2642,0
3367953,1.413,9.589,1.463,0.019,-0.035,-0.030,2645,0
3367973,1.386,9.598,1.465,0.021,-0.030,-0.026,2642,0
3367993,1.312,9.589,1.489,0.025,-0.031,-0.027,2643,0
3368013,1.290,9.589,1.465,0.021,-0.043,-0.025,2642,0
3368033,1.336,9.567,1.460,0.024,-0.038,-0.014,2642,0
3368053,1.384,9.546,1.441,0.024,-0.033,-0.022,2642,0
3368073,1.384,9.565,1.456,0.024,-0.034,-0.026,2642,0
3368093,1.365,9.610,1.453,0.029,-0.038,-0.028,2642,0
3368113,1.365,9.646,1.432,0.032,-0.037,-0.026,2643,0
3368133,1.341,9.644,1.374,0.037,-0.033,-0.017,2642,0
3368153,1.365,9.606,1.355,0.035,-0.025,-0.013,2643,0
3368173,1.341,9.577,1.401,0.026,-0.011,-0.021,2642,0
3368193,1.312,9.620,1.460,0.026,-0.003,-0.022,2642,0
3368213,1.262,9.661,1.499,0.029,0.003,-0.017,2643,0
3368233,1.262,9.649,1.508,0.030,0.003,-0.007,2643,0
3368253,1.302,9.534,1.563,0.031,0.000,-0.001,2645,0
3368273,1.300,9.471,1.602,0.040,-0.004,-0.008,2643,0
3368293,1.293,9.498,1.678,0.048,-0.020,-0.021,2642,0
3368313,1.264,9.610,1.659,0.052,-0.038,-0.023,2642,0
3368333,1.262,9.694,1.539,0.060,-0.049,-0.005,2643,0
3368353,1.279,9.720,1.393,0.058,-0.044,0.001,2643,0
3368373,1.298,9.656,1.381,0.034,-0.030,-0.002,2642,0
3368393,1.314,9.546,1.432,0.025,-0.016,-0.010,2643,0
3368413,1.279,9.558,1.496,0.033,-0.009,-0.014,2646,0
3368433,1.247,9.560,1.523,0.025,-0.012,-0.012,2644,0
3368453,1.267,9.519,1.561,0.015,-0.017,-0.017,2642,0
3368473,1.252,9.510,1.611,0.025,-0.021,-0.020,2644,0
3368493,1.228,9.608,1.657,0.049,-0.027,-0.009,2643,0
3368513,1.255,9.639,1.590,0.065,-0.040,0.004,2643,0
3368533,1.276,9.594,1.530,0.062,-0.052,0.002,2644,0
3368553,1.348,9.486,1.437,0.035,-0.054,-0.009,2643,0
3368573,1.343,9.390,1.413,0.023,-0.034,-0.033,2643,0
3368593,1.192,9.591,1.501,0.037,-0.014,-0.047,2647,0
3368613,1.085,9.730,1.506,0.040,-0.017,-0.032,2644,0
3368633,1.132,9.694,1.511,0.039,-0.026,-0.014,2644,0
3368653,1.195,9.574,1.566,0.041,-0.022,-0.012,2643,0
3368673,1.269,9.500,1.563,0.052,-0.018,-0.019,2644,0
3368693,1.281,9.565,1.669,0.060,-0.025,-0.026,2643,0
3368713,1.223,9.697,1.652,0.054,-0.042,-0.024,2642,0
3368733,1.238,9.711,1.563,0.029,-0.057,-0.016,2643,0
3368753,1.250,9.646,1.434,0.024,-0.052,-0.016,2643,0
3368773,1.288,9.651,1.420,0.038,-0.043,-0.006,2644,0
3368793,1.334,9.641,1.504,0.043,-0.034,-0.004,2644,0
3368813,1.300,9.646,1.499,0.049,-0.037,-0.002,2644,0
3368833,1.286,9.665,1.477,0.049,-0.043,0.008,2643,0
3368853,1.199,9.680,1.448,0.046,-0.040,0.007,2644,0
3368873,1.183,9.615,1.475,0.040,-0.039,0.014,2644,0
3368893,1.252,9.488,1.499,0.047,-0.034,0.014,2642,0
3368913,1.293,9.407,1.525,0.055,-0.030,0.007,2643,0
3368933,1.276,9.424,1.501,0.058,-0.031,0.002,2642,0
3368953,1.240,9.467,1.439,0.045,-0.025,-0.016,2641,0
3368973,1.125,9.632,1.415,0.050,-0.018,-0.030,2642,0
3368993,1.125,9.747,1.528,0.046,-0.018,-0.024,2643,0
3369013,1.159,9.730,1.618,0.040,-0.017,-0.013,2641,0
3369033,1.178,9.646,1.671,0.047,-0.024,-0.003,2642,0
3369053,1.233,9.550,1.686,0.045,-0.034,-0.003,2642,0
3369073,1.214,9.574,1.642,0.032,-0.036,-0.015,2642,0
3369093,1.197,9.641,1.635,0.035,-0.043,-0.013,2643,0
3369113,1.197,9.720,1.611,0.041,-0.047,0.002,2642,0
3369133,1.216,9.653,1.544,0.031,-0.054,0.010,2644,0
3369153,1.264,9.586,1.506,0.038,-0.061,0.004,2643,0
3369173,1.317,9.608,1.487,0.039,-0.063,-0.011,2641,0
3369193,1.295,9.646,1.470,0.038,-0.061,-0.010,2641,0
3369213,1.281,9.692,1.470,0.039,-0.059,0.003,2641,0
3369233,1.295,9.651,1.456,0.038,-0.051,0.010,2641,0
3369253,1.310,9.594,1.441,0.045,-0.042,0.011,2642,0
3369273,1.290,9.608,1.470,0.059,-0.038,0.011,2641,0
3369293,1.264,9.675,1.492,0.047,-0.043,0.012,2643,0
3369313,1.252,9.639,1.463,0.026,-0.041,0.012,2642,0
3369333,1.250,9.598,1.465,0.033,-0.037,0.008,2642,0
3369353,1.274,9.582,1.494,0.050,-0.030,0.018,2643,0
3369373,1.231,9.515,1.539,0.068,-0.023,0.018,2643,0
3369393,1.171,9.586,1.578,0.067,-0.036,0.012,2643,0
3369413,1.173,9.603,1.607,0.033,-0.044,0.010,2643,0
3369433,1.173,9.445,1.611,0.025,-0.042,0.006,2643,0
3369453,1.164,9.436,1.609,0.050,-0.038,0.001,2642,0
3369473,1.195,9.493,1.635,0.042,-0.047,-0.014,2643,0
3369493,1.156,9.608,1.626,0.017,-0.059,-0.025,2643,0
3369513,1.223,9.689,1.614,0.003,-0.072,-0.021,2643,0
3369533,1.302,9.673,1.563,0.011,-0.075,-0.008,2645,0
3369553,1.360,9.620,1.571,0.031,-0.078,0.005,2643,0
3369573,1.343,9.620,1.539,0.047,-0.082,0.006,2642,0
3369593,1.322,9.656,1.571,0.041,-0.093,-0.003,2641,0
3369613,1.259,9.699,1.587,0.022,-0.100,-0.003,2642,0
3369633,1.228,9.596,1.595,0.023,-0.108,0.004,2642,0
3369653,1.243,9.541,1.528,0.046,-0.114,0.006,2642,0
3369673,1.305,9.572,1.410,0.044,-0.108,0.001,2643,0
3369693,1.331,9.663,1.302,0.022,-0.094,-0.019,2643,0
3369713,1.269,9.792,1.283,0.021,-0.082,-0.019,2644,0
3369733,1.245,9.936,1.312,0.033,-0.069,0.008,2642,0
3369753,1.192,9.902,1.326,0.028,-0.062,0.027,2642,0
3369773,1.199,9.799,1.336,0.026,-0.053,0.043,2644,0
3369793,1.216,9.754,1.358,0.035,-0.038,0.041,2643,0
3369813,1.154,9.776,1.470,0.003,-0.024,0.042,2643,0
3369833,1.099,9.618,1.602,-0.017,-0.025,0.049,2643,0
3369853,1.135,9.505,1.693,-0.000,-0.032,0.050,2643,0
3369873,1.185,9.407,1.707,0.003,-0.048,0.039,2642,0
3369893,1.238,9.369,1.712,0.010,-0.067,0.016,2642,0
3369913,1.223,9.512,1.666,0.007,-0.084,0.001,2641,0
3369933,1.250,9.519,1.618,0.001,-0.088,0.006,2643,0
3369953,1.257,9.450,1.575,0.022,-0.085,0.013,2642,0
3369973,1.312,9.452,1.587,0.024,-0.078,0.009,2643,0
3369993,1.279,9.495,1.664,-0.007,-0.060,-0.010,2643,0
3370013,1.152,9.505,1.867,-0.033,-0.062,-0.022,2643,0
3370033,1.085,9.510,1.987,-0.038,-0.083,-0.022,2641,0
3370053,1.168,9.342,2.076,-0.052,-0.106,-0.017,2644,0
3370073,1.336,9.050,2.085,-0.043,-0.124,-0.030,2641,0
3370093,1.542,8.938,2.023,-0.043,-0.136,-0.064,2643,0
3370113,1.630,8.945,1.932,-0.071,-0.148,-0.115,2642,0
3370133,1.580,9.091,1.853,-0.090,-0.156,-0.169,2641,0
3370153,1.472,9.371,1.671,-0.078,-0.160,-0.191,2641,0
3370173,1.377,9.548,1.504,-0.070,-0.138,-0.189,2643,0
3370193,1.336,9.546,1.537,-0.076,-0.111,-0.182,2641,0
3370213,1.334,9.522,1.568,-0.090,-0.098,-0.183,2642,0
3370233,1.379,9.512,1.547,-0.123,-0.088,-0.203,2642,0
3370253,1.396,9.522,1.446,-0.135,-0.064,-0.212,2643,0
3370273,1.384,9.507,1.439,-0.117,-0.038,-0.201,2642,0
3370293,1.307,9.491,1.358,-0.084,-0.026,-0.203,2643,0
3370313,1.298,9.471,1.202,-0.057,-0.017,-0.209,2643,0
3370333,1.250,9.689,1.159,-0.026,0.019,-0.209,2643,0
3370353,1.041,9.847,1.233,-0.022,0.059,-0.200,2642,0
3370373,0.766,9.912,1.381,-0.046,0.078,-0.177,2640,0
3370393,0.433,10.060,1.559,-0.048,0.086,-0.158,2642,0
3370413,0.373,10.206,1.784,-0.043,0.082,-0.137,2642,0
3370433,0.395,10.209,1.901,-0.030,0.073,-0.112,2641,0
3370453,0.606,10.077,1.935,0.000,0.063,-0.065,2642,0
3370473,0.826,9.773,2.052,-0.018,0.068,-0.045,2641,0
3370493,0.994,9.536,2.145,-0.020,0.064,-0.029,2641,0
3370513,1.027,9.519,2.301,-0.013,0.060,-0.010,2641,0
3370533,0.919,9.524,2.349,0.005,0.038,0.018,2641,0
3370553,0.838,9.632,2.207,0.030,-0.000,0.039,2641,0
3370573,0.836,9.754,2.081,0.027,-0.027,0.036,2641,0
3370593,0.831,9.871,2.054,0.031,-0.029,0.030,2641,0
3370613,0.915,10.029,2.049,0.067,-0.023,0.043,2641,0
3370633,0.994,10.151,2.016,0.077,0.006,0.086,2640,0
3370653,1.065,10.039,2.152,0.023,0.043,0.117,2642,0
3370673,1.118,9.826,2.399,-0.034,0.071,0.130,2641,0
3370693,1.132,9.567,2.569,-0.047,0.088,0.147,2641,0
3370713,1.065,9.337,2.612,-0.042,0.087,0.149,2642,0
3370733,0.977,9.206,2.586,-0.035,0.074,0.143,2642,0
3370753,0.879,9.143,2.502,-0.058,0.055,0.122,2641,0
3370773,0.840,8.988,2.397,-0.084,0.031,0.094,2640,0
3370793,0.864,8.859,2.282,-0.069,0.021,0.062,2641,0
3370813,0.950,8.837,2.318,-0.050,0.026,0.027,2642,0
3370833,1.199,8.957,2.693,-0.024,0.025,0.002,2640,0
3370853,1.642,9.725,3.898,-0.008,0.014,-0.006,2641,0
3370873,2.109,11.049,5.657,-0.183,-0.048,-0.052,2641,0
3370893,3.208,12.273,7.489,-0.454,-0.282,-0.127,2642,0
3370913,3.950,13.635,8.861,-0.625,-0.592,-0.093,2639,0
3370933,4.140,15.024,9.163,-0.924,-1.039,0.021,2640,0
3370953,3.979,17.648,7.621,-1.852,-1.557,0.169,2866,0
3370973,3.895,18.854,5.758,-3.530,-2.029,0.354,2756,0
3370993,3.395,18.438,4.951,-5.151,-2.434,0.681,2892,0
3371013,2.832,19.699,1.604,-6.827,-2.826,0.899,2907,0
3371033,2.186,16.290,1.168,-8.110,-2.743,0.846,2942,0
3371053,1.441,13.024,3.261,-8.006,-2.425,0.683,2956,0
3371073,0.352,11.468,5.729,-6.404,-2.435,1.043,2964,0
3371093,-0.546,10.491,6.244,-4.550,-2.464,1.641,2999,0
3371113,-1.154,11.207,5.329,-2.936,-2.461,2.496,3037,0
3371133,-1.343,10.949,4.013,-2.140,-2.296,3.253,3055,0
3371153,-1.152,9.965,2.614,-1.600,-1.848,3.881,3062,0
3371173,-1.595,7.834,1.750,-1.366,-1.210,4.413,3063,0
3371193,-2.650,4.932,1.250,-1.297,-0.632,4.778,3039,0
3371213,-2.459,1.748,1.640,-1.290,-0.331,4.893,3014,0
3371233,-3.517,-1.173,2.674,-1.503,-0.150,4.932,2970,0
3371253,-2.442,-5.239,3.096,-1.730,-0.073,4.605,2944,0
3371273,-3.134,-10.199,4.013,-1.475,0.180,4.149,2934,0
3371293,-2.768,-14.882,4.288,-1.114,0.232,3.355,2932,0
3371313,-2.119,-19.386,4.228,-1.174,-0.084,2.251,2930,0
3371333,0.460,-22.223,3.527,-1.076,-0.349,0.823,2927,0
3371353,1.257,-23.954,2.224,-0.668,-0.136,-0.708,2920,0
3371373,1.061,-21.328,1.951,-0.125,0.389,-2.338,2922,0
3371393,1.863,-15.845,2.090,0.184,0.702,-3.638,2928,0
3371413,0.690,-10.391,2.978,-0.200,0.829,-4.251,2928,0
3371433,1.702,-5.636,6.153,-0.569,1.223,-4.477,2917,0
3371453,2.538,-1.075,9.732,-0.038,1.724,-4.741,2910,0
3371473,-0.115,5.368,13.503,0.528,1.771,-4.217,2910,0
3371493,-0.572,10.534,16.503,0.968,0.497,-3.097,2905,0
3371513,1.338,18.387,14.605,1.225,-0.522,-1.889,2903,0
3371533,4.982,19.711,12.610,0.584,-0.584,-0.813,2902,0
3371553,5.466,18.285,10.247,0.279,-0.771,0.414,2896,0
3371573,6.711,14.226,8.260,0.446,-0.822,1.901,2898,0
3371593,6.115,9.886,7.166,0.687,-0.946,2.940,2894,0
3371613,5.945,6.476,6.163,0.315,-0.850,3.533,2890,0
3371633,4.616,2.940,5.543,-0.059,-0.725,3.802,2886,0
3371653,3.658,-2.239,5.128,-0.046,-0.371,4.039,2882,0
3371673,2.696,-6.357,5.284,0.122,-0.065,4.078,2870,0
3371693,1.623,-10.738,5.705,-0.199,0.055,3.795,2860,0
3371713,1.302,-16.510,6.036,-0.465,0.067,2.998,2850,0
3371733,1.666,-20.638,4.839,-0.663,0.172,1.895,2845,0
3371753,1.784,-25.034,4.590,-0.509,0.432,0.578,2858,0
3371773,1.901,-24.447,4.152,-0.053,0.600,-1.127,2858,0
3371793,1.592,-20.636,4.183,-0.003,0.507,-2.630,2861,0
3371813,1.590,-15.598,5.078,0.104,0.466,-3.651,2861,0
3371833,1.015,-9.632,5.974,-0.026,0.521,-4.324,2867,0
3371853,0.730,-3.855,7.956,-0.013,0.867,-4.377,2866,0
3371873,0.560,1.678,10.645,0.341,1.060,-4.283,2860,0
3371893,0.915,7.250,12.356,0.578,0.790,-3.918,2849,0
3371913,2.610,13.961,12.282,0.675,0.295,-3.118,2846,0
3371933,4.056,18.565,11.626,0.201,-0.140,-2.005,2847,0
3371953,4.149,18.301,11.492,-0.037,-0.419,-0.670,2852,0
3371973,4.911,16.563,10.077,0.398,-0.701,0.747,2864,0
3371993,5.825,13.278,8.092,0.880,-0.812,2.014,2865,0
3372013,5.981,10.092,6.661,0.958,-0.745,2.810,2865,0
3372033,5.090,6.816,5.662,0.666,-0.590,3.195,2864,0
3372053,4.250,2.792,5.543,0.517,-0.406,3.577,2861,0
3372073,3.836,-1.068,5.636,0.657,-0.284,3.853,2861,0
3372093,3.701,-3.749,5.528,0.630,-0.221,3.776,2860,0
3372113,3.304,-7.575,6.227,0.086,-0.008,3.394,2857,0
3372133,2.143,-13.783,7.939,-0.195,0.317,2.884,2853,0
3372153,1.429,-17.545,8.966,0.193,0.325,2.023,2850,0
3372173,0.984,-18.629,8.703,0.278,0.076,0.972,2848,0
3372193,0.041,-19.740,8.092,-0.122,-0.130,-0.243,2845,0
3372213,1.058,-19.314,8.016,-0.049,-0.129,-1.277,2845,0
3372233,0.211,-14.899,6.201,0.131,-0.057,-2.147,2844,0
3372253,1.664,-11.248,6.361,-0.094,0.024,-2.597,2844,0
3372273,1.286,-7.592,6.211,-0.311,0.199,-2.994,2846,0
3372293,2.655,-3.950,7.621,-0.586,0.520,-3.335,2847,0
3372313,3.912,-0.342,8.487,-0.765,0.715,-3.484,2850,0
3372333,3.541,4.398,9.785,-0.678,0.794,-3.174,2851,0
3372353,5.318,8.056,11.320,-0.262,0.746,-2.741,2851,0
3372373,4.645,15.071,11.145,-0.173,0.666,-2.095,2852,0
3372393,5.449,15.632,11.660,-0.326,0.618,-1.066,2851,0
3372413,4.523,16.005,11.109,0.042,0.149,0.251,2853,0
3372433,5.763,13.592,9.510,0.302,-0.276,1.566,2853,0
3372453,4.834,11.384,8.384,0.514,-0.462,2.607,2852,0
3372473,4.970,6.517,8.049,0.527,-0.391,3.215,2850,0
3372493,2.974,4.709,7.602,0.715,-0.428,3.721,2849,0
3372513,2.591,0.306,7.456,0.688,-0.513,4.181,2848,0
3372533,1.185,-2.784,7.815,0.740,-0.682,4.512,2849,0
3372553,1.563,-9.220,8.839,0.699,-0.720,4.279,2849,0
3372573,0.371,-11.744,8.401,0.632,-0.806,3.502,2832,0
3372593,0.910,-16.539,9.072,0.740,-0.767,2.528,2819,0
3372613,-0.060,-18.866,9.151,1.406,-0.720,1.770,2801,0
3372633,0.024,-18.550,8.408,2.115,-0.849,1.046,2784,0
3372653,-0.048,-16.381,7.738,2.408,-1.148,0.500,2766,0
3372673,0.022,-13.482,6.634,2.326,-1.531,-0.586,2746,0
3372693,0.385,-12.960,5.540,2.051,-1.711,-1.856,2744,0
3372713,0.412,-11.047,3.996,2.583,-1.474,-2.657,2743,0
3372733,0.034,-8.619,2.641,3.423,-0.968,-3.145,2745,0
3372753,0.199,-5.169,1.784,4.100,-0.761,-3.729,2741,0
3372773,0.153,-1.994,1.949,4.544,-0.795,-4.251,2736,0
3372794,0.261,0.788,1.836,4.827,-0.760,-4.502,2736,0
3372813,-0.534,3.910,1.207,5.200,-0.621,-4.592,2732,0
3372833,-1.899,7.633,0.828,5.330,-0.290,-4.604,2712,0
3372853,-1.714,10.527,0.108,5.623,-0.228,-4.546,2703,0
3372873,-0.989,13.436,-2.375,5.820,-0.318,-4.203,2703,0
3372893,-0.773,14.576,-3.687,5.729,-0.240,-3.620,2704,0
3372913,-0.201,17.107,-4.884,5.015,-0.207,-2.756,2703,0
3372933,1.293,19.575,-4.355,3.440,-0.314,-1.857,2697,0
3372953,2.301,18.668,-3.201,0.814,-0.265,-1.514,2691,0
3372973,2.614,15.560,-0.960,-0.829,-0.109,-1.494,2686,0
3372993,2.863,11.315,1.468,-1.100,-0.027,-1.313,2673,0
3373013,3.903,11.847,2.423,-0.239,-0.172,-1.028,2669,0
3373033,4.633,12.246,1.839,0.680,-0.093,-0.580,2669,0
3373053,4.266,12.833,2.052,1.014,0.142,-0.359,2666,0
3373073,3.452,13.374,2.385,0.933,0.278,-0.348,2665,0
3373093,3.077,13.867,2.083,0.498,0.188,-0.237,2656,0
3373113,2.861,13.127,1.635,-0.045,0.064,0.054,2654,0
3373133,2.959,11.609,1.769,-0.486,0.046,0.244,2648,0
3373153,2.643,10.149,1.772,-0.699,0.145,0.200,2648,0
3373173,2.421,8.808,1.951,-0.562,0.202,0.034,2649,0
3373193,2.744,9.124,2.394,-0.049,0.263,-0.068,2650,0
3373213,2.047,9.436,2.629,0.171,0.211,0.100,2649,0
3373233,1.604,9.565,2.150,0.468,0.216,0.102,2647,0
3373253,1.365,10.743,2.899,0.346,0.103,0.208,2647,0
3373273,1.504,10.041,2.344,0.191,0.094,0.045,2648,0
3373293,1.250,9.969,2.605,-0.094,-0.084,0.142,2649,0
3373313,2.433,10.230,2.368,0.023,-0.027,0.115,2649,0
3373333,1.262,9.426,2.272,-0.270,-0.059,0.248,2653,0
3373353,2.430,9.864,2.413,-0.055,0.016,0.162,2651,0
3373373,1.343,9.057,2.234,-0.180,-0.078,0.272,2651,0
3373393,2.658,9.697,2.682,0.054,-0.001,0.166,2651,0
3373413,1.276,8.566,2.145,-0.059,-0.088,0.174,2651,0
3373433,2.270,9.582,2.545,0.124,-0.034,0.054,2651,0
3373453,0.898,8.528,1.518,0.059,-0.131,0.072,2652,0
3373473,1.630,9.603,2.421,0.065,-0.140,0.101,2654,0
3373493,1.001,8.473,1.707,0.109,-0.232,0.113,2657,0
3373513,1.772,9.258,2.399,0.141,-0.273,0.206,2658,0
3373533,1.944,8.679,1.539,0.327,-0.257,0.115,2661,0
3373553,1.841,9.120,2.160,0.127,-0.234,0.120,2663,6
3373573,2.176,9.012,2.021,0.240,-0.163,-0.072,2664,0
3373593,1.389,8.763,2.389,0.035,-0.246,0.015,2664,0
3373613,2.442,9.029,2.265,0.321,-0.176,-0.109,2662,0
3373633,2.035,8.806,2.239,0.158,-0.204,-0.096,2667,0
3373653,2.404,8.818,1.621,0.138,-0.077,-0.203,2669,0
3373673,2.605,8.724,1.760,0.113,-0.068,-0.228,2670,0
3373693,2.507,8.985,1.757,0.111,-0.084,-0.234,2670,0
3373713,2.294,9.433,1.460,0.067,-0.116,-0.239,2671,0
3373733,2.128,9.828,1.410,0.042,-0.126,-0.220,2671,0
3373753,1.906,9.993,1.520,0.056,-0.102,-0.208,2671,0
3373773,1.753,10.058,1.528,0.113,-0.097,-0.191,2672,0
3373793,1.887,10.104,1.384,0.196,-0.113,-0.154,2671,0
3373813,1.930,10.276,1.348,0.213,-0.121,-0.085,2672,0
3373833,1.863,10.393,1.618,0.149,-0.122,-0.005,2671,0
3373853,1.712,10.436,1.774,0.096,-0.134,0.058,2671,0
