467878,2.354,8.880,-3.697,0.096,-0.053,0.003,2559,0
467898,2.406,8.911,-3.713,0.100,-0.052,-0.002,2559,0
467918,2.449,8.926,-3.725,0.087,-0.055,-0.005,2559,0
467938,2.437,8.921,-3.742,0.083,-0.052,0.000,2559,0
467958,2.401,8.899,-3.718,0.091,-0.043,0.007,2559,0
467978,2.387,8.837,-3.666,0.076,-0.030,-0.003,2559,0
467998,2.401,8.744,-3.601,0.059,-0.008,-0.020,2559,0
468018,2.385,8.724,-3.594,0.044,0.005,-0.039,2559,0
468038,2.368,8.653,-3.582,0.023,0.003,-0.054,2559,0
468058,2.337,8.727,-3.622,0.039,-0.020,-0.056,2559,0
468078,2.377,8.859,-3.692,0.035,-0.029,-0.067,2559,0
468098,2.344,8.985,-3.764,0.028,-0.023,-0.072,2559,0
468118,2.361,9.019,-3.721,0.021,-0.006,-0.063,2559,0
468138,2.387,9.052,-3.620,0.020,0.006,-0.047,2559,0
468158,2.430,8.988,-3.481,0.029,-0.004,-0.031,2559,0
468178,2.495,8.918,-3.424,0.039,-0.028,-0.018,2558,0
468198,2.473,8.914,-3.472,0.044,-0.054,-0.015,2559,0
468218,2.440,8.880,-3.606,0.045,-0.072,-0.006,2559,0
468238,2.425,8.954,-3.737,0.073,-0.076,0.005,2559,0
468258,2.375,8.938,-3.740,0.077,-0.053,0.010,2559,0
468278,2.334,8.875,-3.677,0.051,-0.033,0.010,2559,0
468298,2.342,8.794,-3.658,0.017,-0.037,0.010,2559,0
468318,2.358,8.722,-3.730,0.005,-0.054,0.000,2559,0
468338,2.339,8.765,-3.745,0.058,-0.069,-0.001,2559,0
468358,2.294,8.830,-3.809,0.104,-0.052,0.003,2559,0
468378,2.198,8.882,-3.843,0.088,-0.032,0.006,2559,0
468398,2.136,8.839,-3.859,0.043,-0.034,0.014,2559,0
468418,2.174,8.758,-3.819,0.025,-0.041,0.019,2559,0
468438,2.207,8.631,-3.768,0.068,-0.039,0.012,2559,0
468458,2.193,8.617,-3.795,0.116,-0.037,-0.006,2559,0
468478,2.207,8.717,-3.857,0.114,-0.039,-0.029,2559,0
468498,2.279,8.849,-3.898,0.097,-0.039,-0.038,2559,0
468518,2.392,8.935,-3.821,0.081,-0.017,-0.042,2559,0
468538,2.399,8.988,-3.783,0.063,0.018,-0.041,2559,0
468558,2.382,9.021,-3.711,0.042,0.027,-0.035,2559,0
468578,2.361,8.971,-3.639,0.025,0.024,-0.025,2559,0
468598,2.337,8.940,-3.634,0.029,0.007,-0.019,2559,0
468618,2.296,8.906,-3.654,0.044,-0.004,-0.015,2559,0
468638,2.198,8.863,-3.663,0.049,-0.003,-0.008,2559,0
468658,2.160,8.768,-3.723,0.027,-0.010,-0.011,2559,0
468678,2.277,8.710,-3.768,0.004,-0.030,-0.021,2559,0
468698,2.351,8.756,-3.687,0.020,-0.031,-0.037,2559,0
468718,2.303,8.887,-3.675,0.052,-0.013,-0.041,2559,0
468738,2.272,8.971,-3.725,0.054,-0.016,-0.025,2559,0
468758,2.322,8.973,-3.687,0.043,-0.018,-0.010,2559,0
468778,2.327,8.918,-3.637,0.031,-0.013,-0.008,2559,0
468798,2.303,8.880,-3.608,0.039,-0.015,-0.012,2559,0
468818,2.313,8.890,-3.642,0.039,-0.028,-0.009,2559,0
468838,2.322,8.947,-3.694,0.038,-0.046,-0.005,2559,0
468858,2.308,8.978,-3.697,0.045,-0.048,0.005,2559,0
468878,2.255,8.995,-3.701,0.061,-0.041,0.014,2559,0
468898,2.279,8.954,-3.721,0.051,-0.035,0.020,2559,0
468918,2.296,8.806,-3.754,0.021,-0.033,0.017,2559,0
468938,2.301,8.703,-3.706,0.016,-0.034,0.009,2559,0
468958,2.251,8.765,-3.694,0.048,-0.025,0.001,2559,0
468978,2.265,8.914,-3.785,0.050,-0.025,-0.003,2559,0
468998,2.236,8.961,-3.807,0.016,-0.029,0.005,2559,0
469018,2.248,8.902,-3.768,-0.007,-0.030,0.014,2559,0
469038,2.294,8.863,-3.697,0.017,-0.026,0.013,2559,0
469058,2.349,8.859,-3.622,0.060,-0.010,0.009,2559,0
469078,2.320,8.885,-3.654,0.069,-0.010,0.010,2559,0
469098,2.284,8.882,-3.644,0.027,-0.031,0.013,2559,0
469118,2.303,8.844,-3.627,0.009,-0.049,0.020,2559,0
469138,2.377,8.868,-3.658,0.031,-0.050,0.023,2559,0
469158,2.337,8.866,-3.673,0.042,-0.040,0.019,2559,0
469178,2.349,8.808,-3.713,0.035,-0.046,0.023,2559,0
469198,2.377,8.770,-3.666,0.034,-0.049,0.016,2559,0
469218,2.380,8.782,-3.658,0.044,-0.034,-0.001,2559,0
469238,2.318,8.854,-3.697,0.046,-0.029,0.002,2559,0
469258,2.263,8.844,-3.725,0.030,-0.038,0.019,2559,0
469278,2.306,8.741,-3.694,0.017,-0.051,0.024,2559,0
469298,2.363,8.689,-3.682,0.027,-0.053,0.010,2559,0
469318,2.380,8.674,-3.725,0.052,-0.041,-0.003,2559,0
469338,2.330,8.734,-3.718,0.064,-0.037,-0.008,2559,0
469358,2.315,8.717,-3.682,0.052,-0.034,-0.009,2561,0
469378,2.284,8.710,-3.673,0.047,-0.036,-0.013,2559,0
469398,2.229,8.777,-3.675,0.048,-0.025,-0.028,2559,0
469418,2.184,8.825,-3.742,0.057,-0.030,-0.030,2559,0
469438,2.191,8.894,-3.778,0.063,-0.043,-0.017,2559,0
469458,2.332,8.885,-3.757,0.060,-0.046,-0.012,2559,0
469478,2.354,8.873,-3.699,0.074,-0.036,-0.011,2559,0
469498,2.332,8.839,-3.661,0.075,-0.026,-0.016,2559,0
469518,2.346,8.811,-3.613,0.058,-0.030,-0.022,2559,0
469538,2.339,8.813,-3.565,0.044,-0.039,-0.028,2559,0
469558,2.368,8.777,-3.529,0.054,-0.053,-0.023,2559,0
469578,2.315,8.782,-3.575,0.065,-0.074,-0.022,2559,0
469598,2.289,8.717,-3.536,0.042,-0.070,-0.033,2559,0
469618,2.332,8.578,-3.474,0.032,-0.056,-0.048,2559,0
469638,2.387,8.588,-3.419,0.032,-0.045,-0.084,2559,0
469658,2.358,8.768,-3.548,0.005,-0.054,-0.111,2559,0
469678,2.191,9.134,-3.812,-0.014,-0.111,-0.103,2559,0
469698,1.990,9.294,-4.118,0.003,-0.097,-0.066,2561,0
469718,1.903,9.287,-4.209,0.027,-0.035,-0.029,2559,0
469738,2.040,9.148,-4.058,0.080,0.039,0.007,2559,0
469758,2.239,9.005,-3.797,0.088,0.072,-0.007,2561,0
469778,2.370,8.942,-3.661,0.045,0.079,-0.044,2559,0
469798,2.334,9.036,-3.656,0.026,0.036,-0.056,2559,0
469818,2.279,9.203,-3.761,0.058,-0.018,-0.050,2559,0
469838,2.265,9.337,-3.924,0.098,-0.025,-0.044,2559,0
469858,2.251,9.263,-3.917,0.098,0.021,-0.031,2559,0
469878,2.061,9.189,-3.929,0.043,0.078,-0.026,2559,0
469898,2.011,8.961,-3.847,-0.061,0.106,-0.038,2559,0
469918,2.071,8.827,-3.728,-0.091,0.098,-0.050,2559,0
469938,2.217,8.756,-3.625,-0.085,0.080,-0.070,2559,0
469958,2.028,8.844,-3.730,-0.070,0.050,-0.091,2559,0
469978,1.841,8.866,-3.859,-0.071,0.013,-0.092,2559,0
469998,2.112,8.871,-3.879,-0.007,-0.022,-0.070,2559,0
470018,2.418,8.724,-3.637,0.023,0.012,-0.066,2559,0
470038,2.485,8.641,-3.426,0.009,0.031,-0.072,2559,0
470058,2.423,8.780,-3.376,-0.055,0.011,-0.097,2559,0
470078,2.337,9.064,-3.515,-0.115,-0.009,-0.108,2559,0
470098,2.227,9.349,-3.670,-0.084,-0.037,-0.060,2559,0
470118,2.251,9.357,-3.677,-0.009,-0.054,0.030,2559,0
470138,2.337,9.270,-3.527,0.034,-0.049,0.081,2559,0
470158,2.351,9.170,-3.302,0.003,-0.014,0.074,2559,0
470178,2.234,9.134,-3.244,-0.021,0.004,0.078,2559,0
470198,2.155,9.014,-3.285,-0.033,-0.035,0.107,2559,0
470218,2.107,8.878,-3.424,-0.027,-0.082,0.135,2559,0
470238,2.219,8.703,-3.496,-0.023,-0.091,0.133,2559,0
470258,2.308,8.569,-3.563,-0.015,-0.044,0.088,2559,0
470278,2.236,8.557,-3.584,-0.035,0.025,0.023,2559,0
470298,2.138,8.559,-3.524,-0.048,0.056,-0.008,2559,0
470318,2.164,8.691,-3.464,-0.042,0.050,-0.020,2559,0
470338,2.200,8.720,-3.266,-0.033,0.054,-0.025,2559,0
470358,2.253,8.789,-3.187,-0.040,0.042,-0.029,2559,0
470378,2.327,8.825,-3.100,-0.048,0.023,-0.035,2559,0
470398,2.361,8.875,-3.160,-0.025,0.014,-0.037,2559,0
470418,2.313,8.983,-3.215,0.028,-0.014,-0.029,2559,0
470438,2.284,9.139,-3.282,0.045,-0.030,-0.017,2559,0
470458,2.370,9.234,-3.376,0.006,-0.022,-0.014,2559,0
470478,2.428,9.304,-3.440,-0.044,0.002,-0.008,2559,0
470498,2.406,9.385,-3.467,-0.060,0.015,-0.003,2559,0
470518,2.392,9.445,-3.366,-0.041,0.027,0.018,2559,0
470538,2.411,9.459,-3.191,-0.013,0.043,0.052,2559,0
470558,2.406,9.464,-3.057,-0.018,0.059,0.082,2559,0
470578,2.373,9.431,-3.033,-0.055,0.048,0.106,2559,0
470598,2.318,9.328,-3.007,-0.068,0.017,0.133,2559,0
470618,2.320,9.165,-2.993,-0.038,-0.006,0.157,2559,0
470638,2.425,9.029,-3.033,0.008,-0.029,0.172,2559,0
470658,2.425,8.973,-3.089,0.034,-0.052,0.158,2558,0
470678,2.409,8.799,-3.086,0.022,-0.063,0.146,2559,0
470698,2.433,8.614,-3.077,0.025,-0.086,0.139,2559,0
470718,2.442,8.526,-3.127,0.039,-0.111,0.111,2559,0
470738,2.421,8.598,-3.211,0.043,-0.126,0.070,2559,0
470758,2.310,8.722,-3.316,0.063,-0.128,0.046,2559,0
470778,2.354,8.768,-3.342,0.072,-0.125,0.042,2559,0
470798,2.454,8.758,-3.378,0.101,-0.124,0.043,2559,0
470818,2.502,8.717,-3.390,0.104,-0.112,0.032,2559,0
470838,2.533,8.818,-3.503,0.117,-0.107,0.026,2559,0
470858,2.579,8.832,-3.543,0.092,-0.082,0.014,2559,0
470878,2.591,8.878,-3.493,0.045,-0.024,-0.009,2559,0
470898,2.550,8.921,-3.371,0.017,0.018,-0.025,2559,0
470918,2.497,9.076,-3.306,0.015,0.033,-0.025,2559,0
470939,2.514,9.139,-3.105,0.052,0.032,0.008,2559,0
470958,2.559,9.151,-2.988,0.104,0.002,0.044,2559,0
470978,2.495,9.158,-2.976,0.101,-0.011,0.062,2558,0
470998,2.380,9.120,-3.098,0.071,-0.031,0.080,2559,0
471018,2.423,9.067,-3.100,0.060,-0.065,0.095,2559,0
471038,2.461,8.964,-3.136,0.048,-0.062,0.096,2559,0
471058,2.495,8.859,-3.136,0.039,-0.059,0.084,2559,0
471078,2.555,8.882,-3.151,0.021,-0.071,0.065,2559,0
471098,2.588,8.887,-3.110,0.016,-0.066,0.052,2559,0
471118,2.622,8.885,-3.141,0.036,-0.051,0.066,2559,0
471138,2.674,8.904,-3.239,0.027,-0.053,0.069,2559,0
471158,2.646,8.789,-3.287,0.008,-0.053,0.064,2559,0
471178,2.605,8.770,-3.366,0.027,-0.050,0.064,2558,0
471198,2.631,8.753,-3.419,0.083,-0.050,0.069,2559,0
471218,2.512,8.990,-3.445,0.129,-0.053,0.069,2559,0
471238,2.418,9.055,-3.345,0.107,-0.071,0.050,2558,0
471258,2.502,8.803,-3.196,0.081,-0.060,0.037,2559,0
471278,2.602,8.729,-3.091,0.108,-0.025,0.054,2559,0
471298,2.804,8.715,-3.100,0.108,-0.030,0.044,2559,0
471318,2.837,8.626,-3.120,0.047,-0.040,0.000,2558,0
471338,2.871,8.576,-3.127,0.009,-0.065,-0.037,2559,0
471358,2.983,8.607,-3.184,-0.019,-0.061,-0.064,2559,0
471378,3.038,8.729,-3.249,-0.066,-0.036,-0.092,2558,0
471398,2.942,8.887,-3.151,-0.046,-0.014,-0.096,2559,0
471418,2.725,9.064,-3.235,-0.021,-0.006,-0.079,2559,0
471438,2.533,9.208,-3.335,-0.011,-0.033,-0.035,2558,0
471458,2.478,9.290,-3.366,0.013,-0.081,0.010,2558,0
471478,2.454,9.280,-3.402,0.070,-0.111,0.062,2559,0
471498,2.442,9.184,-3.455,0.114,-0.119,0.106,2559,0
471518,2.466,9.103,-3.515,0.117,-0.111,0.122,2559,0
471538,2.535,9.052,-3.486,0.089,-0.094,0.108,2558,0
471558,2.591,8.976,-3.407,0.083,-0.056,0.098,2559,0
471578,2.679,8.839,-3.371,0.077,-0.034,0.099,2559,0
471598,2.696,8.739,-3.330,0.055,-0.026,0.094,2559,0
471618,2.799,8.624,-3.268,0.045,-0.034,0.086,2559,0
471638,2.909,8.641,-3.273,0.058,-0.053,0.054,2559,0
471658,2.899,8.626,-3.268,0.065,-0.051,0.022,2559,0
471678,2.875,8.645,-3.321,0.075,-0.065,0.018,2559,0
471698,2.938,8.715,-3.299,0.075,-0.075,0.017,2559,0
471718,2.933,8.736,-3.273,0.056,-0.056,0.004,2559,0
471738,2.849,8.830,-3.263,0.045,-0.031,0.001,2557,0
471758,2.722,8.933,-3.278,0.028,-0.034,0.016,2559,0
471778,2.679,8.882,-3.282,0.012,-0.062,0.035,2559,0
471798,2.751,8.794,-3.280,0.049,-0.084,0.046,2558,0
471818,2.775,8.794,-3.345,0.083,-0.083,0.042,2558,0
471838,2.725,8.768,-3.390,0.073,-0.086,0.032,2559,0
471858,2.796,8.739,-3.395,0.053,-0.091,0.019,2558,0
471878,2.868,8.746,-3.349,0.038,-0.078,0.006,2559,0
471898,2.844,8.780,-3.395,0.040,-0.067,0.006,2559,0
471918,2.842,8.820,-3.455,0.035,-0.080,0.006,2559,0
471938,2.890,8.851,-3.484,0.023,-0.085,0.004,2559,0
471958,2.957,8.847,-3.493,0.012,-0.069,-0.006,2559,0
471978,2.887,8.868,-3.500,0.011,-0.036,-0.006,2559,0
471998,2.794,8.811,-3.479,0.011,-0.028,-0.001,2559,0
472018,2.825,8.765,-3.469,0.025,-0.046,-0.007,2559,0
472038,2.914,8.775,-3.440,0.042,-0.050,-0.019,2558,0
472058,2.866,8.801,-3.529,0.040,-0.037,-0.031,2558,0
472078,2.859,8.741,-3.531,0.014,-0.023,-0.026,2558,0
472098,2.890,8.792,-3.474,0.010,-0.002,-0.027,2559,0
472118,2.907,8.799,-3.397,-0.003,0.031,-0.040,2559,0
472138,2.830,8.847,-3.235,-0.031,0.052,-0.041,2558,0
472158,2.744,8.765,-3.237,-0.029,0.041,-0.041,2557,0
472178,2.796,8.768,-3.218,-0.013,0.001,-0.049,2555,0
472198,2.978,8.851,-3.163,0.021,-0.030,-0.071,2553,0
472218,2.914,8.784,-3.160,0.040,-0.005,-0.099,2548,0
472238,2.701,8.928,-3.282,0.056,0.005,-0.070,2545,0
472258,2.720,9.067,-3.371,0.024,-0.035,-0.025,2545,0
472278,2.823,8.997,-3.340,-0.028,-0.057,-0.007,2543,0
472298,2.854,8.882,-3.254,-0.008,-0.041,-0.016,2542,0
472318,2.777,8.873,-3.285,0.039,-0.019,-0.024,2543,0
472338,2.741,8.928,-3.314,0.055,-0.021,-0.016,2542,0
472358,2.737,8.885,-3.330,0.047,-0.031,-0.005,2543,0
472378,2.693,8.878,-3.290,0.046,-0.031,0.003,2542,0
472398,2.670,8.827,-3.278,0.034,-0.022,0.004,2541,0
472418,2.701,8.732,-3.196,0.031,-0.033,0.010,2542,0
472438,2.729,8.638,-3.156,0.055,-0.048,-0.007,2542,0
472458,2.708,8.662,-3.208,0.084,-0.055,-0.019,2542,0
472478,2.667,8.792,-3.321,0.098,-0.058,-0.022,2541,0
472498,2.715,8.873,-3.349,0.074,-0.054,-0.032,2542,0
472518,2.796,8.863,-3.318,0.043,-0.034,-0.047,2542,0
472538,2.787,8.890,-3.287,0.033,-0.008,-0.067,2543,0
472558,2.744,8.966,-3.323,0.035,0.003,-0.066,2542,0
472578,2.744,9.007,-3.323,0.041,-0.002,-0.050,2542,0
472598,2.784,9.093,-3.306,0.049,-0.008,-0.042,2541,0
472618,2.775,9.127,-3.254,0.050,0.012,-0.044,2541,0
472638,2.689,9.134,-3.203,0.044,0.023,-0.034,2541,0
472658,2.674,9.067,-3.182,0.024,0.012,-0.015,2541,0
472678,2.708,8.969,-3.127,0.020,-0.008,-0.003,2540,0
472698,2.715,8.976,-3.117,0.029,-0.028,-0.007,2538,0
472718,2.653,9.019,-3.184,0.039,-0.049,0.001,2542,0
472738,2.626,9.033,-3.254,0.036,-0.056,0.016,2542,0
472758,2.650,8.978,-3.285,0.025,-0.051,0.023,2542,0
472778,2.674,8.935,-3.294,0.027,-0.037,0.015,2541,0
472798,2.617,8.981,-3.318,0.021,-0.041,0.009,2540,0
472818,2.607,8.921,-3.304,0.018,-0.046,0.030,2540,0
472838,2.674,8.818,-3.304,0.034,-0.056,0.039,2541,0
472858,2.686,8.777,-3.321,0.044,-0.042,0.023,2542,0
472878,2.696,8.835,-3.361,0.046,-0.034,0.007,2541,0
472898,2.703,8.825,-3.330,0.026,-0.028,0.007,2542,0
472918,2.751,8.801,-3.326,0.014,-0.031,0.006,2540,0
472938,2.768,8.772,-3.314,0.027,-0.034,0.006,2541,0
472958,2.758,8.880,-3.328,0.065,-0.031,-0.002,2541,0
472978,2.739,8.882,-3.294,0.062,-0.017,-0.001,2540,0
472998,2.756,8.784,-3.263,0.048,-0.013,0.009,2541,0
473018,2.765,8.681,-3.254,0.035,-0.019,-0.005,2540,0
473038,2.751,8.696,-3.297,0.040,-0.023,-0.031,2540,0
473058,2.741,8.823,-3.323,0.058,-0.027,-0.040,2540,0
473078,2.720,8.930,-3.354,0.061,-0.007,-0.030,2541,0
473098,2.715,8.952,-3.328,0.059,0.012,-0.025,2541,0
473118,2.746,8.942,-3.254,0.056,0.018,-0.031,2541,0
473138,2.753,8.969,-3.153,0.044,0.017,-0.037,2540,0
473158,2.729,9.012,-3.134,0.028,0.007,-0.033,2539,0
473178,2.658,9.029,-3.168,0.031,-0.009,-0.014,2541,0
473198,2.665,9.026,-3.175,0.049,-0.035,-0.004,2540,0
473218,2.717,8.981,-3.132,0.065,-0.041,-0.002,2540,0
473238,2.701,8.945,-3.136,0.064,-0.031,-0.001,2540,0
473258,2.667,8.933,-3.134,0.037,-0.035,-0.001,2540,0
473278,2.614,8.957,-3.136,-0.025,-0.086,0.001,2540,0
473298,2.667,8.964,-3.141,-0.064,-0.124,0.012,2539,0
473318,2.665,9.012,-3.100,-0.107,-0.149,0.028,2541,0
473338,2.650,8.947,-3.175,-0.079,-0.145,0.036,2541,0
473358,2.684,8.945,-3.263,-0.017,-0.144,0.037,2541,0
473378,2.734,8.875,-3.268,0.037,-0.130,0.025,2540,0
473398,2.737,8.875,-3.318,0.057,-0.085,0.015,2541,0
473418,2.679,8.882,-3.395,0.050,-0.043,0.008,2539,0
473438,2.658,8.909,-3.383,0.035,-0.018,0.002,2539,0
473458,2.703,8.904,-3.299,0.031,-0.012,-0.004,2539,0
473478,2.708,8.861,-3.266,0.050,-0.022,0.000,2540,0
473498,2.715,8.859,-3.239,0.055,-0.029,0.001,2540,0
473518,2.732,8.849,-3.220,0.060,-0.025,0.007,2540,0
473538,2.729,8.885,-3.249,0.058,-0.020,0.003,2540,0
473558,2.722,8.823,-3.215,0.057,-0.011,-0.008,2538,0
473578,2.684,8.806,-3.201,0.064,-0.002,-0.016,2539,0
473598,2.674,8.770,-3.179,0.055,-0.002,-0.024,2539,0
473618,2.679,8.789,-3.196,0.054,-0.016,-0.031,2541,0
473638,2.713,8.813,-3.172,0.060,-0.026,-0.040,2538,0
473658,2.710,8.902,-3.218,0.064,-0.030,-0.050,2539,0
473678,2.689,8.997,-3.290,0.056,-0.036,-0.046,2539,0
473698,2.691,9.067,-3.297,0.041,-0.043,-0.027,2540,0
473718,2.684,9.038,-3.273,0.023,-0.045,-0.010,2538,0
473738,2.715,9.007,-3.148,0.003,-0.057,0.002,2540,0
473758,2.782,8.976,-3.158,0.020,-0.072,0.016,2539,0
473778,2.758,8.921,-3.110,0.071,-0.079,0.019,2537,0
473798,2.753,8.969,-3.230,0.101,-0.066,0.012,2539,0
473818,2.679,9.005,-3.323,0.075,-0.042,0.006,2538,0
473838,2.602,8.985,-3.373,0.029,-0.028,0.008,2539,0
473858,2.617,8.918,-3.328,0.004,-0.043,0.015,2539,0
473878,2.715,8.815,-3.235,0.037,-0.055,0.015,2539,0
473898,2.691,8.770,-3.194,0.077,-0.044,-0.005,2538,0
473918,2.691,8.832,-3.259,0.070,-0.033,-0.022,2540,0
473938,2.636,8.914,-3.280,0.049,-0.030,-0.019,2538,0
473958,2.641,8.928,-3.251,0.022,-0.023,-0.017,2539,0
473978,2.602,8.942,-3.251,0.025,-0.013,-0.022,2539,0
473998,2.612,8.935,-3.211,0.037,-0.028,-0.016,2539,0
474018,2.641,8.914,-3.239,0.048,-0.055,-0.006,2539,0
474038,2.696,8.849,-3.256,0.071,-0.059,0.001,2538,0
474058,2.670,8.878,-3.299,0.093,-0.053,-0.002,2540,0
474078,2.689,8.902,-3.330,0.070,-0.042,-0.013,2539,0
474098,2.672,8.866,-3.323,0.025,-0.029,-0.023,2538,0
474118,2.658,8.842,-3.254,0.018,-0.019,-0.030,2540,0
474138,2.660,8.954,-3.227,0.048,-0.026,-0.029,2539,0
474158,2.670,9.012,-3.235,0.052,-0.043,-0.023,2539,0
474178,2.689,9.057,-3.232,0.067,-0.048,-0.005,2538,0
474198,2.720,8.985,-3.280,0.065,-0.045,0.001,2538,0
474218,2.715,8.961,-3.314,0.051,-0.038,-0.005,2538,0
474238,2.732,8.930,-3.333,0.039,-0.045,-0.005,2538,0
474258,2.717,8.906,-3.371,0.035,-0.044,-0.003,2539,0
474278,2.708,8.875,-3.347,0.046,-0.021,-0.010,2539,0
474298,2.686,8.906,-3.338,0.067,0.001,-0.011,2539,0
474318,2.631,8.978,-3.338,0.063,0.006,-0.008,2538,0
474338,2.617,8.938,-3.309,0.042,-0.007,-0.001,2540,0
474358,2.614,8.863,-3.249,0.033,-0.025,0.009,2539,0
474378,2.650,8.806,-3.256,0.047,-0.038,0.008,2540,0
474398,2.658,8.775,-3.318,0.069,-0.045,0.002,2540,0
474418,2.605,8.734,-3.290,0.082,-0.034,-0.001,2538,0
474438,2.622,8.717,-3.328,0.080,-0.028,-0.010,2540,0
474458,2.586,8.689,-3.318,0.054,-0.023,-0.031,2541,0
474478,2.583,8.588,-3.333,0.031,-0.019,-0.044,2542,0
474498,2.600,8.428,-3.199,0.044,-0.034,-0.043,2543,0
474518,2.605,8.511,-3.263,0.120,-0.045,-0.021,2542,0
474538,2.641,8.612,-3.407,0.088,-0.066,-0.059,2544,0
474558,2.593,8.677,-3.371,0.071,-0.060,-0.093,2544,0
474578,2.581,8.875,-3.369,0.019,-0.072,-0.089,2547,0
474598,2.526,9.029,-3.357,-0.017,-0.117,-0.040,2553,0
474618,2.600,9.175,-3.249,-0.026,-0.221,0.037,2559,0
474638,2.806,9.421,-3.201,-0.035,-0.340,0.129,2593,0
474658,2.717,10.060,-3.352,-0.197,-0.511,0.275,2634,0
474678,2.696,10.953,-3.364,-0.696,-0.804,0.517,2711,0
474698,2.950,12.198,-4.096,-1.737,-1.235,0.877,2815,0
474718,3.479,12.345,-4.245,-2.919,-1.418,1.326,2904,0
474738,4.166,11.973,-3.807,-3.857,-1.347,1.741,2967,0
474758,4.863,11.509,-3.541,-4.410,-1.087,2.065,3009,0
474778,5.028,11.641,-2.988,-4.993,-0.736,2.213,3028,0
474798,5.509,11.471,-1.676,-5.665,-0.572,2.536,3042,0
474818,5.490,10.269,-0.491,-6.146,-0.519,2.950,3055,0
474838,5.681,9.098,-0.352,-6.306,-0.361,3.266,3061,0
474858,6.483,8.576,0.663,-6.607,-0.172,3.531,3068,0
474878,5.607,7.602,0.438,-7.232,0.232,3.835,3070,0
474898,6.800,4.439,3.412,-7.431,0.501,3.748,3069,0
474918,5.394,1.583,4.559,-6.994,1.033,3.826,3065,0
474938,6.692,-0.007,6.596,-4.648,1.025,3.015,3057,0
474958,5.121,1.630,6.622,-2.372,0.902,2.242,3051,0
474978,4.439,3.570,5.023,-1.245,0.732,1.963,3040,0
474998,2.753,3.613,5.016,-1.102,0.782,2.469,3028,0
475018,3.311,1.853,4.906,-0.987,0.815,2.817,3020,0
475038,1.970,0.309,5.313,-1.077,0.998,2.884,3015,0
475058,3.127,-3.287,6.847,-0.958,1.093,2.610,3014,0
475078,2.538,-6.539,9.579,-0.891,1.125,2.152,3008,0
475098,4.051,-10.283,11.698,-0.455,0.578,1.118,3000,0
475118,4.049,-10.348,12.074,0.095,-0.147,-0.118,2992,0
475138,5.377,-9.601,10.633,0.723,-0.860,-1.295,2991,0
475158,5.310,-5.933,8.894,0.810,-1.175,-2.002,2990,0
475178,5.957,-2.543,6.567,0.636,-1.421,-2.331,2985,0
475198,6.553,0.632,4.810,0.407,-1.046,-2.202,2980,0
475218,6.706,3.510,3.074,0.273,-0.826,-1.722,2977,0
475238,6.567,6.263,1.973,-0.032,-0.280,-0.995,2975,0
475258,6.792,7.393,1.173,-0.069,0.210,-0.056,2972,0
475278,5.607,7.652,1.980,-0.124,1.112,1.055,2973,0
475298,4.640,6.493,3.883,-0.345,1.664,2.065,2971,0
475318,3.610,3.613,6.402,-0.648,1.764,2.684,2969,0
475338,3.510,-0.591,9.014,-0.796,1.586,2.758,2969,0
475358,3.543,-4.800,11.542,-0.663,1.385,2.335,2968,0
475378,3.694,-8.722,13.549,-0.429,0.910,1.577,2965,0
475398,4.223,-11.162,14.210,-0.089,0.069,0.489,2963,0
475418,5.080,-11.380,13.532,0.273,-0.871,-0.802,2960,0
475438,5.646,-9.668,12.107,0.786,-1.641,-1.936,2960,0
475458,6.117,-6.503,9.773,0.905,-1.960,-2.664,2958,0
475478,6.249,-2.964,7.532,0.579,-1.782,-3.027,2956,0
475498,6.268,0.254,5.595,0.143,-1.543,-3.017,2955,0
475518,6.634,2.990,3.974,-0.155,-1.162,-2.657,2955,0
475538,6.608,5.183,2.715,-0.167,-0.708,-1.933,2955,0
475558,6.464,6.891,2.112,-0.125,-0.364,-1.017,2955,0
475578,6.357,7.920,1.776,-0.078,0.062,0.095,2960,0
475598,5.930,8.598,1.762,-0.144,0.524,1.090,2971,0
475618,5.028,6.828,3.251,-0.492,1.038,2.022,2977,0
475638,4.250,3.871,5.564,-0.538,1.352,2.618,2979,0
475658,3.759,-0.069,8.114,-0.626,1.424,2.770,2977,0
475678,3.783,-5.126,11.317,-0.612,1.114,2.434,2976,0
475698,4.544,-9.766,13.448,-0.389,0.529,1.637,2972,0
475718,5.792,-11.976,13.968,-0.009,-0.204,0.413,2970,0
475738,6.598,-11.420,12.869,0.404,-0.832,-0.938,2965,0
475758,6.586,-8.583,10.903,0.638,-1.275,-2.002,2966,0
475778,6.402,-4.408,8.626,0.603,-1.494,-2.526,2963,0
475798,6.397,0.012,5.830,0.513,-1.574,-2.574,2960,0
475818,7.144,3.584,3.462,0.332,-1.423,-2.061,2960,0
475838,6.560,6.433,2.193,0.042,-0.992,-1.048,2960,0
475858,6.821,7.506,1.211,-0.083,-0.571,0.130,2961,0
475878,7.271,8.021,1.391,0.180,0.334,1.415,2960,0
475898,5.775,7.717,2.368,0.491,1.089,2.558,2960,0
475918,5.871,5.423,3.730,-0.381,1.576,3.009,2956,0
475938,4.769,-0.713,7.451,-0.766,1.592,2.867,2954,0
475958,4.446,-5.461,10.829,-0.558,1.419,2.320,2952,0
475978,4.319,-9.270,12.811,-0.283,0.761,1.368,2949,0
475998,4.353,-11.375,14.071,-0.314,-0.163,0.221,2946,0
476018,5.741,-12.505,12.998,0.169,-0.977,-1.001,2945,0
476038,5.964,-9.096,10.716,0.611,-1.187,-1.898,2942,0
476058,5.708,-4.221,7.647,0.586,-1.454,-2.418,2941,0
476078,6.376,0.247,4.817,0.274,-1.289,-2.334,2939,0
476098,6.541,4.116,2.229,0.096,-1.144,-1.866,2942,0
476118,6.503,7.223,0.302,0.074,-0.351,-0.808,2942,0
476138,6.675,7.858,-0.184,-0.098,0.251,0.445,2940,0
476158,5.353,6.574,1.614,-0.172,0.944,1.613,2937,0
476178,6.110,3.203,4.015,-0.185,1.305,2.175,2934,0
476198,4.685,-0.091,7.506,-0.278,1.569,2.291,2934,0
476218,5.409,-5.071,10.654,-0.332,1.307,1.889,2936,0
476238,4.331,-8.138,13.012,-0.096,0.788,1.239,2933,0
476258,5.617,-10.719,13.455,0.203,0.065,0.318,2934,0
476278,5.945,-10.075,12.711,0.354,-0.566,-0.796,2938,0
476298,6.424,-8.588,11.128,0.563,-1.114,-1.812,2935,0
476318,6.534,-5.377,8.971,0.797,-1.359,-2.457,2934,0
476338,6.596,-0.965,6.223,0.806,-1.292,-2.595,2938,0
476358,6.498,3.484,3.687,0.491,-1.100,-2.259,2940,0
476378,6.460,6.134,2.315,0.173,-0.796,-1.483,2941,0
476398,6.541,8.145,1.202,0.019,-0.398,-0.446,2942,0
476418,6.596,8.581,1.068,-0.086,0.262,0.634,2943,0
476438,5.974,7.745,2.282,0.036,0.997,1.680,2942,0
476458,5.001,5.303,4.769,-0.212,1.422,2.416,2939,0
476478,4.314,1.144,7.772,-0.232,1.416,2.761,2935,0
476498,3.996,-2.962,10.130,-0.034,1.086,2.704,2934,0
476518,4.037,-6.948,11.641,0.078,0.555,2.198,2934,0
476538,4.511,-10.017,12.165,0.387,-0.150,1.328,2935,0
476558,5.088,-10.776,11.463,0.807,-0.746,0.396,2937,0
476578,5.152,-10.156,10.036,1.248,-1.234,-0.522,2940,0
476598,5.095,-9.031,8.442,1.874,-1.713,-1.330,2944,0
476618,4.956,-7.676,6.826,3.293,-2.047,-2.263,2947,0
476638,4.410,-5.502,4.456,4.780,-2.151,-3.067,2943,0
476658,3.970,-3.144,2.926,5.794,-1.985,-3.789,2936,0
476678,4.381,-0.400,1.223,6.375,-1.826,-4.209,2909,0
476698,4.367,1.925,0.488,6.685,-1.653,-4.297,2878,0
476718,4.219,4.420,0.170,6.806,-1.346,-4.259,2832,0
476738,4.142,6.524,-0.522,6.538,-1.013,-4.190,2760,0
476758,3.761,7.807,-1.300,5.974,-0.699,-4.054,2676,0
476778,3.417,8.430,-2.294,5.363,-0.262,-3.767,2618,0
476798,2.933,8.866,-3.041,5.010,0.138,-3.436,2565,0
476818,2.782,9.189,-3.970,4.748,0.215,-3.088,2532,0
476838,3.235,10.678,-4.362,4.643,-0.074,-2.726,2506,0
476858,2.066,10.678,-3.924,4.482,-0.345,-2.293,2481,0
476878,2.411,11.382,-4.779,3.830,-0.424,-1.998,2459,0
476898,1.544,12.536,-5.262,2.423,-0.501,-1.574,2447,0
476918,2.301,12.859,-5.394,1.035,-0.301,-1.318,2434,0
476938,2.282,12.110,-5.351,-0.182,-0.110,-0.988,2434,0
476958,2.052,12.067,-4.657,-0.748,0.074,-0.644,2432,0
476978,1.911,10.786,-4.774,-0.987,0.146,-0.517,2431,0
476998,1.386,10.906,-4.075,-0.738,0.013,-0.287,2433,0
477018,2.016,9.682,-4.377,-0.221,-0.104,-0.276,2433,0
477038,1.348,10.573,-3.795,0.181,-0.259,-0.039,2439,0
477058,2.284,9.594,-4.436,0.438,-0.208,-0.101,2439,0
477078,1.659,10.542,-3.783,0.369,-0.212,0.053,2441,0
477098,2.480,9.558,-4.118,0.230,0.075,-0.107,2442,0
477118,1.520,10.264,-3.397,-0.099,0.225,-0.013,2443,0
477138,2.054,9.455,-3.704,-0.225,0.389,-0.120,2442,0
477158,1.393,9.754,-3.177,-0.368,0.257,0.062,2446,0
477178,1.879,9.206,-3.175,-0.214,0.193,0.091,2447,0
477198,1.650,9.098,-3.048,-0.102,0.055,0.178,2449,0
477218,1.683,9.131,-2.950,0.135,0.080,0.151,2450,0
477238,2.057,8.751,-3.443,0.238,0.087,0.069,2450,0
477258,1.516,9.730,-2.899,0.265,0.110,0.114,2453,0
477278,1.985,9.031,-3.330,0.190,0.151,0.057,2456,0
477298,1.671,9.292,-3.156,0.144,0.115,0.118,2459,0
477318,1.788,9.098,-3.122,0.087,0.096,0.138,2459,0
477338,1.863,9.002,-3.086,0.105,0.102,0.125,2463,0
