3334893,1.295,9.491,1.697,0.140,-0.049,0.046,2676,0
3334913,1.398,9.512,1.800,0.107,-0.043,0.019,2675,0
3334933,1.549,9.464,1.884,0.049,-0.040,-0.004,2676,0
3334953,1.726,9.428,1.970,-0.001,-0.032,-0.028,2676,0
3334973,1.724,9.409,2.035,-0.013,-0.011,-0.044,2675,0
3334993,1.671,9.608,2.042,0.029,-0.001,-0.033,2676,0
3335013,1.556,9.938,1.946,0.058,0.011,-0.003,2675,0
3335033,1.439,10.321,1.812,-0.001,0.003,0.028,2677,0
3335053,1.463,10.156,1.741,-0.116,-0.014,0.055,2676,0
3335073,1.525,9.706,1.724,-0.136,-0.026,0.072,2676,0
3335093,1.530,9.445,1.664,-0.063,-0.032,0.086,2677,0
3335113,1.439,9.400,1.681,0.005,-0.032,0.102,2677,0
3335133,1.235,9.457,1.645,0.033,-0.036,0.102,2675,0
3335153,1.161,9.409,1.650,0.012,-0.055,0.105,2677,0
3335173,1.223,9.232,1.688,-0.006,-0.055,0.092,2675,0
3335193,1.290,9.064,1.817,0.008,-0.048,0.069,2677,0
3335213,1.350,8.997,1.920,0.060,-0.037,0.055,2676,0
3335233,1.381,9.079,1.925,0.087,-0.028,0.028,2676,0
3335253,1.425,9.222,1.884,0.053,-0.019,-0.007,2675,0
3335273,1.460,9.254,1.958,-0.010,-0.009,-0.039,2675,0
3335293,1.504,9.251,2.071,-0.018,-0.007,-0.061,2674,0
3335313,1.451,9.335,2.128,0.020,-0.015,-0.062,2676,0
3335333,1.422,9.546,2.028,0.051,-0.044,-0.058,2676,0
3335353,1.439,9.675,1.946,0.040,-0.070,-0.055,2676,0
3335373,1.475,9.704,1.844,0.019,-0.077,-0.051,2674,0
3335393,1.506,9.625,1.803,0.017,-0.078,-0.033,2673,0
3335413,1.547,9.519,1.820,0.038,-0.076,-0.014,2675,0
3335433,1.549,9.493,1.767,0.067,-0.080,-0.010,2675,0
3335453,1.571,9.553,1.724,0.055,-0.081,-0.010,2674,0
3335473,1.568,9.505,1.738,0.041,-0.068,-0.009,2676,0
3335493,1.544,9.481,1.741,0.045,-0.057,-0.012,2675,0
3335513,1.539,9.479,1.765,0.055,-0.056,-0.009,2675,0
3335533,1.499,9.510,1.731,0.063,-0.055,-0.005,2674,0
3335553,1.484,9.510,1.721,0.067,-0.050,-0.005,2673,0
3335573,1.492,9.486,1.784,0.066,-0.035,-0.005,2674,0
3335593,1.571,9.383,1.860,0.064,-0.023,-0.007,2674,0
3335613,1.616,9.407,1.836,0.063,-0.011,-0.015,2676,0
3335633,1.544,9.507,1.815,0.046,-0.003,-0.027,2673,0
3335653,1.463,9.622,1.858,0.028,-0.003,-0.027,2675,0
3335673,1.381,9.637,1.932,0.021,-0.011,-0.015,2674,0
3335693,1.350,9.548,2.006,0.047,-0.031,0.003,2675,0
3335713,1.422,9.414,1.935,0.071,-0.052,0.011,2674,0
3335733,1.494,9.294,1.772,0.080,-0.061,0.001,2673,0
3335753,1.537,9.390,1.743,0.074,-0.052,-0.018,2673,0
3335773,1.472,9.519,1.762,0.083,-0.035,-0.027,2674,0
3335793,1.420,9.697,1.772,0.086,-0.034,-0.011,2674,0
3335813,1.451,9.661,1.767,0.062,-0.032,-0.004,2674,0
3335833,1.561,9.572,1.812,0.057,-0.031,-0.009,2675,0
3335853,1.580,9.574,1.930,0.051,-0.023,-0.010,2674,0
3335873,1.621,9.644,1.980,0.046,-0.038,-0.005,2673,0
3335893,1.767,9.878,1.896,0.046,-0.043,0.014,2673,0
3335913,1.887,10.130,1.800,0.025,-0.024,0.044,2675,0
3335933,1.923,10.226,1.848,-0.030,-0.012,0.074,2675,0
3335953,2.004,10.168,1.944,-0.055,-0.017,0.107,2674,0
3335973,2.160,10.250,1.899,-0.034,-0.023,0.153,2673,0
3335993,2.229,10.333,1.875,-0.023,0.001,0.218,2673,0
3336013,2.093,10.290,1.889,-0.048,0.027,0.272,2673,0
3336033,1.963,10.077,1.939,-0.079,0.025,0.309,2674,0
3336053,1.812,9.821,1.939,-0.108,0.012,0.327,2674,0
3336073,1.659,9.548,1.951,-0.106,-0.003,0.329,2675,0
3336093,1.592,9.290,1.870,-0.076,-0.013,0.333,2674,0
3336113,1.583,9.103,1.877,-0.054,-0.011,0.325,2673,0
3336133,1.571,8.801,1.844,-0.038,-0.006,0.302,2674,0
3336153,1.626,8.653,1.853,-0.011,-0.002,0.270,2673,0
3336173,1.597,8.614,1.779,0.013,0.009,0.224,2673,0
3336193,1.571,8.638,1.810,0.007,0.010,0.173,2673,0
3336213,1.508,8.660,1.879,0.014,0.007,0.130,2673,0
3336233,1.633,8.648,1.908,0.028,-0.003,0.093,2673,0
3336253,1.666,8.653,2.037,0.057,-0.003,0.057,2674,0
3336273,1.712,8.744,2.085,0.085,-0.029,0.018,2673,0
3336293,1.772,8.863,2.028,0.075,-0.050,-0.027,2673,0
3336313,1.863,8.916,2.016,0.051,-0.047,-0.071,2674,0
3336333,1.939,8.985,2.090,0.050,-0.037,-0.098,2674,0
3336353,2.028,9.076,2.195,0.072,-0.036,-0.114,2672,0
3336373,2.057,9.287,2.176,0.063,-0.047,-0.133,2672,0
3336393,2.109,9.409,2.179,0.036,-0.054,-0.124,2672,0
3336413,2.148,9.373,2.160,0.047,-0.052,-0.109,2673,0
3336433,2.193,9.404,2.097,0.066,-0.056,-0.102,2671,0
3336453,2.243,9.479,2.047,0.057,-0.056,-0.104,2672,0
3336473,2.239,9.483,2.014,0.042,-0.059,-0.105,2673,0
3336493,2.229,9.491,2.004,0.032,-0.051,-0.093,2673,0
3336513,2.138,9.555,2.021,0.046,-0.047,-0.078,2673,0
3336533,2.140,9.668,1.978,0.048,-0.045,-0.058,2673,0
3336553,2.093,9.665,1.870,0.041,-0.034,-0.041,2672,0
3336573,2.059,9.562,1.834,0.035,-0.024,-0.027,2673,0
3336593,2.002,9.495,1.920,0.029,-0.011,-0.022,2672,0
3336613,1.918,9.392,2.011,0.023,-0.008,-0.015,2673,0
3336633,1.927,9.342,2.057,0.055,-0.027,-0.006,2674,0
3336653,2.023,9.416,1.997,0.079,-0.037,-0.002,2672,0
3336673,2.157,9.424,1.906,0.068,-0.020,-0.004,2672,0
3336693,2.109,9.464,1.961,0.051,0.003,-0.012,2672,0
3336713,1.973,9.493,2.116,0.037,-0.004,-0.006,2672,0
3336733,1.913,9.438,2.160,0.035,-0.021,0.006,2673,0
3336753,1.879,9.493,2.119,0.062,-0.029,0.007,2673,0
3336773,1.836,9.572,2.042,0.066,-0.030,0.017,2673,0
3336793,1.882,9.558,2.047,0.050,-0.031,0.032,2672,0
3336813,1.918,9.404,2.078,0.036,-0.028,0.040,2672,0
3336833,1.944,9.263,2.109,0.046,-0.028,0.037,2672,0
3336853,1.899,9.270,2.042,0.044,-0.033,0.018,2673,0
3336873,1.906,9.299,2.009,0.038,-0.034,0.008,2672,0
3336893,1.932,9.364,2.081,0.042,-0.037,0.007,2672,0
3336913,1.930,9.376,2.081,0.049,-0.050,0.012,2673,0
3336933,1.970,9.359,1.975,0.039,-0.058,0.004,2672,0
3336953,2.042,9.409,1.860,0.036,-0.041,0.001,2672,0
3336973,2.126,9.567,1.930,0.052,-0.018,0.019,2672,0
3336993,2.155,9.668,1.987,0.041,-0.009,0.031,2672,0
3337013,2.186,9.627,2.011,0.014,-0.021,0.042,2672,0
3337033,2.354,9.615,1.923,0.031,-0.030,0.045,2672,0
3337053,2.516,9.893,1.920,0.062,-0.013,0.071,2672,0
3337073,2.512,10.285,1.925,0.023,0.010,0.124,2672,0
3337093,2.626,10.561,1.856,-0.141,0.010,0.175,2673,0
3337113,2.732,10.362,1.884,-0.388,0.030,0.212,2672,0
3337133,2.823,9.740,2.109,-0.521,0.054,0.225,2672,0
3337153,2.763,9.311,2.361,-0.416,0.093,0.249,2673,0
3337173,2.535,9.139,2.447,-0.208,0.122,0.287,2672,0
3337193,2.320,8.997,2.409,-0.029,0.129,0.310,2672,0
3337213,2.049,8.978,2.296,0.053,0.120,0.308,2671,0
3337233,1.877,8.710,2.306,0.032,0.094,0.280,2672,0
3337253,1.731,8.353,2.313,0.037,0.067,0.229,2672,0
3337273,1.683,8.162,2.260,0.122,0.046,0.189,2672,0
3337293,1.647,8.286,2.097,0.204,0.051,0.147,2672,0
3337313,1.690,8.437,2.069,0.197,0.049,0.101,2672,0
3337333,1.856,8.581,2.128,0.134,0.037,0.044,2672,0
3337353,1.954,8.715,2.157,0.070,0.030,-0.009,2672,0
3337373,2.014,8.837,2.260,0.082,0.025,-0.026,2671,0
3337393,2.054,9.019,2.349,0.120,0.017,-0.033,2672,0
3337413,2.172,9.129,2.413,0.108,0.014,-0.047,2671,0
3337433,2.265,9.105,2.495,0.068,0.010,-0.073,2672,0
3337453,2.361,9.057,2.519,0.044,-0.006,-0.095,2674,0
3337473,2.392,9.108,2.574,0.047,-0.018,-0.105,2671,0
3337493,2.435,9.136,2.600,0.069,-0.028,-0.103,2672,0
3337513,2.444,9.189,2.581,0.089,-0.031,-0.097,2672,0
3337533,2.430,9.237,2.557,0.077,-0.038,-0.094,2672,0
3337553,2.447,9.275,2.495,0.054,-0.048,-0.100,2671,0
3337573,2.464,9.340,2.435,0.048,-0.050,-0.097,2672,0
3337593,2.452,9.335,2.411,0.071,-0.049,-0.085,2672,0
3337613,2.425,9.433,2.322,0.100,-0.049,-0.076,2672,0
3337633,2.471,9.524,2.289,0.104,-0.053,-0.065,2672,0
3337653,2.440,9.670,2.265,0.107,-0.055,-0.042,2672,0
3337673,2.385,9.744,2.258,0.091,-0.068,-0.005,2673,0
3337693,2.330,9.682,2.239,0.070,-0.074,0.029,2672,0
3337713,2.279,9.548,2.224,0.058,-0.074,0.051,2671,0
3337733,2.251,9.407,2.239,0.066,-0.067,0.066,2672,0
3337753,2.236,9.306,2.236,0.071,-0.067,0.072,2671,0
3337773,2.310,9.210,2.224,0.064,-0.066,0.067,2672,0
3337793,2.399,9.160,2.102,0.047,-0.051,0.051,2672,0
3337813,2.488,9.141,2.052,0.026,-0.026,0.035,2671,0
3337833,2.545,9.196,2.109,0.009,0.008,0.025,2672,0
3337853,2.488,9.225,2.303,-0.014,0.028,0.026,2672,0
3337873,2.389,9.227,2.351,-0.014,0.027,0.022,2673,0
3337893,2.342,9.230,2.342,0.006,0.020,0.021,2672,0
3337913,2.298,9.287,2.363,0.025,0.012,0.025,2672,0
3337933,2.205,9.278,2.327,0.026,-0.003,0.031,2673,0
3337953,2.167,9.122,2.239,0.019,-0.021,0.031,2671,0
3337973,2.116,8.933,2.085,0.026,-0.030,0.014,2671,0
3337993,2.181,8.847,2.042,0.051,-0.025,-0.005,2672,0
3338013,2.231,8.849,2.097,0.072,-0.017,-0.020,2672,0
3338033,2.320,8.906,2.172,0.092,-0.025,-0.030,2673,0
3338053,2.382,8.938,2.109,0.080,-0.034,-0.045,2672,0
3338073,2.404,9.007,2.049,0.063,-0.032,-0.069,2671,0
3338093,2.404,9.084,2.126,0.062,-0.016,-0.084,2672,0
3338113,2.404,9.254,2.148,0.085,-0.012,-0.077,2672,0
3338133,2.421,9.416,2.145,0.083,-0.015,-0.064,2672,0
3338153,2.437,9.416,2.112,0.070,-0.016,-0.059,2671,0
3338173,2.421,9.462,2.105,0.078,-0.011,-0.052,2672,0
3338193,2.363,9.491,2.143,0.083,-0.003,-0.043,2672,0
3338213,2.308,9.522,2.267,0.078,0.003,-0.026,2672,0
3338233,2.325,9.455,2.380,0.069,-0.002,-0.015,2673,0
3338253,2.370,9.390,2.404,0.064,-0.006,-0.013,2672,0
3338273,2.363,9.383,2.406,0.060,-0.006,-0.009,2671,0
3338293,2.277,9.421,2.440,0.038,-0.004,-0.011,2671,0
3338313,2.184,9.402,2.461,0.014,-0.010,-0.009,2671,0
3338333,2.155,9.335,2.519,0.008,-0.024,-0.006,2672,0
3338353,2.193,9.316,2.473,0.027,-0.031,-0.002,2671,0
3338373,2.229,9.313,2.361,0.031,-0.041,0.006,2672,0
3338393,2.246,9.239,2.284,0.022,-0.037,0.009,2672,0
3338413,2.212,9.191,2.265,-0.000,-0.041,-0.006,2672,0
3338433,2.205,9.170,2.272,-0.007,-0.046,-0.007,2673,0
3338453,2.164,9.115,2.207,0.010,-0.051,-0.010,2672,0
3338473,2.119,9.210,2.102,0.033,-0.050,-0.013,2672,0
3338493,2.188,9.218,2.066,0.035,-0.046,-0.012,2671,0
3338513,2.217,9.108,2.167,0.020,-0.042,-0.022,2671,0
3338533,2.222,9.036,2.217,0.030,-0.048,-0.032,2672,0
3338553,2.191,9.096,2.219,0.043,-0.061,-0.038,2670,0
3338573,2.195,9.131,2.138,0.056,-0.064,-0.047,2672,0
3338593,2.167,9.239,1.985,0.084,-0.054,-0.048,2671,0
3338613,2.148,9.294,1.896,0.088,-0.034,-0.047,2671,0
3338633,2.172,9.191,2.011,0.070,-0.018,-0.046,2671,0
3338653,2.210,9.091,2.179,0.073,-0.018,-0.052,2671,0
3338673,2.255,9.139,2.239,0.095,-0.024,-0.056,2671,0
3338693,2.282,9.285,2.279,0.075,-0.022,-0.060,2671,0
3338713,2.181,9.369,2.377,0.051,-0.013,-0.065,2671,0
3338733,2.140,9.412,2.483,0.046,-0.022,-0.061,2671,0
3338753,2.169,9.448,2.428,0.059,-0.040,-0.053,2671,0
3338773,2.210,9.491,2.346,0.064,-0.053,-0.046,2671,0
3338793,2.265,9.529,2.255,0.063,-0.057,-0.030,2671,0
3338813,2.248,9.601,2.248,0.040,-0.051,-0.016,2671,0
3338833,2.174,9.481,2.258,0.013,-0.046,0.004,2672,0
3338853,2.097,9.352,2.179,0.030,-0.043,0.019,2672,0
3338873,2.095,9.337,2.184,0.064,-0.037,0.029,2671,0
3338893,2.081,9.323,2.229,0.072,-0.035,0.020,2672,0
3338913,2.088,9.306,2.286,0.046,-0.050,0.003,2672,0
3338933,2.102,9.230,2.222,0.010,-0.064,-0.013,2672,0
3338953,2.140,9.146,2.160,0.015,-0.065,-0.017,2671,0
3338973,2.169,9.165,2.167,0.049,-0.052,-0.014,2672,0
3338993,2.107,9.321,2.212,0.059,-0.050,-0.011,2673,0
3339013,2.018,9.467,2.212,0.020,-0.063,-0.011,2672,0
3339033,2.045,9.462,2.169,-0.060,-0.081,-0.016,2672,0
3339053,2.109,9.431,2.136,-0.131,-0.081,-0.026,2671,0
3339073,2.181,9.175,2.274,-0.169,-0.080,-0.032,2672,0
3339093,2.205,8.985,2.399,-0.077,-0.062,-0.032,2671,0
3339113,2.136,9.074,2.382,0.057,-0.043,-0.021,2671,0
3339133,2.090,9.294,2.342,0.113,-0.047,-0.017,2671,0
3339153,2.124,9.349,2.356,0.080,-0.067,-0.023,2672,0
3339173,2.128,9.280,2.313,0.048,-0.078,-0.029,2671,0
3339193,2.179,9.170,2.258,0.062,-0.081,-0.019,2672,0
3339213,2.234,9.057,2.207,0.109,-0.068,-0.017,2672,0
3339233,2.198,9.158,2.140,0.161,-0.043,-0.019,2672,0
3339253,2.133,9.321,2.090,0.147,-0.031,-0.022,2672,0
3339273,2.133,9.347,2.119,0.069,-0.035,-0.032,2672,0
3339293,2.136,9.273,2.205,0.015,-0.050,-0.048,2671,0
3339313,2.107,9.342,2.205,0.037,-0.066,-0.043,2672,0
3339333,2.105,9.440,2.155,0.088,-0.074,-0.018,2673,0
3339353,2.090,9.467,2.136,0.103,-0.071,-0.004,2671,0
3339373,2.112,9.352,2.160,0.087,-0.079,0.006,2671,0
3339393,2.167,9.244,2.155,0.074,-0.079,-0.004,2671,0
3339413,2.140,9.275,2.069,0.063,-0.070,-0.015,2672,0
3339433,2.112,9.304,2.071,0.050,-0.054,-0.016,2672,0
3339453,2.126,9.237,2.116,0.045,-0.031,-0.023,2671,0
3339473,2.160,9.191,2.169,0.034,-0.015,-0.033,2672,0
3339493,2.150,9.139,2.184,0.026,-0.004,-0.045,2671,0
3339513,2.116,9.194,2.217,0.026,-0.003,-0.060,2671,0
3339533,2.035,9.330,2.231,0.027,-0.008,-0.060,2671,0
3339553,1.985,9.488,2.253,0.034,-0.025,-0.055,2672,0
3339573,2.018,9.505,2.222,0.038,-0.055,-0.038,2671,0
3339593,2.037,9.455,2.176,0.057,-0.072,-0.028,2672,0
3339613,2.021,9.445,2.040,0.074,-0.076,-0.022,2671,0
3339633,2.014,9.448,2.009,0.068,-0.064,-0.018,2672,0
3339653,2.025,9.395,2.107,0.045,-0.050,-0.018,2671,0
3339673,2.023,9.254,2.176,0.037,-0.044,-0.018,2672,0
3339693,2.011,9.201,2.200,0.046,-0.043,-0.027,2672,0
3339713,2.054,9.165,2.076,0.024,-0.034,-0.043,2672,0
3339733,2.109,9.143,2.076,-0.009,-0.002,-0.063,2671,0
3339753,2.097,9.148,2.176,-0.028,0.012,-0.084,2671,0
3339773,2.100,9.234,2.138,-0.029,0.002,-0.102,2671,0
3339793,2.148,9.345,2.030,-0.044,-0.006,-0.124,2671,0
3339813,2.109,9.486,2.047,-0.073,0.003,-0.141,2670,0
3339833,1.925,9.598,2.229,-0.065,0.005,-0.135,2671,0
3339853,1.760,9.699,2.495,-0.057,-0.025,-0.123,2671,0
3339873,1.551,9.713,2.691,-0.036,-0.075,-0.109,2671,0
3339893,1.425,9.706,2.753,-0.022,-0.128,-0.090,2671,0
3339913,1.413,9.538,2.758,-0.014,-0.167,-0.062,2671,0
3339933,1.489,9.316,2.794,-0.007,-0.188,-0.039,2671,0
3339953,1.563,9.108,2.729,-0.039,-0.197,-0.061,2671,0
3339973,1.599,8.981,2.698,-0.078,-0.211,-0.090,2670,0
3339993,1.662,8.887,2.789,-0.091,-0.222,-0.120,2670,0
3340013,1.664,8.885,2.808,-0.065,-0.243,-0.140,2671,0
3340033,1.647,9.029,2.626,-0.038,-0.263,-0.157,2671,0
3340053,1.714,9.170,2.418,-0.064,-0.260,-0.169,2671,0
3340073,1.798,9.115,2.370,-0.084,-0.237,-0.167,2671,0
3340093,1.827,9.098,2.303,-0.059,-0.211,-0.168,2672,0
3340113,1.851,9.153,2.174,-0.071,-0.196,-0.175,2672,0
3340133,1.879,9.134,2.073,-0.095,-0.169,-0.187,2672,0
3340153,1.942,9.091,2.093,-0.073,-0.136,-0.185,2671,0
3340173,2.033,9.199,2.150,-0.015,-0.116,-0.180,2671,0
3340193,2.095,9.464,2.128,0.013,-0.115,-0.174,2671,0
3340213,2.294,9.749,2.212,0.024,-0.104,-0.149,2671,0
3340233,2.528,10.391,2.567,0.041,-0.054,-0.091,2672,0
3340253,2.375,11.325,3.405,-0.007,-0.022,0.030,2671,0
3340273,2.236,11.779,4.829,-0.096,-0.072,0.256,2671,0
3340293,2.780,12.972,6.163,-0.477,-0.254,0.317,2671,0
3340313,3.225,12.910,7.049,-0.804,-0.514,0.384,2667,0
3340333,3.563,12.783,7.077,-0.935,-0.800,0.412,2665,0
3340353,3.558,13.683,6.069,-1.357,-1.123,0.388,2664,0
3340373,3.496,14.942,4.676,-2.487,-1.515,0.566,2662,0
3340393,3.503,15.725,3.601,-4.110,-1.852,0.748,2662,0
3340413,4.293,14.126,3.148,-5.934,-2.055,0.637,2661,0
3340433,4.156,10.815,4.094,-6.884,-2.188,0.470,2659,0
3340453,3.857,9.436,4.314,-7.175,-2.470,0.596,2694,0
3340473,4.029,8.811,5.593,-6.431,-2.749,0.869,2753,0
3340493,4.355,9.850,5.389,-5.598,-2.806,1.125,2798,0
3340513,4.547,10.266,4.736,-4.515,-2.599,1.540,2831,0
3340533,4.178,10.305,5.219,-3.573,-2.184,1.778,2853,0
3340553,3.565,11.131,4.693,-2.989,-1.741,2.024,2876,0
3340573,2.116,10.743,4.453,-2.051,-1.415,2.891,2893,0
3340593,1.041,9.426,4.609,-1.374,-1.183,3.726,2923,0
3340613,-0.354,7.570,3.663,-0.749,-0.725,4.389,2960,0
3340633,-1.556,5.284,3.500,-0.538,-0.301,4.916,2968,0
3340653,-2.521,1.444,3.733,-0.818,-0.014,5.101,2963,0
3340673,-2.840,-3.536,4.020,-1.174,0.123,4.858,2954,0
3340693,-2.579,-8.188,3.809,-1.115,0.217,4.429,2941,0
3340713,-2.040,-12.673,3.790,-0.830,0.268,3.802,2942,0
3340733,-1.317,-15.807,3.946,-0.475,0.221,3.010,2941,0
3340753,-0.546,-18.682,4.386,-0.309,0.200,1.968,2940,0
3340773,0.323,-20.111,4.554,-0.334,0.144,0.477,2935,0
3340793,0.831,-19.977,4.053,-0.248,0.224,-1.137,2934,0
3340813,1.120,-17.798,3.134,0.217,0.370,-2.415,2942,0
3340833,1.642,-12.938,2.437,0.624,0.515,-3.302,2956,0
3340853,2.088,-8.224,3.225,0.598,0.710,-3.867,2960,0
3340873,2.495,-3.852,4.812,0.541,1.015,-4.231,2976,0
3340893,2.923,1.846,7.676,0.840,1.305,-4.031,2991,0
3340913,3.778,8.799,10.532,0.755,1.348,-3.364,2990,0
3340933,3.773,13.269,13.041,0.564,1.067,-2.301,2991,0
3340953,4.611,16.290,14.351,0.306,0.700,-1.220,2990,0
3340973,5.488,16.439,14.483,-0.103,0.264,-0.039,2987,0
3340993,5.626,12.060,14.193,0.155,-0.343,1.213,3000,0
3341013,5.832,8.902,12.186,0.700,-0.733,2.301,2992,0
3341033,5.212,5.674,10.293,0.338,-0.915,2.788,2982,0
3341053,4.274,1.585,9.184,0.015,-1.020,3.029,2974,0
3341073,3.297,-2.354,7.417,-0.010,-0.992,3.051,2970,0
3341093,3.474,-5.619,6.800,0.037,-0.869,3.094,2970,0
3341113,2.105,-9.330,6.017,-0.051,-0.762,2.893,2967,0
3341133,3.026,-13.637,5.607,-0.039,-0.651,2.404,2967,0
3341153,2.126,-15.613,4.487,-0.043,-0.562,1.759,2959,0
3341173,3.237,-17.253,3.979,-0.285,-0.356,0.808,2945,0
3341193,2.296,-18.862,3.496,-0.168,0.030,-0.458,2929,0
3341213,2.365,-16.855,3.994,0.344,0.457,-1.576,2927,0
3341233,1.113,-14.066,3.986,0.670,0.570,-2.411,2919,0
3341253,0.879,-8.873,4.846,0.055,0.449,-3.020,2906,0
3341273,2.538,-7.003,7.350,-0.190,0.518,-3.515,2896,0
3341293,1.523,-2.229,7.910,0.163,0.725,-3.626,2895,0
3341313,2.851,4.058,9.761,0.196,0.619,-3.391,2892,0
3341333,4.274,8.985,10.867,-0.004,0.191,-2.965,2890,0
3341353,6.021,12.893,11.595,-0.063,0.126,-2.223,2887,0
3341373,6.823,15.955,11.413,0.219,-0.068,-1.364,2887,0
3341393,7.441,18.694,10.247,-0.001,-0.218,-0.151,2888,0
3341413,8.078,14.600,9.795,0.278,-0.593,1.087,2890,0
3341433,7.475,11.691,8.289,0.650,-0.641,2.180,2897,0
3341453,7.130,6.929,7.599,0.837,-0.692,2.779,2896,0
3341473,5.215,4.276,6.792,0.566,-0.641,3.163,2897,0
3341493,5.126,0.206,7.025,0.309,-0.584,3.265,2896,0
3341513,3.749,-2.612,7.041,0.333,-0.444,3.346,2900,0
3341533,2.770,-5.555,6.567,0.260,-0.312,3.260,2895,0
3341553,1.851,-9.531,6.632,0.179,-0.192,3.020,2890,0
3341573,0.883,-13.087,6.752,-0.018,-0.061,2.512,2891,0
3341593,0.067,-16.814,7.281,-0.311,-0.001,1.749,2888,0
3341613,-0.321,-19.656,7.508,-0.358,-0.031,0.715,2888,0
3341633,-0.134,-19.893,7.156,-0.159,-0.112,-0.412,2884,0
3341653,0.175,-17.777,6.586,-0.080,-0.179,-1.519,2882,0
3341673,0.620,-15.603,6.287,-0.285,-0.152,-2.585,2881,0
3341693,0.860,-11.832,5.612,-0.336,0.067,-3.395,2880,0
3341713,1.111,-7.137,5.449,-0.369,0.345,-3.805,2881,0
3341733,1.707,-2.234,6.232,-0.438,0.592,-3.995,2883,0
3341753,2.703,1.863,7.702,-0.546,0.736,-3.895,2879,0
3341773,3.915,6.742,8.866,-0.313,0.740,-3.482,2875,0
3341793,5.322,11.581,9.167,-0.188,0.736,-2.897,2873,0
3341813,6.512,16.060,9.313,-0.093,0.643,-2.028,2872,0
3341833,7.228,17.928,9.737,-0.098,0.567,-0.969,2871,0
3341853,7.760,17.873,9.948,0.183,0.328,0.205,2873,0
3341873,7.968,15.881,9.316,0.455,-0.002,1.358,2868,0
3341893,7.743,12.749,8.375,0.765,-0.244,2.390,2867,0
3341913,6.902,9.424,7.547,0.880,-0.316,3.251,2866,0
3341933,5.715,5.229,7.702,0.985,-0.225,3.879,2868,0
3341953,4.104,1.753,7.997,0.880,-0.122,4.165,2869,0
3341973,2.523,-3.079,8.990,0.740,-0.049,4.285,2864,0
3341993,1.489,-8.090,10.276,0.763,-0.058,4.103,2857,0
3342013,0.594,-11.430,10.230,0.747,-0.226,3.538,2838,0
3342033,-0.148,-15.814,10.180,0.763,-0.329,2.719,2834,0
3342053,-0.651,-19.199,10.604,1.120,-0.342,1.619,2817,0
3342074,-1.592,-20.162,10.345,2.029,-0.435,0.258,2804,0
3342093,-1.492,-18.866,8.689,3.223,-0.573,-0.900,2798,0
3342113,-1.848,-13.951,6.905,4.257,-0.813,-1.660,2784,0
3342133,-1.475,-10.602,4.451,4.952,-1.006,-2.317,2769,0
3342153,-2.342,-7.061,3.017,4.917,-1.132,-2.752,2745,0
3342173,-1.358,-5.169,1.776,4.940,-0.976,-3.234,2729,0
3342193,-2.205,-2.483,0.606,4.894,-0.918,-3.614,2694,0
3342213,-1.044,0.723,1.199,4.950,-1.038,-3.824,2676,0
3342233,-0.910,2.823,-0.057,5.199,-0.956,-4.114,2659,0
3342253,-0.596,5.765,-0.077,5.113,-0.864,-4.066,2646,0
3342273,-1.171,9.076,-0.587,5.720,-0.829,-4.021,2633,0
3342293,-2.282,15.069,-3.275,5.522,-0.829,-3.716,2623,0
3342313,-0.227,20.523,-4.630,4.100,-0.652,-3.436,2613,0
3342333,0.345,21.155,-5.725,2.479,-0.520,-2.843,2607,0
3342353,2.523,20.549,-4.487,1.278,-0.385,-1.982,2608,0
3342373,3.292,17.099,-4.061,1.221,-0.027,-1.403,2608,0
3342393,4.958,15.265,-2.105,1.468,0.306,-0.674,2609,0
3342413,5.478,14.114,-1.480,1.851,0.598,-0.370,2607,0
3342433,4.532,14.569,0.484,1.424,0.629,-0.133,2605,0
3342453,3.886,14.176,0.658,0.668,0.526,-0.127,2603,0
3342473,3.752,13.843,1.532,-0.145,0.216,0.102,2605,0
3342493,4.147,12.270,1.468,-0.650,0.189,0.153,4095,0
3342513,3.182,10.872,1.860,-0.981,0.134,0.330,2606,0
3342533,2.696,10.654,2.097,-1.086,0.217,0.302,2604,0
3342553,2.205,10.166,2.602,-1.294,0.202,0.270,2607,0
