430638,2.334,8.918,-3.239,0.038,-0.073,0.017,2482,0
430658,2.394,8.916,-3.290,0.038,-0.088,0.013,2483,0
430678,2.370,8.899,-3.330,0.036,-0.074,0.006,2484,0
430698,2.306,8.964,-3.321,0.051,-0.048,0.002,2483,0
430718,2.274,8.947,-3.333,0.042,-0.030,-0.001,2481,0
430738,2.313,8.861,-3.273,0.030,-0.024,-0.006,2482,0
430758,2.363,8.892,-3.259,0.048,-0.034,-0.014,2481,0
430778,2.339,8.890,-3.220,0.069,-0.044,-0.031,2481,0
430798,2.346,8.947,-3.206,0.087,-0.056,-0.027,2481,0
430818,2.401,8.988,-3.191,0.094,-0.074,-0.020,2482,0
430838,2.380,9.052,-3.251,0.071,-0.088,-0.019,2481,0
430858,2.351,9.093,-3.383,0.040,-0.090,-0.013,2483,0
430878,2.375,9.074,-3.426,0.039,-0.098,0.005,2482,0
430898,2.423,9.055,-3.436,0.062,-0.081,0.013,2483,0
430918,2.423,9.045,-3.409,0.064,-0.057,0.005,2483,0
430938,2.375,9.076,-3.438,0.058,-0.041,-0.001,2482,0
430958,2.334,9.103,-3.426,0.044,-0.048,0.003,2482,0
430978,2.339,9.074,-3.419,0.044,-0.060,0.022,2484,0
430998,2.330,9.043,-3.474,0.066,-0.068,0.037,2483,0
431018,2.325,8.950,-3.448,0.071,-0.058,0.038,2483,0
431038,2.322,8.871,-3.421,0.068,-0.044,0.034,2483,0
431058,2.289,8.868,-3.402,0.062,-0.040,0.023,2483,0
431078,2.282,8.835,-3.407,0.039,-0.031,0.007,2483,0
431098,2.277,8.842,-3.390,0.045,-0.025,0.002,2484,0
431118,2.248,8.861,-3.436,0.043,-0.035,0.003,2485,0
431138,2.279,8.837,-3.407,0.045,-0.046,0.012,2485,0
431158,2.351,8.746,-3.335,0.052,-0.056,0.004,2484,0
431178,2.342,8.705,-3.354,0.049,-0.046,-0.009,2485,0
431198,2.354,8.760,-3.428,0.063,-0.036,-0.015,2485,0
431218,2.370,8.861,-3.455,0.076,-0.033,-0.021,2487,0
431238,2.339,8.971,-3.476,0.051,-0.036,-0.042,2486,0
431258,2.318,8.995,-3.486,0.029,-0.039,-0.044,2485,0
431278,2.370,9.064,-3.536,0.050,-0.047,-0.030,2485,0
431298,2.397,9.127,-3.476,0.072,-0.042,-0.027,2485,0
431318,2.385,9.134,-3.440,0.081,-0.039,-0.018,2487,0
431338,2.387,9.110,-3.440,0.064,-0.032,-0.006,2486,0
431358,2.368,9.098,-3.402,0.029,-0.019,-0.007,2487,0
431378,2.380,9.026,-3.369,0.011,-0.014,-0.006,2489,0
431398,2.392,9.012,-3.349,0.022,-0.025,-0.001,2487,0
431418,2.399,9.005,-3.354,0.030,-0.030,0.002,2488,0
431438,2.358,9.021,-3.361,0.034,-0.035,0.005,2488,0
431458,2.318,9.043,-3.393,0.020,-0.035,0.005,2490,0
431478,2.274,8.978,-3.378,0.017,-0.035,0.016,2491,0
431498,2.267,8.921,-3.397,0.020,-0.037,0.022,2490,0
431518,2.279,8.885,-3.433,0.030,-0.042,0.018,2492,0
431538,2.313,8.842,-3.400,0.035,-0.049,0.016,2491,0
431558,2.313,8.847,-3.395,0.046,-0.053,0.013,2491,0
431578,2.325,8.782,-3.333,0.042,-0.039,0.005,2491,0
431598,2.296,8.844,-3.304,0.035,-0.021,-0.012,2489,0
431618,2.274,8.940,-3.287,0.002,-0.011,-0.037,2488,0
431638,2.205,9.014,-3.290,-0.019,-0.020,-0.037,2489,0
431658,2.260,9.029,-3.316,0.005,-0.052,-0.017,2488,0
431678,2.346,9.005,-3.270,0.037,-0.073,-0.004,2490,0
431698,2.363,8.976,-3.323,0.048,-0.079,-0.007,2489,0
431718,2.334,9.005,-3.419,0.040,-0.084,-0.005,2489,0
431738,2.365,9.033,-3.474,0.022,-0.087,0.001,2491,0
431758,2.389,8.981,-3.448,0.017,-0.077,0.007,2487,0
431778,2.397,8.899,-3.445,0.040,-0.062,0.015,2489,0
431798,2.389,8.839,-3.402,0.044,-0.050,0.008,2490,0
431818,2.365,8.823,-3.402,0.044,-0.049,-0.011,2486,0
431838,2.351,8.871,-3.407,0.045,-0.059,-0.030,2490,0
431858,2.279,8.978,-3.414,0.060,-0.071,-0.027,2489,0
431878,2.239,9.033,-3.464,0.069,-0.068,-0.005,2489,0
431898,2.286,9.009,-3.462,0.047,-0.060,-0.001,2489,0
431918,2.327,8.938,-3.443,0.024,-0.040,-0.011,2489,0
431938,2.351,8.945,-3.421,0.040,-0.034,-0.013,2488,0
431958,2.356,8.950,-3.424,0.057,-0.039,-0.012,2488,0
431978,2.368,8.988,-3.407,0.059,-0.040,-0.011,2490,0
431998,2.365,9.017,-3.428,0.055,-0.032,-0.012,2490,0
432018,2.334,8.993,-3.438,0.045,-0.020,-0.007,2489,0
432038,2.294,8.978,-3.462,0.030,-0.028,0.002,2490,0
432058,2.361,8.914,-3.438,0.035,-0.038,0.011,2487,0
432078,2.409,8.882,-3.419,0.052,-0.039,0.004,2489,0
432098,2.387,8.856,-3.385,0.066,-0.034,-0.011,2487,0
432118,2.373,8.859,-3.376,0.062,-0.044,-0.016,2489,0
432138,2.361,8.880,-3.349,0.048,-0.038,-0.016,2489,0
432158,2.334,8.868,-3.316,0.037,-0.029,-0.025,2488,0
432178,2.258,8.938,-3.333,0.028,-0.022,-0.039,2489,0
432198,2.162,9.036,-3.407,0.035,-0.032,-0.034,2490,0
432218,2.155,9.088,-3.472,0.040,-0.047,-0.016,2489,0
432238,2.191,9.062,-3.531,0.050,-0.050,-0.005,2490,0
432258,2.234,8.995,-3.498,0.055,-0.039,-0.002,2489,0
432278,2.272,8.940,-3.460,0.055,-0.037,-0.006,2490,0
432358,2.277,8.997,-3.400,0.044,-0.022,-0.017,2488,0
432367,2.272,9.050,-3.390,0.050,-0.028,-0.016,2490,0
432376,2.260,9.098,-3.414,0.052,-0.033,-0.015,2490,0
432386,2.267,9.093,-3.426,0.048,-0.037,-0.011,2488,0
432395,2.265,9.088,-3.402,0.053,-0.039,-0.005,2492,0
432405,2.260,9.096,-3.402,0.063,-0.036,0.003,2489,0
432418,2.270,9.076,-3.440,0.063,-0.032,0.009,2490,0
432438,2.286,9.021,-3.448,0.057,-0.026,0.010,2489,0
432458,2.291,8.978,-3.385,0.039,-0.023,0.002,2490,0
432478,2.263,8.966,-3.381,0.034,-0.016,-0.002,2489,0
432498,2.248,8.961,-3.376,0.034,-0.022,0.002,2489,0
432518,2.274,8.942,-3.366,0.034,-0.033,0.005,2491,0
432538,2.260,8.954,-3.347,0.041,-0.034,0.009,2489,0
432558,2.227,8.981,-3.393,0.047,-0.036,0.006,2488,0
432578,2.231,8.985,-3.436,0.041,-0.044,0.010,2490,0
432598,2.255,8.923,-3.455,0.041,-0.041,0.015,2487,0
432618,2.263,8.882,-3.457,0.048,-0.035,0.010,2490,0
432638,2.289,8.863,-3.450,0.056,-0.030,-0.003,2488,0
432658,2.306,8.885,-3.445,0.054,-0.033,-0.013,2491,0
432678,2.282,8.976,-3.445,0.051,-0.037,-0.011,2491,0
432698,2.253,9.005,-3.457,0.034,-0.042,-0.007,2489,0
432718,2.318,8.964,-3.440,0.043,-0.047,0.006,2489,0
432738,2.322,8.966,-3.460,0.051,-0.038,0.001,2488,0
432758,2.320,8.947,-3.452,0.053,-0.031,0.001,2489,0
432778,2.301,8.945,-3.417,0.044,-0.034,0.002,2489,0
432798,2.253,8.923,-3.402,0.037,-0.041,-0.001,2490,0
432818,2.301,8.902,-3.397,0.044,-0.048,-0.008,2490,0
432838,2.322,8.926,-3.428,0.057,-0.052,-0.005,2489,0
432858,2.330,8.926,-3.460,0.055,-0.046,-0.005,2491,0
432878,2.325,8.914,-3.503,0.046,-0.038,-0.005,2490,0
432898,2.303,8.961,-3.505,0.035,-0.037,-0.013,2489,0
432918,2.289,9.021,-3.512,0.033,-0.029,-0.013,2491,0
432938,2.270,9.029,-3.486,0.047,-0.025,-0.000,2490,0
432958,2.258,8.973,-3.486,0.067,-0.032,0.010,2490,0
432978,2.263,8.930,-3.484,0.076,-0.038,0.014,2490,0
432998,2.239,8.897,-3.488,0.072,-0.028,0.011,2491,0
433018,2.251,8.847,-3.508,0.043,-0.028,0.005,2492,0
433038,2.334,8.780,-3.448,0.030,-0.025,-0.002,2491,0
433058,2.394,8.832,-3.417,0.034,-0.019,-0.024,2491,0
433078,2.385,8.894,-3.419,0.052,-0.013,-0.039,2491,0
433098,2.334,9.009,-3.512,0.057,-0.022,-0.025,2491,0
433118,2.332,9.019,-3.524,0.055,-0.034,-0.005,2491,0
433138,2.382,8.997,-3.534,0.053,-0.037,0.002,2491,0
433158,2.358,8.995,-3.570,0.061,-0.023,0.000,2491,0
433178,2.284,9.017,-3.567,0.061,-0.015,0.000,2490,0
433198,2.277,9.017,-3.553,0.052,-0.017,0.007,2490,0
433218,2.339,8.940,-3.531,0.046,-0.021,0.015,2490,0
433238,2.342,8.871,-3.498,0.060,-0.018,0.007,2491,0
433258,2.308,8.890,-3.464,0.068,-0.011,-0.005,2492,0
433278,2.246,8.978,-3.524,0.067,-0.010,-0.003,2491,0
433298,2.284,8.966,-3.498,0.051,-0.010,0.004,2491,0
433318,2.310,8.940,-3.469,0.036,-0.008,0.001,2490,0
433338,2.263,8.902,-3.474,0.050,-0.006,-0.001,2491,0
433358,2.186,8.921,-3.488,0.054,-0.013,-0.003,2490,0
433378,2.176,8.856,-3.452,0.046,-0.026,-0.000,2491,0
433398,2.215,8.782,-3.388,0.043,-0.035,-0.007,2491,0
433418,2.270,8.808,-3.438,0.039,-0.040,-0.026,2492,0
433438,2.310,8.861,-3.412,0.042,-0.037,-0.036,2492,0
433458,2.306,8.918,-3.426,0.042,-0.031,-0.035,2490,0
433478,2.306,8.952,-3.371,0.029,-0.023,-0.036,2490,0
433498,2.308,8.981,-3.321,0.025,-0.031,-0.035,2491,0
433518,2.258,8.997,-3.364,0.024,-0.046,-0.029,2490,0
433538,2.272,8.985,-3.428,0.035,-0.068,-0.015,2489,0
433558,2.263,8.926,-3.433,0.060,-0.081,-0.008,2490,0
433578,2.339,8.875,-3.448,0.080,-0.075,-0.004,2491,0
433598,2.370,8.918,-3.496,0.074,-0.074,-0.010,2491,0
433618,2.346,8.942,-3.503,0.041,-0.066,-0.021,2490,0
433638,2.294,9.005,-3.630,0.036,-0.060,-0.019,2490,0
433658,2.294,9.031,-3.656,0.054,-0.058,-0.009,2491,0
433678,2.306,9.029,-3.644,0.072,-0.055,0.002,2490,0
433698,2.385,9.014,-3.572,0.071,-0.050,0.005,2491,0
433718,2.370,9.021,-3.582,0.054,-0.045,-0.001,2490,0
433738,2.339,9.041,-3.682,0.038,-0.041,0.001,2490,0
433758,2.325,9.045,-3.752,0.057,-0.038,0.020,2491,0
433778,2.330,8.983,-3.737,0.073,-0.030,0.037,2490,0
433798,2.330,8.842,-3.661,0.078,-0.006,0.037,2492,0
433818,2.272,8.756,-3.637,0.059,0.008,0.020,2492,0
433838,2.243,8.753,-3.591,0.035,0.009,-0.001,2493,0
433858,2.227,8.777,-3.572,0.039,0.005,-0.007,2490,0
433878,2.219,8.806,-3.508,0.057,0.001,-0.013,2490,0
433898,2.248,8.854,-3.457,0.067,0.006,-0.019,2492,0
433918,2.239,8.942,-3.445,0.053,-0.001,-0.026,2492,0
433938,2.236,8.947,-3.390,0.038,-0.007,-0.014,2490,0
433958,2.222,8.938,-3.357,0.036,-0.019,-0.011,2490,0
433978,2.251,8.921,-3.366,0.042,-0.018,-0.021,2491,0
433998,2.229,8.914,-3.405,0.049,-0.034,-0.021,2490,0
434018,2.217,8.938,-3.433,0.045,-0.063,-0.015,2491,0
434038,2.246,8.926,-3.455,0.059,-0.070,-0.007,2492,0
434058,2.241,8.894,-3.445,0.063,-0.052,-0.018,2492,0
434078,2.219,8.851,-3.452,0.050,-0.037,-0.030,2491,0
434098,2.246,8.801,-3.476,0.029,-0.045,-0.037,2493,0
434118,2.239,8.844,-3.534,0.024,-0.057,-0.035,2493,0
434138,2.217,8.938,-3.579,0.056,-0.060,-0.023,2493,0
434158,2.236,9.043,-3.670,0.065,-0.060,-0.017,2491,0
434178,2.286,9.026,-3.675,0.049,-0.057,-0.017,2493,0
434198,2.349,8.973,-3.637,0.038,-0.051,-0.020,2493,0
434218,2.339,8.952,-3.627,0.050,-0.043,-0.014,2491,0
434238,2.301,9.000,-3.649,0.062,-0.044,-0.002,2493,0
434258,2.320,8.978,-3.591,0.044,-0.044,0.001,2491,0
434278,2.310,9.017,-3.572,0.038,-0.036,-0.002,2492,0
434298,2.267,9.017,-3.579,0.037,-0.024,-0.003,2492,0
434318,2.219,9.031,-3.596,0.046,-0.031,0.007,2493,0
434338,2.234,8.988,-3.603,0.043,-0.041,0.016,2492,0
434358,2.286,8.930,-3.570,0.046,-0.044,0.020,2493,0
434378,2.289,8.942,-3.572,0.047,-0.037,0.010,2495,0
434398,2.227,8.978,-3.575,0.044,-0.031,0.010,2493,0
434418,2.251,8.938,-3.565,0.048,-0.034,0.025,2492,0
434438,2.284,8.933,-3.563,0.039,-0.033,0.029,2492,0
434458,2.265,8.916,-3.579,0.026,-0.028,0.020,2492,0
434478,2.239,8.911,-3.551,0.023,-0.037,0.016,2493,0
434498,2.253,8.885,-3.572,0.017,-0.047,0.017,2492,0
434518,2.267,8.832,-3.515,0.031,-0.042,0.017,2491,0
434538,2.229,8.837,-3.519,0.043,-0.037,0.013,2493,0
434558,2.198,8.899,-3.582,0.039,-0.039,0.008,2494,0
434578,2.217,8.859,-3.553,0.014,-0.047,0.012,2492,0
434598,2.301,8.813,-3.558,0.025,-0.061,0.013,2491,0
434618,2.306,8.792,-3.541,0.041,-0.058,-0.002,2493,0
434638,2.255,8.868,-3.601,0.069,-0.052,-0.003,2493,0
434658,2.203,8.933,-3.591,0.066,-0.051,0.008,2493,0
434678,2.219,8.863,-3.579,0.037,-0.051,0.006,2493,0
434698,2.224,8.806,-3.627,0.029,-0.053,-0.006,2493,0
434718,2.258,8.794,-3.642,0.044,-0.057,-0.014,2493,0
434738,2.270,8.770,-3.634,0.054,-0.048,-0.018,2493,0
434758,2.296,8.760,-3.603,0.063,-0.038,-0.020,2492,0
434778,2.318,8.820,-3.543,0.045,-0.030,-0.033,2492,0
434798,2.277,8.961,-3.577,0.026,-0.035,-0.049,2493,0
434818,2.267,9.074,-3.661,0.025,-0.046,-0.043,2492,0
434838,2.279,9.069,-3.675,0.036,-0.051,-0.024,2493,0
434858,2.318,9.103,-3.666,0.063,-0.041,-0.013,2492,0
434878,2.303,9.093,-3.634,0.067,-0.026,-0.000,2493,0
434898,2.313,9.036,-3.608,0.048,-0.023,0.011,2492,0
434918,2.310,8.942,-3.541,0.026,-0.022,0.016,2494,0
434938,2.289,8.868,-3.457,0.029,-0.018,0.008,2494,0
434958,2.265,8.875,-3.448,0.038,-0.023,0.000,2492,0
434978,2.253,8.938,-3.512,0.040,-0.038,0.003,2493,0
434998,2.243,8.911,-3.539,0.034,-0.051,0.012,2493,0
435018,2.272,8.844,-3.539,0.043,-0.055,0.009,2493,0
435038,2.260,8.835,-3.589,0.054,-0.035,0.003,2494,0
435058,2.231,8.873,-3.642,0.039,-0.033,-0.001,2493,0
435078,2.222,8.808,-3.637,0.021,-0.042,-0.003,2494,0
435098,2.277,8.748,-3.625,0.029,-0.045,-0.005,2494,0
435118,2.332,8.780,-3.656,0.054,-0.042,-0.009,2493,0
435138,2.313,8.782,-3.716,0.054,-0.038,-0.020,2494,0
435158,2.284,8.866,-3.752,0.058,-0.038,-0.024,2493,0
435178,2.255,9.029,-3.795,0.060,-0.028,-0.030,2494,0
435198,2.217,9.127,-3.759,0.053,-0.005,-0.025,2494,0
435218,2.200,9.124,-3.709,0.047,0.008,-0.003,2494,0
435238,2.212,9.014,-3.551,0.048,0.011,0.012,2494,0
435258,2.263,8.899,-3.397,0.055,0.001,0.010,2493,0
435278,2.322,8.813,-3.328,0.065,-0.011,0.005,2494,0
435298,2.320,8.847,-3.381,0.058,-0.029,-0.001,2493,0
435318,2.282,8.868,-3.479,0.031,-0.039,-0.007,2494,0
435338,2.253,8.909,-3.579,0.023,-0.036,-0.011,2494,0
435358,2.224,8.983,-3.613,0.031,-0.019,-0.013,2495,0
435378,2.207,9.024,-3.610,0.035,-0.005,-0.010,2493,0
435398,2.157,9.000,-3.519,0.039,-0.008,0.004,2495,0
435418,2.198,8.887,-3.455,0.040,-0.032,0.019,2493,0
435438,2.258,8.830,-3.405,0.046,-0.059,0.017,2494,0
435458,2.239,8.839,-3.414,0.067,-0.077,0.009,2494,0
435478,2.224,8.921,-3.515,0.074,-0.088,0.011,2494,0
435498,2.222,8.921,-3.639,0.057,-0.085,0.017,2492,0
435518,2.239,8.856,-3.697,0.036,-0.064,0.012,2494,0
435538,2.253,8.856,-3.713,0.033,-0.044,-0.005,2494,0
435558,2.205,8.880,-3.656,0.022,-0.028,-0.020,2495,0
435578,2.215,8.830,-3.589,0.019,-0.030,-0.022,2493,0
435598,2.251,8.813,-3.524,0.020,-0.037,-0.025,2494,0
435618,2.294,8.794,-3.572,0.026,-0.042,-0.031,2494,0
435638,2.313,8.866,-3.610,0.038,-0.054,-0.042,2493,0
435658,2.327,8.950,-3.656,0.042,-0.044,-0.036,2494,0
435678,2.294,8.950,-3.728,0.044,-0.032,-0.025,2494,0
435698,2.258,8.772,-3.685,0.063,-0.014,-0.026,2494,0
435718,2.286,8.712,-3.773,0.112,0.005,-0.054,2494,0
435738,2.272,8.746,-3.847,0.230,0.022,-0.079,2494,0
435758,2.200,8.916,-3.883,0.325,0.021,-0.075,2494,0
435778,2.119,8.988,-3.855,0.309,0.007,-0.052,2494,0
435798,2.138,8.988,-3.855,0.202,-0.010,-0.026,2494,0
435818,2.246,8.966,-3.859,0.058,-0.007,-0.016,2494,0
435838,2.298,8.844,-3.764,-0.029,0.019,-0.022,2494,0
435858,2.320,8.801,-3.740,-0.009,0.034,-0.032,2493,0
435878,2.284,8.878,-3.689,0.060,0.023,-0.025,2493,0
435898,2.229,8.966,-3.656,0.099,-0.002,-0.010,2492,0
435918,2.219,9.041,-3.642,0.099,-0.024,0.003,2493,0
435938,2.265,9.055,-3.644,0.063,-0.032,0.008,2493,0
435958,2.270,9.031,-3.658,0.037,-0.025,0.016,2494,0
435978,2.251,9.002,-3.673,0.025,-0.019,0.022,2494,0
435998,2.239,8.961,-3.713,0.032,-0.031,0.030,2493,0
436018,2.267,8.890,-3.704,0.056,-0.045,0.038,2494,0
436038,2.255,8.808,-3.661,0.062,-0.040,0.031,2494,0
436058,2.236,8.732,-3.668,0.055,-0.031,0.018,2496,0
436078,2.203,8.703,-3.689,0.029,-0.028,0.000,2493,0
436098,2.157,8.760,-3.713,0.011,-0.022,-0.008,2494,0
436118,2.085,8.782,-3.709,-0.007,-0.023,-0.006,2494,0
436138,2.093,8.794,-3.742,-0.001,-0.038,-0.003,2495,0
436158,2.128,8.741,-3.740,0.014,-0.046,-0.004,2494,0
436178,2.181,8.724,-3.725,0.038,-0.054,-0.013,2494,0
436198,2.217,8.763,-3.728,0.053,-0.055,-0.021,2494,0
436218,2.200,8.806,-3.742,0.038,-0.049,-0.023,2494,0
436238,2.186,8.784,-3.749,0.023,-0.046,-0.019,2494,0
436258,2.195,8.780,-3.778,0.016,-0.057,-0.023,2495,0
436278,2.212,8.794,-3.752,0.032,-0.068,-0.026,2494,0
436298,2.222,8.806,-3.802,0.066,-0.064,-0.022,2494,0
436318,2.239,8.856,-3.816,0.092,-0.056,-0.020,2494,0
436338,2.186,8.842,-3.816,0.084,-0.045,-0.015,2495,0
436358,2.138,8.882,-3.845,0.069,-0.049,-0.017,2495,0
436378,2.207,8.878,-3.790,0.060,-0.057,-0.020,2494,0
436398,2.277,8.897,-3.764,0.062,-0.053,-0.017,2496,0
436418,2.270,8.899,-3.737,0.082,-0.054,-0.007,2494,0
436438,2.277,8.899,-3.757,0.086,-0.077,-0.005,2495,0
436458,2.301,8.844,-3.776,0.070,-0.090,-0.009,2496,0
436478,2.251,8.985,-3.972,0.051,-0.071,-0.020,2496,0
436498,2.174,9.127,-4.085,0.000,-0.028,-0.031,2497,0
436518,2.073,9.141,-4.116,-0.033,0.032,-0.016,2498,0
436538,2.021,9.084,-4.058,-0.055,0.057,0.013,2502,0
436558,1.966,8.739,-3.764,-0.040,0.092,0.036,2501,0
436578,2.152,8.504,-3.524,-0.004,0.076,0.014,2503,0
436598,2.327,8.490,-3.417,0.010,0.038,-0.028,2505,0
436618,2.447,8.586,-3.388,-0.009,-0.011,-0.057,2506,0
436638,2.545,8.787,-3.417,0.000,-0.074,-0.042,2508,0
436658,2.579,8.957,-3.558,-0.013,-0.134,-0.027,2511,0
436678,2.428,9.146,-3.656,-0.007,-0.156,-0.009,2515,0
436698,2.131,9.268,-3.847,0.002,-0.155,0.017,2521,0
436718,1.903,9.342,-3.979,0.015,-0.157,0.068,2531,0
436738,1.927,9.306,-4.003,-0.007,-0.178,0.126,2540,0
436758,1.927,9.294,-4.034,-0.011,-0.195,0.181,2550,0
436778,1.891,9.258,-4.041,0.001,-0.192,0.209,2559,0
436798,1.800,9.134,-3.960,0.008,-0.170,0.217,2571,0
436818,1.824,8.825,-3.864,0.003,-0.136,0.212,2589,0
436838,1.879,8.610,-3.790,0.002,-0.102,0.202,2596,0
436858,1.980,8.459,-3.675,-0.018,-0.056,0.176,2598,0
436878,2.078,8.303,-3.419,-0.057,-0.010,0.129,2603,0
436898,2.258,8.217,-3.316,-0.080,0.038,0.045,2607,0
436918,2.428,8.133,-3.292,-0.075,0.050,-0.045,2607,0
436938,2.535,8.274,-3.304,-0.044,0.021,-0.095,2610,0
436958,2.837,8.511,-3.412,-0.011,-0.052,-0.117,2608,0
436978,3.144,9.055,-3.663,-0.014,-0.127,-0.120,2611,0
436998,3.603,9.986,-4.130,-0.151,-0.213,-0.080,2624,0
437018,4.197,10.922,-4.393,-0.380,-0.262,0.013,2663,0
437038,4.551,11.667,-4.381,-0.660,-0.136,0.128,2710,0
437058,4.805,12.933,-4.353,-0.984,-0.040,0.319,2759,0
437078,4.863,14.490,-4.187,-1.684,-0.111,0.638,2807,0
437098,4.714,15.285,-3.759,-2.982,-0.389,1.160,2865,0
437118,4.020,14.777,-3.019,-4.427,-0.586,1.893,2926,0
437138,3.431,14.585,-2.648,-5.872,-0.835,2.759,2962,0
437158,3.110,13.257,-2.354,-7.759,-1.006,3.562,2988,0
437178,3.450,11.140,-2.088,-8.731,-1.018,4.261,3005,0
437198,3.330,8.222,-2.186,-8.731,-0.858,4.714,3014,0
437218,3.558,6.586,-1.867,-8.731,-0.618,4.855,3026,0
437238,5.404,3.503,-0.565,-8.731,-0.676,4.486,3038,0
437258,4.496,1.468,2.459,-6.774,0.268,4.130,3042,0
437278,3.797,2.526,2.514,-3.472,0.696,3.362,3038,0
437298,3.179,3.962,1.815,-1.226,0.897,2.971,3037,0
437318,0.757,5.181,1.834,-0.810,1.098,3.365,3033,0
437338,0.460,1.853,3.608,-1.166,1.227,3.891,3029,0
437358,1.805,-3.019,7.084,-1.450,1.609,3.853,3024,0
437378,1.731,-6.723,9.876,-0.969,1.560,2.933,3022,0
437398,3.005,-9.685,11.736,-0.507,1.009,1.619,3018,0
437418,2.495,-10.238,12.275,0.112,-0.044,0.509,3016,0
437438,4.405,-10.216,11.167,0.963,-1.049,-0.543,3014,0
437458,5.816,-8.535,9.979,1.021,-1.426,-1.550,3019,0
437478,5.303,-6.026,8.674,1.019,-1.715,-2.286,3022,0
437498,6.881,-3.591,7.104,0.932,-1.901,-2.723,3023,0
437518,6.625,-0.347,5.435,0.504,-1.826,-2.711,3024,0
437538,7.542,1.372,3.701,0.244,-1.653,-2.413,3024,0
437558,8.351,3.498,2.492,0.201,-1.084,-1.935,3025,0
437578,7.333,6.017,1.223,0.156,-0.439,-1.195,3024,0
437598,8.191,6.663,0.979,0.125,0.317,-0.292,3016,0
437618,6.361,7.427,2.152,-0.096,1.128,0.741,3007,0
437638,6.802,6.048,3.670,-0.062,1.701,1.492,2997,0
437658,4.987,5.775,5.468,-0.371,2.116,2.066,2991,0
437678,4.702,2.313,7.439,-0.685,2.058,2.346,2985,0
437698,4.293,-1.073,9.914,-0.670,1.872,2.347,2985,0
437718,4.618,-4.717,11.827,-0.582,1.436,1.942,2981,0
437738,4.956,-7.750,12.847,-0.586,0.757,1.085,2983,0
437758,5.617,-9.718,13.228,-0.169,-0.148,-0.048,2976,0
437778,5.978,-9.182,12.277,0.392,-0.901,-1.138,2975,0
437798,6.033,-7.307,10.460,0.658,-1.391,-1.909,2971,0
437818,6.069,-3.970,8.320,0.751,-1.622,-2.352,2974,0
437838,6.256,-0.883,6.110,0.503,-1.717,-2.502,2977,0
437858,6.522,1.798,4.175,0.266,-1.561,-2.252,2978,0
437878,6.919,4.041,2.624,-0.039,-1.217,-1.736,2984,0
437898,7.290,5.835,1.666,-0.077,-0.739,-1.043,2988,0
437918,7.321,7.451,1.180,-0.090,-0.157,-0.212,2988,0
437938,6.981,7.353,2.234,-0.137,0.617,0.655,2987,0
437958,6.079,6.699,3.575,-0.030,1.419,1.418,2983,0
437978,4.786,5.643,5.315,-0.002,1.896,1.974,2978,0
437998,3.668,3.048,7.216,-0.408,1.692,2.211,2972,0
438018,3.742,-0.943,9.301,-0.285,1.329,2.294,2970,0
438038,4.451,-3.924,10.549,-0.083,1.092,2.040,2969,0
438058,5.107,-6.594,11.799,-0.147,0.736,1.345,2968,0
438078,5.526,-8.756,12.610,-0.042,0.095,0.458,2965,0
438098,6.187,-8.926,12.019,0.177,-0.594,-0.480,2964,0
438118,6.510,-8.119,10.927,0.379,-1.030,-1.289,2962,0
438138,6.498,-5.655,9.239,0.533,-1.287,-1.904,2960,0
438158,6.371,-3.244,7.786,0.404,-1.409,-2.261,2962,0
438178,6.146,-0.802,6.263,0.270,-1.314,-2.241,2961,0
438198,6.311,1.951,4.853,-0.051,-1.138,-1.986,2959,0
438218,6.613,4.274,3.742,-0.221,-0.949,-1.627,2960,0
438238,6.785,6.383,2.717,-0.065,-0.600,-1.115,2961,0
438258,7.477,7.853,1.788,0.156,-0.002,-0.445,2962,0
438278,6.665,8.447,2.421,-0.015,0.878,0.351,2961,0
438298,5.239,7.673,3.601,-0.122,1.273,1.140,2960,0
438318,5.375,5.009,5.564,-0.313,1.567,1.687,2958,0
438338,3.946,2.825,7.855,-0.357,1.597,2.042,2954,0
438358,4.721,-1.393,9.663,-0.296,1.459,2.081,2954,0
438378,4.621,-4.949,12.005,-0.409,1.124,1.738,2953,0
438398,5.909,-8.418,12.763,-0.076,0.362,0.930,2953,0
438418,6.579,-9.246,12.493,0.099,-0.191,-0.019,2953,0
438438,5.959,-7.446,11.430,0.353,-0.656,-0.916,2950,0
438458,6.634,-5.581,9.455,0.520,-0.978,-1.567,2949,0
438478,6.009,-2.205,8.030,0.355,-1.138,-1.871,2949,0
438498,5.914,0.888,6.278,0.258,-1.311,-1.974,2950,0
438518,6.857,2.713,4.743,0.158,-1.113,-1.836,2949,0
438538,5.775,5.557,3.414,0.285,-0.808,-1.234,2953,0
438558,6.926,7.087,2.308,-0.030,-0.262,-0.518,2953,0
438578,6.325,7.022,2.820,-0.246,0.124,0.211,2952,0
438598,6.558,6.843,3.745,-0.091,0.777,0.817,2952,0
438618,5.198,6.127,4.695,0.024,1.166,1.418,2949,0
438638,4.532,4.609,6.481,-0.170,1.527,1.929,2949,0
438658,3.924,1.324,8.200,-0.220,1.376,2.236,2946,0
438678,4.659,-2.471,10.192,-0.406,1.329,2.261,2946,0
438698,4.683,-5.993,11.763,-0.463,1.019,1.891,2949,0
438718,5.643,-8.813,12.589,-0.285,0.525,1.163,2950,0
438738,6.007,-9.290,12.201,-0.026,-0.031,0.196,2952,0
438758,6.203,-8.497,11.507,0.156,-0.598,-0.736,2950,0
438778,6.225,-6.637,10.252,0.342,-0.917,-1.447,2947,0
438798,5.938,-3.768,8.775,0.373,-1.098,-1.913,2946,0
438818,5.823,-0.948,7.750,0.248,-1.223,-2.187,2946,0
438838,5.526,0.883,6.797,0.149,-1.191,-2.241,2945,0
438858,5.169,3.014,5.768,0.204,-1.082,-2.001,2946,0
438878,5.181,4.918,4.673,0.301,-0.865,-1.458,2944,0
438898,5.428,7.400,3.428,0.175,-0.548,-0.743,2944,0
438918,5.681,8.119,3.089,0.019,-0.087,0.067,2943,0
438938,5.404,7.621,3.579,0.058,0.517,0.947,2943,0
438958,4.872,5.887,4.774,-0.015,1.050,1.676,2944,0
438978,4.429,2.734,6.979,-0.257,1.272,2.099,2944,0
438998,4.539,-1.676,9.670,-0.316,1.075,2.154,2944,0
439018,5.025,-5.504,11.653,-0.200,0.443,1.776,2944,0
439038,5.705,-7.693,12.072,0.073,-0.410,1.038,2943,0
439058,6.045,-8.033,11.272,0.497,-1.106,0.175,2944,0
439078,5.986,-6.847,9.450,0.807,-1.567,-0.638,2947,0
439098,5.883,-5.634,7.793,1.283,-1.737,-1.427,2949,0
439118,5.595,-4.348,6.139,2.196,-1.713,-2.148,2946,0
439138,4.920,-2.365,4.415,3.378,-1.584,-2.786,2941,0
439158,4.729,-0.555,3.168,4.394,-1.310,-3.217,2929,0
439178,4.575,1.255,2.310,5.153,-0.989,-3.494,2916,0
439198,4.465,2.454,1.614,5.737,-0.752,-3.598,2885,0
439218,4.463,3.965,0.879,6.264,-0.525,-3.698,2849,0
439238,3.697,5.622,0.579,6.399,-0.265,-3.673,2801,0
439258,3.881,6.910,-0.311,6.258,-0.191,-3.635,2736,0
439278,3.610,8.581,-0.809,6.290,-0.041,-3.424,2683,0
439298,3.761,8.468,-2.088,6.388,0.273,-3.344,2640,0
439318,2.813,9.515,-2.224,6.246,0.413,-3.150,2608,0
439338,2.492,9.610,-3.311,6.287,0.495,-3.135,2582,0
439358,1.068,10.228,-3.943,6.247,0.117,-2.773,2559,0
439378,1.513,11.042,-5.444,6.193,-0.143,-2.350,2544,0
439398,1.018,11.365,-7.108,5.242,-0.475,-1.852,2534,0
439418,1.085,12.859,-8.119,3.858,-0.610,-1.221,2523,0
439438,2.507,13.453,-8.839,1.973,-0.296,-0.945,2512,0
439458,1.822,11.360,-8.701,-0.039,0.285,-0.682,2510,0
439478,1.329,10.743,-7.228,-0.673,0.336,-0.273,2508,0
439498,1.911,9.215,-6.737,-0.420,0.162,-0.147,2509,0
439518,1.709,9.325,-6.103,-0.264,-0.054,0.059,2506,0
439538,1.908,9.076,-5.885,0.055,-0.040,0.052,2507,0
439558,2.126,8.413,-6.170,0.383,-0.090,0.003,2507,0
439578,1.520,8.995,-5.629,0.185,-0.084,0.114,2507,0
439598,1.954,9.199,-5.823,0.056,0.036,0.094,2510,0
439618,1.410,7.901,-6.347,-0.009,-0.277,0.172,2509,0
439638,1.657,9.572,-4.887,-0.439,-0.105,0.202,2507,0
439658,1.879,8.159,-5.737,-0.968,0.351,-0.031,2508,0
439678,0.778,8.045,-5.308,-0.951,0.074,0.181,2509,0
439698,1.310,7.958,-5.555,-0.710,0.087,0.144,2511,0
439718,1.913,8.066,-4.831,-0.746,0.120,0.137,2513,0
439738,1.686,7.870,-4.762,-0.556,0.099,0.091,2512,0
439758,1.733,8.006,-4.714,-0.441,0.168,0.033,2515,0
439778,1.635,8.109,-4.767,-0.419,0.286,-0.022,2514,0
439798,1.494,8.241,-4.678,-0.299,0.258,-0.010,2514,0
439818,1.578,8.420,-4.496,-0.220,0.163,0.026,2514,0
439838,1.626,8.454,-4.393,-0.267,0.094,0.055,2514,0
