2145108,4.401,2.310,8.440,0.025,0.020,-0.001,2653,0
2145128,4.458,2.406,8.358,0.007,0.037,-0.007,2652,0
2145321,4.499,2.574,8.112,0.287,-0.155,0.205,2655,0
2145340,4.719,2.526,8.341,-0.004,-0.148,0.199,2658,0
2145361,5.116,1.951,8.341,-0.205,-0.195,0.042,2658,0
2145380,4.784,2.152,8.083,-0.223,-0.030,-0.094,2662,0
2145401,4.219,2.923,7.918,-0.273,0.126,-0.075,2664,0
2145420,4.073,3.124,8.085,-0.385,0.208,0.034,2664,0
2145440,4.149,2.660,8.368,-0.462,0.267,0.116,2661,0
2145460,4.262,1.958,8.784,-0.473,0.286,0.106,2662,0
2145480,4.259,1.690,9.017,-0.358,0.261,0.040,2662,0
2145501,4.053,1.846,9.067,-0.258,0.208,0.007,2658,0
2145521,3.934,1.961,8.966,-0.205,0.127,0.004,2654,0
2145540,3.761,1.891,9.091,-0.116,0.037,0.025,2651,0
2145560,3.594,1.817,9.045,-0.035,-0.090,0.059,2646,0
2145581,4.094,1.499,9.608,0.131,-0.339,-0.024,2641,0
2145600,4.168,1.441,9.263,0.261,-0.445,-0.102,2641,0
2145620,4.034,1.846,8.978,0.391,-0.565,-0.142,2639,0
2145640,4.046,1.997,9.074,0.503,-0.719,-0.131,2645,0
2145660,4.221,2.069,8.509,0.536,-0.835,-0.129,2660,0
2145680,4.573,2.380,7.870,0.470,-0.740,-0.118,2673,0
2145700,4.764,2.634,7.633,0.343,-0.544,-0.092,2683,0
2145720,4.805,2.782,7.760,0.244,-0.376,-0.076,2687,0
2145740,4.796,2.648,7.918,0.156,-0.294,-0.051,2688,0
2145761,4.815,2.502,8.035,0.109,-0.252,-0.020,2690,0
2145780,4.939,2.416,7.992,0.079,-0.188,-0.013,2688,0
2145800,5.033,2.490,7.910,0.068,-0.042,-0.029,2685,0
2145820,4.793,2.516,8.100,0.036,0.023,-0.017,2679,0
2145840,4.688,2.547,8.191,0.000,0.003,0.015,2675,0
2145860,4.798,2.406,8.231,-0.015,-0.011,0.031,2672,0
2145880,4.891,2.437,8.064,-0.006,0.023,0.025,2671,0
2145900,4.800,2.555,7.985,-0.044,0.082,0.042,2671,0
2145920,4.736,2.540,8.248,-0.061,0.109,0.064,2668,0
2145940,4.836,2.351,8.454,0.017,0.074,0.075,2666,0
2145960,4.788,2.138,8.303,0.060,0.102,0.072,2663,0
2145980,4.647,2.313,8.296,0.043,0.067,0.025,2660,0
2146000,4.705,2.473,8.253,-0.013,0.014,0.012,2657,0
2146020,4.767,2.423,8.135,-0.028,0.016,0.005,2654,0
2146040,4.741,2.389,8.131,-0.069,0.035,-0.012,2654,0
2146060,4.717,2.330,8.147,-0.150,0.039,-0.025,2652,0
2146080,4.681,2.181,8.382,-0.180,0.037,-0.034,2652,0
2146100,4.705,2.160,8.497,-0.146,0.037,-0.039,2650,0
2146120,4.640,2.124,8.633,-0.063,0.025,-0.022,2651,0
2146141,4.578,2.133,8.521,-0.009,0.011,-0.012,2648,0
2146161,4.597,2.176,8.447,0.023,-0.013,-0.014,2648,0
2146180,4.640,2.236,8.358,0.030,-0.017,-0.001,2647,0
2146200,4.717,2.128,8.365,0.041,-0.011,0.005,2649,0
2146220,4.609,2.126,8.396,0.051,-0.012,-0.008,2647,0
2146240,4.657,2.227,8.447,0.059,-0.031,-0.020,2648,0
2146260,4.781,2.320,8.399,0.086,-0.029,-0.037,2647,0
2146281,4.839,2.318,8.384,0.123,0.035,-0.059,2646,0
2146300,4.891,2.330,8.344,0.117,0.085,-0.094,2645,0
2146321,4.793,2.076,8.459,0.136,0.111,-0.175,2642,0
2146341,4.468,2.148,8.449,0.156,0.115,-0.200,2642,0
2146360,4.130,2.207,8.502,0.190,0.101,-0.148,2641,0
2146380,3.766,2.442,8.629,0.375,0.081,-0.114,2639,0
2146400,3.610,2.540,8.693,0.512,-0.048,-0.017,2642,0
2146420,4.063,2.758,7.798,0.557,-0.125,0.123,2646,0
2146440,4.695,2.741,7.920,0.259,-0.088,0.234,2651,0
2146460,4.705,2.753,8.334,0.083,-0.128,0.240,2653,0
2146480,5.241,2.301,8.114,-0.055,-0.154,0.174,2655,0
2146500,5.021,2.274,7.685,-0.150,0.062,0.093,2655,0
2146532,4.441,3.163,7.982,-0.244,0.351,0.134,2657,0
2146542,4.372,3.081,8.270,-0.265,0.377,0.183,2655,0
2146560,4.319,2.703,8.375,-0.296,0.372,0.241,2654,0
2146580,4.465,2.337,8.238,-0.332,0.459,0.272,2652,0
2146600,4.353,2.021,8.543,-0.390,0.546,0.280,2653,0
2146620,4.130,2.085,8.574,-0.440,0.521,0.269,2654,0
2146640,3.783,1.300,9.819,-0.399,0.365,0.207,2648,0
2146660,4.027,1.010,9.883,-0.150,-0.120,-0.003,2643,0
2146680,4.053,1.317,9.155,-0.048,-0.369,-0.175,2645,0
2146700,3.879,1.614,9.354,-0.093,-0.713,-0.370,2645,0
2146721,4.355,1.741,9.278,-0.112,-1.179,-0.563,2650,0
2146740,4.709,1.539,8.780,-0.093,-1.297,-0.671,2663,0
2146760,4.659,1.640,8.430,0.002,-1.177,-0.673,2672,0
2146780,4.798,1.966,8.526,0.009,-1.154,-0.665,2677,0
2146800,5.028,2.097,8.107,0.010,-1.173,-0.714,2684,0
2146820,5.133,2.025,7.597,0.122,-0.976,-0.711,2687,0
2146840,4.990,2.923,7.302,0.284,-0.635,-0.515,2687,0
2146860,5.061,3.220,7.113,0.276,-0.350,-0.234,2689,0
2146880,5.162,3.081,7.223,0.240,-0.085,0.046,2685,0
2146900,5.485,2.799,7.132,0.319,0.165,0.240,2687,0
2146920,5.519,2.418,7.087,0.369,0.557,0.349,2688,0
2146940,5.215,2.509,7.724,0.306,0.706,0.341,2688,0
2146960,5.152,2.521,8.456,0.176,0.508,0.240,2684,0
2146980,5.183,2.385,8.507,0.169,0.394,0.204,2682,0
2147000,4.973,2.490,7.944,0.184,0.400,0.267,2680,0
2147020,4.951,2.478,7.930,0.098,0.495,0.267,2675,0
2147040,4.855,2.545,7.863,-0.080,0.444,0.148,2672,0
2147060,4.721,2.217,8.308,-0.329,0.308,0.019,2669,0
2147081,4.870,2.119,9.055,-0.285,0.017,-0.105,2665,0
2147100,4.640,1.978,8.586,-0.194,-0.129,-0.117,2660,0
2147120,4.539,2.016,8.073,-0.163,-0.114,-0.128,2657,0
2147140,4.719,2.385,8.234,-0.205,-0.161,-0.159,2654,0
2147161,4.908,2.162,8.274,-0.270,-0.176,-0.163,2651,0
2147180,4.831,2.045,8.337,-0.208,-0.108,-0.122,2648,0
2147201,4.731,2.078,8.260,-0.116,-0.035,-0.062,2647,0
2147220,4.685,2.186,8.337,-0.051,0.019,-0.031,2647,0
2147240,4.750,2.200,8.423,-0.041,-0.028,-0.040,2647,0
2147260,4.882,2.148,8.384,-0.067,-0.072,-0.071,2645,0
2147281,4.860,1.894,8.404,-0.061,-0.084,-0.084,2646,0
2147301,4.786,2.009,8.315,0.011,-0.042,-0.050,2644,0
2147321,4.719,2.191,8.327,0.059,-0.009,-0.029,2644,0
2147340,4.779,2.229,8.384,0.046,-0.046,-0.029,2643,0
2147360,4.805,2.076,8.404,-0.011,-0.107,-0.028,2643,0
2147380,4.836,1.803,8.296,-0.004,-0.146,-0.054,2643,0
2147400,4.853,1.970,8.277,0.029,-0.138,-0.088,2643,0
2147420,4.891,2.097,8.284,0.044,-0.137,-0.108,2643,0
2147440,4.853,2.224,8.284,0.034,-0.151,-0.126,2642,0
2147460,4.872,2.198,8.066,0.006,-0.149,-0.138,2640,0
2147480,4.867,2.186,8.030,-0.001,-0.059,-0.110,2641,0
2147500,4.781,2.167,8.155,0.018,0.000,-0.068,2639,0
2147521,4.896,2.157,8.250,0.036,0.019,-0.041,2640,0
2147540,4.899,2.152,8.226,0.021,0.035,-0.051,2639,0
2147560,4.918,2.121,8.267,-0.025,0.029,-0.066,2640,0
2147580,4.810,2.088,8.310,-0.004,0.046,-0.060,2639,0
2147600,4.717,2.143,8.305,0.017,0.044,-0.047,2638,0
2147620,4.738,2.188,8.322,0.008,0.018,-0.041,2639,0
2147640,4.815,2.193,8.389,0.004,0.021,-0.024,2639,0
2147660,4.793,2.014,8.358,0.009,0.007,-0.023,2638,0
2147680,4.796,2.018,8.272,0.018,0.013,-0.035,2638,0
2147700,4.767,2.136,8.298,0.039,0.026,-0.043,2637,0
2147720,4.666,2.176,8.341,0.027,0.007,-0.034,2636,0
2147740,4.729,2.069,8.396,0.024,-0.014,-0.014,2637,0
2147760,4.647,2.136,8.387,0.036,-0.024,-0.008,2636,0
2147780,4.705,2.138,8.411,0.019,-0.058,-0.016,2636,0
2147800,4.860,2.088,8.387,0.026,-0.079,-0.036,2636,0
2147820,4.944,2.069,8.344,0.065,-0.028,-0.050,2636,0
2147840,4.774,2.076,8.303,0.099,-0.020,-0.057,2635,0
2147861,4.743,2.138,8.262,0.068,-0.047,-0.055,2634,0
2147880,4.717,2.253,8.284,0.058,-0.049,-0.054,2632,0
2147900,4.891,2.382,8.389,0.051,-0.022,-0.051,2631,0
2147920,4.973,2.109,8.669,0.126,-0.016,-0.060,2632,0
2147940,5.100,1.963,8.406,0.172,-0.040,-0.096,2629,0
2147960,5.066,2.011,8.600,0.230,-0.007,-0.172,2628,0
2147980,5.126,2.310,8.294,0.254,0.096,-0.249,2627,0
2148000,4.326,2.308,8.370,0.262,0.160,-0.276,2624,0
2148020,4.020,2.284,8.258,0.383,0.113,-0.236,2624,0
2148040,3.366,2.162,8.279,0.549,0.014,-0.175,2623,0
2148061,3.232,2.231,7.034,0.634,-0.132,0.007,2628,0
2148290,5.215,1.563,8.404,0.017,0.069,0.042,2654,0
2148311,4.894,2.332,7.949,0.126,0.157,0.004,2653,0
2148331,4.676,2.964,8.004,0.122,0.220,0.067,2652,0
2148350,4.726,2.847,8.028,0.048,0.216,0.157,2652,0
2148370,4.781,2.540,8.133,-0.023,0.181,0.156,2651,0
2148390,4.894,2.246,8.464,-0.031,0.095,0.086,2650,0
2148410,4.906,2.128,8.557,-0.011,0.005,0.030,2650,0
2148430,4.860,2.234,8.243,0.042,-0.021,-0.009,2651,0
2148450,4.709,2.380,8.147,0.056,0.014,-0.005,2651,0
2148470,4.693,2.528,8.171,0.051,0.020,0.009,2650,0
2148490,4.769,2.442,8.238,0.021,-0.001,0.012,2649,0
2148510,4.781,2.267,8.327,0.006,-0.005,0.014,2648,0
2148530,4.729,2.243,8.382,0.030,-0.029,0.004,2647,0
2148550,4.779,2.274,8.272,0.060,-0.042,-0.000,2647,0
2148570,4.805,2.425,8.147,0.071,-0.014,-0.013,2648,0
2148590,4.776,2.519,8.150,0.054,0.011,-0.006,2648,0
2148610,4.688,2.411,8.301,0.030,0.016,0.022,2648,0
2148630,4.767,2.234,8.332,0.043,-0.005,0.027,2646,0
2148650,4.791,2.289,8.236,0.072,0.015,0.012,2647,0
2148670,4.695,2.444,8.188,0.060,0.023,0.011,2646,0
2148690,4.673,2.483,8.313,0.035,-0.004,0.028,2644,0
2148710,4.776,2.351,8.236,0.041,-0.007,0.031,2645,0
2148730,4.769,2.318,8.183,0.047,0.025,0.024,2644,0
2148750,4.705,2.413,8.291,0.025,0.025,0.009,2645,0
2148770,4.717,2.387,8.346,0.024,-0.010,-0.002,2644,0
2148790,4.697,2.296,8.315,0.023,-0.024,0.009,2644,0
2148810,4.717,2.263,8.301,0.038,-0.024,0.007,2644,0
2148830,4.695,2.315,8.315,0.063,-0.010,-0.003,2643,0
2148850,4.630,2.473,8.243,0.049,-0.008,0.001,2643,0
2148870,4.688,2.449,8.325,0.029,-0.032,0.002,2644,0
2148890,4.702,2.308,8.356,0.015,-0.034,0.016,2643,0
2148910,4.750,2.174,8.346,0.033,-0.040,0.008,2644,0
2148930,4.755,2.286,8.351,0.064,-0.035,-0.006,2643,0
2148950,4.664,2.392,8.217,0.062,-0.041,-0.008,2642,0
2148970,4.712,2.476,8.164,0.041,-0.028,-0.004,2642,0
2148990,4.700,2.373,8.310,0.029,-0.019,0.007,2642,0
2149010,4.717,2.279,8.277,0.034,-0.020,0.009,2641,0
2149030,4.697,2.298,8.272,0.044,-0.023,0.002,2642,0
2149050,4.657,2.356,8.272,0.034,-0.028,0.007,2641,0
2149070,4.705,2.368,8.322,0.034,-0.030,0.007,2641,0
2149090,4.748,2.365,8.274,0.040,-0.029,-0.006,2641,0
2149110,4.676,2.380,8.265,0.041,-0.020,-0.007,2641,0
2149130,4.697,2.308,8.344,0.037,-0.016,-0.005,2641,0
2149151,4.717,2.243,8.411,0.051,-0.029,-0.014,2641,0
2149170,4.853,2.373,8.353,0.086,-0.032,-0.047,2639,0
2149190,4.788,2.557,8.303,0.078,-0.039,-0.074,2640,0
2149210,4.793,2.459,8.270,0.074,-0.015,-0.055,2639,0
2149231,5.013,2.243,8.624,0.146,0.073,-0.064,2637,0
2149250,4.800,2.052,8.497,0.168,0.082,-0.107,2635,0
2149270,4.480,2.210,8.255,0.193,0.033,-0.149,2632,0
2149290,4.132,2.612,8.171,0.285,0.035,-0.147,2629,0
2149310,3.771,2.698,8.495,0.418,-0.057,-0.092,2628,0
2149330,3.529,2.480,8.543,0.773,-0.193,-0.022,2630,0
2149350,4.417,2.880,7.707,0.594,-0.335,0.170,2632,0
2149370,4.911,3.031,8.028,0.388,-0.296,0.250,2633,0
2149390,5.045,2.835,8.392,0.171,-0.325,0.289,2632,0
2149410,5.169,2.140,8.818,0.300,-0.509,0.157,2632,0
2149430,5.215,2.562,7.594,0.326,-0.548,0.013,2638,0
2149450,5.605,3.144,6.613,0.113,-0.325,-0.078,2644,0
2149470,5.234,3.721,6.634,-0.119,0.085,0.003,2648,0
2149490,4.831,3.680,7.116,-0.350,0.306,0.152,2646,0
2149510,4.879,3.122,7.791,-0.492,0.373,0.234,2642,0
2149530,5.270,2.222,9.266,-0.395,0.224,0.143,2639,0
2149550,5.171,1.884,8.672,-0.204,0.149,-0.003,2639,0
2149570,4.724,2.193,8.116,-0.139,0.225,-0.040,2634,0
2149590,4.499,2.761,8.171,-0.110,0.236,0.005,2630,0
2149610,4.616,2.811,8.174,-0.141,0.178,0.055,2627,0
2149630,4.779,2.459,8.080,-0.163,0.222,0.066,2626,0
2149650,4.678,2.270,8.435,-0.125,0.249,0.053,2626,0
2149670,4.563,2.315,8.602,-0.072,0.166,0.031,2626,0
2149735,4.439,2.346,8.504,-0.046,0.058,-0.005,2624,0
2149744,4.489,2.330,8.485,-0.032,0.043,-0.011,2624,0
2149755,4.484,2.301,8.485,-0.019,0.040,-0.014,2624,0
2149766,4.484,2.260,8.406,-0.012,0.026,-0.012,2624,0
2149776,4.585,2.306,8.358,0.001,0.034,-0.018,2625,0
2149790,4.585,2.315,8.420,0.019,0.067,-0.020,2623,0
2149810,4.496,2.318,8.557,0.055,0.056,-0.027,2624,0
2149830,4.494,2.241,8.471,0.067,0.013,-0.038,2623,0
2149850,4.527,2.332,8.279,0.055,0.022,-0.052,2623,0
2149870,4.573,2.485,8.545,0.043,0.065,-0.069,2622,0
2149891,4.726,2.320,9.069,0.120,0.065,-0.073,2622,0
2149910,4.920,1.896,8.610,0.201,0.106,-0.128,2621,0
2149930,4.278,1.951,8.396,0.280,0.161,-0.187,2619,0
2149950,3.622,2.574,8.267,0.368,0.135,-0.176,2620,0
2149970,3.402,2.899,8.361,0.434,0.071,-0.093,2619,0
2149991,3.575,2.969,8.157,0.465,-0.051,0.024,2617,0
2150010,4.178,2.734,7.769,0.209,-0.048,0.142,2615,0
2150030,4.343,2.588,8.270,-0.020,-0.055,0.146,2618,0
2150050,4.650,2.696,8.815,-0.076,-0.161,0.113,2624,0
2150071,4.515,2.440,8.717,-0.069,-0.196,0.104,2624,0
2150090,4.432,2.188,8.973,-0.056,-0.364,0.047,2624,0
2150111,4.688,2.181,8.854,-0.043,-0.535,-0.063,2624,0
2150130,4.896,2.339,8.282,0.032,-0.511,-0.182,2625,0
2150150,4.793,2.650,8.068,0.031,-0.389,-0.243,2629,0
2150170,4.930,2.818,7.951,-0.013,-0.288,-0.234,2634,0
2150190,5.270,2.756,7.999,-0.054,-0.079,-0.248,2638,0
2150210,5.224,2.629,8.210,-0.097,0.175,-0.321,2638,0
2150230,4.889,2.365,8.633,-0.101,0.273,-0.403,2639,0
2150250,5.009,2.231,9.086,-0.013,0.261,-0.461,2639,0
2150271,5.114,2.152,8.938,0.071,0.370,-0.574,2641,0
2150291,4.982,2.121,8.686,0.120,0.515,-0.758,2640,0
2150310,4.523,2.061,8.526,0.137,0.606,-0.910,2640,0
2150330,4.245,1.812,8.837,0.184,0.620,-0.975,2639,0
2150350,3.778,2.114,9.258,0.260,0.457,-1.004,2639,0
2150371,3.524,2.576,9.141,0.062,0.197,-0.946,2638,0
2150391,3.630,2.054,8.794,-0.310,0.053,-0.826,2638,0
2150410,3.560,1.214,8.502,-0.602,0.066,-0.731,2633,0
2150430,3.460,0.630,9.218,-0.489,0.139,-0.848,2632,0
2150451,2.662,1.563,8.957,-0.249,0.051,-1.017,2629,0
2150470,2.447,2.454,8.751,-0.210,-0.185,-1.125,2627,0
2150490,2.722,2.705,8.270,-0.358,-0.288,-1.071,2625,0
2150510,3.021,2.576,8.054,-0.404,-0.107,-0.962,2624,0
2150530,3.146,3.036,8.396,-0.279,0.094,-0.951,2623,0
2150550,2.868,3.476,8.468,-0.143,0.164,-0.965,2622,0
2150570,2.832,4.152,8.267,-0.094,0.160,-0.900,2620,0
2150590,3.141,4.690,8.016,-0.102,0.175,-0.748,2618,0
2150610,3.215,5.387,8.159,-0.177,0.357,-0.496,2612,0
2150630,3.077,5.224,8.425,-0.251,0.499,-0.248,2605,0
2150650,3.103,5.217,8.677,-0.294,0.488,-0.070,2588,0
2150670,3.122,5.119,8.736,-0.335,0.413,0.056,2569,0
2150690,3.165,4.616,8.519,-0.311,0.322,0.144,2561,0
2150711,3.359,4.135,8.430,-0.202,0.373,0.195,2559,0
2150730,3.218,3.847,8.605,-0.158,0.500,0.205,2555,0
2150751,2.729,3.539,8.796,-0.232,0.431,0.168,2545,0
2150770,2.531,3.026,8.899,-0.274,0.211,0.129,2541,0
2150791,2.468,3.057,8.808,-0.217,0.127,0.110,2540,0
2150810,1.994,3.021,8.997,-0.237,0.196,0.136,2539,0
2150830,1.413,2.856,9.074,-0.230,0.074,0.145,2543,0
2150850,1.566,2.626,9.050,-0.258,-0.257,0.138,2549,0
2150870,1.913,2.298,8.909,-0.343,-0.343,0.184,2558,0
2150891,1.877,1.786,9.263,-0.321,-0.243,0.206,2559,0
2150910,1.820,1.420,8.729,-0.250,-0.229,0.096,2559,0
2150930,1.853,1.271,7.910,-0.297,-0.075,-0.034,2558,0
2150950,1.841,0.869,7.214,-0.342,0.229,-0.128,2547,0
2150970,1.884,1.508,7.597,-0.422,0.829,-0.164,2544,0
2150990,1.209,1.295,9.026,-0.521,1.583,-0.206,2536,0
2151042,0.208,1.788,13.680,-0.058,-0.817,0.086,2529,0
2151051,0.927,1.104,11.969,0.012,-1.183,0.058,2529,0
2151061,1.101,0.816,10.534,0.170,-1.437,-0.014,2535,0
2151072,1.010,1.149,9.249,0.360,-1.661,-0.068,2544,0
2151090,1.709,1.844,7.053,0.360,-1.560,-0.064,2548,0
2151110,2.483,2.157,6.570,0.078,-0.845,-0.047,2550,0
2151130,3.579,2.145,6.850,-0.065,0.043,-0.075,2543,0
2151150,3.431,1.870,7.041,-0.128,0.840,-0.047,2538,0
2151170,2.162,2.832,11.461,0.071,1.041,-0.029,2529,0
2151190,1.492,2.488,12.689,-0.118,0.159,0.022,2531,0
2151210,1.456,1.559,11.609,0.008,-0.485,-0.016,2529,0
2151230,1.022,1.070,9.438,0.342,-0.951,-0.102,2538,0
2151250,1.879,1.657,7.932,0.390,-1.093,-0.153,2558,0
2151270,2.835,2.150,8.023,0.292,-0.540,-0.141,2559,0
2151290,3.089,2.485,8.667,0.230,-0.163,-0.102,2559,0
2151310,3.148,2.658,8.935,0.155,0.031,-0.061,2559,0
2151330,2.816,2.502,9.380,0.050,0.079,-0.037,2559,0
2151350,2.495,2.356,9.864,0.013,-0.067,-0.028,2558,0
2151370,2.363,2.049,9.725,0.042,-0.191,-0.008,2559,0
2151390,2.274,1.990,9.407,0.087,-0.280,0.027,2561,0
2151410,2.543,2.028,9.294,0.098,-0.314,0.049,2583,0
2151430,2.674,2.057,9.424,0.125,-0.277,0.044,2589,0
2151450,2.478,2.162,9.653,0.199,-0.297,0.048,2592,0
2151471,2.464,2.198,10.070,0.324,-0.454,0.068,2593,0
2151490,2.562,2.126,10.065,0.507,-0.652,0.064,2597,0
2151511,2.622,2.428,9.718,0.572,-0.681,0.060,2601,0
2151861,5.337,2.593,9.843,-0.014,0.261,0.007,2629,0
2151881,5.545,2.954,10.743,0.025,-0.014,0.065,2627,0
2151901,5.298,2.665,9.462,0.052,-0.156,0.064,2628,0
2151921,4.700,1.997,8.988,0.115,-0.070,-0.006,2627,0
2151941,4.082,2.093,8.511,0.326,0.005,-0.094,2624,0
2151961,3.706,2.602,8.088,0.300,0.029,-0.058,2626,0
2151981,3.759,2.531,7.434,0.093,0.159,0.040,2627,0
2152001,3.802,2.274,7.391,-0.142,0.489,0.113,2627,0
2152021,3.553,1.791,8.935,-0.361,0.773,0.176,2623,0
2152041,3.340,1.164,11.296,-0.224,0.611,0.015,2617,0
2152061,3.493,1.997,10.525,0.002,0.205,-0.126,2608,0
2152081,3.761,2.169,10.108,0.007,0.117,-0.064,2609,0
2152101,3.460,2.040,9.768,0.176,0.061,-0.033,2608,0
2152121,2.763,2.088,8.966,0.502,-0.159,-0.020,2608,0
2152141,3.021,2.375,8.078,0.446,-0.481,0.034,2608,0
2152161,3.326,2.191,7.027,0.074,-0.315,0.078,2607,0
2152181,3.589,2.327,7.269,-0.019,0.097,0.059,2608,0
2152201,3.290,2.713,7.029,-0.148,0.521,0.119,2606,0
2152221,3.299,1.707,10.748,-0.275,0.483,0.123,2602,0
2152241,3.958,1.580,11.447,0.024,0.049,-0.100,2599,0
2152261,3.871,2.203,10.233,0.257,-0.063,-0.208,2599,0
2152281,3.304,2.274,9.400,0.436,-0.190,-0.161,2599,0
2152301,2.919,2.605,8.559,0.482,-0.358,-0.087,2597,0
2152321,3.213,2.756,7.887,0.277,-0.441,-0.051,2598,0
2152341,3.134,2.358,6.996,-0.042,-0.195,-0.007,2598,0
2152361,3.273,2.313,7.616,-0.081,0.130,-0.000,2598,0
2152381,2.868,2.634,7.424,-0.229,0.393,0.103,2597,0
2152401,3.519,2.030,9.493,-0.321,0.297,0.110,2597,0
2152421,3.788,1.875,11.236,-0.100,0.013,-0.011,2596,0
2152441,4.295,1.999,10.420,0.008,-0.047,-0.106,2604,0
2152461,3.943,2.121,10.101,0.140,0.042,-0.145,2602,0
2152481,3.299,2.162,9.445,0.441,-0.111,-0.169,2598,0
2152501,3.136,2.456,8.456,0.498,-0.252,-0.155,2597,0
2152521,2.828,2.710,8.021,0.336,-0.253,-0.097,2596,0
2152541,2.658,3.189,8.028,0.171,-0.366,0.029,2594,0
2152561,2.861,2.483,8.011,-0.050,-0.412,0.137,2593,0
2152581,3.433,2.382,8.195,-0.067,-0.346,0.138,2595,0
2152601,3.642,2.301,8.114,-0.067,-0.105,0.115,2600,0
2152621,3.658,2.054,8.583,-0.057,0.070,0.077,2602,0
2152641,3.747,2.066,8.701,0.000,0.126,0.010,2604,0
2152661,3.869,2.042,8.720,0.021,0.183,-0.082,2603,0
2152681,3.847,2.212,9.120,-0.084,0.226,-0.170,2603,0
2152701,3.524,1.896,10.417,-0.109,-0.006,-0.313,2602,0
2152721,3.407,1.925,10.556,0.107,-0.430,-0.434,2602,0
2152741,3.436,2.239,9.845,0.153,-0.782,-0.539,2602,0
2152761,3.249,2.258,9.392,0.100,-0.837,-0.641,2604,0
2152781,2.840,1.956,9.697,0.101,-0.994,-0.768,2621,0
2152801,2.602,1.879,8.969,0.274,-1.225,-0.903,2640,0
2152821,2.696,2.468,8.028,0.342,-1.067,-0.836,2658,0
2152841,2.969,2.969,7.185,0.264,-0.718,-0.651,2670,0
2152861,3.151,3.309,6.809,0.150,-0.315,-0.434,2672,0
2152881,3.170,3.445,7.094,0.047,0.066,-0.161,2668,0
2152901,3.184,3.184,7.611,-0.043,0.264,0.061,2660,0
2152921,3.522,3.565,8.334,-0.035,0.236,0.189,2637,0
2152941,3.915,3.575,8.387,-0.145,0.178,0.341,2629,0
2152961,4.247,3.484,8.150,-0.195,0.095,0.517,2636,0
2152981,4.848,2.966,8.428,-0.130,0.023,0.526,2644,0
2153001,5.708,2.691,8.564,-0.181,-0.001,0.406,2655,0
2153021,5.945,2.849,9.081,-0.317,0.028,0.319,2666,0
2153041,5.895,2.411,9.081,-0.248,0.049,0.251,2640,0
2153061,5.928,2.222,8.605,-0.055,0.056,0.101,2620,0
2153081,5.909,2.480,8.772,0.016,0.256,0.004,2615,0
2153101,5.701,3.036,9.254,-0.053,0.402,0.021,2627,0
2153121,5.399,2.569,9.428,-0.009,0.390,0.066,2671,0
2153141,5.294,2.136,9.170,0.057,0.326,0.041,2705,0
2153161,5.377,1.765,8.861,0.071,0.230,-0.058,2718,0
2153181,5.416,1.683,8.487,0.199,0.198,-0.207,2712,0
2153201,5.092,2.456,7.609,0.270,0.265,-0.204,2688,0
2153221,4.851,2.911,7.005,0.280,0.421,-0.115,2658,0
2153241,4.508,2.950,7.084,0.283,0.673,-0.074,2639,0
2153261,4.269,2.904,7.410,0.229,0.886,-0.117,2629,0
2153281,3.642,2.804,7.556,0.189,1.024,-0.164,2614,0
2153301,3.038,2.725,7.752,0.137,1.009,-0.185,2601,0
2153321,2.535,3.259,8.080,-0.058,0.930,-0.136,2576,0
2153341,2.021,2.981,8.641,-0.311,0.896,-0.023,2558,0
2153361,1.501,2.895,8.875,-0.392,0.778,0.047,2544,0
2153381,1.250,3.038,9.294,-0.391,0.653,0.107,2533,0
2153401,1.065,2.696,9.060,-0.391,0.673,0.163,2516,0
2153465,-0.273,2.009,9.510,-0.207,0.970,-0.167,2485,0
2153474,-0.460,2.459,11.894,-0.123,0.759,-0.132,2495,0
2153482,-0.575,2.456,12.117,-0.146,0.398,-0.095,2506,0
2153492,-0.541,2.622,12.479,-0.143,0.059,-0.026,2512,0
2153501,0.010,2.155,12.378,-0.183,-0.328,0.047,2525,0
2153521,0.965,1.109,10.640,-0.095,-0.774,0.010,2545,0
2153541,1.049,0.620,9.309,0.233,-0.955,-0.246,2559,0
2153561,1.274,1.767,7.779,0.391,-1.111,-0.318,2592,0
2153581,1.817,2.224,6.814,0.151,-0.585,-0.141,2599,0
2153601,1.887,1.559,6.800,-0.073,0.016,-0.043,2595,0
2153621,1.736,2.148,8.801,-0.020,0.310,-0.019,2593,0
2153641,2.059,2.871,11.806,-0.168,-0.026,0.191,2608,0
2153661,2.720,2.325,11.954,-0.177,-0.467,0.229,2607,0
2153681,3.079,1.444,10.671,0.004,-0.653,0.024,2605,0
2153701,2.337,1.362,9.474,0.305,-0.901,-0.187,2607,0
2153721,2.552,1.906,7.958,0.313,-0.888,-0.203,2613,0
2153741,3.081,2.684,7.604,0.164,-0.466,-0.133,2609,0
2153761,3.577,3.108,8.004,-0.059,0.013,-0.028,2602,0
2153781,3.065,2.825,7.968,-0.077,0.459,0.058,2592,0
2153801,2.775,2.308,10.767,-0.059,0.381,0.131,2594,0
2153821,2.346,1.386,11.107,-0.100,-0.043,0.052,2595,0
2153841,2.327,1.336,9.768,0.035,-0.311,-0.076,2592,0
2153861,2.119,1.860,8.887,0.217,-0.448,-0.137,2593,0
2153881,2.871,2.349,8.085,0.152,-0.450,-0.103,2605,0
2153901,3.388,2.643,8.212,0.086,-0.098,-0.086,2608,0
2153921,3.601,2.602,8.526,-0.011,0.219,-0.055,2598,0
2153941,3.000,2.456,9.330,0.037,0.392,-0.058,2590,0
2153961,2.619,2.167,10.482,0.137,0.189,-0.041,2589,0
2153981,2.294,1.844,10.022,0.074,-0.097,-0.018,2589,0
2154001,2.193,1.796,9.227,0.110,-0.233,-0.047,2587,0
2154116,3.199,2.447,8.638,0.142,-0.465,0.390,2625,0
2154126,3.321,2.459,8.554,0.109,-0.409,0.394,2627,0
2154135,3.452,2.437,8.626,0.083,-0.362,0.394,2625,0
2154144,3.591,2.409,8.732,0.066,-0.321,0.392,2627,0
2154154,3.666,2.320,8.890,0.070,-0.286,0.387,2626,0
2154164,3.685,2.222,9.036,0.114,-0.270,0.382,2626,0
2154173,3.632,2.207,9.091,0.176,-0.264,0.391,2623,0
2154182,3.644,2.224,9.045,0.208,-0.264,0.400,2623,0
2154204,3.436,2.284,9.005,0.250,-0.304,0.446,2617,0
2154213,3.522,2.358,8.938,0.243,-0.328,0.454,2618,0
2154291,3.658,2.014,8.966,0.142,0.021,0.280,2607,0
2154300,3.551,2.239,9.184,0.185,-0.028,0.284,2606,0
2154309,3.481,2.433,9.313,0.190,-0.111,0.314,2602,0
2154319,3.529,2.598,9.304,0.181,-0.223,0.340,2603,0
2154330,3.675,2.514,9.060,0.149,-0.308,0.355,2603,0
2154341,3.915,2.313,8.796,0.110,-0.330,0.349,2602,0
2154351,4.027,2.200,8.583,0.099,-0.288,0.336,2599,0
2154361,4.039,2.095,8.325,0.096,-0.204,0.322,2603,0
2154381,3.828,2.344,8.365,0.085,0.007,0.315,2600,0
2154401,3.733,2.559,8.935,0.091,0.028,0.373,2595,0
2154421,3.948,2.696,9.019,0.092,-0.046,0.469,2593,0
2154441,4.039,2.471,8.665,0.063,-0.063,0.481,2591,0
2154461,3.994,2.425,8.468,0.018,0.063,0.474,2589,0
2154481,3.919,2.241,8.408,-0.018,0.192,0.519,2588,0
2154501,4.041,2.320,8.212,-0.043,0.245,0.628,2585,0
2154521,4.058,2.327,8.662,-0.119,0.325,0.719,2576,0
2154541,4.156,1.841,9.311,-0.100,0.297,0.744,2564,0
2154561,4.331,1.243,9.225,0.070,0.291,0.727,2562,0
2154581,4.195,1.429,8.701,0.271,0.364,0.626,2559,0
2154601,4.029,1.901,8.523,0.267,0.389,0.444,2559,0
2154621,3.754,1.841,8.605,0.191,0.442,0.346,2559,0
2154641,3.531,1.765,9.084,0.315,0.406,0.338,2559,0
2154661,3.742,2.069,8.923,0.476,0.404,0.385,2559,0
2154681,3.488,2.389,8.677,0.502,0.518,0.442,2559,0
2154701,2.990,2.528,8.935,0.430,0.486,0.504,2559,0
2154721,2.950,2.052,9.100,0.348,0.272,0.446,2559,0
2154741,2.971,1.741,8.894,0.393,0.129,0.319,2559,0
2154761,3.134,1.791,8.514,0.362,0.083,0.287,2558,0
2154781,3.254,1.800,8.495,0.231,0.169,0.329,2558,0
2154801,2.988,1.544,8.631,0.069,0.241,0.347,2557,0
2154821,2.559,1.279,9.373,0.041,0.129,0.263,2555,0
2154841,2.792,1.559,9.639,0.003,-0.092,0.260,2554,0
2154861,3.263,1.547,9.740,-0.054,-0.070,0.293,2551,0
2154881,3.201,1.231,9.694,-0.015,0.034,0.246,2550,0
2154901,2.851,1.422,9.306,0.091,0.037,0.141,2549,0
2154921,2.988,1.733,9.158,0.023,-0.067,0.092,2546,0
2154941,3.428,1.441,9.306,-0.009,-0.015,0.072,2548,0
2154961,3.376,1.508,9.194,0.096,0.079,0.018,2548,0
2154981,3.290,1.776,8.679,0.146,0.146,-0.027,2549,0
2155001,3.326,2.021,8.593,0.060,0.248,-0.028,2549,0
2155021,3.256,2.217,9.261,0.032,0.302,-0.004,2551,0
2155041,3.017,2.143,9.495,0.065,0.231,0.045,2553,0
2155061,2.907,2.054,9.203,0.077,0.154,0.080,2556,0
2155081,2.904,2.164,8.909,0.074,0.122,0.086,2555,0
2155101,2.935,2.133,8.916,-0.011,0.161,0.126,2556,0
2155121,2.887,1.992,9.371,-0.042,0.173,0.148,2557,0
2155141,2.758,1.930,9.421,-0.037,0.121,0.153,2556,0
2155161,2.792,1.786,9.285,-0.010,0.059,0.136,2555,0
2155181,2.806,1.875,9.117,0.001,0.055,0.100,2554,0
2155201,2.823,1.884,9.165,-0.022,0.073,0.092,2554,0
2155221,2.820,1.791,9.407,-0.038,0.075,0.096,2554,0
2155241,2.703,1.638,9.567,0.005,0.032,0.066,2554,0
2155261,2.703,1.592,9.414,0.050,-0.055,0.026,2553,0
2155281,2.792,1.635,9.151,0.081,-0.056,-0.018,2552,0
2155301,2.832,1.872,9.100,0.084,-0.014,-0.019,2552,0
2155321,2.847,1.851,9.246,0.069,0.018,0.007,2552,0
2155341,2.782,1.805,9.249,0.058,0.012,0.003,2552,0
2155361,2.710,1.848,9.222,0.064,-0.005,-0.023,2552,0
2155381,2.806,1.726,9.287,0.086,-0.025,-0.028,2551,0
2155401,2.878,1.774,9.301,0.098,-0.011,-0.021,2550,0
2155421,2.782,1.911,9.215,0.086,0.020,-0.013,2550,0
2155441,2.686,1.994,9.196,0.071,0.024,0.000,2551,0
2155461,2.698,1.961,9.222,0.047,-0.001,0.019,2549,0
2155481,2.813,1.784,9.330,0.069,-0.016,0.023,2550,0
2155501,2.840,1.856,9.194,0.096,0.007,0.014,2549,0
2155521,2.674,2.162,9.155,0.061,0.035,0.033,2551,0
2155541,2.658,2.069,9.146,0.013,0.024,0.083,2551,0
2155561,2.880,1.918,9.234,0.008,0.037,0.113,2550,0
2155581,2.926,2.023,9.261,0.047,0.066,0.105,2549,0
2155601,2.679,2.231,9.261,0.018,0.022,0.149,2547,0
2155621,2.653,1.987,9.359,0.011,-0.061,0.210,2550,0
2155641,2.954,1.595,9.139,0.011,-0.100,0.217,2550,0
2155661,3.175,1.343,8.404,-0.042,0.114,0.157,2545,0
2155681,2.828,1.535,8.116,-0.145,0.494,0.088,2539,0
2155701,2.753,1.858,8.320,-0.335,0.777,0.082,2522,0
2155721,2.349,2.095,8.993,-0.492,1.050,0.102,2497,0
2155741,1.635,1.882,10.003,-0.517,1.026,0.084,2481,0
2155761,1.006,0.967,11.794,-0.314,0.511,0.048,2477,0
2155781,1.075,0.168,11.243,0.043,-0.106,-0.048,2476,0
2155801,1.329,0.299,9.919,0.446,-0.471,-0.208,2473,0
2155821,1.358,1.350,9.926,0.621,-0.665,-0.318,2471,0
2155841,1.693,1.923,10.501,0.555,-1.042,-0.328,2478,0
2155958,4.077,2.109,8.380,0.433,-1.003,-0.665,2559,0
2155967,4.269,2.219,8.358,0.418,-0.913,-0.670,2559,0
2155977,4.298,2.339,8.334,0.406,-0.794,-0.657,2559,0
2155986,4.276,2.437,8.284,0.402,-0.696,-0.636,2561,0
2155995,4.171,2.557,8.255,0.397,-0.599,-0.610,2559,0
2156005,4.063,2.562,8.322,0.406,-0.506,-0.587,2564,0
2156016,3.879,2.526,8.428,0.429,-0.436,-0.580,2563,0
2156025,3.785,2.507,8.588,0.463,-0.418,-0.586,2576,0
2156034,3.771,2.605,8.741,0.511,-0.430,-0.595,2575,0
2156044,3.797,2.816,8.708,0.544,-0.463,-0.597,2578,0
2156061,3.838,3.079,8.435,0.519,-0.481,-0.574,2583,0
2156081,3.867,3.134,8.088,0.428,-0.401,-0.536,2585,0
2156101,3.754,3.153,7.855,0.351,-0.250,-0.502,2586,0
2156121,3.713,3.428,8.226,0.314,-0.159,-0.456,2587,0
2156141,3.862,3.680,8.763,0.318,-0.228,-0.385,2589,0
2156161,3.850,3.589,8.744,0.361,-0.329,-0.326,2591,0
2156181,3.800,3.369,8.298,0.359,-0.360,-0.305,2595,0
2156201,3.859,3.328,8.114,0.315,-0.323,-0.320,2596,0
2156221,3.905,3.476,8.373,0.277,-0.304,-0.360,2599,0
2156241,3.847,3.455,8.746,0.298,-0.416,-0.414,2601,0
2156261,3.934,3.474,8.669,0.321,-0.574,-0.453,2599,0
2156281,3.965,3.689,8.370,0.304,-0.664,-0.491,2600,0
2156301,3.879,3.828,8.114,0.260,-0.685,-0.560,2599,0
2156321,3.850,3.740,7.767,0.230,-0.628,-0.649,2602,0
2156341,3.728,3.754,7.669,0.203,-0.529,-0.714,2601,0
2156361,3.840,4.190,7.755,0.144,-0.465,-0.716,2603,0
2156381,3.886,4.472,7.927,0.064,-0.433,-0.670,2604,0
2156401,3.685,4.918,8.011,-0.040,-0.467,-0.603,2604,0
2156421,3.594,5.272,7.807,-0.333,-0.552,-0.491,2607,0
2156441,3.673,4.618,7.417,-0.659,-0.464,-0.361,2609,0
2156461,3.891,3.589,6.807,-0.836,-0.083,-0.273,2610,0
2156481,3.677,2.842,6.991,-0.782,0.450,-0.267,2608,0
2156501,3.481,3.632,8.205,-0.706,0.652,-0.300,2608,0
2156521,3.704,3.689,9.055,-0.717,0.504,-0.286,2608,0
2156541,3.948,3.785,8.909,-0.684,0.324,-0.253,2608,0
2156561,4.053,3.481,8.509,-0.628,0.233,-0.213,2610,0
2156581,4.377,3.584,8.186,-0.580,0.186,-0.228,2608,0
2156601,4.487,3.290,7.707,-0.528,0.308,-0.239,2608,0
2156621,4.240,3.342,8.181,-0.365,0.315,-0.230,2608,0
2156641,4.005,3.591,8.562,-0.129,0.026,-0.179,2608,0
2156661,4.286,4.082,7.987,-0.037,-0.217,-0.073,2606,0
2156681,4.604,4.058,7.293,-0.153,-0.180,0.013,2607,0
2156701,4.772,3.369,7.278,-0.184,-0.025,0.032,2607,0
2156721,4.597,3.081,7.532,-0.053,0.141,-0.027,2605,0
2156741,4.288,3.361,7.798,-0.023,0.200,-0.104,2602,0
2156761,3.996,3.565,8.035,-0.095,0.171,-0.111,2598,0
2156781,3.809,3.603,8.428,-0.061,0.116,-0.079,2596,0
2156801,3.663,3.874,8.478,0.033,0.079,-0.039,2593,0
2156821,3.505,3.677,8.507,0.014,0.057,-0.026,2590,0
2156841,3.467,3.409,9.333,-0.046,-0.097,0.004,2589,0
2156861,3.639,3.072,9.404,-0.058,-0.189,0.036,2589,0
2156881,3.685,2.890,9.196,0.031,-0.145,-0.015,2591,0
2156901,3.546,2.837,9.007,0.090,-0.106,-0.066,2588,0
2156921,3.488,2.986,8.612,0.097,-0.085,-0.063,2592,0
2156941,3.498,3.244,8.437,0.074,-0.044,-0.031,2591,0
2156961,3.670,3.381,8.622,0.063,-0.018,-0.000,2591,0
2156981,3.824,3.376,8.768,0.056,0.024,0.023,2592,0
2157001,3.661,3.287,8.614,0.055,0.058,0.025,2593,0
2157021,3.579,3.220,8.375,0.034,0.052,0.029,2595,0
2157041,3.563,3.259,8.310,0.001,0.054,0.042,2595,0
2157061,3.563,3.335,8.461,-0.043,0.056,0.064,2597,0
2157081,3.536,3.196,8.662,-0.055,0.058,0.079,2603,0
2157301,3.768,2.998,8.442,0.022,0.046,-0.067,2608,0
2157321,3.704,2.976,8.657,0.068,0.090,-0.079,2606,0
2157341,3.436,2.897,8.722,0.120,0.098,-0.099,2608,0
2157361,3.369,2.945,8.624,0.120,0.042,-0.116,2608,0
2157381,3.510,3.108,8.610,0.153,0.018,-0.151,2608,0
2157401,3.591,3.299,8.581,0.186,0.054,-0.181,2609,0
2157421,3.546,3.476,8.624,0.162,0.170,-0.172,2609,0
2157441,3.496,3.400,8.629,0.126,0.252,-0.135,2609,0
2157460,3.488,3.247,8.689,0.156,0.277,-0.158,2608,0
2157481,3.400,3.211,8.622,0.184,0.263,-0.196,2607,0
2157501,3.103,3.340,8.660,0.205,0.281,-0.196,2606,0
2157521,2.782,3.670,8.756,0.175,0.239,-0.134,2606,0
2158303,0.271,3.014,12.086,-0.168,1.031,-0.112,2493,0
2158323,-0.144,3.060,12.768,-0.309,0.093,0.090,2490,0
2158343,0.651,1.860,11.461,-0.147,-0.781,0.140,2493,0
2158363,0.869,1.554,9.754,0.223,-1.252,-0.019,2501,0
2158383,1.518,2.291,7.566,0.257,-1.324,-0.072,2517,0
2158403,2.365,2.193,6.692,0.032,-0.671,-0.032,2521,0
2158423,2.851,1.966,7.264,-0.183,0.144,-0.007,2515,0
2158443,2.116,1.458,7.834,-0.072,0.715,-0.048,2507,0
2158463,1.709,2.471,11.552,0.024,0.524,0.006,2500,0
2158483,1.628,2.212,12.579,-0.062,-0.134,0.066,2501,0
2158503,1.980,1.856,10.714,0.145,-0.595,-0.023,2498,0
2158523,1.616,1.918,8.940,0.267,-0.719,-0.106,2504,0
2158850,2.488,2.258,9.009,-0.067,-0.518,0.096,2529,0
2158870,3.057,2.207,8.576,0.050,-0.330,0.027,2531,0
2158890,3.326,2.148,8.339,0.075,0.075,0.013,2524,0
2158910,3.010,1.803,8.313,0.094,0.465,-0.043,2520,0
2158930,2.411,2.073,9.538,0.230,0.511,-0.103,2513,0
2158950,1.772,2.691,10.611,0.042,0.108,-0.027,2513,0
2158970,1.590,2.660,9.768,-0.002,-0.150,0.031,2513,0
2158990,1.690,2.308,9.048,-0.009,-0.342,0.066,2512,0
2159010,2.291,2.418,9.230,-0.026,-0.403,0.079,2514,0
2159030,2.859,2.138,8.815,0.021,-0.258,-0.008,2518,0
2159049,3.206,2.409,8.662,0.068,-0.010,-0.060,2520,0
2159070,2.751,2.500,8.564,0.117,0.327,-0.094,2516,0
2159090,2.126,2.334,9.153,0.137,0.338,-0.094,2514,0
2159110,1.642,2.914,9.934,0.015,0.012,-0.011,2514,0
2159129,1.822,2.433,9.345,-0.023,-0.140,0.051,2513,0
2159150,1.973,2.198,9.225,0.014,-0.208,0.091,2514,0
2159169,2.272,2.409,9.541,0.011,-0.237,0.094,2519,0
2159190,2.270,3.005,9.984,-0.021,-0.361,0.141,2543,0
2159210,1.982,3.275,9.467,0.017,-0.467,0.246,2559,0
2159230,2.181,3.268,9.213,-0.003,-0.582,0.444,2592,0
2159249,2.394,3.050,9.108,-0.072,-0.560,0.635,2605,0
2159270,2.550,3.048,9.005,-0.139,-0.489,0.831,2608,0
2159290,2.801,2.859,8.803,-0.173,-0.379,1.023,2611,0
2159310,3.201,2.263,8.753,-0.054,-0.201,1.140,2609,0
2159330,3.402,1.954,8.782,0.213,0.040,1.085,2608,0
2159350,3.330,2.145,8.454,0.467,0.264,0.971,2606,0
2159369,3.302,2.617,8.394,0.581,0.445,0.889,2600,0
2159390,3.364,2.689,8.478,0.440,0.578,0.867,2592,0
2159410,3.294,2.497,8.875,0.331,0.662,0.901,2591,0
2159430,3.266,2.188,9.052,0.193,0.672,0.884,2588,0
2159450,2.983,2.133,8.954,0.160,0.645,0.859,2582,0
2159470,2.899,2.169,9.261,0.100,0.450,0.791,2566,0
2159489,3.098,1.621,9.244,-0.006,0.279,0.649,2559,0
2159510,3.163,1.144,9.129,0.009,0.288,0.524,2559,0
2159530,3.055,1.120,9.086,0.063,0.394,0.449,2559,0
2159549,2.727,1.480,9.388,0.088,0.433,0.382,2559,0
2159570,2.332,1.506,9.603,0.082,0.307,0.320,2559,0
2159590,2.193,1.475,9.584,0.136,0.117,0.276,2559,0
2159609,2.174,1.628,9.553,0.180,0.005,0.260,2559,0
2159630,2.124,1.676,9.586,0.169,-0.054,0.255,2558,0
2159650,2.049,1.580,9.431,0.185,-0.088,0.246,2559,0
2159670,1.982,1.559,9.364,0.201,-0.141,0.249,2559,0
2159690,2.114,1.583,9.258,0.123,-0.211,0.257,2558,0
2159710,2.286,1.228,8.760,0.012,-0.132,0.220,2559,0
2159730,2.435,0.948,8.320,-0.101,0.176,0.113,2557,0
2159750,2.456,1.039,8.547,-0.282,0.616,0.077,2544,0
2159770,2.093,1.008,9.306,-0.457,0.997,0.125,2531,0
2159790,1.058,0.764,11.614,-0.398,0.914,0.149,2527,0
2159810,1.097,0.539,12.694,-0.036,0.098,0.050,2526,0
2159830,1.585,0.546,10.762,0.392,-0.241,-0.133,2520,0
2159850,1.053,1.044,9.862,0.588,-0.341,-0.206,2512,0
2159870,0.778,1.595,9.610,0.598,-0.668,-0.207,2513,0
2159890,0.860,1.231,9.570,0.528,-0.946,-0.238,2521,0
2159910,1.511,1.097,9.376,0.458,-1.188,-0.283,2542,0
2159930,1.963,1.061,9.043,0.434,-1.163,-0.377,2558,0
2159950,2.373,1.456,8.538,0.379,-0.899,-0.479,2559,0
2159970,2.557,1.709,8.906,0.290,-0.655,-0.531,2559,0
2159990,2.837,1.982,9.357,0.354,-0.565,-0.574,2562,0
2160010,3.146,2.569,9.708,0.448,-0.572,-0.633,2561,0
2160030,3.254,3.007,9.706,0.434,-0.658,-0.661,2569,0
2160050,3.254,3.223,9.134,0.323,-0.731,-0.624,2571,0
2160070,3.352,3.120,8.610,0.125,-0.704,-0.548,2575,0
2160090,3.421,2.538,8.171,-0.042,-0.607,-0.519,2580,0
2160110,3.457,2.298,7.839,-0.026,-0.472,-0.581,2579,0
2160130,3.419,2.655,7.968,0.064,-0.358,-0.641,2582,0
2160150,3.474,3.177,8.339,0.126,-0.328,-0.635,2579,0
2160170,3.706,3.630,8.425,0.111,-0.294,-0.580,2584,0
2160190,3.800,3.994,8.499,-0.019,-0.239,-0.503,2584,0
2160210,3.814,3.903,8.454,-0.135,-0.204,-0.441,2583,0
2160230,3.785,3.685,8.145,-0.102,-0.173,-0.387,2581,0
2160250,3.670,3.845,8.037,0.009,-0.175,-0.333,2587,0
2160269,3.766,4.089,8.157,-0.013,-0.206,-0.265,2587,0
2160290,3.812,3.912,8.217,-0.136,-0.185,-0.182,2588,0
2160310,3.852,3.572,8.162,-0.170,-0.144,-0.129,2589,0
2160330,4.001,3.270,8.078,-0.082,-0.095,-0.110,2593,0
2160350,3.972,3.208,8.191,0.001,-0.032,-0.093,2593,0
2160370,3.857,3.266,8.437,-0.016,-0.022,-0.046,2594,0
2160390,3.852,2.928,8.727,-0.061,-0.069,0.009,2595,0
2160410,3.795,2.701,8.746,-0.024,-0.103,-0.002,2596,0
2160430,3.711,2.569,8.538,0.009,-0.094,-0.066,2596,0
2160450,3.582,2.574,8.425,0.035,-0.061,-0.128,2598,0
2160470,3.390,2.741,8.598,0.061,-0.068,-0.147,2597,0
2160490,3.493,3.091,8.909,0.047,-0.118,-0.144,2598,0
2160510,3.570,3.220,9.110,0.038,-0.142,-0.165,2597,0
2160530,3.546,3.287,8.918,0.018,-0.162,-0.152,2598,0
2160550,3.438,3.251,8.550,-0.037,-0.185,-0.113,2598,0
2160570,3.536,3.005,8.619,-0.127,-0.267,-0.135,2602,0
2160590,3.596,2.701,8.904,-0.136,-0.341,-0.197,2607,0
2160610,3.646,2.713,9.019,-0.077,-0.467,-0.287,2608,0
2160630,3.836,2.816,8.715,-0.051,-0.529,-0.348,2612,0
2160650,3.972,2.768,8.368,-0.087,-0.461,-0.391,2614,0
2160670,4.056,2.562,8.291,-0.068,-0.299,-0.430,2616,0
2160690,3.795,2.859,8.373,-0.056,-0.201,-0.471,2614,0
2160710,3.812,2.942,8.475,-0.087,-0.199,-0.512,2613,0
2160730,3.886,2.974,8.358,-0.097,-0.118,-0.477,2612,0
2160750,3.819,3.184,8.272,-0.141,-0.031,-0.412,2613,0
2160770,3.895,3.144,8.226,-0.171,0.004,-0.379,2613,0
2160790,3.950,2.892,8.253,-0.077,0.053,-0.346,2615,0
2160810,3.895,3.203,8.396,0.029,0.062,-0.265,2612,0
2160830,3.888,3.400,8.624,0.083,0.054,-0.116,2610,0
2160850,3.857,3.474,8.770,0.093,0.052,0.022,2609,0
2160870,3.836,3.247,8.842,0.033,0.013,0.052,2608,0
2160890,3.812,2.828,8.662,0.021,-0.001,-0.013,2608,0
2160910,3.606,2.691,8.502,0.076,0.007,-0.043,2610,0
2160930,3.582,2.871,8.483,0.097,-0.024,-0.035,2611,0
2160950,3.598,3.187,8.550,0.076,-0.023,-0.011,2614,0
2160970,3.570,3.431,8.686,0.033,-0.046,-0.001,2616,0
2160990,3.666,3.321,8.622,0.003,-0.075,0.021,2616,0
2161010,3.713,2.993,8.509,0.007,-0.070,0.030,2615,0
2161030,3.761,2.868,8.428,0.009,-0.071,0.007,2613,0
2161050,3.797,2.962,8.464,0.007,-0.074,0.003,2613,0
2161070,3.740,3.112,8.583,0.009,-0.044,0.024,2618,0
2161090,3.677,3.168,8.657,-0.006,-0.041,0.029,2617,0
2161110,3.838,3.103,8.622,-0.023,-0.050,0.016,2618,0
2161130,3.871,2.966,8.600,-0.018,-0.006,0.012,2618,0
2161150,3.778,2.892,8.600,-0.004,0.025,0.023,2619,0
2161170,3.685,2.899,8.746,0.049,0.051,0.034,2620,0
2161190,3.677,2.902,8.906,0.095,0.020,0.030,2616,0
2161210,3.821,2.859,8.961,0.114,0.015,-0.018,2616,0
2161230,3.747,3.110,8.818,0.131,0.029,-0.056,2612,0
2161250,3.577,3.089,8.976,0.152,0.050,-0.014,2609,0
2161285,3.625,2.490,11.167,0.627,-0.037,0.063,2607,0
2161295,3.716,2.509,11.423,0.740,-0.164,-0.015,2606,0
2161310,3.809,2.447,11.143,0.816,-0.369,-0.220,2606,0
2161330,3.998,2.693,10.494,0.896,-0.322,-0.504,2606,0
2161350,3.764,3.414,10.618,0.885,0.011,-0.538,2607,0
2161370,2.696,4.214,11.111,0.764,0.124,-0.270,2605,0
2161390,2.181,4.884,11.423,0.525,-0.322,0.003,2603,0
2161410,2.758,4.096,11.435,0.209,-0.855,0.127,2603,0
2161430,3.359,3.519,10.762,0.174,-1.067,0.094,2604,0
2161450,3.462,3.479,10.092,0.254,-1.044,0.014,2604,0
2161470,3.539,3.649,9.361,0.272,-1.050,-0.015,2603,0
2161489,3.651,4.089,8.847,0.139,-1.128,0.062,2605,0
2161510,3.979,3.941,8.921,-0.026,-1.198,0.130,2607,0
2161530,4.288,3.567,8.305,-0.003,-1.268,0.119,2607,0
2161550,4.563,3.649,7.262,0.086,-1.260,0.090,2607,0
2161570,4.769,3.857,6.330,0.104,-1.219,0.093,2607,0
2161590,4.748,4.247,5.701,0.022,-1.132,0.145,2608,0
2161610,5.128,4.116,5.329,-0.051,-1.067,0.201,2608,0
2161630,5.435,3.991,4.908,-0.046,-0.968,0.212,2609,0
2161650,5.495,4.015,4.544,-0.025,-0.913,0.210,2609,0
2161670,5.725,4.202,4.381,-0.063,-0.853,0.210,2608,0
2161689,5.914,4.199,4.393,-0.091,-0.688,0.184,2609,0
2161710,5.957,4.178,4.530,-0.073,-0.522,0.161,2609,0
2161730,6.007,4.245,4.769,-0.040,-0.407,0.162,2608,0
2161750,5.897,4.288,5.222,-0.025,-0.347,0.167,2607,0
2161770,5.990,4.305,5.593,-0.062,-0.439,0.174,2609,0
2161790,6.179,4.051,5.511,-0.070,-0.502,0.198,2608,0
2161810,6.400,3.579,5.152,-0.015,-0.499,0.210,2608,0
2161830,6.610,3.196,4.922,0.061,-0.393,0.188,2608,0
2161850,6.582,3.187,5.033,0.057,-0.269,0.176,2607,0
2161870,6.515,3.091,5.361,0.023,-0.259,0.164,2607,0
2161890,6.653,2.938,5.480,-0.008,-0.301,0.116,2607,0
2161910,6.910,2.665,5.428,0.048,-0.294,0.046,2607,0
2161930,7.051,2.648,5.301,0.135,-0.197,-0.048,2608,0
2161950,6.900,2.875,5.306,0.145,-0.068,-0.126,2607,0
2161969,6.668,3.306,5.665,0.092,0.019,-0.148,2608,0
2161990,6.438,3.541,6.199,0.088,-0.049,-0.139,2608,0
2162010,6.558,3.613,6.158,0.108,-0.224,-0.111,2608,0
2162030,6.847,3.567,5.703,0.121,-0.224,-0.100,2608,0
2162050,6.905,3.591,5.634,0.114,-0.071,-0.106,2607,0
2162070,6.594,3.788,5.918,0.093,0.015,-0.096,2608,0
2162090,6.606,3.910,6.096,0.039,-0.075,-0.065,2608,0
2162110,6.828,3.898,6.029,0.017,-0.136,-0.027,2608,0
2162130,7.056,3.838,5.952,0.027,-0.111,-0.011,2608,0
2162150,7.171,3.938,6.005,0.044,-0.016,-0.017,2608,0
2162170,7.015,4.013,6.184,0.042,0.031,-0.004,2608,0
2162190,6.974,4.073,6.438,0.029,-0.051,0.041,2608,0
2162209,7.094,4.096,6.448,0.000,-0.143,0.092,2608,0
2162230,7.211,3.996,6.479,-0.040,-0.179,0.137,2608,0
2162250,7.240,3.821,6.546,-0.023,-0.214,0.145,2608,0
2162270,7.214,3.654,6.361,0.035,-0.239,0.123,2608,0
2162289,7.168,3.701,6.278,0.067,-0.241,0.095,2608,0
2162309,6.979,3.718,6.237,0.054,-0.254,0.100,2608,0
2162329,7.027,3.689,6.153,0.043,-0.303,0.126,2608,0
2162350,7.099,3.608,5.962,0.035,-0.293,0.136,2608,0
2162370,6.929,3.486,5.837,0.031,-0.252,0.136,2607,0
2162390,6.826,3.474,5.698,0.043,-0.282,0.164,2608,0
2162410,6.934,3.577,5.571,0.038,-0.278,0.221,2609,0
2162430,7.032,3.560,5.478,-0.007,-0.230,0.260,2608,0
2162450,7.082,3.361,5.483,-0.031,-0.198,0.259,2608,0
2162470,7.144,3.323,5.476,-0.013,-0.150,0.221,2608,0
2162490,7.080,3.328,5.669,0.016,-0.136,0.172,2608,0
2162510,7.190,3.484,5.806,0.031,-0.168,0.172,2608,0
2162530,7.235,3.460,5.720,0.022,-0.190,0.191,2607,0
2162549,7.357,3.342,5.600,-0.005,-0.202,0.194,2608,0
2162570,7.374,3.194,5.511,0.006,-0.178,0.173,2608,0
2162590,7.274,3.117,5.492,0.029,-0.153,0.157,2609,0
2162610,7.355,3.215,5.576,0.053,-0.176,0.144,2608,0
2162630,7.415,3.220,5.471,0.051,-0.202,0.143,2609,0
2162650,7.501,3.139,5.231,0.023,-0.202,0.152,2609,0
2162670,7.458,2.856,5.028,-0.004,-0.151,0.144,2611,0
2162690,7.400,2.806,5.193,0.029,-0.122,0.130,2613,0
2162709,7.513,2.856,5.234,0.052,-0.148,0.127,2616,0
2162730,7.628,2.792,5.023,0.029,-0.142,0.113,2615,0
2162750,7.602,2.648,4.944,0.011,-0.074,0.078,2615,0
2162770,7.451,2.660,5.047,0.049,-0.023,0.050,2618,0
2162790,7.544,2.940,5.160,0.055,-0.021,0.059,2619,0
2162810,7.695,2.933,5.133,0.019,0.013,0.068,2619,0
2162830,7.695,2.875,5.205,0.001,0.082,0.060,2620,0
2162850,7.551,3.002,5.423,-0.008,0.093,0.046,2618,0
2162870,7.570,2.981,5.605,0.012,0.031,0.038,2615,0
2162889,7.669,3.096,5.727,0.062,-0.021,0.047,2618,0
2162910,7.724,3.182,5.751,0.099,-0.038,0.063,2618,0
2162930,7.769,3.215,5.741,0.083,-0.051,0.087,2618,0
2162950,7.774,3.120,5.746,0.042,-0.052,0.106,2617,0
2162970,7.688,2.871,5.667,0.033,-0.062,0.106,2618,0
2162990,7.628,2.665,5.521,0.074,-0.071,0.078,2617,0
2163010,7.614,2.567,5.409,0.111,-0.079,0.048,2617,0
2163030,7.513,2.670,5.332,0.090,-0.043,0.054,2616,0
2163050,7.451,2.662,5.418,0.027,-0.056,0.073,2616,0
2163070,7.592,2.564,5.428,-0.010,-0.062,0.076,2616,0
2163090,7.666,2.502,5.499,0.000,-0.008,0.052,2615,0
2163110,7.551,2.492,5.638,0.035,0.031,0.026,2615,0
2163130,7.451,2.672,5.698,0.063,0.010,0.026,2614,0
2163150,7.508,2.854,5.729,0.029,-0.051,0.052,2614,0
2163170,7.628,2.763,5.626,-0.014,-0.064,0.071,2616,0
2163190,7.669,2.614,5.519,-0.016,-0.038,0.066,2615,0
2163209,7.623,2.571,5.385,0.018,-0.004,0.034,2615,0
2163230,7.513,2.677,5.368,0.032,0.013,0.010,2615,0
2163250,7.544,2.765,5.435,0.004,-0.006,0.025,2615,0
2163270,7.618,2.725,5.509,-0.023,0.001,0.042,2615,0
2163290,7.652,2.602,5.600,0.002,0.017,0.019,2614,0
2163310,7.640,2.705,5.619,0.050,0.028,-0.008,2613,0
2163330,7.520,2.818,5.636,0.043,0.021,-0.000,2614,0
2163350,7.542,2.787,5.691,0.026,-0.031,0.018,2613,0
2163369,7.618,2.658,5.624,0.023,-0.044,0.034,2614,0
2163390,7.594,2.521,5.543,0.036,-0.023,0.027,2615,0
2163410,7.592,2.495,5.521,0.056,-0.017,-0.008,2615,0
2163430,7.494,2.708,5.567,0.041,-0.010,-0.015,2614,0
2163450,7.544,2.677,5.605,0.015,-0.019,-0.001,2615,0
2163470,7.525,2.591,5.619,0.028,-0.031,-0.002,2614,0
2163490,7.585,2.507,5.540,0.057,-0.028,-0.011,2614,0
2163510,7.594,2.550,5.480,0.062,0.017,-0.021,2612,0
2163530,7.554,2.581,5.660,0.038,0.048,-0.026,2613,0
2163550,7.508,2.576,5.784,0.042,0.038,-0.022,2615,0
2163570,7.515,2.535,5.849,0.057,0.013,-0.025,2614,0
2163590,7.523,2.540,5.916,0.041,-0.008,-0.033,2613,0
2163610,7.487,2.471,5.976,0.033,-0.034,-0.037,2612,0
2163630,7.561,2.421,5.957,0.037,-0.062,-0.048,2613,0
2163650,7.635,2.406,5.897,0.030,-0.041,-0.060,2614,0
2163670,7.515,2.430,5.950,-0.001,-0.015,-0.054,2615,0
2163690,7.439,2.385,5.983,-0.041,-0.058,-0.042,2613,0
2163710,7.539,2.265,5.837,-0.056,-0.108,-0.044,2613,0
2163730,7.681,2.234,5.629,-0.044,-0.080,-0.058,2614,0
2163750,7.649,2.320,5.516,-0.040,-0.031,-0.061,2614,0
2163770,7.563,2.468,5.483,-0.068,-0.026,-0.047,2612,0
2163790,7.537,2.540,5.468,-0.075,-0.047,-0.039,2613,0
2163810,7.628,2.667,5.277,-0.044,-0.078,-0.045,2612,0
2163830,7.731,2.875,5.023,-0.002,-0.075,-0.053,2613,0
2163850,7.805,3.079,4.855,0.016,-0.027,-0.048,2614,0
2163870,7.798,3.196,4.827,0.029,0.029,-0.043,2612,0
2163947,7.927,3.266,5.033,0.139,-0.009,0.006,2611,0
2163956,7.918,3.244,5.104,0.156,0.019,-0.007,2612,0
2163966,7.846,3.326,5.229,0.172,0.052,-0.020,2610,0
2163976,7.731,3.383,5.377,0.183,0.066,-0.023,2612,0
2163985,7.640,3.431,5.559,0.193,0.053,-0.017,2612,0
2163995,7.614,3.450,5.693,0.210,0.021,-0.007,2612,0
2164010,7.628,3.428,5.808,0.238,-0.019,0.011,2610,0
2164030,7.630,3.354,5.942,0.255,-0.029,0.045,2611,0
2164050,7.568,3.146,6.007,0.254,-0.031,0.068,2610,0
2164070,7.487,2.966,6.084,0.257,-0.050,0.080,2611,0
2164089,7.482,2.734,6.007,0.237,-0.081,0.095,2611,0
2164110,7.544,2.514,5.997,0.208,-0.095,0.099,2610,0
2164130,7.554,2.373,6.065,0.190,-0.070,0.087,2612,0
2164150,7.515,2.313,6.110,0.181,-0.059,0.066,2610,0
2164170,7.489,2.289,6.021,0.153,-0.060,0.050,2610,0
2164190,7.446,2.224,6.012,0.119,-0.067,0.029,2610,0
2164210,7.422,2.267,5.964,0.108,-0.081,0.002,2610,0
2164230,7.415,2.356,5.887,0.077,-0.100,-0.004,2610,0
2164250,7.405,2.394,5.727,0.035,-0.095,-0.005,2609,0
2164270,7.367,2.471,5.588,0.033,-0.090,-0.019,2610,0
2164289,7.369,2.610,5.464,0.034,-0.103,-0.039,2609,0
2164310,7.422,2.737,5.344,0.024,-0.082,-0.047,2611,0
2164330,7.405,2.823,5.373,0.021,-0.047,-0.046,2610,0
2164350,7.436,2.811,5.306,0.052,-0.047,-0.065,2610,0
2164370,7.479,2.928,5.143,0.100,-0.030,-0.083,2610,0
2164390,7.468,3.124,5.124,0.095,0.029,-0.080,2611,0
2164410,7.448,3.211,5.236,0.043,0.050,-0.051,2611,0
2164430,7.487,3.105,5.313,0.006,0.035,-0.029,2610,0
2164450,7.575,3.062,5.411,0.017,0.041,-0.035,2610,0
2164470,7.587,3.053,5.478,0.026,0.043,-0.048,2609,0
2164490,7.585,3.086,5.648,0.037,0.011,-0.055,2610,0
2164510,7.614,3.086,5.669,0.046,-0.029,-0.047,2608,0
2164530,7.626,3.053,5.590,0.062,-0.049,-0.046,2609,0
2164550,7.623,3.021,5.478,0.083,-0.056,-0.062,2608,0
2164570,7.647,3.021,5.389,0.118,-0.046,-0.075,2607,0
2164590,7.635,3.048,5.382,0.136,-0.025,-0.074,2609,0
2164610,7.532,3.038,5.356,0.136,-0.026,-0.064,2609,0
2164630,7.556,3.024,5.346,0.117,-0.035,-0.053,2608,0
2164650,7.590,3.041,5.351,0.107,-0.017,-0.040,2608,0
2164670,7.554,3.127,5.464,0.083,0.006,-0.024,2608,0
2164690,7.520,3.096,5.533,0.068,-0.003,-0.006,2608,0
2164710,7.530,3.074,5.476,0.075,-0.013,-0.007,2610,0
2164730,7.535,3.057,5.480,0.097,-0.007,-0.022,2609,0
2164750,7.511,3.122,5.528,0.102,-0.005,-0.026,2608,0
2164770,7.547,3.136,5.578,0.090,0.005,-0.016,2608,0
2164790,7.515,3.110,5.602,0.073,0.020,-0.004,2608,0
2164810,7.453,3.067,5.677,0.066,-0.007,-0.010,2608,0
2164830,7.475,3.043,5.665,0.059,-0.024,-0.018,2608,0
2164850,7.477,3.005,5.600,0.066,-0.025,-0.025,2608,0
2164870,7.475,3.043,5.528,0.069,-0.032,-0.034,2608,0
2164889,7.427,3.055,5.480,0.058,-0.021,-0.034,2608,0
2164910,7.389,3.067,5.447,0.060,-0.025,-0.029,2609,0
2164930,7.451,3.086,5.413,0.087,-0.039,-0.035,2608,0
2164950,7.501,3.139,5.356,0.102,-0.008,-0.040,2608,0
2164970,7.470,3.182,5.373,0.102,0.035,-0.038,2608,0
2164990,7.451,3.208,5.442,0.084,0.040,-0.027,2607,0
2165010,7.460,3.196,5.521,0.063,0.042,-0.007,2608,0
2165030,7.436,3.232,5.614,0.048,0.038,0.011,2608,0
2165050,7.408,3.232,5.691,0.044,0.028,0.012,2607,0
2165070,7.432,3.196,5.686,0.072,0.017,0.007,2606,0
2165089,7.403,3.261,5.624,0.100,0.013,0.011,2606,0
2165110,7.408,3.287,5.624,0.075,0.003,0.020,2607,0
2165130,7.379,3.189,5.638,0.046,-0.013,0.024,2608,0
2165204,7.424,3.110,5.557,0.070,-0.016,-0.024,2607,0
2165214,7.458,3.124,5.590,0.055,-0.031,-0.022,2605,0
2165224,7.520,3.132,5.593,0.039,-0.035,-0.014,2607,0
2165235,7.568,3.129,5.607,0.024,-0.033,-0.007,2607,0
2165245,7.570,3.141,5.614,0.018,-0.029,-0.001,2606,0
2165255,7.585,3.136,5.650,0.021,-0.027,0.002,2608,0
2165270,7.563,3.132,5.650,0.041,-0.025,-0.004,2607,0
2165290,7.525,3.187,5.571,0.060,-0.021,-0.010,2607,0
2165310,7.472,3.227,5.643,0.058,-0.022,-0.012,2607,0
2165330,7.489,3.311,5.732,0.042,-0.050,-0.006,2608,0
2165350,7.458,3.254,5.655,0.039,-0.062,0.005,2607,0
2165370,7.434,3.211,5.586,0.058,-0.058,-0.000,2608,0
2165390,7.424,3.215,5.612,0.065,-0.050,-0.012,2606,0
2165410,7.348,3.199,5.634,0.067,-0.050,-0.005,2608,0
2165430,7.362,3.203,5.612,0.068,-0.070,0.008,2607,0
2165450,7.374,3.168,5.559,0.054,-0.061,0.024,2607,0
2165470,7.345,3.093,5.526,0.038,-0.077,0.028,2607,0
2165490,7.396,3.055,5.509,0.043,-0.067,0.015,2607,0
2165510,7.405,3.060,5.473,0.065,-0.035,-0.013,2608,0
2165530,7.381,3.170,5.430,0.070,-0.017,-0.028,2608,0
2165550,7.374,3.225,5.423,0.056,0.003,-0.023,2608,0
2165570,7.372,3.232,5.567,0.030,0.005,-0.018,2607,0
2165590,7.386,3.247,5.650,0.034,0.006,-0.020,2607,0
2165610,7.393,3.259,5.634,0.044,-0.010,-0.022,2607,0
2165630,7.415,3.292,5.650,0.041,-0.022,-0.013,2607,0
2165650,7.400,3.237,5.679,0.038,-0.038,-0.006,2607,0
2165670,7.420,3.206,5.614,0.053,-0.062,-0.006,2607,0
2165690,7.441,3.189,5.521,0.066,-0.066,-0.011,2607,0
2165710,7.465,3.199,5.492,0.069,-0.065,-0.022,2606,0
2165729,7.468,3.218,5.456,0.080,-0.047,-0.022,2607,0
2165750,7.429,3.239,5.452,0.093,-0.032,-0.020,2608,0
2165770,7.451,3.259,5.492,0.081,-0.029,-0.010,2607,0
2165790,7.429,3.215,5.523,0.056,-0.023,0.001,2606,0
2165810,7.408,3.134,5.559,0.038,-0.025,-0.002,2607,0
2165876,7.448,3.091,5.452,0.049,-0.012,-0.019,2607,0
2165886,7.429,3.112,5.447,0.046,0.000,-0.031,2607,0
2165895,7.377,3.165,5.492,0.045,0.005,-0.041,2607,0
2165904,7.341,3.244,5.578,0.044,-0.006,-0.044,2607,0
2165914,7.341,3.330,5.622,0.040,-0.031,-0.042,2607,0
2165930,7.403,3.306,5.588,0.030,-0.059,-0.028,2607,0
2165949,7.489,3.273,5.543,0.033,-0.049,-0.016,2606,0
2165970,7.487,3.242,5.533,0.058,-0.027,-0.031,2607,0
2165990,7.412,3.316,5.543,0.075,-0.029,-0.039,2606,0
2166010,7.389,3.352,5.574,0.051,-0.052,-0.016,2605,0
2166030,7.453,3.268,5.550,0.037,-0.070,-0.007,2607,0
2166050,7.487,3.227,5.543,0.058,-0.056,-0.017,2607,0
2166069,7.417,3.242,5.466,0.080,-0.054,-0.027,2606,0
2166090,7.403,3.290,5.409,0.061,-0.056,-0.022,2607,0
2166110,7.439,3.292,5.476,0.039,-0.049,-0.013,2607,0
2166130,7.451,3.318,5.543,0.044,-0.039,-0.019,2607,0
2166149,7.432,3.340,5.545,0.062,-0.037,-0.021,2607,0
2166170,7.415,3.349,5.492,0.050,-0.047,-0.006,2607,0
2166190,7.460,3.259,5.495,0.033,-0.051,0.008,2606,0
2166210,7.470,3.184,5.531,0.039,-0.038,-0.003,2606,0
2166230,7.448,3.247,5.602,0.050,-0.040,-0.017,2607,0
2166250,7.429,3.278,5.595,0.058,-0.051,-0.022,2607,0
2166270,7.432,3.311,5.509,0.052,-0.054,-0.015,2607,0
2166290,7.386,3.290,5.499,0.042,-0.046,-0.010,2607,0
2166310,7.341,3.349,5.519,0.047,-0.056,-0.014,2606,0
2166330,7.336,3.359,5.466,0.046,-0.064,-0.021,2607,0
2166350,7.367,3.390,5.409,0.054,-0.062,-0.018,2607,0
2166401,7.379,3.419,5.444,0.051,-0.032,-0.002,2607,0
2166411,7.420,3.378,5.452,0.046,-0.029,0.007,2607,0
2166421,7.408,3.347,5.454,0.042,-0.027,0.010,2606,0
2166431,7.389,3.311,5.466,0.038,-0.030,0.012,2607,0
2166450,7.451,3.237,5.466,0.038,-0.043,0.006,2606,0
2166470,7.501,3.223,5.404,0.034,-0.038,-0.003,2606,0
2166490,7.520,3.189,5.444,0.031,-0.030,-0.015,2606,0
2166510,7.525,3.220,5.523,0.054,-0.021,-0.040,2607,0
2166530,7.444,3.378,5.540,0.059,-0.018,-0.047,2606,0
2166550,7.381,3.474,5.533,0.052,-0.034,-0.033,2607,0
2166570,7.415,3.486,5.504,0.046,-0.055,-0.013,2607,0
2166590,7.458,3.450,5.452,0.049,-0.034,-0.006,2607,0
2166610,7.391,3.433,5.519,0.050,-0.025,0.002,2607,0
2166630,7.377,3.409,5.435,0.050,-0.052,0.013,2607,0
2166650,7.444,3.338,5.349,0.052,-0.049,0.017,2607,0
2166670,7.427,3.292,5.356,0.059,-0.022,0.008,2607,0
2166690,7.396,3.316,5.409,0.059,-0.006,0.001,2605,0
2166710,7.365,3.321,5.485,0.049,-0.012,-0.003,2606,0
2166730,7.405,3.314,5.468,0.049,-0.029,-0.006,2606,0
2166750,7.470,3.323,5.476,0.046,-0.024,-0.003,2606,0
2166770,7.468,3.290,5.464,0.049,-0.022,-0.007,2607,0
2166790,7.482,3.342,5.444,0.059,-0.015,-0.016,2607,0
2166810,7.434,3.383,5.449,0.062,-0.007,-0.015,2606,0
2166830,7.391,3.440,5.533,0.044,-0.011,0.003,2606,0
2166849,7.412,3.366,5.590,0.037,-0.039,0.012,2606,0
2166870,7.460,3.309,5.552,0.048,-0.038,0.009,2607,0
2166890,7.381,3.302,5.519,0.058,-0.029,0.000,2607,0
2166910,7.324,3.314,5.488,0.055,-0.050,-0.005,2607,0
2166930,7.391,3.309,5.413,0.031,-0.056,-0.005,2606,0
2166950,7.408,3.259,5.442,0.033,-0.035,-0.015,2605,0
2166970,7.353,3.314,5.454,0.064,-0.012,-0.035,2608,0
2166990,7.326,3.424,5.473,0.064,-0.016,-0.028,2605,0
2167010,7.367,3.428,5.476,0.025,-0.029,0.006,2607,0
2167030,7.453,3.280,5.516,0.008,-0.024,0.013,2607,0
2167050,7.453,3.249,5.581,0.047,-0.011,-0.016,2607,0
2167070,7.448,3.330,5.495,0.078,-0.014,-0.039,2606,0
2167090,7.444,3.452,5.473,0.054,-0.010,-0.026,2607,0
2167110,7.408,3.448,5.590,0.014,-0.015,-0.001,2606,0
2167130,7.439,3.354,5.588,0.020,-0.050,0.002,2605,0
2167150,7.501,3.330,5.454,0.053,-0.056,-0.013,2606,0
2167170,7.475,3.388,5.420,0.058,-0.027,-0.019,2606,0
2167190,7.417,3.428,5.509,0.044,-0.016,-0.010,2607,0
2167210,7.384,3.409,5.514,0.038,-0.033,0.005,2606,0
2167230,7.408,3.409,5.504,0.038,-0.046,0.014,2607,0
2167250,7.436,3.359,5.480,0.034,-0.041,0.019,2606,0
2167270,7.436,3.297,5.497,0.032,-0.039,0.015,2606,0
2167290,7.415,3.275,5.485,0.036,-0.037,0.008,2605,0
2167310,7.391,3.287,5.480,0.042,-0.033,-0.012,2606,0
2167330,7.381,3.373,5.454,0.042,-0.034,-0.022,2606,0
2167350,7.377,3.390,5.464,0.032,-0.029,-0.013,2606,0
2167369,7.400,3.364,5.509,0.031,-0.035,-0.009,2605,0
2167390,7.412,3.328,5.535,0.048,-0.029,-0.020,2606,0
2167410,7.377,3.385,5.504,0.054,-0.027,-0.027,2605,0
2167430,7.377,3.419,5.471,0.042,-0.041,-0.015,2606,0
2167450,7.422,3.388,5.514,0.025,-0.047,-0.002,2603,0
2167470,7.424,3.335,5.538,0.034,-0.042,-0.009,2606,0
2167490,7.360,3.359,5.557,0.052,-0.048,-0.020,2606,0
2167510,7.357,3.402,5.480,0.056,-0.057,-0.014,2606,0
2167529,7.360,3.373,5.425,0.048,-0.057,-0.009,2607,0
2167550,7.357,3.347,5.358,0.048,-0.051,-0.017,2606,0
2167570,7.355,3.378,5.385,0.055,-0.034,-0.024,2607,0
2167590,7.377,3.395,5.425,0.058,-0.031,-0.023,2606,0
2167610,7.386,3.433,5.459,0.063,-0.020,-0.021,2606,0
2167630,7.338,3.455,5.447,0.059,-0.023,-0.015,2606,0
2167650,7.408,3.419,5.428,0.042,-0.027,0.002,2606,0
2167669,7.453,3.378,5.473,0.039,-0.017,0.006,2606,0
2167690,7.448,3.330,5.545,0.055,-0.015,-0.007,2606,0
2167709,7.458,3.376,5.547,0.059,-0.020,-0.011,2607,0
2167730,7.453,3.366,5.552,0.048,-0.035,-0.010,2607,0
2167749,7.460,3.359,5.559,0.042,-0.048,-0.009,2606,0
2167770,7.453,3.340,5.562,0.051,-0.049,-0.014,2607,0
2167790,7.408,3.381,5.490,0.050,-0.047,-0.014,2606,0
2167809,7.429,3.359,5.456,0.037,-0.061,-0.007,2606,0
2167830,7.439,3.342,5.425,0.040,-0.046,-0.009,2605,0
2167850,7.400,3.400,5.516,0.051,-0.038,-0.019,2605,0
2167870,7.331,3.440,5.502,0.059,-0.047,-0.017,2605,0
2167890,7.338,3.517,5.476,0.048,-0.065,-0.005,2605,0
2167910,7.350,3.428,5.464,0.026,-0.075,0.006,2606,0
2167930,7.374,3.357,5.399,0.043,-0.066,-0.005,2605,0
2167950,7.326,3.373,5.394,0.069,-0.050,-0.024,2604,0
2167970,7.314,3.428,5.301,0.079,-0.049,-0.033,2605,0
2167990,7.329,3.450,5.239,0.063,-0.038,-0.021,2606,0
2168010,7.379,3.438,5.253,0.034,-0.019,-0.008,2605,0
2168030,7.422,3.385,5.322,0.035,-0.004,-0.008,2606,0
2168050,7.460,3.426,5.332,0.049,0.010,-0.012,2606,0
2168070,7.470,3.467,5.437,0.048,0.021,-0.008,2605,0
2168090,7.465,3.510,5.567,0.040,0.017,0.002,2606,0
2168110,7.475,3.488,5.643,0.030,-0.020,0.015,2606,0
2168130,7.535,3.469,5.600,0.036,-0.040,0.017,2605,0
2168150,7.499,3.424,5.545,0.048,-0.037,0.007,2606,0
2168170,7.482,3.417,5.452,0.067,-0.039,-0.010,2606,0
2168190,7.429,3.405,5.437,0.070,-0.022,-0.018,2605,0
2168210,7.341,3.443,5.447,0.060,-0.031,-0.019,2606,0
2168230,7.353,3.445,5.464,0.043,-0.050,-0.013,2606,0
2168250,7.353,3.474,5.473,0.043,-0.037,-0.007,2605,0
2168270,7.331,3.450,5.449,0.045,-0.024,-0.002,2606,0
2168290,7.331,3.457,5.478,0.043,-0.018,0.004,2606,0
2168310,7.324,3.400,5.528,0.027,-0.020,0.013,2607,0
2168330,7.369,3.318,5.578,0.029,-0.041,0.009,2606,0
2168350,7.408,3.333,5.521,0.050,-0.047,-0.011,2606,0
2168370,7.400,3.378,5.432,0.048,-0.038,-0.020,2606,0
2168390,7.365,3.400,5.406,0.031,-0.020,-0.019,2606,0
2168410,7.341,3.407,5.425,0.035,-0.011,-0.022,2606,0
2168430,7.374,3.455,5.449,0.043,-0.017,-0.027,2606,0
2168450,7.386,3.527,5.464,0.034,-0.018,-0.023,2606,0
2168470,7.369,3.534,5.437,0.026,-0.020,-0.008,2606,0
2168490,7.355,3.493,5.440,0.030,-0.025,-0.001,2606,0
2168510,7.360,3.436,5.411,0.048,-0.021,-0.011,2606,0
2168530,7.360,3.524,5.454,0.052,-0.004,-0.011,2605,0
2168550,7.350,3.512,5.495,0.030,-0.015,0.009,2607,0
2168570,7.417,3.424,5.456,0.033,-0.033,0.005,2606,0
2168590,7.451,3.395,5.440,0.063,-0.013,-0.022,2605,0
2168610,7.398,3.500,5.473,0.077,-0.007,-0.031,2605,0
2168630,7.410,3.548,5.538,0.058,-0.013,-0.011,2606,0
2168649,7.408,3.524,5.564,0.044,-0.020,0.007,2606,0
2168670,7.429,3.433,5.567,0.056,-0.031,0.002,2605,0
2168690,7.408,3.438,5.528,0.067,-0.028,-0.006,2606,0
2168710,7.362,3.460,5.569,0.058,-0.038,0.003,2606,0
2168730,7.369,3.421,5.543,0.049,-0.049,0.012,2606,0
2168750,7.348,3.409,5.523,0.058,-0.041,0.007,2605,0
2168770,7.314,3.393,5.444,0.065,-0.043,-0.003,2606,0
2168790,7.307,3.390,5.385,0.064,-0.039,-0.013,2607,0
2168810,7.293,3.476,5.392,0.055,-0.023,-0.014,2605,0
2168830,7.281,3.522,5.466,0.042,-0.012,-0.005,2606,0
2168850,7.293,3.522,5.507,0.041,-0.015,0.004,2606,0
2168870,7.357,3.491,5.526,0.053,-0.018,0.003,2606,0
2168890,7.369,3.491,5.466,0.064,-0.014,0.000,2606,0
2168910,7.360,3.479,5.476,0.055,-0.015,0.009,2606,0
2168930,7.403,3.431,5.447,0.043,-0.021,0.014,2604,0
2168950,7.422,3.383,5.468,0.044,-0.016,0.004,2605,0
2168970,7.417,3.400,5.538,0.058,-0.011,-0.012,2605,0
2168990,7.386,3.481,5.574,0.059,-0.033,-0.017,2605,0
2169010,7.391,3.491,5.514,0.048,-0.045,-0.008,2605,0
2169030,7.386,3.436,5.452,0.056,-0.046,-0.011,2606,0
2169049,7.389,3.474,5.428,0.065,-0.032,-0.019,2606,0
2169070,7.326,3.563,5.490,0.054,-0.022,-0.010,2604,0
2169090,7.300,3.531,5.538,0.041,-0.032,0.009,2604,0
2169110,7.343,3.440,5.495,0.042,-0.035,0.013,2605,0
2169130,7.338,3.436,5.466,0.061,-0.023,-0.005,2605,0
2169150,7.254,3.500,5.490,0.061,-0.022,-0.002,2605,0
2169169,7.286,3.496,5.454,0.036,-0.042,0.010,2605,0
2169189,7.357,3.419,5.449,0.025,-0.026,0.002,2604,0
2169210,7.331,3.443,5.521,0.056,-0.002,-0.021,2603,0
2169230,7.305,3.536,5.511,0.072,-0.008,-0.025,2605,0
2169249,7.333,3.572,5.497,0.050,-0.017,-0.006,2604,0
2169270,7.348,3.536,5.586,0.025,-0.023,0.009,2605,0
2169290,7.384,3.457,5.593,0.033,-0.037,0.004,2605,0
2169310,7.415,3.440,5.523,0.059,-0.026,-0.010,2604,0
2169330,7.384,3.500,5.519,0.060,-0.022,-0.010,2605,0
2169350,7.336,3.524,5.569,0.045,-0.035,-0.000,2604,0
2169370,7.321,3.498,5.540,0.032,-0.052,0.011,2605,0
2169390,7.360,3.421,5.471,0.030,-0.056,0.009,2603,0
2169410,7.365,3.390,5.454,0.041,-0.041,-0.011,2604,0
2169430,7.307,3.481,5.490,0.053,-0.035,-0.026,2604,0
2169450,7.293,3.582,5.488,0.057,-0.038,-0.024,2604,0
2169470,7.312,3.622,5.468,0.041,-0.033,0.004,2604,0
2169490,7.333,3.560,5.480,0.026,-0.037,0.019,2604,0
2169510,7.362,3.452,5.447,0.034,-0.033,0.018,2605,0
2169530,7.372,3.388,5.485,0.047,-0.027,0.005,2605,0
2169550,7.360,3.455,5.490,0.057,-0.028,-0.005,2605,0
2169570,7.353,3.498,5.523,0.032,-0.033,0.003,2603,0
2169590,7.357,3.452,5.523,0.018,-0.044,0.006,2604,0
2169610,7.384,3.409,5.485,0.041,-0.044,-0.015,2604,0
2169630,7.360,3.486,5.456,0.064,-0.026,-0.032,2602,0
2169650,7.312,3.598,5.514,0.050,-0.030,-0.019,2602,0
2169670,7.319,3.601,5.538,0.027,-0.045,-0.000,2604,0
2169690,7.345,3.541,5.552,0.031,-0.039,0.011,2604,0
2169710,7.295,3.467,5.497,0.046,-0.035,0.007,2605,0
2169730,7.326,3.450,5.449,0.058,-0.046,-0.002,2603,0
2169750,7.326,3.448,5.399,0.044,-0.027,0.005,2602,0
2169769,7.317,3.419,5.478,0.025,-0.022,0.007,2603,0
2169790,7.324,3.397,5.499,0.047,-0.024,-0.011,2604,0
2169810,7.336,3.460,5.471,0.064,-0.019,-0.023,2605,0
2169830,7.321,3.524,5.444,0.044,-0.011,-0.015,2603,0
2169850,7.317,3.460,5.492,0.017,-0.028,-0.005,2604,0
2169870,7.408,3.390,5.490,0.027,-0.025,-0.015,2605,0
2169890,7.420,3.455,5.521,0.058,-0.007,-0.031,2603,0
2169909,7.379,3.543,5.564,0.067,-0.013,-0.033,2605,0
2169930,7.362,3.555,5.519,0.047,-0.032,-0.014,2603,0
2169950,7.377,3.539,5.555,0.033,-0.044,-0.005,2604,0
2169970,7.360,3.481,5.564,0.044,-0.043,-0.005,2605,0
2169990,7.329,3.484,5.535,0.056,-0.050,-0.009,2604,0
2170010,7.288,3.481,5.456,0.056,-0.057,-0.015,2605,0
2170030,7.314,3.517,5.373,0.047,-0.052,-0.015,2604,0
2170050,7.302,3.498,5.392,0.043,-0.027,-0.013,2605,0
2170070,7.288,3.493,5.444,0.050,-0.018,-0.016,2605,0
2170090,7.271,3.527,5.502,0.050,-0.027,-0.018,2605,0
2170110,7.333,3.570,5.504,0.043,-0.027,-0.009,2601,0
2170130,7.355,3.522,5.555,0.035,-0.027,0.002,2604,0
2170150,7.374,3.462,5.538,0.038,-0.033,-0.003,2604,0
2170170,7.389,3.472,5.540,0.042,-0.034,-0.011,2605,0
2170190,7.367,3.476,5.547,0.037,-0.035,-0.010,2603,0
2170210,7.365,3.469,5.545,0.039,-0.041,-0.015,2605,0
2170230,7.350,3.496,5.488,0.049,-0.042,-0.025,2602,0
2170250,7.321,3.563,5.485,0.041,-0.044,-0.023,2604,0
2170270,7.350,3.534,5.490,0.027,-0.048,-0.012,2605,0
2170290,7.333,3.505,5.514,0.036,-0.040,-0.009,2605,0
2170310,7.336,3.546,5.519,0.046,-0.043,-0.012,2605,0
2170330,7.319,3.560,5.478,0.031,-0.037,0.000,2604,0
2170350,7.302,3.515,5.495,0.031,-0.035,0.000,2605,0
2170370,7.274,3.488,5.497,0.039,-0.032,-0.005,2605,0
2170390,7.250,3.524,5.480,0.041,-0.045,-0.009,2604,0
2170410,7.319,3.551,5.468,0.034,-0.041,-0.010,2605,0
2170511,7.357,3.531,5.538,0.044,-0.038,-0.018,2605,0
2170521,7.343,3.548,5.538,0.056,-0.036,-0.020,2603,0
2170531,7.321,3.570,5.540,0.062,-0.039,-0.019,2604,0
2170542,7.321,3.560,5.480,0.058,-0.045,-0.013,2605,0
2170554,7.314,3.531,5.468,0.050,-0.054,-0.007,2605,0
2170564,7.360,3.505,5.442,0.045,-0.056,-0.002,2604,0
2170573,7.393,3.488,5.430,0.041,-0.048,0.002,2604,0
2170583,7.377,3.476,5.452,0.034,-0.034,0.004,2605,0
2170592,7.341,3.467,5.504,0.029,-0.033,0.001,2605,0
2170610,7.331,3.421,5.516,0.039,-0.051,-0.016,2603,0
2170630,7.365,3.493,5.409,0.062,-0.058,-0.030,2605,0
2170650,7.329,3.582,5.356,0.058,-0.039,-0.029,2602,0
2170670,7.305,3.644,5.389,0.052,-0.028,-0.028,2605,0
2170690,7.271,3.697,5.464,0.046,-0.013,-0.013,2603,0
2170710,7.295,3.654,5.490,0.040,-0.021,0.006,2603,0
2170730,7.348,3.572,5.464,0.048,-0.016,0.009,2604,0
2170750,7.362,3.603,5.485,0.053,-0.006,0.007,2604,0
2170770,7.345,3.606,5.540,0.053,-0.012,0.010,2604,0
2170790,7.374,3.589,5.538,0.041,-0.023,0.024,2602,0
2170810,7.396,3.519,5.571,0.035,-0.023,0.020,2604,0
2170830,7.379,3.577,5.605,0.055,-0.024,0.011,2603,0
2170850,7.369,3.606,5.504,0.049,-0.040,0.019,2601,0
2170870,7.408,3.572,5.471,0.033,-0.039,0.029,2604,0
2170906,7.391,3.570,5.461,0.042,-0.050,0.031,2604,0
2170915,7.427,3.551,5.444,0.036,-0.051,0.037,2605,0
2170930,7.468,3.519,5.423,0.018,-0.042,0.050,2602,0
2170950,7.484,3.464,5.531,-0.013,-0.042,0.063,2604,0
2170970,7.491,3.417,5.610,-0.025,-0.071,0.067,2604,0
2170990,7.568,3.421,5.610,-0.022,-0.086,0.068,2602,0
2171010,7.561,3.381,5.662,-0.002,-0.084,0.067,2602,0
2171030,7.563,3.457,5.698,0.044,-0.102,0.075,2602,0
2171050,7.494,3.594,5.641,0.036,-0.154,0.100,2603,0
2171070,7.520,3.424,5.646,0.049,-0.181,0.119,2604,0
2171090,7.515,3.630,5.523,0.070,-0.204,0.132,2602,0
2171110,7.535,3.625,5.547,0.037,-0.239,0.128,2603,0
2171130,7.575,3.316,5.430,0.041,-0.245,0.107,2602,0
2171150,7.503,3.304,5.277,0.123,-0.210,0.088,2602,0
2171169,7.436,3.455,5.207,0.123,-0.187,0.092,2601,0
2171190,7.470,3.508,5.138,0.066,-0.192,0.113,2601,0
2171210,7.439,3.354,5.174,0.030,-0.133,0.127,2601,0
2171230,7.377,3.256,5.224,-0.026,-0.104,0.122,2598,0
2171250,7.580,2.974,5.021,-0.047,-0.102,0.025,2596,0
2171270,7.649,3.060,5.107,-0.061,-0.039,-0.048,2595,0
2171290,7.678,3.196,5.104,-0.151,0.015,-0.071,2594,0
2171310,7.690,2.995,5.504,-0.245,0.034,-0.086,2591,0
2171330,8.595,2.830,6.036,-0.385,-0.059,-0.097,2609,0
2171350,10.082,1.283,5.483,-0.460,-0.198,-0.369,2682,0
2171370,8.961,1.832,5.260,0.079,0.026,-0.624,2691,0
2171390,7.144,3.634,4.429,0.663,0.156,-0.452,2691,0
2171410,5.526,6.235,3.187,0.897,0.810,-0.160,2726,0
2171430,3.646,5.713,3.503,0.735,1.217,0.098,2875,0
2171450,6.393,4.077,5.547,0.229,0.869,0.238,3023,0
2171470,7.149,2.962,6.721,0.587,0.986,0.103,3118,799
2171490,6.321,4.202,6.883,1.208,1.030,0.265,3153,2699
2171510,6.096,5.023,7.317,1.086,0.503,0.430,3182,3355
2171530,7.561,3.196,6.503,0.807,-0.072,0.269,3191,3955
2171550,8.054,3.476,5.863,0.820,-0.032,0.127,3199,4095
2171570,7.827,3.661,5.624,0.763,0.166,0.123,3195,4095
2171590,6.735,4.085,6.120,0.618,0.014,0.211,3189,4095
2171610,7.238,3.524,5.744,0.464,-0.225,0.187,3183,4095
2171630,8.013,3.287,4.963,0.376,-0.178,0.079,3183,4095
2171650,7.300,3.895,5.286,0.351,0.082,-0.011,3184,4095
2171670,6.967,4.228,5.622,0.195,-0.034,0.110,3183,4095
2171690,7.027,3.529,5.495,0.279,0.002,0.062,3179,4095
2171710,6.970,4.319,5.428,0.289,-0.122,0.040,3174,4095
2171730,7.159,4.152,5.061,0.237,0.007,-0.003,3172,4095
2171750,6.972,4.559,5.344,0.140,0.021,0.074,3168,4095
2171770,7.046,3.950,5.265,0.114,0.119,0.103,3169,4095
2171790,6.917,4.132,5.502,0.150,0.070,0.068,3167,4095
2171810,6.867,3.587,5.464,0.170,0.012,-0.006,3166,4095
2171830,7.063,4.453,5.272,0.175,0.007,-0.068,3164,4095
2171850,6.773,4.106,5.236,0.055,0.079,0.013,3161,4095
2171870,6.838,4.326,5.406,0.117,0.088,0.020,3163,4095
2171890,6.682,4.245,5.430,0.095,0.004,0.059,3160,4095
2171910,7.137,3.845,5.171,0.155,0.057,-0.064,3159,4095
2171930,6.879,4.453,5.224,0.192,0.084,-0.077,3159,4095
2171950,6.677,4.482,5.370,0.103,0.112,-0.008,3156,4095
2171969,7.029,4.367,5.540,0.043,0.013,0.096,3158,4095
2171990,7.003,4.022,5.598,0.088,0.008,0.026,3157,4095
2172010,7.190,4.137,5.294,0.119,0.082,-0.060,3155,4095
2172030,6.780,4.247,5.614,0.130,0.092,-0.095,3156,4095
2172049,6.627,4.690,5.624,0.101,-0.009,-0.026,3153,4095
2172070,7.020,4.422,5.428,0.010,-0.040,0.110,3152,4095
2172090,7.061,4.022,5.511,0.041,0.002,0.003,3152,4095
2172110,7.053,4.314,5.485,0.066,0.051,-0.075,3151,4095
2172130,6.682,4.336,5.701,0.084,0.019,-0.079,3150,4095
2172150,6.713,4.580,5.507,0.090,-0.039,-0.005,3148,4095
2172170,7.015,4.243,5.282,0.024,-0.054,0.070,3147,4095
2172190,7.070,4.082,5.260,0.032,0.018,-0.030,3146,4095
2172210,6.862,4.307,5.332,0.017,0.101,-0.059,3145,4095
2172230,6.608,4.192,5.669,0.053,0.075,-0.051,3143,4095
2172249,6.582,4.549,5.729,0.098,-0.028,-0.012,3140,4095
2172270,6.991,4.463,5.444,0.054,-0.070,0.035,3139,4095
2172290,7.128,4.238,5.452,0.048,0.018,-0.004,3138,4095
2172310,6.936,4.345,5.562,0.071,0.080,-0.032,3138,4095
2172330,6.685,4.508,5.722,0.072,0.045,-0.037,3137,4095
2172350,6.809,4.341,5.669,0.062,-0.033,-0.009,3137,4095
2172370,6.869,4.410,5.578,0.049,-0.073,0.020,3136,4095
2172390,7.017,4.302,5.509,0.062,-0.012,-0.002,3135,4095
2172410,6.790,4.448,5.533,0.062,0.016,-0.009,3136,4095
2172430,6.618,4.302,5.655,0.027,-0.034,0.014,3133,4095
2172450,6.874,4.125,5.420,0.042,-0.058,-0.019,3134,4095
2172470,6.823,4.319,5.409,0.036,-0.012,-0.026,3129,4095
2172490,6.768,4.413,5.595,0.051,0.015,-0.035,3129,4095
2172510,6.752,4.755,5.679,0.027,-0.039,0.010,3127,4095
2172530,6.792,4.436,5.416,-0.004,-0.021,0.013,3127,4095
2172550,6.869,4.044,5.471,-0.007,0.021,-0.014,3125,4095
2172570,6.768,4.365,5.634,0.024,0.042,-0.021,3126,4095
2172590,6.764,4.135,5.672,0.050,0.045,-0.028,3125,4095
2172610,6.697,4.650,5.653,0.034,-0.010,-0.010,3124,4095
2172630,6.802,4.312,5.588,-0.030,-0.042,0.016,3122,4095
2172649,7.044,4.262,5.368,-0.026,0.041,-0.022,3121,4095
2172670,6.618,4.171,5.722,0.006,0.066,-0.034,3121,4095
2172690,6.728,4.271,5.868,0.068,0.013,-0.054,3122,4095
2172710,6.773,4.597,5.669,0.066,-0.033,-0.025,3120,4095
2172730,6.718,4.475,5.727,-0.015,-0.037,0.023,3120,4095
2172750,6.910,4.357,5.648,-0.019,-0.021,0.018,3120,4095
2172770,6.764,4.427,5.595,0.003,-0.029,0.015,3120,4095
2172790,6.603,4.245,5.763,0.004,-0.038,0.009,3119,4095
2172810,6.850,4.305,5.686,0.049,-0.051,-0.012,3117,4095
2172830,6.958,4.520,5.418,0.061,-0.011,-0.015,3115,4095
2172850,6.584,4.587,5.619,0.013,0.016,0.009,3115,4095
2172870,6.630,4.338,5.784,-0.025,0.003,0.029,3115,4095
2172890,6.800,4.293,5.684,0.013,-0.069,0.041,3114,4095
2172910,6.838,4.190,5.581,0.054,-0.063,0.037,3114,4095
2172930,6.840,4.128,5.674,0.047,0.026,0.001,3114,4095
2172950,6.749,4.432,5.734,0.034,0.033,-0.019,3114,4095
2172970,6.670,4.403,5.863,-0.014,-0.076,0.039,3117,4095
2172990,6.871,4.147,5.593,-0.003,-0.058,0.027,3115,4095
2173010,6.766,4.286,5.571,0.027,-0.013,0.012,3116,4095
2173030,6.699,4.257,5.638,0.034,0.019,-0.000,3116,4095
2173050,6.548,4.401,5.737,0.061,-0.023,-0.007,3115,4095
2173070,6.627,4.367,5.686,0.031,-0.064,0.024,3114,4095
2173089,6.833,4.233,5.672,0.026,-0.041,0.006,3113,4095
2173110,6.790,4.350,5.705,0.022,-0.020,0.008,3115,4095
2173129,6.752,4.271,5.698,0.015,-0.010,0.007,3113,4095
2173150,6.732,4.183,5.727,0.015,-0.018,0.019,3114,4095
2173170,6.752,4.168,5.734,0.033,-0.011,-0.001,3112,4095
2173190,6.780,4.192,5.806,0.052,-0.036,-0.010,3112,4095
2173210,6.855,4.322,5.691,0.051,-0.044,-0.017,3112,4095
2173230,6.790,4.393,5.657,0.001,-0.012,-0.016,3113,4095
2173250,6.644,4.424,5.808,-0.009,-0.038,0.011,3112,4095
2173270,6.744,4.305,5.770,0.008,-0.083,0.038,3110,4095
2173289,6.879,4.173,5.636,0.048,-0.057,0.013,3111,4095
2173310,6.768,4.322,5.622,0.045,-0.021,-0.003,3110,4095
2173330,6.747,4.269,5.684,0.029,-0.028,0.016,3110,4095
2173350,6.723,4.264,5.643,0.029,-0.048,0.016,3112,4095
2173370,6.725,4.262,5.650,0.027,-0.058,0.021,3110,4095
2173390,6.821,4.243,5.629,0.046,-0.028,0.006,3109,4095
2173410,6.780,4.269,5.689,0.071,0.016,-0.016,3110,4095
2173430,6.639,4.403,5.744,0.080,-0.007,-0.007,3108,4095
2173450,6.665,4.326,5.768,0.034,-0.041,0.026,3106,4095
2173470,6.857,4.152,5.679,0.015,-0.065,0.030,3105,4095
2173489,6.864,4.240,5.660,0.047,-0.001,-0.001,3105,4095
2173509,6.670,4.369,5.691,0.025,0.006,0.006,3105,4095
2173530,6.701,4.101,5.720,0.034,-0.036,0.014,3105,4095
2173654,6.948,4.235,5.626,0.044,-0.012,-0.015,3102,4095
2173673,6.826,4.410,5.626,0.058,0.012,-0.025,3102,4095
2173694,6.560,4.343,5.816,0.044,-0.011,0.012,3101,4095
2173713,6.812,4.161,5.744,0.038,-0.042,0.017,3101,4095
2173733,7.003,4.190,5.571,0.037,-0.030,0.009,3100,4095
2173753,6.694,4.262,5.772,0.032,-0.027,0.011,3099,4095
2173773,6.809,4.159,5.801,0.013,0.000,-0.004,3099,4095
2173793,6.924,4.235,5.727,0.031,-0.021,-0.011,3100,4095
2173813,6.764,4.274,5.765,0.060,-0.066,-0.003,3098,4095
2173833,6.728,4.334,5.765,0.039,-0.049,0.003,3098,4095
2173853,6.912,4.302,5.708,0.017,-0.019,0.002,3098,4095
2173873,6.766,4.434,5.729,0.019,-0.045,0.020,3097,4095
2173893,6.625,4.204,5.813,0.009,-0.058,0.043,3098,4095
2173913,6.864,4.116,5.772,0.042,-0.049,0.029,3099,4095
2173933,6.905,4.322,5.636,0.065,-0.058,0.021,3095,4095
2173953,6.618,4.233,5.660,0.056,-0.039,0.018,3095,4095
2173973,6.694,4.195,5.545,0.041,-0.017,0.005,3098,4095
2173993,6.673,4.235,5.583,0.007,-0.009,0.016,3099,4095
2174013,6.723,4.204,5.696,0.009,-0.020,0.022,3099,4095
2174034,6.855,4.135,5.698,0.038,-0.009,0.031,3098,4095
2174053,6.826,4.254,5.866,0.065,-0.014,0.012,3099,4095
2174073,6.776,4.458,5.830,0.034,-0.021,0.030,3100,4095
2174093,6.821,4.319,5.911,-0.020,-0.064,0.060,3099,4095
2174113,6.871,4.180,5.950,-0.021,-0.116,0.063,3098,4095
2174134,6.864,4.319,5.971,-0.045,-0.166,0.069,3099,4095
2174153,6.874,4.173,5.976,-0.099,-0.221,0.077,3100,4095
2174173,6.917,3.922,5.962,-0.087,-0.321,0.014,3100,4095
2174193,6.917,4.238,5.741,-0.098,-0.381,-0.059,3104,4095
2174213,6.582,4.650,5.868,-0.301,-0.550,-0.041,3108,4095
2174234,6.330,4.894,5.995,-0.647,-0.857,0.183,3115,4095
2174253,5.971,4.434,6.378,-0.985,-1.322,0.383,3120,4072
2174273,6.823,2.507,6.072,-1.197,-1.919,0.179,3127,3603
2174293,7.549,2.052,5.578,-1.088,-2.221,-0.140,3131,2048
2174313,6.929,2.966,4.647,-1.001,-2.218,-0.318,3109,916
2174333,8.674,4.001,3.412,-1.239,-1.993,-0.229,3024,0
2174353,9.505,3.579,1.312,-1.499,-1.112,-0.092,2838,0
2174373,8.777,2.969,0.455,-1.085,0.432,0.008,2655,0
2174393,8.509,2.816,-1.235,-0.452,2.396,0.163,2557,0
2174413,8.449,2.983,5.078,-0.749,4.982,0.448,2495,0
2174433,6.565,-0.074,12.459,-1.775,1.797,0.619,2432,0
2174453,5.559,0.587,6.213,-0.757,0.449,-0.165,2416,0
2174473,6.601,3.244,6.773,0.015,-0.021,-0.418,2412,0
2174493,7.223,3.484,6.843,0.031,0.078,-0.314,2407,0
2174514,6.910,3.646,6.634,-0.220,0.286,-0.072,2409,0
2174533,6.337,3.472,6.431,-0.241,0.286,0.031,2414,0
2174553,6.306,3.261,6.965,-0.140,-0.025,0.046,2415,0
2174573,6.735,2.947,7.128,-0.023,-0.326,0.056,2415,0
2174593,7.118,2.717,6.555,0.118,-0.316,0.062,2415,0
2174613,7.199,2.866,6.400,0.157,-0.258,0.074,2417,0
2174633,7.254,2.722,6.393,0.107,-0.288,0.099,2419,0
2174653,7.209,2.545,6.321,0.090,-0.364,0.111,2423,0
2174673,7.448,2.392,6.098,0.111,-0.449,0.099,2428,0
2174694,7.700,2.248,5.918,0.107,-0.325,0.072,2431,0
2174713,7.645,2.186,6.069,0.137,-0.170,0.037,2433,0
2174733,7.654,2.184,6.005,0.176,-0.065,0.015,2441,0
2174753,7.427,2.320,5.686,0.145,0.059,-0.002,2445,0
2174773,7.015,2.600,5.835,0.054,0.046,-0.010,2448,0
2174858,7.061,2.449,6.055,0.090,0.095,-0.047,2456,0
2174867,6.998,2.538,6.155,0.096,0.052,-0.052,2455,0
2174877,7.008,2.617,6.158,0.086,-0.005,-0.044,2456,0
2174886,7.094,2.665,6.175,0.053,-0.047,-0.026,2459,0
2174897,7.216,2.638,6.170,0.006,-0.061,-0.001,2459,0
2174907,7.259,2.535,6.088,-0.018,-0.041,0.006,2463,0
2174917,7.245,2.461,6.103,-0.021,-0.018,0.004,2464,0
2174933,7.207,2.334,6.153,0.048,0.003,-0.029,2466,0
2174953,7.283,2.421,6.122,0.125,0.004,-0.061,2468,0
2174973,7.245,2.679,5.938,0.106,0.042,-0.058,2469,0
2174993,7.257,2.612,6.057,0.031,0.039,-0.039,2472,0
2175013,7.377,2.528,6.124,0.043,0.080,-0.027,2476,0
2175033,7.226,2.622,6.053,0.064,0.121,-0.026,2477,0
2175054,7.037,2.670,6.239,0.051,0.051,-0.019,2479,0
2175073,7.247,2.598,6.328,0.048,-0.039,-0.004,2480,0
2175093,7.333,2.569,6.218,0.051,-0.021,-0.001,2481,0
2175113,7.281,2.602,6.223,0.055,-0.005,-0.015,2482,0
2175133,7.144,2.614,6.120,0.045,-0.001,-0.018,2483,0
2175154,7.116,2.629,6.249,0.048,-0.052,-0.021,2484,0
2175173,7.240,2.653,6.306,0.078,-0.077,-0.025,2483,0
2175193,7.298,2.665,6.239,0.093,-0.037,-0.029,2485,0
2175213,7.221,2.626,6.167,0.090,0.005,-0.023,2490,0
2175233,7.082,2.684,6.048,0.079,0.013,-0.020,2492,0
2175253,7.070,2.646,6.127,0.069,-0.036,-0.021,2494,0
2175273,7.211,2.622,6.120,0.057,-0.047,-0.010,2495,0
2175293,7.173,2.607,6.160,0.044,-0.029,-0.003,2497,0
2175313,7.175,2.543,6.165,0.076,-0.013,-0.013,2500,0
2175333,7.106,2.634,6.088,0.103,0.010,-0.028,2508,0
2175353,6.965,2.763,6.146,0.085,-0.024,-0.033,2512,0
2175373,7.082,2.670,6.237,0.050,-0.082,-0.019,2512,0
2175393,7.135,2.655,6.177,0.046,-0.058,-0.012,2514,0
2175413,7.140,2.629,6.146,0.064,-0.033,-0.022,2514,0
2175433,7.089,2.648,6.127,0.083,-0.011,-0.031,2516,0
2175453,7.061,2.684,6.093,0.079,0.001,-0.028,2517,0
2175473,7.116,2.646,6.256,0.054,-0.035,-0.035,2516,0
2175493,7.207,2.586,6.223,0.075,-0.026,-0.042,2516,0
2175513,7.185,2.674,6.175,0.106,-0.005,-0.043,2517,0
2175534,7.202,2.780,6.098,0.097,0.008,-0.030,2519,0
2175553,7.144,2.856,6.167,0.049,-0.007,-0.021,2521,0
2175573,7.183,2.705,6.285,0.037,-0.054,-0.020,2523,0
2175593,7.271,2.693,6.287,0.073,-0.070,-0.027,2524,0
2175613,7.302,2.765,6.144,0.090,-0.031,-0.026,2524,0
2175633,7.259,2.775,6.081,0.078,0.008,-0.023,2528,0
2175653,7.168,2.830,6.124,0.070,0.027,-0.015,2532,0
2175673,7.106,2.825,6.206,0.051,0.010,-0.013,2537,0
2175693,7.070,2.811,6.270,0.044,-0.019,-0.012,2541,0
2175713,7.082,2.789,6.297,0.074,-0.054,-0.018,2543,0
2175733,7.125,2.808,6.199,0.098,-0.042,-0.019,2543,0
2175753,7.104,2.832,6.122,0.101,-0.007,-0.019,2544,0
2175774,7.013,2.859,6.050,0.079,0.001,-0.007,2542,0
2175793,7.039,2.835,6.163,0.049,-0.022,0.014,2543,0
2175813,7.101,2.746,6.225,0.044,-0.035,0.017,2541,0
2175833,7.118,2.684,6.225,0.071,-0.040,0.004,2542,0
2175853,7.123,2.784,6.134,0.079,-0.042,0.001,2541,0
2175873,7.120,2.811,6.141,0.036,-0.023,0.012,2543,0
2175893,7.111,2.696,6.172,0.019,-0.014,0.013,2543,0
2175914,7.087,2.741,6.215,0.038,-0.029,-0.005,2542,0
2175933,7.063,2.780,6.182,0.049,-0.050,-0.016,2543,0
2175953,7.142,2.792,6.079,0.049,-0.049,-0.016,2544,0
2175973,7.108,2.768,6.079,0.054,-0.015,-0.019,2544,0
2175993,7.099,2.796,6.088,0.076,-0.003,-0.032,2543,0
2176013,7.032,2.907,5.983,0.065,0.003,-0.026,2545,0
2176033,7.008,2.940,6.103,0.041,-0.024,-0.011,2547,0
2176053,7.106,2.868,6.146,0.039,-0.033,0.001,2548,0
2176073,7.178,2.897,6.187,0.039,-0.013,0.004,2551,0
2176093,7.185,2.799,6.175,0.052,0.006,0.007,2550,0
2176113,7.135,2.825,6.144,0.075,0.010,-0.002,2546,0
2176133,7.116,2.830,6.199,0.064,-0.018,-0.004,2548,0
2176154,7.178,2.854,6.268,0.035,-0.029,0.009,2549,0
2176174,7.163,2.751,6.292,0.027,-0.042,0.007,2549,0
2176193,7.185,2.705,6.270,0.069,-0.050,-0.001,2550,0
2176213,7.178,2.806,6.191,0.094,-0.037,-0.009,2550,0
2176233,7.118,2.863,6.151,0.067,-0.034,-0.005,2549,0
2176253,7.101,2.804,6.177,0.048,-0.034,0.008,2550,0
2176273,7.058,2.851,6.249,0.044,-0.044,0.022,2548,0
2176293,7.068,2.818,6.213,0.050,-0.061,0.023,2549,0
2176313,7.056,2.804,6.120,0.066,-0.056,0.014,2548,0
2176333,7.068,2.828,6.112,0.056,-0.060,0.015,2549,0
2176353,7.087,2.806,6.132,0.033,-0.059,0.012,2548,0
2176373,7.075,2.801,6.144,0.042,-0.042,0.001,2549,0
2176393,7.063,2.854,6.100,0.061,-0.037,-0.008,2548,0
2176413,7.118,2.928,6.117,0.070,-0.037,-0.003,2552,0
