2308966,7.104,2.689,6.256,0.064,-0.031,-0.009,2618,0
2308987,7.053,2.784,6.302,0.073,-0.028,-0.012,2617,0
2309006,7.061,2.832,6.333,0.071,-0.045,-0.001,2617,0
2309026,7.104,2.818,6.285,0.063,-0.041,0.010,2619,0
2309046,7.089,2.722,6.297,0.051,-0.049,0.021,2619,0
2309066,7.125,2.626,6.261,0.054,-0.043,0.019,2620,0
2309086,7.077,2.595,6.290,0.068,-0.029,0.013,2619,0
2309106,7.065,2.634,6.316,0.066,-0.033,0.017,2619,0
2309126,7.032,2.629,6.340,0.038,-0.047,0.023,2619,0
2309146,7.022,2.602,6.393,0.012,-0.055,0.026,2618,0
2309166,7.063,2.514,6.366,0.017,-0.069,0.010,2618,0
2309186,7.058,2.569,6.304,0.045,-0.064,-0.009,2619,0
2309206,7.053,2.686,6.160,0.045,-0.052,-0.012,2619,0
2309227,7.029,2.768,6.148,0.018,-0.051,0.002,2619,0
2309246,7.084,2.701,6.215,-0.002,-0.050,0.013,2618,0
2309266,7.116,2.653,6.251,0.012,-0.039,0.011,2620,0
2309286,7.080,2.674,6.213,0.030,-0.041,0.006,2619,0
2309306,7.123,2.631,6.215,0.029,-0.059,0.009,2620,0
2309326,7.180,2.607,6.203,0.032,-0.041,0.001,2621,0
2309347,7.099,2.653,6.151,0.041,-0.033,-0.012,2620,0
2309366,7.080,2.746,6.139,0.041,-0.041,-0.013,2618,0
2309386,7.061,2.761,6.201,0.036,-0.047,-0.006,2619,0
2309406,7.099,2.741,6.223,0.049,-0.041,0.004,2620,0
2309426,7.087,2.749,6.170,0.058,-0.030,0.009,2619,0
2309446,7.092,2.727,6.160,0.055,-0.033,0.014,2619,0
2309466,7.082,2.729,6.203,0.042,-0.027,0.021,2618,0
2309486,7.077,2.605,6.285,0.032,-0.031,0.022,2619,0
2309506,7.104,2.526,6.254,0.062,-0.035,0.016,2619,0
2309526,7.065,2.564,6.227,0.084,-0.034,0.002,2620,0
2309546,7.037,2.626,6.177,0.059,-0.039,0.004,2619,0
2309566,7.070,2.593,6.172,0.026,-0.030,0.005,2620,0
2309586,7.075,2.550,6.213,0.039,-0.018,-0.010,2617,0
2309606,7.077,2.665,6.218,0.066,-0.007,-0.018,2620,0
2309626,7.056,2.756,6.268,0.050,-0.007,-0.003,2617,0
2309646,7.101,2.670,6.318,0.021,-0.019,0.012,2619,0
2309666,7.166,2.598,6.280,0.025,-0.028,0.008,2620,0
2309686,7.175,2.571,6.282,0.031,-0.024,0.003,2620,0
2309706,7.151,2.626,6.294,0.030,-0.033,0.008,2621,0
2309726,7.132,2.643,6.325,0.031,-0.042,0.010,2620,0
2309746,7.099,2.691,6.337,0.035,-0.054,0.002,2620,0
2309766,7.077,2.708,6.270,0.039,-0.068,0.002,2621,0
2309786,7.080,2.753,6.155,0.046,-0.069,0.008,2621,0
2309806,7.108,2.713,6.110,0.047,-0.057,0.014,2619,0
2309826,7.111,2.727,6.151,0.056,-0.028,0.016,2620,0
2309846,7.096,2.749,6.261,0.061,-0.022,0.024,2620,0
2309866,7.118,2.741,6.366,0.031,-0.050,0.039,2620,0
2309886,7.204,2.523,6.416,0.027,-0.060,0.044,2620,0
2309906,7.163,2.468,6.347,0.061,-0.056,0.027,2620,0
2309926,7.149,2.468,6.258,0.057,-0.062,0.013,2621,0
2309946,7.140,2.485,6.237,0.019,-0.067,0.014,2620,0
2309966,7.142,2.480,6.261,0.006,-0.075,0.010,2621,0
2309986,7.144,2.514,6.266,0.014,-0.070,0.006,2620,0
2310006,7.128,2.562,6.215,0.016,-0.059,0.005,2621,0
2310026,7.087,2.605,6.153,0.019,-0.046,0.006,2622,0
2310046,7.072,2.624,6.160,0.004,-0.055,0.011,2621,0
2310066,7.080,2.550,6.117,-0.004,-0.058,0.019,2622,0
2310086,7.104,2.579,6.098,0.005,-0.055,0.020,2622,0
2310106,7.120,2.581,6.079,0.010,-0.041,0.021,2620,0
2310126,7.087,2.559,6.062,0.017,-0.026,0.013,2621,0
2310146,7.087,2.600,6.124,0.025,-0.030,0.003,2621,0
2310166,7.104,2.622,6.110,0.031,-0.032,-0.002,2622,0
2310186,7.137,2.648,6.124,0.029,-0.023,-0.004,2621,0
2310206,7.142,2.617,6.172,0.038,-0.019,0.004,2621,0
2310226,7.199,2.567,6.167,0.061,-0.012,0.006,2621,0
2310246,7.149,2.562,6.170,0.063,-0.013,0.006,2622,0
2310266,7.166,2.540,6.208,0.042,-0.023,0.016,2621,0
2310286,7.187,2.507,6.261,0.039,-0.023,0.015,2622,0
2310306,7.175,2.483,6.328,0.043,-0.030,0.010,2622,0
2310326,7.149,2.423,6.369,0.043,-0.037,0.005,2620,0
2310346,7.111,2.413,6.323,0.063,-0.045,-0.009,2621,0
2310366,7.092,2.533,6.227,0.063,-0.056,-0.014,2622,0
2310386,7.111,2.571,6.189,0.029,-0.052,-0.005,2623,0
2310406,7.106,2.504,6.218,0.024,-0.038,-0.004,2622,0
2310426,7.082,2.500,6.227,0.040,-0.029,-0.007,2621,0
2310446,7.089,2.535,6.208,0.038,-0.023,-0.001,2621,0
2310466,7.094,2.502,6.182,0.026,-0.026,0.001,2621,0
2310486,7.130,2.480,6.213,0.017,-0.024,-0.004,2622,0
2310506,7.113,2.502,6.249,0.012,-0.035,-0.008,2620,0
2310526,7.192,2.480,6.213,0.030,-0.028,-0.019,2623,0
2310546,7.166,2.545,6.230,0.050,-0.009,-0.029,2621,0
2310566,7.104,2.593,6.148,0.047,-0.017,-0.028,2621,0
2310586,7.123,2.629,6.127,0.043,-0.023,-0.018,2621,0
2310606,7.147,2.598,6.155,0.034,-0.022,-0.009,2621,0
2310626,7.161,2.545,6.237,0.040,-0.009,-0.007,2621,0
2310646,7.125,2.509,6.225,0.056,-0.019,-0.015,2621,0
2310666,7.128,2.550,6.194,0.067,-0.029,-0.022,2621,0
2310686,7.101,2.583,6.158,0.056,-0.019,-0.023,2621,0
2310706,7.099,2.557,6.100,0.044,-0.022,-0.028,2621,0
2310726,7.106,2.610,6.160,0.050,-0.010,-0.033,2622,0
2310746,7.080,2.662,6.225,0.073,-0.002,-0.031,2619,0
2310766,7.130,2.665,6.235,0.077,-0.014,-0.024,2621,0
2310787,7.185,2.626,6.179,0.078,-0.011,-0.016,2621,0
2310806,7.190,2.610,6.177,0.065,-0.001,-0.009,2620,0
2310826,7.175,2.576,6.251,0.060,-0.005,-0.008,2621,0
2310846,7.221,2.564,6.302,0.058,-0.014,-0.005,2621,0
2310866,7.192,2.550,6.352,0.059,-0.011,-0.004,2621,0
2310886,7.154,2.571,6.385,0.064,-0.021,-0.002,2622,0
2310906,7.118,2.583,6.388,0.066,-0.056,-0.003,2621,0
2310926,7.168,2.552,6.268,0.066,-0.060,-0.014,2620,0
2310946,7.120,2.622,6.196,0.058,-0.050,-0.018,2621,0
2310966,7.082,2.626,6.208,0.040,-0.042,-0.014,2622,0
2310986,7.063,2.619,6.235,0.059,-0.033,-0.015,2620,0
2311006,7.063,2.693,6.167,0.075,-0.025,-0.013,2620,0
2311026,7.039,2.727,6.220,0.049,-0.026,0.001,2620,0
2311046,7.037,2.638,6.230,0.028,-0.025,0.012,2621,0
2311066,7.084,2.555,6.237,0.031,-0.026,0.006,2622,0
2311086,7.120,2.490,6.263,0.050,-0.022,-0.013,2621,0
2311106,7.094,2.588,6.282,0.056,-0.013,-0.019,2621,0
2311126,7.070,2.653,6.280,0.040,-0.022,-0.015,2621,0
2311147,7.080,2.650,6.251,0.024,-0.033,-0.009,2620,0
2311166,7.132,2.598,6.239,0.029,-0.027,-0.016,2620,0
2311186,7.116,2.581,6.280,0.041,-0.012,-0.019,2620,0
2311206,7.089,2.622,6.342,0.039,-0.005,-0.013,2621,0
2311227,7.017,2.626,6.383,0.023,-0.029,-0.003,2621,0
2311246,7.104,2.569,6.325,0.017,-0.060,-0.007,2621,0
2311266,7.116,2.552,6.254,0.022,-0.036,-0.014,2619,0
2311286,7.070,2.552,6.237,0.033,-0.031,-0.019,2619,0
2311306,7.082,2.622,6.172,0.041,-0.034,-0.025,2619,0
2311326,7.063,2.715,6.191,0.028,-0.028,-0.019,2621,0
2311346,7.099,2.674,6.201,0.023,-0.021,-0.018,2621,0
2311366,7.092,2.693,6.254,0.042,-0.017,-0.018,2621,0
2311386,7.132,2.684,6.242,0.055,-0.018,-0.011,2621,0
2311406,7.123,2.696,6.232,0.052,-0.014,-0.001,2621,0
2311426,7.106,2.679,6.278,0.042,-0.022,0.006,2619,0
2311446,7.113,2.624,6.275,0.041,-0.038,0.006,2621,0
2311466,7.118,2.581,6.304,0.041,-0.045,-0.001,2621,0
2311486,7.094,2.586,6.369,0.055,-0.042,0.003,2620,0
2311506,7.065,2.574,6.359,0.067,-0.051,-0.005,2620,0
2311526,7.029,2.655,6.227,0.067,-0.067,-0.013,2621,0
2311546,7.044,2.650,6.151,0.045,-0.068,-0.006,2621,0
2311566,7.049,2.626,6.141,0.044,-0.043,-0.007,2620,0
2311586,7.049,2.653,6.201,0.056,-0.023,-0.007,2622,0
2311606,7.029,2.674,6.254,0.054,-0.026,-0.003,2620,0
2311626,7.056,2.667,6.239,0.050,-0.035,-0.001,2621,0
2311646,7.094,2.667,6.237,0.031,-0.037,0.002,2621,0
2311666,7.116,2.588,6.285,0.031,-0.035,0.000,2621,0
2311686,7.140,2.617,6.266,0.052,-0.031,-0.003,2620,0
2311706,7.142,2.646,6.211,0.055,-0.031,-0.009,2621,0
2311726,7.128,2.715,6.232,0.051,-0.031,-0.011,2620,0
2311747,7.149,2.749,6.292,0.044,-0.031,0.002,2622,0
2311766,7.116,2.753,6.261,0.050,-0.038,0.012,2619,0
2311786,7.128,2.737,6.273,0.061,-0.047,0.011,2622,0
2311806,7.111,2.746,6.282,0.053,-0.050,0.014,2622,0
2311826,7.099,2.631,6.254,0.044,-0.059,0.015,2620,0
2311846,7.111,2.576,6.184,0.058,-0.047,0.019,2622,0
2311866,7.075,2.547,6.167,0.061,-0.037,0.019,2622,0
2311886,7.046,2.504,6.148,0.037,-0.035,0.012,2622,0
2311906,7.075,2.504,6.225,0.012,-0.035,-0.003,2622,0
2311926,7.089,2.543,6.249,0.019,-0.023,-0.013,2621,0
2311947,7.094,2.586,6.261,0.044,-0.006,-0.017,2621,0
2311966,7.063,2.658,6.251,0.045,-0.010,-0.011,2622,0
2311986,7.144,2.646,6.254,0.025,-0.024,-0.005,2622,0
2312006,7.156,2.622,6.213,0.010,-0.020,-0.001,2622,0
2312026,7.137,2.634,6.242,0.004,-0.033,0.007,2622,0
2312046,7.159,2.586,6.242,0.033,-0.030,0.005,2622,0
2312066,7.106,2.701,6.187,0.052,-0.029,0.001,2621,0
2312086,7.061,2.715,6.237,0.034,-0.040,0.007,2621,0
2312106,7.053,2.720,6.220,0.041,-0.054,0.007,2622,0
2312126,7.065,2.684,6.153,0.061,-0.055,0.007,2622,0
2312146,7.046,2.703,6.079,0.070,-0.041,0.008,2623,0
2312166,7.049,2.684,6.091,0.058,-0.034,0.012,2622,0
2312186,7.072,2.629,6.155,0.055,-0.017,0.013,2623,0
2312206,7.044,2.576,6.223,0.064,-0.023,0.009,2621,0
2312226,7.094,2.538,6.254,0.075,-0.029,0.007,2622,0
2312246,7.101,2.564,6.275,0.069,-0.027,0.004,2621,0
2312266,7.128,2.543,6.302,0.041,-0.039,0.002,2621,0
2312286,7.123,2.516,6.306,0.052,-0.043,-0.013,2622,0
2312306,7.106,2.605,6.273,0.069,-0.041,-0.026,2621,0
2312326,7.094,2.708,6.261,0.060,-0.030,-0.017,2623,0
2312346,7.065,2.725,6.306,0.040,-0.033,-0.003,2623,0
2312366,7.106,2.677,6.261,0.031,-0.043,0.010,2621,0
2312386,7.092,2.612,6.258,0.038,-0.035,0.007,2622,0
2312406,7.111,2.617,6.256,0.045,-0.034,0.010,2623,0
2312426,7.116,2.607,6.242,0.046,-0.027,0.010,2623,0
2312446,7.084,2.650,6.268,0.041,-0.027,0.011,2622,0
2312466,7.053,2.641,6.258,0.030,-0.048,0.014,2622,0
2312486,7.106,2.569,6.201,0.042,-0.046,0.003,2623,0
2312506,7.108,2.614,6.191,0.058,-0.033,-0.008,2623,0
2312526,7.111,2.646,6.237,0.050,-0.020,-0.005,2622,0
2312546,7.101,2.634,6.266,0.036,-0.030,0.001,2623,0
2312566,7.125,2.598,6.235,0.035,-0.030,0.003,2623,0
2312586,7.135,2.593,6.239,0.035,-0.027,0.007,2623,0
2312606,7.101,2.583,6.285,0.032,-0.028,0.006,2623,0
2312626,7.094,2.547,6.261,0.030,-0.039,0.006,2622,0
2312646,7.070,2.516,6.246,0.027,-0.047,0.002,2623,0
2312666,7.075,2.492,6.235,0.029,-0.048,-0.011,2622,0
2312686,7.056,2.579,6.206,0.040,-0.049,-0.026,2621,0
2312706,7.039,2.667,6.163,0.039,-0.054,-0.024,2623,0
2312726,7.077,2.658,6.060,0.035,-0.042,-0.019,2623,0
2312746,7.063,2.662,6.093,0.033,-0.015,-0.019,2622,0
2312766,7.022,2.670,6.165,0.036,-0.010,-0.015,2623,0
2312786,7.065,2.631,6.215,0.044,-0.021,-0.009,2623,0
2312806,7.120,2.595,6.203,0.056,-0.017,-0.010,2622,0
2312826,7.077,2.622,6.244,0.038,-0.019,-0.011,2622,0
2312846,7.151,2.559,6.230,0.028,-0.035,-0.013,2623,0
2312866,7.159,2.581,6.275,0.051,-0.018,-0.030,2624,0
2312886,7.094,2.713,6.325,0.066,-0.014,-0.036,2623,0
2312906,7.027,2.729,6.309,0.048,-0.037,-0.020,2623,0
2312926,7.116,2.634,6.246,0.036,-0.052,-0.011,2623,0
2312946,7.135,2.612,6.191,0.060,-0.033,-0.022,2623,0
2312966,7.123,2.689,6.242,0.060,-0.017,-0.016,2623,0
2312986,7.041,2.677,6.292,0.022,-0.025,0.003,2623,0
2313006,7.132,2.579,6.309,0.033,-0.054,-0.005,2623,0
2313026,7.144,2.670,6.270,0.059,-0.025,-0.013,2624,0
2313046,7.077,2.674,6.290,0.037,-0.026,-0.008,2623,0
2313066,7.101,2.638,6.323,0.046,-0.033,-0.014,2622,0
2313086,7.046,2.727,6.373,0.057,-0.035,-0.021,2624,0
2313106,7.049,2.772,6.366,0.044,-0.052,-0.012,2622,0
2313126,7.123,2.648,6.347,0.036,-0.059,-0.003,2623,0
2313146,7.161,2.523,6.357,0.035,-0.057,-0.005,2623,0
2313167,7.171,2.456,6.321,0.030,-0.059,-0.019,2624,0
2313186,7.159,2.509,6.270,0.012,-0.062,-0.022,2623,0
2313206,7.161,2.514,6.299,-0.008,-0.069,-0.015,2624,0
2313226,7.108,2.523,6.254,-0.015,-0.074,-0.014,2623,0
2313246,7.092,2.528,6.033,-0.003,-0.086,-0.015,2623,0
2313266,7.156,2.593,5.799,0.005,-0.075,-0.022,2623,0
2313286,7.192,2.677,5.746,0.008,-0.028,-0.037,2623,0
2313306,7.106,2.859,5.909,0.009,-0.002,-0.035,2624,0
2313326,7.106,3.014,6.127,0.005,0.005,-0.020,2624,0
2313347,7.106,3.002,6.294,0.015,0.009,0.000,2622,0
2313366,7.070,2.978,6.347,0.025,-0.002,0.019,2623,0
2313386,7.087,2.796,6.419,0.027,-0.011,0.027,2623,0
2313406,7.106,2.655,6.469,0.023,-0.005,0.030,2623,0
2313426,7.101,2.543,6.531,0.010,-0.017,0.021,2624,0
2313446,7.094,2.452,6.570,-0.005,-0.026,0.014,2624,0
2313466,7.096,2.337,6.603,-0.012,-0.044,0.005,2623,0
2313486,7.104,2.212,6.572,-0.011,-0.050,-0.013,2622,0
2313506,7.075,2.258,6.452,-0.024,-0.049,-0.025,2624,0
2313526,7.065,2.282,6.443,-0.075,-0.059,-0.024,2623,0
2313546,7.092,2.210,6.440,-0.109,-0.051,-0.028,2623,0
2313566,7.082,2.243,6.474,-0.100,-0.047,-0.041,2623,0
2313586,7.051,2.310,6.486,-0.101,-0.058,-0.052,2623,0
2313606,7.017,2.327,6.438,-0.105,-0.067,-0.056,2623,0
2313626,6.972,2.416,6.354,-0.124,-0.080,-0.047,2623,0
2313646,7.005,2.373,6.194,-0.143,-0.089,-0.043,2624,0
2313666,7.063,2.349,6.062,-0.120,-0.056,-0.060,2623,0
2313686,6.993,2.430,6.069,-0.108,-0.024,-0.074,2623,0
2313707,6.977,2.519,6.086,-0.093,-0.025,-0.069,2623,0
2313726,7.005,2.612,6.038,-0.111,-0.029,-0.047,2623,0
2313746,7.084,2.488,6.045,-0.119,-0.030,-0.035,2623,0
2313766,7.142,2.428,6.038,-0.095,-0.017,-0.046,2623,0
2313786,7.151,2.492,6.076,-0.042,0.000,-0.063,2622,0
2313806,7.120,2.636,6.158,-0.016,-0.006,-0.063,2623,0
2313826,7.149,2.682,6.225,-0.018,-0.026,-0.051,2624,0
2313846,7.173,2.705,6.311,-0.025,-0.030,-0.037,2623,0
2313866,7.163,2.655,6.297,-0.005,-0.041,-0.035,2625,0
2313886,7.190,2.662,6.249,0.034,-0.054,-0.036,2624,0
2313906,7.166,2.708,6.170,0.035,-0.050,-0.027,2623,0
2313926,7.154,2.660,6.239,0.023,-0.045,-0.014,2624,0
2313946,7.140,2.588,6.316,0.048,-0.032,-0.011,2624,0
2313966,7.116,2.705,6.335,0.080,-0.035,-0.007,2624,0
2313986,7.101,2.662,6.302,0.074,-0.041,0.007,2624,0
2314006,7.108,2.526,6.337,0.058,-0.039,0.011,2624,0
2314026,7.137,2.485,6.416,0.045,-0.040,0.009,2623,0
2314046,7.072,2.464,6.493,0.036,-0.028,0.013,2624,0
2314066,7.046,2.418,6.603,0.028,-0.046,0.010,2624,0
2314086,7.072,2.332,6.572,0.027,-0.054,-0.001,2624,0
2314106,7.044,2.308,6.560,0.014,-0.063,-0.009,2623,0
2314126,7.070,2.298,6.462,0.001,-0.058,-0.012,2623,0
2314146,7.058,2.320,6.407,-0.016,-0.045,-0.015,2624,0
2314166,7.046,2.330,6.400,-0.040,-0.025,-0.013,2624,0
2314186,7.037,2.306,6.357,-0.049,-0.027,-0.004,2624,0
2314206,7.041,2.239,6.448,-0.061,-0.021,0.001,2624,0
2314226,7.049,2.152,6.519,-0.074,-0.021,-0.005,2622,0
2314246,7.046,2.121,6.503,-0.065,-0.030,-0.023,2623,0
2314266,7.044,2.176,6.378,-0.046,-0.038,-0.040,2623,0
2314286,7.075,2.253,6.172,-0.037,-0.033,-0.043,2624,0
2314306,7.065,2.294,6.031,-0.044,-0.022,-0.032,2624,0
2314326,7.092,2.286,5.988,-0.047,-0.017,-0.011,2624,0
2314346,7.178,2.272,5.926,-0.029,0.002,0.004,2624,0
2314366,7.151,2.334,5.878,-0.001,0.010,0.006,2624,0
2314386,7.154,2.459,5.909,0.021,0.011,0.009,2624,0
2314406,7.147,2.598,5.974,0.037,0.017,0.019,2624,0
2314426,7.101,2.705,6.155,0.067,0.025,0.027,2623,0
2314446,7.027,2.761,6.261,0.122,0.005,0.032,2624,0
2314466,7.077,2.856,6.206,0.173,-0.023,0.041,2624,0
2314486,7.092,2.851,6.182,0.194,-0.026,0.052,2624,0
2314506,7.049,2.732,6.223,0.214,-0.025,0.056,2623,0
2314526,7.032,2.720,6.220,0.246,-0.025,0.066,2624,0
2314546,7.068,2.595,6.249,0.254,-0.025,0.084,2623,0
2314566,7.106,2.380,6.311,0.248,-0.019,0.085,2624,0
2314586,7.089,2.267,6.359,0.263,-0.021,0.064,2624,0
2314606,7.120,2.251,6.390,0.270,-0.037,0.048,2624,0
2314626,7.147,2.308,6.414,0.248,-0.024,0.039,2624,0
2314646,7.108,2.342,6.560,0.206,-0.014,0.039,2624,0
2314666,7.065,2.349,6.682,0.203,-0.011,0.030,2624,0
2314686,7.029,2.454,6.759,0.200,-0.013,0.021,2624,0
2314706,6.972,2.476,6.843,0.154,-0.031,0.030,2623,0
2314726,6.984,2.339,6.867,0.116,-0.042,0.036,2624,0
2314746,6.981,2.239,6.821,0.123,-0.040,0.026,2623,0
2314766,6.979,2.246,6.847,0.098,-0.028,0.025,2622,0
2314786,6.864,2.229,6.862,0.043,-0.030,0.038,2624,0
2314806,6.888,2.069,6.790,-0.013,-0.053,0.036,2623,0
2314826,6.970,1.915,6.711,-0.026,-0.057,0.003,2623,0
2314846,6.984,2.037,6.582,-0.038,-0.038,-0.025,2623,0
2314866,6.953,2.100,6.529,-0.092,-0.035,-0.025,2624,0
2314886,6.996,2.083,6.419,-0.111,-0.023,-0.024,2624,0
2314906,7.044,2.193,6.235,-0.105,-0.028,-0.037,2623,0
2314926,7.125,2.334,6.136,-0.116,-0.010,-0.037,2624,0
2314946,7.082,2.442,6.189,-0.142,0.007,-0.033,2624,0
2314966,7.092,2.418,6.345,-0.137,-0.005,-0.036,2624,0
2314986,7.070,2.545,6.479,-0.095,-0.003,-0.048,2623,0
2315006,7.061,2.619,6.519,-0.074,-0.032,-0.052,2623,0
2315026,7.041,2.622,6.493,-0.071,-0.055,-0.047,2624,0
2315046,7.049,2.471,6.431,-0.073,-0.066,-0.047,2624,0
2315066,7.106,2.409,6.440,-0.061,-0.060,-0.051,2624,0
2315086,7.022,2.399,6.515,-0.060,-0.048,-0.045,2624,0
2315106,6.993,2.277,6.517,-0.064,-0.055,-0.030,2624,0
2315126,7.032,2.172,6.519,-0.061,-0.056,-0.034,2623,0
2315146,7.029,2.116,6.500,-0.072,-0.064,-0.048,2623,0
2315166,7.025,2.145,6.481,-0.092,-0.071,-0.048,2623,0
2315186,7.049,2.121,6.455,-0.094,-0.062,-0.049,2625,0
2315206,7.029,2.124,6.495,-0.075,-0.059,-0.060,2623,0
2315226,7.003,2.179,6.445,-0.084,-0.063,-0.061,2623,0
2315246,7.056,2.155,6.388,-0.106,-0.067,-0.052,2623,0
2315266,7.075,2.157,6.333,-0.092,-0.067,-0.052,2624,0
2315286,7.084,2.298,6.287,-0.070,-0.057,-0.044,2624,0
2315306,7.065,2.349,6.141,-0.071,-0.071,-0.033,2623,0
2315326,7.166,2.322,6.029,-0.067,-0.087,-0.023,2624,0
2315346,7.195,2.243,5.952,-0.047,-0.061,-0.023,2625,0
2315366,7.221,2.303,5.950,-0.029,-0.054,-0.031,2622,0
2315386,7.230,2.418,6.050,-0.015,-0.050,-0.045,2624,0
2315406,7.230,2.485,6.151,0.026,-0.050,-0.054,2623,0
2315426,7.247,2.660,6.278,0.065,-0.050,-0.049,2624,0
2315446,7.281,2.559,6.452,0.066,-0.067,-0.034,2623,0
2315466,7.336,2.456,6.534,0.088,-0.080,-0.030,2625,0
2315486,7.309,2.468,6.560,0.108,-0.101,-0.035,2624,0
2315507,7.305,2.540,6.601,0.116,-0.118,-0.014,2623,0
2315526,7.276,2.519,6.737,0.083,-0.120,0.018,2624,0
2315546,7.230,2.351,6.814,0.075,-0.143,0.028,2623,0
2315566,7.175,2.306,6.718,0.090,-0.155,0.031,2624,0
2315586,7.072,2.246,6.649,0.070,-0.164,0.047,2624,0
2315606,7.101,2.124,6.563,0.044,-0.165,0.058,2624,0
2315626,7.137,2.073,6.457,0.019,-0.139,0.064,2624,0
2315646,7.125,1.963,6.373,-0.014,-0.116,0.078,2625,0
2315666,7.166,1.911,6.371,-0.037,-0.100,0.092,2625,0
2315686,7.185,1.875,6.287,-0.064,-0.086,0.098,2623,0
2315706,7.221,1.784,6.287,-0.087,-0.081,0.090,2623,0
2315726,7.264,1.829,6.258,-0.087,-0.100,0.071,2624,0
2315746,7.309,1.875,6.144,-0.105,-0.111,0.060,2624,0
2315766,7.350,1.958,6.033,-0.109,-0.094,0.052,2624,0
2315786,7.309,2.093,6.007,-0.116,-0.083,0.052,2625,0
2315806,7.317,2.083,5.966,-0.120,-0.093,0.059,2624,0
2315826,7.446,2.136,5.895,-0.104,-0.076,0.064,2624,0
2315846,7.468,2.150,5.959,-0.107,-0.063,0.070,2624,0
2315866,7.444,2.229,5.983,-0.094,-0.067,0.079,2623,0
2315886,7.451,2.334,5.959,-0.096,-0.069,0.115,2624,0
2315906,7.494,2.260,5.988,-0.119,-0.087,0.157,2624,0
2315926,7.563,2.085,5.923,-0.099,-0.064,0.170,2624,0
2315946,7.511,2.057,5.856,-0.078,-0.013,0.168,2623,0
2315966,7.479,2.061,5.904,-0.079,-0.003,0.179,2623,0
2315986,7.494,1.980,5.902,-0.082,0.018,0.207,2624,0
2316006,7.554,1.872,6.024,-0.070,0.052,0.224,2623,0
2316026,7.506,1.925,6.043,-0.078,0.062,0.256,2623,0
2316046,7.561,1.808,6.170,-0.125,0.042,0.275,2623,0
2316066,7.472,1.745,6.050,-0.136,0.067,0.279,2622,0
2316086,7.432,1.568,6.282,-0.123,0.069,0.282,2618,0
2316106,7.484,1.551,6.369,-0.039,0.079,0.282,2621,0
2316126,7.432,1.444,6.153,-0.037,0.107,0.277,2621,0
2316146,7.436,1.343,6.235,-0.060,0.111,0.270,2627,0
2316166,7.417,1.159,6.179,-0.044,0.173,0.278,2629,0
2316186,7.377,0.871,6.232,0.053,0.253,0.245,2647,0
2316206,7.451,0.745,6.871,0.235,0.353,0.163,2714,0
2316226,7.470,0.508,6.191,0.412,0.454,0.084,2789,0
2316246,6.606,1.386,5.610,0.461,0.546,0.105,2823,0
2316267,6.409,1.477,6.036,0.227,0.484,0.205,2859,0
2316286,7.065,0.761,6.735,0.106,0.385,0.260,2925,0
2316306,7.204,1.156,7.638,0.443,0.332,0.408,3006,0
2316326,5.662,2.217,7.207,0.791,0.116,0.470,3060,0
2316346,4.360,2.957,6.709,0.965,-0.172,0.537,3108,0
2316366,5.957,2.801,5.557,0.915,0.047,0.828,3165,0
2316386,5.808,1.535,5.464,0.440,0.224,1.035,3208,0
2316406,7.472,-0.376,7.264,0.299,0.600,0.693,3250,1228
2316426,6.596,1.207,6.986,0.865,0.961,0.422,3250,3617
2316446,6.452,2.116,7.626,0.593,0.908,0.575,3246,4024
2316466,6.682,0.369,7.925,0.498,0.717,0.521,3232,4095
2316486,6.462,0.996,8.152,0.577,0.615,0.293,3219,4095
2316506,6.955,1.506,7.848,0.269,0.418,0.285,3209,4095
2316526,6.742,0.496,7.958,0.166,0.469,0.276,3199,4095
2316547,6.658,0.333,8.250,0.246,0.455,0.236,3191,4095
2316566,6.618,0.553,8.064,0.266,0.318,0.156,3183,4095
2316586,6.223,0.934,8.212,0.168,0.180,0.144,3180,4095
2316606,6.632,0.824,8.143,0.131,0.127,0.124,3173,4095
2316626,6.472,0.874,7.918,0.172,0.084,0.071,3167,4095
2316646,5.892,1.216,7.927,0.203,0.076,0.072,3164,4095
2316666,6.302,1.113,7.582,0.072,0.007,0.077,3158,4095
2316686,6.127,0.989,7.527,0.078,-0.068,0.051,3154,4095
2316706,5.808,1.379,7.602,0.086,-0.054,0.054,3151,4095
2316726,6.134,1.290,7.468,0.089,-0.017,0.058,3149,4095
2316746,5.904,1.346,7.446,0.095,-0.029,0.069,3144,4095
2316767,5.631,1.209,7.561,0.113,-0.055,0.092,3141,4095
2316786,5.988,1.286,7.511,0.157,-0.080,0.076,3138,4095
2316806,6.127,1.214,7.264,0.146,-0.066,0.050,3137,4095
2316826,5.794,1.264,7.499,0.116,-0.066,0.067,3136,4095
2316846,5.978,1.128,7.434,0.146,-0.073,0.068,3133,4095
2316866,5.993,1.025,7.417,0.149,-0.040,0.051,3133,4095
2316886,5.947,1.113,7.479,0.163,-0.058,0.054,3131,4095
2316906,6.014,1.077,7.424,0.171,-0.040,0.039,3129,4095
2316926,6.002,1.199,7.475,0.154,-0.055,0.022,3126,4095
2316946,6.144,1.202,7.400,0.101,-0.049,0.019,3126,4095
2316966,6.129,1.053,7.475,0.109,-0.016,0.005,3124,4095
2316986,6.057,1.101,7.573,0.137,-0.013,-0.011,3122,4095
2317006,5.988,1.255,7.688,0.146,-0.083,-0.003,3122,4095
2317026,6.203,1.255,7.470,0.154,-0.097,-0.005,3121,4095
2317046,6.191,1.302,7.424,0.148,-0.066,-0.016,3120,4095
2317066,6.199,1.408,7.396,0.105,-0.035,-0.028,3118,4095
2317087,6.069,1.372,7.561,0.092,-0.044,-0.028,3119,4095
2317106,6.091,1.369,7.525,0.139,-0.092,-0.017,3118,4095
2317126,6.258,1.343,7.343,0.180,-0.078,-0.011,3118,4095
2317146,6.199,1.554,7.391,0.182,-0.049,-0.034,3118,4095
2317166,6.246,1.520,7.446,0.109,-0.044,-0.030,3115,4095
2317186,6.199,1.453,7.657,0.120,-0.059,-0.029,3113,4095
2317206,6.242,1.506,7.511,0.145,-0.061,-0.021,3114,4095
2317226,6.227,1.389,7.441,0.140,-0.069,-0.017,3113,4095
2317246,6.256,1.458,7.386,0.144,-0.075,-0.024,3111,4095
2317266,6.211,1.494,7.458,0.120,-0.080,-0.031,3111,4095
2317286,6.203,1.489,7.412,0.122,-0.081,-0.037,3109,4095
2317306,6.175,1.566,7.381,0.128,-0.074,-0.045,3109,4095
2317326,6.155,1.621,7.369,0.136,-0.066,-0.048,3107,4095
2317346,6.191,1.776,7.458,0.137,-0.087,-0.029,3107,4095
2317366,6.211,1.788,7.400,0.111,-0.091,-0.018,3106,4095
2317386,6.476,1.523,7.288,0.125,-0.015,-0.047,3104,4095
2317406,6.029,1.755,7.482,0.130,-0.019,-0.043,3105,4095
2317426,6.292,1.741,7.556,0.113,-0.034,-0.036,3104,4095
2317446,6.182,1.762,7.511,0.110,-0.086,-0.042,3103,4095
2317466,6.122,1.724,7.515,0.079,-0.099,-0.018,3103,4095
2317486,6.555,1.551,7.266,0.101,-0.042,-0.058,3102,4095
2317506,6.088,1.834,7.345,0.066,-0.044,-0.064,3101,4095
2317526,6.146,1.805,7.463,0.074,-0.055,-0.054,3101,4095
2317546,6.428,1.757,7.343,0.098,-0.075,-0.062,3101,4095
2317566,6.069,1.865,7.286,0.111,-0.064,-0.061,3100,4095
2317586,6.223,1.963,7.221,0.059,-0.025,-0.042,3099,4095
2317606,6.407,1.793,7.254,0.046,-0.010,-0.059,3100,4095
2317626,5.995,1.966,7.384,0.036,-0.054,-0.037,3100,4095
2317646,6.201,1.899,7.439,0.047,-0.072,-0.017,3098,4095
2317666,6.551,1.853,7.266,0.093,-0.048,-0.054,3098,4095
2317686,6.196,2.081,7.298,0.046,-0.036,-0.031,3097,4095
2317706,6.189,1.946,7.472,0.029,-0.017,-0.019,3097,4095
2317726,6.565,1.769,7.365,0.074,-0.040,-0.041,3095,4095
2317746,6.246,1.939,7.312,0.070,-0.063,-0.033,3094,4095
2317766,6.218,1.978,7.439,0.038,-0.046,-0.007,3095,4095
2317786,6.658,1.808,7.259,0.059,-0.027,-0.034,3096,4095
2317806,6.184,2.219,7.345,0.046,-0.028,-0.026,3093,4095
2317826,6.155,1.958,7.372,0.019,-0.042,-0.006,3097,4095
2317846,6.297,1.872,7.295,0.053,-0.079,-0.014,3094,4095
2317866,6.335,1.887,7.183,0.055,-0.065,-0.017,3093,4095
2317886,6.316,1.901,7.132,0.043,-0.039,-0.019,3093,4095
2317906,6.275,1.975,7.266,0.024,-0.010,-0.013,3095,4095
2317926,6.129,2.102,7.470,0.035,-0.022,0.001,3094,4095
2317946,6.225,2.004,7.410,0.050,-0.074,0.016,3091,4095
2317966,6.400,1.887,7.187,0.052,-0.066,0.005,3092,4095
2317986,6.381,1.848,7.113,0.024,-0.013,-0.008,3091,4095
2318006,6.280,1.810,7.250,0.003,-0.011,-0.007,3092,4095
2318026,6.191,2.014,7.374,0.007,-0.042,-0.009,3090,4095
2318046,6.280,1.997,7.451,0.007,-0.076,0.002,3090,4095
2318066,6.438,2.009,7.357,0.052,-0.043,0.000,3090,4095
2318086,6.318,2.083,7.278,0.055,-0.014,-0.002,3089,4095
2318106,6.232,1.896,7.199,0.033,-0.048,0.013,3089,4095
2318126,6.321,1.798,6.986,0.031,-0.042,0.009,3088,4095
2318146,6.227,1.781,7.209,0.004,-0.022,0.014,3088,4095
2318166,6.328,1.774,7.242,0.045,-0.030,-0.006,3088,4095
2318186,6.203,2.057,7.233,0.037,0.014,-0.009,3088,4095
2318206,6.220,1.863,7.300,0.046,-0.011,-0.007,3087,4095
2318226,6.211,2.011,7.254,0.054,-0.027,-0.007,3088,4095
2318246,6.330,1.824,7.197,0.041,-0.024,-0.006,3088,4095
2318266,6.337,1.848,7.187,0.045,-0.003,-0.011,3088,4095
2318286,6.275,1.815,7.262,0.050,0.021,-0.014,3088,4095
2318306,6.194,2.016,7.341,0.048,0.017,-0.008,3087,4095
2318326,6.201,1.958,7.379,0.033,-0.015,0.005,3086,4095
2318346,6.292,1.911,7.417,0.039,-0.022,0.011,3086,4095
2318366,6.172,1.901,7.458,0.046,-0.033,0.011,3085,4095
2318386,6.258,1.851,7.317,0.059,-0.001,-0.015,3085,4095
2318406,6.105,1.944,7.453,0.035,-0.009,-0.000,3084,4095
2318426,6.292,1.920,7.264,0.057,-0.030,-0.021,3084,4095
2318446,6.033,1.875,7.321,0.026,-0.050,0.006,3085,4095
2318466,6.383,1.791,7.209,0.045,0.001,-0.010,3084,4095
2318486,6.227,1.822,7.307,0.050,0.002,-0.015,3082,4095
2318506,5.847,2.040,7.549,0.047,-0.013,-0.002,3082,4095
2318526,6.364,1.956,7.472,0.051,-0.038,0.001,3083,4095
2318547,6.412,1.846,7.343,0.051,-0.040,-0.010,3082,4095
2318566,6.067,1.918,7.511,0.028,-0.032,0.004,3079,4095
2318586,6.294,1.946,7.523,0.058,-0.009,-0.008,3079,4095
2318606,6.402,1.872,7.410,0.054,-0.048,-0.017,3079,4095
2318626,6.043,2.028,7.623,0.028,-0.087,0.012,3078,4095
2318646,6.371,1.937,7.606,0.040,-0.092,0.025,3079,4095
2318666,6.491,1.879,7.499,0.035,-0.084,0.013,3077,4095
2318686,6.100,2.040,7.666,0.017,-0.104,0.030,3078,4095
2318706,6.268,2.150,7.740,0.003,-0.139,0.042,3082,4095
2318726,6.586,1.997,7.611,0.029,-0.168,0.031,3078,4095
2318746,6.057,2.272,7.898,0.001,-0.205,0.059,3082,4095
2318766,6.275,2.112,8.140,-0.031,-0.306,0.080,3085,4095
2318786,6.476,1.791,8.023,-0.054,-0.482,0.066,3086,4095
2318806,6.069,1.796,8.011,-0.100,-0.687,0.113,3087,4095
2318827,6.400,1.836,7.688,-0.126,-0.885,0.137,3087,4012
2318846,6.565,1.925,7.549,-0.240,-1.048,0.170,3088,3790
2318867,6.742,1.516,7.417,-0.475,-1.259,0.204,3088,3423
2318886,6.898,1.075,7.300,-0.606,-1.441,0.151,3090,3004
2318906,6.536,1.056,7.312,-0.696,-1.694,0.086,3100,2417
2318926,6.914,0.508,6.749,-0.756,-2.158,0.064,3115,185
2318946,8.236,-0.199,5.308,-0.698,-2.151,-0.119,3120,0
2318966,8.274,-0.055,4.695,-0.616,-1.695,-0.445,3105,0
2318986,7.096,0.680,4.726,-0.759,-1.612,-0.640,3056,0
2319006,8.212,0.910,3.328,-1.028,-1.699,-0.730,2965,0
2319026,9.649,0.529,1.523,-1.103,-0.822,-0.784,2872,0
2319046,7.712,1.671,-0.412,-1.130,0.508,-0.789,2765,0
2319066,8.396,0.462,-3.816,-1.568,3.029,-0.456,2657,0
2319086,7.058,4.401,11.332,-2.177,5.476,-0.197,2561,0
2319106,6.895,-4.135,7.736,-2.266,1.961,-0.489,2472,0
2319126,4.994,-0.934,7.566,-1.056,1.002,-0.803,2415,0
2319146,6.199,1.223,7.597,-0.150,0.418,-0.782,2393,0
2319166,6.225,2.023,7.578,-0.119,0.389,-0.573,2384,0
2319186,6.364,1.987,7.922,-0.286,0.361,-0.387,2383,0
2319206,6.256,1.824,7.740,-0.254,0.355,-0.272,2383,0
2319226,6.069,2.100,7.721,-0.138,0.186,-0.218,2386,0
2319246,6.155,1.894,7.508,-0.119,-0.092,-0.174,2389,0
2319266,6.603,1.398,7.570,-0.051,-0.283,-0.072,2394,0
2319286,6.991,1.025,7.137,0.023,-0.215,-0.016,2398,0
2319306,7.039,0.986,6.792,0.051,-0.002,0.029,2403,0
2319326,6.840,1.037,6.582,0.053,0.095,0.055,2409,0
2319346,6.723,1.058,6.950,0.047,0.024,0.063,2414,0
2319366,6.701,0.845,7.250,0.085,-0.113,0.094,2417,0
2319386,6.881,0.812,7.590,0.172,-0.202,0.144,2422,0
2319406,7.075,0.776,7.367,0.215,-0.200,0.168,2433,0
2319426,7.128,0.651,6.893,0.187,-0.131,0.150,2439,0
2319446,7.025,0.627,6.756,0.147,-0.058,0.112,2443,0
2319466,7.010,0.551,6.989,0.122,-0.077,0.079,2447,0
2319486,7.020,0.491,7.149,0.146,-0.067,0.071,2449,0
2319506,6.996,0.618,7.144,0.180,-0.045,0.072,2453,0
2319526,6.979,0.666,7.135,0.179,-0.041,0.060,2461,0
2319546,6.950,0.694,6.876,0.179,-0.027,0.044,2468,0
2319566,6.859,0.809,6.838,0.131,0.003,0.049,2477,0
2319586,6.764,0.692,6.843,0.094,0.010,0.070,2479,0
2319606,6.732,0.747,7.240,0.103,-0.067,0.098,2481,0
2319626,6.826,0.690,7.204,0.126,-0.150,0.126,2483,0
2319647,6.936,0.675,7.096,0.133,-0.173,0.128,2489,0
2319666,6.993,0.599,6.943,0.120,-0.120,0.108,2495,0
2319686,6.941,0.575,6.833,0.092,-0.054,0.076,2501,0
2319706,6.828,0.558,6.905,0.084,-0.033,0.055,2501,0
2319726,6.802,0.522,6.931,0.094,-0.067,0.051,2504,0
2319746,6.857,0.560,6.881,0.110,-0.067,0.070,2506,0
2319766,6.886,0.663,6.852,0.084,-0.022,0.080,2511,0
2319786,6.847,0.599,6.898,0.038,-0.001,0.053,2512,0
2319806,6.797,0.431,6.922,0.037,-0.022,0.016,2514,0
2319826,6.864,0.407,6.922,0.058,-0.009,0.010,2516,0
2319846,6.783,0.620,6.955,0.052,0.001,0.011,2515,0
2319866,6.809,0.670,7.106,0.035,-0.035,0.016,2518,0
2319886,6.883,0.682,6.996,0.043,-0.047,0.011,2519,0
2319906,6.924,0.656,6.905,0.062,-0.040,-0.002,2522,0
2319926,6.955,0.678,6.828,0.071,-0.018,-0.002,2523,0
2319946,6.943,0.781,6.780,0.049,0.014,0.010,2527,0
2319966,6.922,0.725,6.981,0.028,0.012,0.023,2527,0
2319986,6.965,0.699,7.101,0.048,-0.017,0.030,2527,0
2320006,6.984,0.702,7.001,0.070,-0.033,0.018,2529,0
2320026,6.946,0.687,6.891,0.073,-0.022,0.010,2535,0
2320046,6.876,0.694,6.867,0.058,-0.015,0.013,2536,0
2320066,6.871,0.663,6.934,0.039,-0.021,0.023,2539,0
2320086,6.857,0.603,6.984,0.047,-0.016,0.019,2540,0
2320106,6.823,0.642,6.948,0.084,-0.015,0.010,2540,0
2320126,6.838,0.649,6.902,0.081,-0.020,0.009,2543,0
2320146,6.833,0.618,6.914,0.063,-0.016,0.010,2544,0
2320166,6.833,0.572,6.953,0.047,-0.014,0.012,2544,0
2320186,6.869,0.529,6.962,0.055,-0.001,0.014,2545,0
2320207,6.898,0.565,6.998,0.065,0.014,0.014,2545,0
2320226,6.857,0.582,6.955,0.058,0.015,0.011,2545,0
2320246,6.840,0.594,7.070,0.046,0.006,0.005,2547,0
2320266,6.862,0.601,7.108,0.043,-0.010,-0.003,2548,0
2320286,6.871,0.594,7.120,0.057,-0.017,-0.003,2550,0
2320306,6.809,0.687,7.029,0.053,-0.031,-0.003,2551,0
2320326,6.831,0.670,6.989,0.046,-0.046,-0.010,2552,0
2320346,6.816,0.646,7.034,0.042,-0.037,-0.016,2553,0
2320366,6.809,0.632,7.001,0.073,-0.033,-0.023,2555,0
2320386,6.797,0.711,6.953,0.109,-0.034,-0.025,2556,0
2320406,6.754,0.797,6.843,0.070,-0.037,-0.012,2557,0
2320426,6.768,0.723,6.874,0.023,-0.041,-0.007,2558,0
2320446,6.819,0.666,6.900,0.035,-0.025,-0.013,2558,0
2320466,6.823,0.725,6.902,0.075,-0.002,-0.021,2559,0
2320486,6.819,0.781,6.974,0.077,-0.001,-0.014,2559,0
2320506,6.857,0.790,7.037,0.043,0.007,0.007,2559,0
2320526,6.835,0.675,7.056,0.028,-0.006,0.006,2559,0
2320546,6.881,0.596,7.032,0.051,-0.019,-0.010,2559,0
2320566,6.895,0.606,6.974,0.062,-0.024,-0.015,2559,0
2320586,6.876,0.675,7.027,0.047,-0.016,-0.006,2559,0
2320606,6.845,0.675,7.082,0.022,-0.024,-0.003,2559,0
2320626,6.831,0.661,7.118,0.030,-0.026,-0.017,2559,0
2320646,6.783,0.709,6.998,0.060,-0.042,-0.033,2559,0
2320666,6.809,0.781,6.936,0.063,-0.049,-0.024,2559,0
2320686,6.821,0.807,6.962,0.030,-0.024,-0.004,2559,0
2320706,6.835,0.749,7.005,0.020,-0.015,-0.008,2559,0
2320726,6.778,0.711,7.027,0.038,-0.020,-0.009,2559,0
2320746,6.816,0.725,7.037,0.051,-0.028,0.000,2559,0
2320766,6.823,0.680,7.032,0.026,-0.019,0.008,2559,0
2320786,6.862,0.649,7.068,0.025,-0.027,0.000,2561,0
2320806,6.871,0.651,7.104,0.027,-0.028,-0.008,2559,0
2320826,6.852,0.654,7.065,0.029,-0.022,-0.014,2561,0
2320846,6.792,0.692,7.070,0.041,-0.043,-0.023,2559,0
