2250739,3.349,4.365,8.171,0.046,-0.058,-0.023,2643,0
2250759,3.383,4.250,8.121,0.024,-0.053,-0.011,2643,0
2250779,3.426,4.231,8.056,0.021,-0.033,-0.011,2642,0
2250799,3.419,4.173,8.167,0.031,-0.018,-0.013,2643,0
2250819,3.421,4.286,8.305,0.059,-0.037,-0.008,2643,0
2250839,3.488,4.278,8.320,0.051,-0.089,0.008,2643,0
2250859,3.517,4.245,8.195,0.044,-0.103,0.012,2643,0
2250879,3.510,4.101,8.054,0.041,-0.098,-0.006,2643,0
2250899,3.512,4.068,8.059,0.055,-0.080,-0.025,2642,0
2250919,3.510,4.113,8.102,0.083,-0.055,-0.048,2643,0
2250939,3.445,4.293,8.155,0.081,-0.048,-0.055,2643,0
2250959,3.417,4.422,8.207,0.038,-0.082,-0.035,2644,0
2250979,3.443,4.283,8.226,0.031,-0.109,-0.023,2642,0
2250999,3.445,4.231,8.133,0.051,-0.102,-0.025,2642,0
2251019,3.419,4.252,8.090,0.050,-0.086,-0.021,2642,0
2251039,3.421,4.245,8.097,0.051,-0.081,-0.015,2641,0
2251059,3.505,4.290,8.092,0.040,-0.090,-0.017,2643,0
2251079,3.570,4.223,8.066,0.030,-0.078,-0.033,2643,0
2251099,3.555,4.274,8.021,0.027,-0.057,-0.035,2642,0
2251119,3.558,4.293,8.054,0.030,-0.049,-0.030,2643,0
2251139,3.610,4.300,8.128,0.046,-0.064,-0.030,2642,0
2251159,3.644,4.310,8.114,0.047,-0.072,-0.028,2643,0
2251179,3.615,4.293,8.004,0.021,-0.076,-0.013,2643,0
2251199,3.620,4.187,8.011,0.019,-0.070,-0.011,2642,0
2251219,3.579,4.192,8.035,0.041,-0.049,-0.020,2642,0
2251239,3.548,4.252,8.092,0.055,-0.035,-0.024,2642,0
2251259,3.500,4.322,8.095,0.036,-0.039,-0.015,2641,0
2251279,3.505,4.259,8.116,0.018,-0.050,-0.001,2642,0
2251299,3.500,4.207,8.131,0.044,-0.048,-0.011,2641,0
2251319,3.503,4.209,8.140,0.064,-0.050,-0.018,2641,0
2251339,3.496,4.238,8.128,0.067,-0.047,-0.011,2641,0
2251359,3.517,4.300,8.083,0.062,-0.051,-0.005,2641,0
2251390,3.582,4.269,8.013,0.042,-0.043,-0.001,2641,0
2251399,3.608,4.228,8.004,0.048,-0.033,-0.007,2641,0
2251419,3.563,4.211,8.025,0.059,-0.017,-0.016,2640,0
2251439,3.570,4.319,8.047,0.054,-0.014,-0.015,2640,0
2251459,3.577,4.348,8.164,0.048,-0.024,-0.007,2640,0
2251479,3.567,4.319,8.171,0.063,-0.048,-0.003,2639,0
2251499,3.601,4.240,8.088,0.056,-0.058,-0.010,2640,0
2251519,3.575,4.197,8.025,0.068,-0.041,-0.011,2640,0
2251539,3.541,4.259,8.035,0.080,-0.017,-0.018,2640,0
2251559,3.457,4.329,8.095,0.074,-0.013,-0.014,2640,0
2251579,3.462,4.389,8.147,0.068,-0.031,-0.006,2640,0
2251599,3.531,4.322,8.140,0.067,-0.049,-0.003,2640,0
2251619,3.534,4.283,8.088,0.080,-0.045,-0.009,2640,0
2251639,3.527,4.243,8.076,0.098,-0.036,-0.019,2640,0
2251659,3.500,4.384,8.076,0.107,-0.038,-0.025,2641,0
2251679,3.519,4.424,8.061,0.079,-0.057,-0.017,2640,0
2251699,3.601,4.369,8.016,0.065,-0.060,-0.017,2640,0
2251719,3.589,4.317,7.987,0.072,-0.045,-0.024,2641,0
2251739,3.584,4.314,8.016,0.079,-0.043,-0.030,2640,0
2251759,3.589,4.372,8.028,0.093,-0.038,-0.029,2640,0
2251779,3.517,4.446,8.042,0.076,-0.047,-0.020,2641,0
2251799,3.560,4.401,8.047,0.066,-0.058,-0.020,2640,0
2251819,3.560,4.381,7.966,0.061,-0.047,-0.026,2641,0
2251839,3.543,4.334,7.954,0.066,-0.031,-0.027,2640,0
2251859,3.539,4.429,8.023,0.094,-0.021,-0.030,2641,0
2251879,3.524,4.563,7.992,0.074,-0.021,-0.017,2640,0
2251899,3.503,4.525,7.992,0.049,-0.023,-0.005,2640,0
2251919,3.508,4.496,8.023,0.036,-0.042,0.001,2639,0
2251939,3.541,4.408,7.973,0.033,-0.039,0.004,2640,0
2251959,3.536,4.324,7.982,0.052,-0.017,-0.004,2638,0
2251979,3.565,4.381,8.009,0.064,-0.010,-0.008,2640,0
2251999,3.512,4.482,8.045,0.051,-0.012,-0.004,2640,0
2252019,3.541,4.458,8.083,0.040,-0.034,-0.003,2640,0
2252039,3.553,4.427,8.018,0.047,-0.034,-0.008,2639,0
2252059,3.543,4.353,7.970,0.054,-0.024,-0.014,2640,0
2252079,3.527,4.353,7.942,0.067,-0.008,-0.025,2640,0
2252099,3.503,4.515,7.980,0.051,-0.014,-0.017,2639,0
2252119,3.534,4.537,8.045,0.038,-0.020,-0.007,2640,0
2252139,3.543,4.527,8.033,0.047,-0.029,-0.003,2640,0
2252159,3.519,4.463,7.956,0.045,-0.021,-0.001,2640,0
2252285,3.476,4.472,8.001,0.036,-0.016,-0.002,2640,0
2252305,3.498,4.444,8.049,0.025,-0.025,0.002,2639,0
2252325,3.491,4.417,8.045,0.031,-0.024,0.005,2639,0
2252345,3.500,4.429,8.037,0.037,-0.030,0.012,2640,0
2252365,3.527,4.384,8.006,0.041,-0.015,0.007,2640,0
2252385,3.488,4.417,7.970,0.041,-0.002,0.002,2639,0
2252405,3.493,4.439,8.016,0.023,-0.016,0.006,2640,0
2252425,3.515,4.482,8.047,0.020,-0.017,0.011,2639,0
2252445,3.510,4.403,8.037,0.027,-0.013,0.006,2639,0
2252465,3.498,4.389,8.021,0.044,-0.006,-0.001,2640,0
2252485,3.452,4.446,8.049,0.043,-0.007,-0.002,2639,0
2252505,3.476,4.460,8.047,0.028,-0.022,0.005,2639,0
2252525,3.467,4.417,8.016,0.028,-0.014,0.007,2639,0
2252545,3.443,4.410,8.059,0.026,-0.010,0.008,2640,0
2252565,3.469,4.434,8.102,0.030,-0.014,0.015,2639,0
2252585,3.474,4.463,8.033,0.023,-0.018,0.020,2640,0
2252605,3.440,4.393,8.049,0.021,-0.019,0.015,2640,0
2252625,3.443,4.377,8.056,0.027,-0.023,0.011,2640,0
2252912,3.558,4.348,8.001,0.036,-0.038,0.005,2639,0
2252931,3.555,4.286,8.035,0.050,-0.027,-0.005,2640,0
2252951,3.527,4.360,8.064,0.061,-0.024,-0.013,2639,0
2252971,3.498,4.405,8.085,0.062,-0.025,-0.016,2639,0
2252991,3.433,4.465,8.040,0.052,-0.026,-0.009,2640,0
2253011,3.436,4.441,8.011,0.038,-0.028,-0.002,2639,0
2253031,3.417,4.393,8.054,0.042,-0.020,-0.005,2639,0
2253051,3.417,4.415,8.066,0.054,-0.013,-0.002,2639,0
2253071,3.402,4.475,8.097,0.051,-0.014,0.001,2639,0
2253091,3.436,4.436,8.095,0.043,-0.021,0.001,2638,0
2253111,3.440,4.436,8.023,0.037,-0.020,0.000,2639,0
2253132,3.433,4.429,8.097,0.024,-0.038,0.003,2640,0
2253151,3.486,4.348,8.145,0.042,-0.045,-0.005,2639,0
2253171,3.479,4.367,8.078,0.067,-0.042,-0.019,2639,0
2253191,3.433,4.444,8.073,0.059,-0.050,-0.026,2639,0
2253211,3.472,4.453,8.033,0.044,-0.051,-0.019,2639,0
2253231,3.481,4.453,8.009,0.046,-0.043,-0.018,2639,0
2253251,3.448,4.444,7.989,0.046,-0.035,-0.015,2639,0
2253271,3.481,4.429,8.045,0.045,-0.037,-0.009,2639,0
2253291,3.505,4.434,8.037,0.052,-0.028,-0.005,2638,0
2253311,3.519,4.288,8.076,0.064,-0.027,-0.018,2638,0
2253331,3.452,4.307,8.047,0.091,-0.015,-0.049,2638,0
2253351,3.349,4.494,8.135,0.055,-0.036,-0.034,2638,0
2253371,3.402,4.537,8.135,0.033,-0.059,-0.013,2638,0
2253391,3.412,4.537,8.097,0.043,-0.066,-0.014,2637,0
2253411,3.419,4.501,7.963,0.060,-0.053,-0.012,2638,0
2253431,3.409,4.477,7.906,0.058,-0.035,-0.011,2638,0
2253451,3.448,4.482,7.975,0.037,-0.031,-0.007,2638,0
2253471,3.481,4.489,8.090,0.025,-0.034,0.005,2638,0
2253491,3.517,4.439,8.112,0.026,-0.048,0.010,2638,0
2253511,3.539,4.379,8.049,0.046,-0.052,0.001,2638,0
2253531,3.488,4.365,8.025,0.053,-0.052,-0.013,2638,0
2253551,3.455,4.384,8.047,0.050,-0.048,-0.023,2638,0
2253571,3.426,4.470,8.033,0.044,-0.045,-0.022,2638,0
2253591,3.412,4.515,8.047,0.044,-0.048,-0.022,2638,0
2253611,3.436,4.484,8.028,0.049,-0.053,-0.020,2638,0
2253631,3.419,4.513,8.047,0.046,-0.050,-0.013,2638,0
2253651,3.455,4.460,7.994,0.039,-0.058,-0.006,2637,0
2253671,3.467,4.446,7.994,0.046,-0.049,-0.007,2638,0
2253691,3.481,4.451,7.987,0.038,-0.047,-0.006,2638,0
2253711,3.512,4.432,8.023,0.039,-0.044,0.001,2638,0
2253731,3.531,4.422,8.004,0.048,-0.036,-0.006,2639,0
2253751,3.505,4.463,7.980,0.043,-0.036,-0.007,2639,0
2253771,3.536,4.484,8.001,0.027,-0.044,0.000,2638,0
2253791,3.539,4.470,7.970,0.026,-0.039,-0.002,2638,0
2253811,3.536,4.441,7.961,0.036,-0.025,-0.006,2637,0
2253831,3.472,4.503,7.975,0.047,-0.012,-0.004,2638,0
2253851,3.428,4.549,8.037,0.025,-0.021,0.008,2639,0
2253871,3.455,4.460,8.066,0.018,-0.030,0.017,2639,0
2253891,3.460,4.389,8.061,0.028,-0.024,0.009,2639,0
2253911,3.428,4.417,8.045,0.039,-0.021,0.002,2639,0
2253931,3.424,4.422,8.112,0.041,-0.031,-0.001,2638,0
2253951,3.428,4.468,8.095,0.050,-0.037,-0.006,2639,0
2253971,3.443,4.480,8.052,0.041,-0.045,-0.006,2638,0
2253991,3.500,4.448,8.030,0.031,-0.049,-0.005,2638,0
2254011,3.476,4.453,8.009,0.038,-0.040,-0.008,2638,0
2254031,3.464,4.453,7.987,0.038,-0.036,-0.007,2638,0
2254051,3.522,4.429,8.001,0.040,-0.035,-0.009,2639,0
2254071,3.517,4.456,8.013,0.043,-0.037,-0.011,2639,0
2254091,3.524,4.470,8.035,0.042,-0.043,-0.009,2639,0
2254112,3.577,4.547,7.927,0.037,-0.038,0.000,2637,0
2254131,3.555,4.578,7.887,0.029,-0.024,0.013,2639,0
2254151,3.534,4.539,7.922,0.024,-0.015,0.030,2638,0
2254171,3.536,4.417,7.992,0.023,-0.010,0.039,2638,0
2254191,3.474,4.288,8.073,0.059,0.003,0.017,2638,0
2254212,3.381,4.393,8.116,0.044,-0.002,0.023,2638,0
2254231,3.388,4.300,8.147,0.039,-0.011,0.025,2638,0
2254251,3.381,4.355,8.114,0.055,-0.012,0.010,2637,0
2254271,3.373,4.434,8.112,0.042,-0.023,0.005,2638,0
2254292,3.385,4.439,8.092,0.046,-0.027,-0.006,2638,0
2254311,3.400,4.477,8.076,0.053,-0.031,-0.014,2638,0
2254331,3.452,4.441,8.040,0.041,-0.038,-0.016,2638,0
2254351,3.508,4.374,8.052,0.049,-0.039,-0.021,2638,0
2254371,3.539,4.410,8.037,0.065,-0.037,-0.027,2638,0
2254391,3.515,4.441,8.011,0.058,-0.038,-0.025,2638,0
2254411,3.519,4.494,7.985,0.052,-0.046,-0.016,2637,0
2254431,3.510,4.470,7.954,0.050,-0.041,-0.011,2638,0
2254451,3.498,4.453,7.980,0.060,-0.030,-0.009,2637,0
2254471,3.426,4.463,7.987,0.061,-0.015,-0.006,2639,0
2254491,3.412,4.477,8.030,0.060,-0.013,-0.005,2638,0
2254511,3.402,4.503,8.090,0.051,-0.027,-0.007,2638,0
2254531,3.431,4.511,8.066,0.053,-0.040,-0.009,2638,0
2254551,3.438,4.499,8.085,0.043,-0.045,-0.005,2638,0
2254571,3.455,4.396,7.999,0.054,-0.041,-0.013,2638,0
2254591,3.460,4.401,7.994,0.064,-0.033,-0.025,2638,0
2254611,3.469,4.420,7.994,0.057,-0.031,-0.030,2637,0
2254631,3.450,4.544,8.061,0.054,-0.036,-0.026,2637,0
2254651,3.455,4.549,8.061,0.033,-0.051,-0.014,2638,0
2254671,3.462,4.511,8.040,0.041,-0.055,-0.010,2636,0
2254691,3.448,4.477,7.963,0.052,-0.048,-0.014,2637,0
2254711,3.438,4.499,7.951,0.042,-0.038,-0.013,2637,0
2254731,3.431,4.527,8.028,0.035,-0.040,-0.007,2637,0
2254751,3.462,4.532,8.061,0.044,-0.048,-0.003,2637,0
2254771,3.452,4.499,8.054,0.049,-0.046,-0.001,2638,0
2254791,3.436,4.458,7.999,0.049,-0.048,-0.007,2637,0
2254811,3.450,4.444,7.989,0.052,-0.045,-0.010,2638,0
2254831,3.443,4.465,8.047,0.060,-0.041,-0.008,2637,0
2254851,3.455,4.489,8.011,0.057,-0.036,-0.006,2638,0
2254871,3.431,4.496,7.985,0.047,-0.028,-0.003,2639,0
2254892,3.452,4.515,7.980,0.046,-0.028,-0.003,2638,0
2254911,3.467,4.480,8.001,0.045,-0.033,-0.003,2636,0
2254931,3.510,4.511,8.001,0.048,-0.035,-0.001,2638,0
2254951,3.524,4.465,7.920,0.052,-0.027,-0.006,2639,0
2254971,3.546,4.551,7.846,0.047,-0.012,-0.005,2638,0
2254991,3.534,4.554,7.863,0.031,-0.003,0.006,2638,0
2255011,3.524,4.542,7.925,0.030,0.002,0.011,2640,0
2255032,3.510,4.513,8.006,0.039,-0.002,0.011,2638,0
2255051,3.472,4.501,8.073,0.044,-0.018,0.010,2639,0
2255071,3.450,4.496,8.054,0.046,-0.028,0.008,2638,0
2255091,3.417,4.484,7.963,0.042,-0.022,0.005,2638,0
2255111,3.381,4.489,7.985,0.043,-0.009,-0.005,2639,0
2255131,3.340,4.520,8.071,0.049,0.002,-0.008,2638,0
2255151,3.335,4.578,8.107,0.049,-0.015,-0.002,2639,0
2255171,3.373,4.508,8.090,0.044,-0.029,0.006,2638,0
2255191,3.405,4.475,8.042,0.038,-0.027,0.011,2640,0
2255211,3.424,4.405,8.001,0.042,-0.025,0.003,2638,0
2255232,3.443,4.456,8.018,0.043,-0.019,-0.006,2638,0
2255251,3.460,4.472,8.068,0.046,-0.022,-0.012,2639,0
2255271,3.448,4.563,8.112,0.061,-0.036,-0.018,2638,0
2255291,3.436,4.544,7.999,0.058,-0.054,-0.017,2638,0
2255311,3.450,4.544,7.934,0.054,-0.053,-0.014,2638,0
2255331,3.428,4.525,7.884,0.050,-0.033,-0.016,2639,0
2255351,3.402,4.551,7.946,0.049,-0.016,-0.014,2639,0
2255371,3.395,4.597,8.025,0.049,-0.017,-0.010,2639,0
2255391,3.390,4.583,8.035,0.044,-0.024,0.003,2638,0
2255411,3.426,4.532,8.085,0.028,-0.046,0.015,2638,0
2255431,3.448,4.398,8.030,0.040,-0.041,0.007,2638,0
2255451,3.417,4.405,8.013,0.061,-0.030,-0.014,2638,0
2255471,3.402,4.496,8.013,0.055,-0.022,-0.022,2639,0
2255491,3.417,4.575,8.066,0.043,-0.029,-0.014,2639,0
2255511,3.424,4.561,8.045,0.035,-0.040,-0.005,2638,0
2255531,3.440,4.518,7.927,0.046,-0.034,-0.003,2637,0
2255551,3.417,4.523,7.937,0.051,-0.022,-0.004,2637,0
2255571,3.417,4.539,8.001,0.045,-0.023,-0.005,2638,0
2255591,3.438,4.556,8.016,0.035,-0.027,0.001,2638,0
2255611,3.405,4.525,8.104,0.040,-0.038,0.004,2637,0
2255631,3.405,4.489,8.083,0.059,-0.049,-0.005,2638,0
2255651,3.364,4.527,8.021,0.055,-0.048,-0.010,2638,0
2255671,3.371,4.544,7.997,0.041,-0.045,-0.009,2638,0
2255691,3.371,4.556,7.994,0.050,-0.039,-0.013,2638,0
2255711,3.400,4.544,8.018,0.056,-0.038,-0.015,2638,0
2255731,3.431,4.573,8.001,0.060,-0.044,-0.009,2638,0
2255751,3.433,4.597,7.951,0.039,-0.054,0.005,2638,0
2255771,3.500,4.499,7.927,0.035,-0.050,0.007,2638,0
2255791,3.479,4.503,7.915,0.035,-0.037,0.003,2638,0
2255811,3.479,4.494,7.989,0.035,-0.037,-0.001,2638,0
2255831,3.452,4.549,8.045,0.042,-0.041,-0.003,2639,0
2255851,3.433,4.547,8.064,0.046,-0.049,-0.007,2638,0
2255871,3.393,4.535,8.059,0.044,-0.056,-0.005,2639,0
2255891,3.354,4.499,8.013,0.055,-0.052,-0.008,2639,0
2255911,3.326,4.501,8.045,0.048,-0.052,-0.010,2638,0
2255931,3.373,4.492,8.030,0.055,-0.050,-0.011,2638,0
2255951,3.407,4.527,8.013,0.060,-0.042,-0.012,2635,0
2255971,3.414,4.551,8.009,0.058,-0.042,-0.009,2638,0
2255991,3.452,4.585,7.977,0.045,-0.050,-0.003,2638,0
2256011,3.508,4.559,7.946,0.049,-0.057,-0.012,2639,0
2256031,3.541,4.597,7.925,0.052,-0.055,-0.016,2638,0
2256052,3.529,4.568,7.930,0.046,-0.055,-0.015,2638,0
2256071,3.570,4.542,7.889,0.053,-0.049,-0.017,2639,0
2256091,3.531,4.547,7.860,0.056,-0.035,-0.019,2639,0
2256111,3.515,4.580,7.884,0.051,-0.027,-0.018,2639,0
2256131,3.464,4.630,7.973,0.041,-0.034,-0.008,2639,0
2256151,3.481,4.573,8.016,0.046,-0.039,-0.003,2637,0
2256171,3.433,4.559,7.989,0.057,-0.033,-0.001,2639,0
2256191,3.371,4.525,7.946,0.055,-0.031,-0.004,2639,0
2256211,3.352,4.580,7.992,0.041,-0.031,-0.001,2639,0
2256231,3.385,4.547,8.052,0.038,-0.032,-0.003,2639,0
2256251,3.407,4.554,8.076,0.049,-0.038,-0.008,2638,0
2256271,3.448,4.575,8.025,0.056,-0.043,-0.009,2636,0
2256291,3.460,4.549,7.951,0.059,-0.043,-0.010,2638,0
2256311,3.469,4.583,7.901,0.052,-0.041,-0.010,2639,0
2256331,3.498,4.602,7.951,0.043,-0.037,-0.009,2639,0
2256351,3.472,4.659,7.951,0.035,-0.043,-0.007,2638,0
2256371,3.500,4.566,7.975,0.041,-0.046,-0.006,2638,0
2256391,3.496,4.616,7.915,0.057,-0.038,-0.010,2638,0
2256411,3.450,4.628,7.908,0.043,-0.036,-0.012,2638,0
2256431,3.450,4.635,7.930,0.034,-0.035,-0.009,2637,0
2256451,3.436,4.635,7.942,0.027,-0.035,-0.005,2638,0
2256472,3.438,4.575,7.987,0.028,-0.038,0.000,2638,0
2256491,3.443,4.554,7.987,0.042,-0.039,-0.001,2637,0
2256511,3.460,4.568,7.992,0.038,-0.044,0.000,2638,0
2256531,3.491,4.549,7.985,0.033,-0.047,0.001,2638,0
2256551,3.474,4.527,7.946,0.037,-0.037,-0.002,2638,0
2256571,3.438,4.535,7.956,0.041,-0.031,-0.011,2638,0
2256591,3.438,4.580,7.975,0.036,-0.033,-0.010,2638,0
2256611,3.479,4.614,7.977,0.026,-0.037,-0.004,2637,0
2256631,3.493,4.566,7.968,0.034,-0.038,-0.003,2638,0
2256651,3.493,4.571,7.898,0.042,-0.034,-0.007,2639,0
2256671,3.510,4.594,7.879,0.033,-0.028,-0.005,2637,0
2256723,3.486,4.580,8.011,0.031,-0.035,0.012,2637,0
2256733,3.474,4.542,8.030,0.034,-0.040,0.011,2637,0
2256782,3.431,4.527,7.898,0.046,-0.038,-0.010,2637,0
2257850,3.515,4.693,7.882,0.013,-0.027,0.003,2639,0
2257870,3.539,4.609,7.875,0.022,-0.024,0.009,2637,0
2257890,3.546,4.578,7.870,0.035,-0.009,0.005,2639,0
2257910,3.481,4.563,7.896,0.030,0.000,0.001,2637,0
2257930,3.443,4.640,7.939,0.018,-0.007,0.009,2638,0
2257950,3.436,4.642,8.009,0.013,-0.016,0.014,2637,0
2257970,3.433,4.606,7.980,0.028,-0.009,0.015,2637,0
2257990,3.428,4.583,7.910,0.040,-0.004,0.018,2638,0
2258010,3.419,4.590,7.863,0.032,0.003,0.024,2638,0
2258030,3.438,4.554,7.951,0.020,0.005,0.029,2638,0
2258050,3.486,4.592,8.023,0.031,0.002,0.029,2638,0
2258070,3.529,4.561,8.011,0.031,-0.007,0.031,2638,0
2258090,3.539,4.465,7.997,0.044,-0.013,0.014,2637,0
2258110,3.481,4.489,8.013,0.055,-0.022,-0.006,2638,0
2258130,3.428,4.501,8.047,0.046,-0.034,-0.007,2639,0
2258150,3.385,4.530,8.088,0.049,-0.043,-0.009,2637,0
2258170,3.400,4.396,8.045,0.055,-0.042,-0.019,2638,0
2258190,3.364,4.456,8.042,0.071,-0.033,-0.039,2637,0
2258210,3.326,4.575,8.068,0.070,-0.030,-0.044,2638,0
2258230,3.352,4.609,8.066,0.072,-0.038,-0.044,2638,0
2258250,3.354,4.635,8.049,0.073,-0.044,-0.036,2638,0
2258270,3.361,4.652,8.023,0.085,-0.056,-0.028,2639,0
2258290,3.397,4.705,7.992,0.099,-0.066,-0.007,2640,0
2258310,3.448,4.662,7.930,0.083,-0.069,-0.005,2640,0
2258330,3.493,4.559,7.896,0.090,-0.061,-0.018,2639,0
2258350,3.498,4.590,7.891,0.108,-0.053,-0.028,2640,0
2258370,3.498,4.652,7.944,0.100,-0.058,-0.028,2640,0
2258390,3.522,4.633,7.958,0.105,-0.064,-0.032,2639,0
2258410,3.500,4.635,7.867,0.114,-0.067,-0.037,2641,0
2258430,3.486,4.666,7.872,0.114,-0.067,-0.037,2640,0
2258450,3.508,4.671,7.875,0.124,-0.071,-0.041,2640,0
2258470,3.508,4.736,7.891,0.126,-0.080,-0.038,2640,0
2258490,3.519,4.726,7.836,0.126,-0.089,-0.025,2640,0
2258510,3.543,4.676,7.776,0.134,-0.086,-0.028,2640,0
2258530,3.548,4.700,7.743,0.141,-0.084,-0.038,2641,0
2258550,3.570,4.786,7.757,0.144,-0.078,-0.042,2641,0
2258570,3.577,4.865,7.807,0.158,-0.069,-0.037,2640,0
2258590,3.577,4.937,7.834,0.162,-0.078,-0.019,2641,0
2258610,3.639,4.913,7.743,0.157,-0.080,-0.006,2641,0
2258630,3.757,4.973,7.707,0.150,-0.062,-0.001,2640,0
2258793,4.259,5.811,8.444,0.031,-0.242,0.490,2640,0
2258813,4.657,6.007,8.844,-0.001,-0.257,0.554,2640,0
2258833,4.865,6.019,9.091,0.011,-0.346,0.602,2640,0
2258853,5.440,6.031,9.110,0.131,-0.447,0.607,2640,0
2258873,5.689,6.060,8.945,0.309,-0.514,0.577,2640,0
2258893,5.756,6.318,8.758,0.403,-0.590,0.551,2640,0
2258913,5.753,6.574,8.633,0.393,-0.682,0.615,2641,0
2258933,5.746,6.627,8.545,0.351,-0.803,0.741,2641,0
2258953,5.811,6.376,8.430,0.309,-0.912,0.860,2640,0
2258973,5.811,5.986,8.255,0.346,-1.005,0.938,2641,0
2258993,5.768,5.705,7.834,0.433,-1.076,0.979,2639,0
2259013,5.713,5.581,7.456,0.453,-1.107,1.031,2640,0
2259033,5.648,5.217,7.113,0.432,-1.136,1.119,2640,0
2259053,5.693,5.011,6.792,0.401,-1.115,1.185,2640,0
2259073,5.612,4.640,6.637,0.369,-1.079,1.220,2640,0
2259093,5.528,4.295,6.472,0.381,-1.107,1.217,2640,0
2259113,5.607,4.073,6.167,0.422,-1.151,1.199,2641,0
2259133,5.737,3.819,5.827,0.443,-1.143,1.178,2640,0
2259484,7.841,1.168,2.986,0.148,-0.163,0.271,2640,0
2259504,7.927,1.314,2.959,0.110,-0.109,0.219,2640,0
2259524,7.999,1.439,3.100,0.061,-0.026,0.179,2640,0
2259544,8.045,1.468,3.323,0.043,0.033,0.150,2640,0
2259564,8.104,1.518,3.548,0.071,0.084,0.104,2640,0
2259584,8.095,1.609,3.587,0.111,0.088,0.063,2640,0
2259604,8.198,1.709,3.512,0.104,0.097,0.034,2640,0
2259624,8.296,1.671,3.553,0.078,0.126,0.011,2640,0
2259644,8.435,1.664,3.642,0.075,0.157,-0.021,2640,0
2259664,8.526,1.683,3.780,0.081,0.188,-0.056,2640,0
2259684,8.586,1.743,3.886,0.106,0.193,-0.083,2640,0
2259704,8.674,1.820,3.926,0.110,0.187,-0.092,2639,0
2259724,8.760,1.832,4.092,0.074,0.180,-0.094,2640,0
2259744,8.871,1.844,4.259,0.051,0.169,-0.100,2639,0
2259764,8.897,1.870,4.458,0.055,0.159,-0.112,2638,0
2259784,8.885,1.985,4.511,0.069,0.142,-0.113,2639,0
2259804,8.914,1.925,4.542,0.064,0.100,-0.109,2639,0
2259824,8.894,1.879,4.451,0.058,0.063,-0.109,2639,0
2259844,8.911,1.939,4.417,0.034,0.049,-0.100,2638,0
2259864,8.844,1.894,4.432,-0.022,0.041,-0.072,2639,0
2259884,8.830,1.765,4.496,-0.052,0.033,-0.060,2639,0
2259904,8.748,1.714,4.448,-0.030,-0.001,-0.077,2638,0
2259924,8.727,1.736,4.247,0.004,-0.019,-0.107,2639,0
2259944,8.648,1.815,4.051,0.006,-0.006,-0.111,2639,0
2259964,8.581,1.860,4.108,-0.048,0.026,-0.097,2639,0
2259984,8.468,1.839,4.274,-0.082,0.058,-0.102,2639,0
2260004,8.344,1.834,4.305,-0.074,0.038,-0.116,2639,0
2260024,8.282,1.834,4.185,-0.047,0.014,-0.145,2639,0
2260044,8.253,1.939,4.034,-0.037,0.041,-0.168,2639,0
2260064,8.231,2.116,4.142,-0.070,0.109,-0.147,2639,0
2260099,8.061,2.002,4.357,-0.127,0.135,-0.129,2639,0
2260109,8.030,1.923,4.357,-0.124,0.130,-0.132,2639,0
2260124,8.066,1.889,4.283,-0.083,0.136,-0.161,2639,0
2260144,8.064,2.037,4.293,-0.031,0.185,-0.217,2638,0
2260164,7.987,2.346,4.470,-0.010,0.203,-0.237,2639,0
2260184,8.102,2.531,4.554,-0.044,0.202,-0.206,2640,0
2260204,8.162,2.406,4.583,-0.048,0.174,-0.185,2639,0
2260224,8.315,2.373,4.480,0.010,0.165,-0.200,2640,0
2260244,8.401,2.504,4.448,0.029,0.186,-0.203,2639,0
2260264,8.447,2.610,4.544,0.018,0.182,-0.186,2638,0
2260284,8.531,2.624,4.606,0.039,0.153,-0.175,2639,0
2260304,8.622,2.737,4.561,0.077,0.140,-0.172,2639,0
2260324,8.636,2.871,4.580,0.083,0.152,-0.143,2638,0
2260344,8.643,2.902,4.743,0.082,0.133,-0.109,2639,0
2260364,8.724,2.940,4.769,0.096,0.105,-0.082,2638,0
2260384,8.756,2.942,4.796,0.106,0.092,-0.066,2639,0
2260404,8.787,2.940,4.896,0.118,0.075,-0.030,2638,0
2260424,8.789,2.892,5.049,0.110,0.072,0.011,2638,0
2260444,8.732,2.789,5.246,0.102,0.054,0.050,2638,0
2260464,8.657,2.653,5.394,0.115,-0.011,0.077,2639,0
2260484,8.607,2.588,5.341,0.125,-0.095,0.098,2638,0
2260504,8.571,2.521,5.148,0.090,-0.135,0.131,2637,0
2260693,8.375,2.325,4.276,0.023,-0.170,0.083,2638,0
2260713,8.425,2.289,4.403,0.008,-0.192,0.074,2638,0
2260733,8.449,2.342,4.307,0.019,-0.193,0.056,2638,0
2260753,8.420,2.418,4.183,0.027,-0.171,0.040,2639,0
2260773,8.368,2.497,4.147,0.034,-0.156,0.033,2638,0
2260793,8.408,2.528,4.302,0.031,-0.197,0.032,2639,0
2260813,8.526,2.447,4.262,0.073,-0.234,0.015,2639,0
2260833,8.600,2.500,4.156,0.096,-0.205,0.008,2639,0
2260853,8.557,2.555,4.130,0.058,-0.148,0.012,2640,0
2260873,8.418,2.614,4.266,0.086,-0.144,0.002,2640,0
2260893,8.380,2.763,4.408,0.057,-0.192,0.023,2640,0
2260913,8.437,2.696,4.322,0.039,-0.222,0.052,2640,0
2260933,8.540,2.567,4.283,0.052,-0.227,0.038,2640,0
2260953,8.483,2.428,4.152,0.052,-0.182,0.010,2641,0
2260973,8.358,2.375,4.233,0.017,-0.176,0.018,2645,0
2260993,8.404,2.219,4.286,0.089,-0.153,-0.031,2644,0
2261013,8.399,2.253,4.367,0.142,-0.151,-0.030,2646,0
2261033,8.550,2.095,4.681,0.208,-0.106,-0.039,2653,0
2261053,8.648,1.810,4.451,0.280,0.005,-0.107,2690,0
2261073,8.720,1.709,4.269,0.332,0.182,-0.165,2761,0
2261323,8.825,2.504,4.293,0.492,0.086,0.176,3189,4095
2261343,9.012,2.433,4.132,0.412,0.129,0.064,3178,4095
2261363,9.230,2.155,4.247,0.433,0.094,0.057,3168,4095
2261383,8.641,2.775,4.436,0.430,0.118,-0.019,3161,4095
2261403,8.739,2.729,4.142,0.301,0.023,0.061,3154,4095
2261423,8.650,2.349,4.113,0.217,0.013,0.051,3149,4095
2261443,8.780,2.433,3.996,0.203,0.005,0.027,3144,4095
2261463,8.808,2.195,3.824,0.308,0.241,-0.059,3141,4095
2261483,8.097,3.129,4.252,0.264,0.250,-0.046,3141,4095
2261503,7.815,2.935,4.276,0.122,0.041,0.048,3135,4095
2261523,8.320,2.643,3.934,0.067,-0.110,0.063,3133,4095
2261543,8.636,2.468,3.694,0.050,0.019,0.057,3126,4095
2261563,8.399,2.986,4.118,0.103,0.179,-0.015,3123,4095
2261583,7.937,3.179,4.585,0.098,0.135,0.022,3118,4095
2261603,8.030,3.172,4.489,0.072,-0.049,0.029,3117,4095
2261623,8.382,2.940,4.041,0.035,-0.110,0.067,3114,4095
2261643,8.622,2.885,3.934,0.043,0.066,0.041,3109,4095
2261663,8.384,2.667,4.077,0.064,0.177,-0.011,3108,4095
2261683,8.064,2.966,4.422,0.054,0.098,-0.021,3106,4095
2261703,8.176,2.830,4.199,0.030,-0.056,0.007,3103,4095
2261723,8.578,2.523,3.953,0.045,0.031,-0.023,3102,4095
2261743,8.622,2.710,3.962,0.047,0.098,-0.062,3098,4095
2261763,8.047,3.084,4.405,0.026,0.146,-0.032,3096,4095
2261783,8.361,2.851,4.520,0.008,0.045,-0.015,3093,4095
2261803,8.413,3.024,4.348,0.049,-0.018,-0.031,3090,4095
2261823,8.485,2.851,4.439,0.027,0.006,-0.029,3088,4095
2261843,8.631,3.141,4.290,0.080,0.038,-0.067,3088,4095
2261863,8.042,3.287,4.360,0.015,0.041,0.002,3087,4095
2261883,8.380,2.665,4.369,0.004,-0.024,0.017,3087,4095
2261903,8.332,2.904,4.168,0.085,-0.064,-0.038,3084,4095
2261923,8.243,2.868,4.166,0.072,-0.034,-0.030,3083,4095
2261957,8.346,3.215,4.192,0.043,0.007,-0.039,3082,4095
2261966,8.279,3.057,4.286,0.014,0.001,-0.002,3078,4095
2261983,8.150,2.775,4.360,0.019,-0.026,0.028,3073,4095
2262003,8.480,2.758,4.257,0.079,0.003,-0.034,3072,4095
2262023,8.236,3.000,4.142,0.083,0.019,-0.042,3071,4095
2262043,8.104,2.897,4.401,0.042,0.005,-0.020,3070,4095
2262063,8.389,2.990,4.331,0.060,-0.008,-0.050,3069,4095
2262083,8.205,3.017,4.264,0.058,-0.011,-0.042,3068,4095
2262103,8.241,2.914,4.444,0.062,0.021,-0.032,3066,4095
2262123,8.490,2.933,4.379,0.122,0.035,-0.072,3066,4095
2262143,8.064,3.237,4.398,0.087,-0.004,-0.040,3065,4095
2262163,8.109,3.062,4.530,0.063,-0.034,-0.018,3066,4095
2262183,8.523,3.007,4.360,0.045,-0.030,-0.036,3064,4095
2262203,8.210,2.983,4.302,0.056,-0.026,-0.033,3062,4095
2262223,8.100,3.048,4.408,0.042,-0.023,-0.009,3062,4095
2262243,8.521,2.981,4.211,0.059,0.009,-0.052,3060,4095
2262263,8.169,3.256,4.211,0.048,0.009,-0.053,3059,4095
2262283,8.167,3.002,4.415,0.027,0.002,-0.038,3056,4095
2262303,8.487,3.050,4.283,0.041,-0.010,-0.071,3057,4095
2262323,8.157,3.225,4.357,0.055,-0.013,-0.041,3056,4095
2262343,8.224,3.141,4.413,0.034,-0.006,-0.016,3059,4095
2262363,8.447,3.081,4.322,0.035,0.029,-0.012,3056,4095
2262383,8.088,3.328,4.705,0.050,-0.015,-0.009,3056,4095
2262403,8.241,3.077,4.508,0.074,-0.090,-0.021,3055,4095
2262423,8.102,3.419,4.369,0.026,-0.150,-0.002,3055,4095
2262443,8.698,3.012,3.922,-0.030,-0.065,-0.040,3054,4095
2262463,8.308,3.065,4.094,-0.031,0.043,-0.072,3054,4095
2262483,8.147,3.055,4.355,-0.006,0.095,-0.087,3054,4095
2262503,8.413,3.127,4.319,0.003,0.075,-0.129,3053,4095
2262523,8.298,2.806,4.216,-0.072,0.107,-0.185,3055,4095
2262543,8.519,3.048,4.080,-0.270,0.179,-0.357,3059,4095
2262563,7.456,2.904,4.841,-0.424,0.069,-0.349,3070,4028
2262583,7.657,3.270,5.006,-0.537,-0.221,-0.210,3087,3434
2262603,7.345,3.345,4.963,-0.682,-0.436,-0.071,3097,1578
2262623,7.769,3.208,5.423,-0.985,-0.841,0.035,3116,0
2262643,7.791,1.156,3.740,-1.207,-1.130,-0.277,3130,0
2262663,9.802,1.755,3.110,-1.085,-0.460,-0.810,3125,0
2262683,8.289,4.286,4.140,-1.001,0.028,-0.764,3065,0
2262703,7.731,3.713,3.898,-1.088,0.131,-0.374,2967,0
2262723,7.738,4.053,3.591,-1.081,0.092,-0.039,2849,0
2262743,8.238,2.339,2.449,-1.039,0.446,-0.022,2733,0
2262763,9.182,2.777,2.550,-0.835,1.557,0.056,2670,0
2262783,7.793,3.627,5.409,-1.471,2.163,0.451,2641,0
2262803,8.100,1.144,9.232,-1.438,1.115,0.475,2588,0
2262823,6.934,0.335,7.190,-0.751,0.133,0.001,2555,0
2262843,7.673,2.646,6.965,0.057,-0.181,-0.145,2542,0
2262863,7.235,2.674,6.795,0.263,-0.228,-0.160,2533,0
2262883,7.678,3.481,6.493,0.212,-0.367,-0.010,2524,0
2262903,7.140,2.928,6.000,0.051,-0.502,0.022,2526,0
2262923,8.102,2.974,5.847,0.068,-0.578,0.107,2528,0
2262943,7.793,1.894,5.406,0.040,-0.521,0.073,2533,0
2262963,8.533,2.574,4.779,0.219,-0.274,0.091,2538,0
2262983,7.391,1.966,4.925,0.105,-0.136,0.059,2541,0
2263003,8.181,2.650,4.537,0.112,-0.090,0.094,2544,0
2263023,6.984,1.810,5.605,-0.078,-0.225,0.111,2549,0
2263043,8.531,1.937,5.456,0.126,-0.326,0.090,2558,0
2263063,7.793,1.559,5.567,0.109,-0.253,0.061,2559,0
2263083,8.808,1.827,4.800,0.229,-0.040,-0.035,2561,0
2263103,7.420,2.437,4.968,0.089,0.125,-0.010,2578,0
2263123,7.807,1.836,5.212,0.023,-0.060,-0.028,2583,0
2263143,8.291,2.263,5.638,0.059,-0.093,0.023,2588,0
2263163,7.839,1.571,5.466,0.051,-0.055,-0.031,2591,0
2263183,8.744,2.428,5.045,0.181,0.053,-0.046,2593,0
2263203,7.113,2.069,5.392,0.023,0.060,-0.044,2596,0
2263223,8.581,2.421,4.968,0.118,-0.050,-0.047,2598,0
2263243,7.432,2.069,5.710,-0.005,-0.082,-0.011,2605,0
2263263,8.660,2.133,5.040,0.150,-0.066,-0.056,2607,0
2263283,7.630,2.576,5.638,0.066,-0.031,0.011,2611,0
2263303,8.145,1.932,5.179,0.078,-0.126,-0.019,2615,0
2263323,8.150,2.593,5.337,0.080,-0.081,0.039,2620,0
2263343,7.681,1.690,5.136,0.035,-0.140,-0.022,2623,0
2263363,8.296,2.380,5.001,0.128,-0.054,-0.018,2626,0
2263383,8.045,2.186,5.136,0.060,-0.035,-0.007,2628,0
2263403,7.954,2.200,5.126,0.078,-0.031,-0.008,2629,0
2263423,7.922,2.284,5.064,0.078,-0.055,-0.021,2630,0
2263443,7.958,2.222,5.124,0.063,-0.060,-0.029,2633,0
2263463,8.011,2.198,5.116,0.075,-0.051,-0.027,2636,0
2263483,8.047,2.263,5.119,0.096,-0.037,-0.027,2638,0
2263503,8.042,2.310,5.095,0.096,-0.019,-0.024,2638,0
2263523,8.004,2.349,5.133,0.086,-0.036,-0.022,2640,0
2263543,8.073,2.296,5.198,0.084,-0.051,-0.014,2640,0
2263563,8.080,2.306,5.157,0.105,-0.037,-0.011,2640,0
2263583,8.047,2.382,5.152,0.117,-0.020,-0.007,2641,0
2263603,7.937,2.447,5.061,0.099,-0.029,-0.011,2644,0
2263623,7.949,2.418,5.160,0.070,-0.070,-0.021,2648,0
2263643,8.068,2.239,5.186,0.087,-0.069,-0.027,2651,0
2263663,8.037,2.320,5.133,0.114,-0.037,-0.025,2651,0
2263683,8.023,2.368,5.133,0.105,-0.038,-0.027,2651,0
2263703,8.006,2.373,5.191,0.085,-0.052,-0.030,2651,0
2263723,8.056,2.356,5.133,0.078,-0.074,-0.018,2654,0
2263743,8.080,2.349,5.116,0.075,-0.058,-0.009,2656,0
2263763,8.092,2.375,5.102,0.082,-0.046,-0.006,2655,0
2263783,8.088,2.409,5.102,0.088,-0.036,0.003,2657,0
2263803,8.073,2.440,5.061,0.072,-0.048,0.009,2656,0
2263823,8.085,2.409,5.104,0.048,-0.056,0.004,2657,0
2263843,8.102,2.356,5.109,0.036,-0.061,-0.006,2658,0
2263863,8.112,2.339,5.083,0.055,-0.051,-0.017,2657,0
2263883,8.073,2.363,5.069,0.068,-0.035,-0.024,2659,0
2263903,8.028,2.468,5.033,0.056,-0.043,-0.019,2659,0
2263923,8.025,2.425,5.057,0.048,-0.049,-0.013,2660,0
2263943,8.028,2.435,5.001,0.058,-0.055,-0.015,2659,0
2263963,7.994,2.514,4.999,0.051,-0.060,-0.009,2659,0
2263983,8.052,2.461,5.047,0.038,-0.059,-0.002,2661,0
2264003,8.052,2.421,4.961,0.062,-0.030,-0.009,2662,0
2264023,7.980,2.512,4.975,0.084,-0.015,-0.024,2658,0
2264043,7.942,2.607,5.013,0.070,-0.034,-0.017,2660,0
2264063,8.006,2.478,5.018,0.051,-0.039,-0.003,2661,0
2264083,8.045,2.466,5.080,0.073,-0.029,-0.001,2661,0
2264103,8.059,2.471,5.112,0.093,-0.025,0.002,2661,0
2264123,8.071,2.538,5.090,0.087,-0.028,0.018,2660,0
2264340,8.066,2.413,5.047,0.051,-0.033,-0.002,2662,0
2264360,8.112,2.363,5.033,0.039,-0.024,-0.007,2664,0
2264380,8.080,2.392,5.030,0.038,-0.013,-0.019,2662,0
2264400,8.064,2.430,5.066,0.035,-0.022,-0.031,2662,0
2264420,8.068,2.492,5.114,0.046,-0.021,-0.028,2663,0
2264440,8.023,2.564,5.109,0.051,-0.021,-0.017,2663,0
2264460,8.049,2.567,5.054,0.046,-0.044,-0.003,2663,0
2264480,8.080,2.476,5.049,0.035,-0.040,0.006,2663,0
