788814,-8.277,2.097,4.635,0.030,-0.030,0.002,2544,0
788834,-8.282,2.085,4.623,0.042,-0.033,-0.000,2545,0
788854,-8.279,2.109,4.616,0.050,-0.035,-0.003,2543,0
788874,-8.272,2.119,4.587,0.039,-0.039,-0.000,2544,0
788894,-8.236,2.105,4.585,0.026,-0.037,-0.001,2544,0
788914,-8.289,2.057,4.606,0.031,-0.031,-0.002,2544,0
788934,-8.339,2.076,4.640,0.041,-0.030,-0.006,2544,0
788954,-8.365,2.116,4.616,0.047,-0.041,-0.008,2544,0
788974,-8.315,2.119,4.571,0.050,-0.041,-0.010,2544,0
788994,-8.272,2.131,4.539,0.042,-0.031,-0.007,2544,0
789014,-8.231,2.128,4.583,0.033,-0.023,-0.007,2545,0
789034,-8.231,2.109,4.630,0.034,-0.024,-0.009,2544,0
789054,-8.289,2.116,4.647,0.045,-0.032,-0.011,2544,0
789074,-8.291,2.162,4.606,0.049,-0.041,-0.009,2545,0
789094,-8.289,2.184,4.573,0.034,-0.041,-0.003,2546,0
789114,-8.303,2.150,4.575,0.022,-0.032,0.003,2544,0
789134,-8.286,2.083,4.618,0.029,-0.021,0.003,2545,0
789154,-8.289,2.102,4.611,0.047,-0.021,-0.002,2544,0
789174,-8.349,2.133,4.645,0.049,-0.032,-0.004,2544,0
789194,-8.346,2.150,4.621,0.033,-0.039,-0.001,2544,0
789214,-8.308,2.131,4.566,0.020,-0.034,0.001,2544,0
789234,-8.286,2.102,4.580,0.022,-0.021,0.003,2545,0
789254,-8.270,2.090,4.604,0.034,-0.016,0.002,2543,0
789274,-8.272,2.090,4.638,0.046,-0.022,0.000,2544,0
789294,-8.305,2.112,4.645,0.046,-0.033,-0.001,2545,0
789314,-8.303,2.140,4.645,0.037,-0.038,0.001,2545,0
789334,-8.310,2.124,4.614,0.026,-0.037,0.002,2544,0
789354,-8.305,2.107,4.618,0.024,-0.033,0.004,2545,0
789374,-8.301,2.093,4.599,0.031,-0.029,0.002,2545,0
789394,-8.317,2.112,4.599,0.037,-0.029,0.000,2545,0
789414,-8.296,2.136,4.614,0.035,-0.030,0.003,2544,0
789434,-8.282,2.126,4.606,0.033,-0.032,0.004,2544,0
789454,-8.274,2.124,4.626,0.030,-0.028,0.004,2544,0
789474,-8.265,2.107,4.618,0.029,-0.025,0.003,2545,0
789494,-8.277,2.071,4.642,0.035,-0.026,0.001,2544,0
789514,-8.265,2.107,4.633,0.037,-0.031,-0.000,2545,0
789534,-8.234,2.102,4.602,0.030,-0.034,0.003,2546,0
789554,-8.260,2.085,4.618,0.028,-0.032,-0.001,2545,0
789574,-8.341,2.071,4.652,0.023,-0.030,-0.003,2544,0
789594,-8.351,2.059,4.638,0.025,-0.035,-0.004,2545,0
789614,-8.325,2.081,4.604,0.037,-0.043,-0.007,2545,0
789634,-8.282,2.100,4.549,0.044,-0.034,-0.009,2545,0
789654,-8.253,2.119,4.535,0.035,-0.021,-0.008,2544,0
789674,-8.260,2.131,4.611,0.023,-0.014,-0.007,2545,0
789694,-8.274,2.097,4.652,0.023,-0.023,-0.006,2544,0
789714,-8.291,2.126,4.633,0.038,-0.034,-0.005,2544,0
789734,-8.289,2.143,4.590,0.036,-0.038,-0.003,2545,0
789754,-8.286,2.140,4.594,0.029,-0.032,0.001,2545,0
789774,-8.277,2.093,4.599,0.035,-0.023,0.002,2545,0
789794,-8.265,2.119,4.633,0.048,-0.022,0.001,2545,0
789814,-8.320,2.143,4.638,0.050,-0.030,0.001,2545,0
789834,-8.349,2.119,4.597,0.035,-0.041,0.001,2544,0
789854,-8.301,2.124,4.602,0.026,-0.038,0.002,2543,0
789874,-8.260,2.085,4.554,0.029,-0.027,0.001,2545,0
789894,-8.274,2.088,4.585,0.035,-0.021,0.001,2545,0
789914,-8.277,2.076,4.597,0.040,-0.023,-0.000,2544,0
789934,-8.298,2.083,4.585,0.043,-0.028,-0.003,2545,0
789954,-8.303,2.126,4.561,0.037,-0.032,-0.004,2544,0
789974,-8.313,2.131,4.563,0.028,-0.033,-0.004,2544,0
789994,-8.329,2.114,4.585,0.021,-0.029,-0.002,2544,0
790014,-8.327,2.083,4.614,0.033,-0.027,-0.001,2544,0
790034,-8.317,2.119,4.583,0.047,-0.024,-0.002,2543,0
790054,-8.310,2.128,4.621,0.040,-0.025,0.001,2544,0
790074,-8.286,2.119,4.628,0.029,-0.026,0.006,2544,0
790094,-8.265,2.090,4.626,0.029,-0.025,0.006,2544,0
790114,-8.258,2.095,4.652,0.040,-0.030,0.003,2544,0
790134,-8.272,2.105,4.645,0.041,-0.037,0.002,2544,0
790154,-8.243,2.097,4.585,0.036,-0.038,0.002,2544,0
790174,-8.286,2.088,4.626,0.032,-0.032,0.002,2545,0
790194,-8.353,2.052,4.626,0.034,-0.033,0.000,2544,0
790214,-8.351,2.052,4.611,0.041,-0.042,-0.005,2544,0
790234,-8.284,2.066,4.563,0.051,-0.041,-0.006,2544,0
790254,-8.246,2.093,4.527,0.049,-0.030,-0.009,2544,0
790274,-8.234,2.097,4.556,0.037,-0.021,-0.009,2544,0
790294,-8.272,2.071,4.616,0.033,-0.025,-0.007,2545,0
790314,-8.301,2.085,4.626,0.044,-0.036,-0.010,2544,0
790334,-8.313,2.126,4.602,0.050,-0.042,-0.012,2546,0
790354,-8.322,2.157,4.561,0.039,-0.037,-0.006,2544,0
790374,-8.296,2.112,4.547,0.033,-0.023,-0.001,2545,0
790394,-8.265,2.073,4.628,0.046,-0.020,-0.002,2544,0
790414,-8.274,2.090,4.611,0.057,-0.029,-0.008,2544,0
790434,-8.332,2.136,4.592,0.049,-0.041,-0.005,2543,0
790454,-8.329,2.126,4.583,0.038,-0.045,-0.006,2544,0
790474,-8.296,2.109,4.575,0.035,-0.035,-0.004,2544,0
790494,-8.272,2.105,4.585,0.042,-0.025,-0.002,2546,0
790514,-8.277,2.105,4.583,0.048,-0.023,-0.004,2544,0
790534,-8.296,2.107,4.640,0.052,-0.028,-0.006,2545,0
790554,-8.301,2.124,4.611,0.052,-0.034,-0.007,2544,0
790574,-8.313,2.124,4.616,0.046,-0.040,-0.006,2544,0
790594,-8.322,2.128,4.587,0.034,-0.035,-0.004,2544,0
790614,-8.301,2.081,4.587,0.032,-0.030,-0.001,2545,0
790634,-8.298,2.088,4.609,0.046,-0.031,-0.001,2545,0
790654,-8.317,2.102,4.614,0.055,-0.034,-0.002,2544,0
790674,-8.294,2.112,4.594,0.051,-0.034,-0.002,2544,0
790694,-8.270,2.102,4.609,0.041,-0.029,0.000,2544,0
790714,-8.270,2.085,4.626,0.040,-0.029,-0.003,2544,0
790734,-8.267,2.093,4.654,0.038,-0.035,-0.003,2545,0
790754,-8.250,2.069,4.606,0.041,-0.041,-0.003,2545,0
790774,-8.279,2.090,4.606,0.043,-0.042,-0.005,2545,0
790794,-8.351,2.093,4.614,0.033,-0.038,-0.004,2545,0
790814,-8.351,2.071,4.618,0.031,-0.041,-0.008,2544,0
790834,-8.329,2.076,4.585,0.040,-0.044,-0.011,2544,0
790854,-8.294,2.105,4.559,0.045,-0.036,-0.014,2544,0
790874,-8.274,2.102,4.583,0.038,-0.027,-0.013,2546,0
790894,-8.289,2.126,4.604,0.031,-0.023,-0.009,2544,0
790914,-8.279,2.112,4.616,0.040,-0.032,-0.010,2544,0
790934,-8.279,2.148,4.604,0.049,-0.040,-0.008,2544,0
790954,-8.291,2.162,4.583,0.044,-0.038,-0.003,2544,0
790974,-8.286,2.143,4.566,0.036,-0.026,0.003,2545,0
790994,-8.272,2.100,4.628,0.043,-0.021,0.004,2545,0
791014,-8.282,2.085,4.669,0.056,-0.030,0.000,2544,0
791034,-8.313,2.119,4.635,0.056,-0.042,-0.004,2545,0
791054,-8.327,2.121,4.604,0.041,-0.044,-0.003,2544,0
791074,-8.313,2.095,4.592,0.037,-0.037,-0.002,2545,0
791094,-8.277,2.076,4.559,0.045,-0.026,-0.001,2544,0
791114,-8.272,2.069,4.616,0.054,-0.027,-0.003,2542,0
791134,-8.272,2.081,4.604,0.054,-0.034,-0.007,2545,0
791154,-8.282,2.105,4.606,0.048,-0.035,-0.008,2544,0
791174,-8.317,2.112,4.585,0.044,-0.033,-0.009,2544,0
791194,-8.315,2.133,4.602,0.038,-0.033,-0.010,2545,0
791214,-8.322,2.105,4.609,0.037,-0.029,-0.007,2544,0
791234,-8.337,2.100,4.606,0.040,-0.027,-0.006,2544,0
791254,-8.315,2.107,4.628,0.046,-0.029,-0.004,2543,0
791274,-8.301,2.116,4.633,0.046,-0.030,-0.003,2544,0
791294,-8.265,2.109,4.642,0.042,-0.029,-0.003,2544,0
791314,-8.272,2.109,4.659,0.043,-0.029,-0.003,2544,0
791334,-8.253,2.107,4.664,0.046,-0.034,-0.003,2545,0
791354,-8.258,2.073,4.592,0.046,-0.039,-0.005,2546,0
791374,-8.286,2.090,4.602,0.048,-0.042,-0.005,2544,0
791394,-8.349,2.105,4.618,0.040,-0.041,-0.006,2545,0
791414,-8.361,2.090,4.611,0.038,-0.044,-0.008,2544,0
791434,-8.332,2.100,4.568,0.044,-0.044,-0.009,2544,0
791454,-8.303,2.078,4.559,0.047,-0.035,-0.010,2544,0
791474,-8.284,2.088,4.561,0.044,-0.028,-0.011,2544,0
791494,-8.284,2.116,4.604,0.039,-0.025,-0.013,2544,0
791514,-8.286,2.133,4.606,0.041,-0.028,-0.011,2544,0
791534,-8.286,2.155,4.590,0.041,-0.035,-0.009,2544,0
791554,-8.289,2.150,4.573,0.034,-0.039,-0.002,2544,0
791574,-8.303,2.138,4.604,0.025,-0.034,0.001,2544,0
791594,-8.279,2.088,4.618,0.032,-0.026,0.002,2544,0
791614,-8.286,2.078,4.645,0.052,-0.027,-0.002,2544,0
791634,-8.301,2.136,4.630,0.052,-0.035,-0.003,2544,0
791654,-8.337,2.143,4.609,0.034,-0.043,-0.002,2545,0
791674,-8.315,2.100,4.602,0.024,-0.041,-0.001,2544,0
791694,-8.291,2.078,4.563,0.030,-0.029,0.000,2544,0
791714,-8.272,2.066,4.561,0.045,-0.024,-0.003,2544,0
791734,-8.289,2.085,4.597,0.050,-0.028,-0.005,2545,0
791754,-8.277,2.109,4.606,0.047,-0.033,-0.005,2544,0
791774,-8.298,2.126,4.616,0.035,-0.034,-0.005,2545,0
791794,-8.298,2.128,4.571,0.025,-0.035,-0.002,2544,0
791814,-8.294,2.085,4.590,0.026,-0.035,0.000,2544,0
791834,-8.301,2.059,4.597,0.040,-0.033,-0.003,2543,0
791854,-8.310,2.095,4.602,0.051,-0.030,-0.004,2544,0
791874,-8.313,2.140,4.609,0.048,-0.029,0.001,2544,0
791894,-8.315,2.119,4.618,0.040,-0.028,0.005,2543,0
791914,-8.294,2.085,4.621,0.043,-0.026,0.003,2544,0
791934,-8.284,2.085,4.671,0.055,-0.022,0.002,2544,0
791954,-8.231,2.090,4.640,0.058,-0.027,0.001,2544,0
791974,-8.241,2.097,4.652,0.055,-0.032,-0.002,2543,0
791994,-8.274,2.107,4.666,0.044,-0.036,-0.002,2544,0
792014,-8.320,2.116,4.638,0.028,-0.043,-0.002,2544,0
792034,-8.329,2.054,4.580,0.028,-0.052,-0.003,2544,0
792054,-8.325,2.028,4.511,0.048,-0.046,-0.005,2545,0
792074,-8.298,2.042,4.511,0.062,-0.029,-0.009,2544,0
792094,-8.289,2.090,4.539,0.057,-0.017,-0.012,2543,0
792114,-8.317,2.105,4.618,0.040,-0.013,-0.012,2544,0
792134,-8.310,2.138,4.652,0.025,-0.024,-0.011,2544,0
792154,-8.303,2.152,4.606,0.017,-0.040,-0.012,2544,0
792174,-8.286,2.152,4.561,0.012,-0.044,-0.008,2545,0
792194,-8.303,2.119,4.551,0.018,-0.034,-0.006,2544,0
792214,-8.296,2.095,4.602,0.045,-0.018,-0.004,2545,0
792234,-8.317,2.140,4.633,0.066,-0.016,-0.004,2544,0
792254,-8.358,2.172,4.678,0.059,-0.025,-0.002,2544,0
792274,-8.358,2.172,4.659,0.037,-0.039,0.002,2544,0
792294,-8.296,2.121,4.635,0.026,-0.044,0.005,2544,0
792314,-8.274,2.102,4.594,0.033,-0.041,0.005,2544,0
792334,-8.277,2.109,4.583,0.046,-0.036,0.004,2544,0
792354,-8.272,2.109,4.585,0.051,-0.035,0.006,2544,0
792374,-8.322,2.100,4.578,0.052,-0.037,0.004,2545,0
792394,-8.320,2.088,4.559,0.046,-0.039,0.002,2544,0
792414,-8.305,2.095,4.544,0.030,-0.038,0.004,2545,0
792434,-8.327,2.076,4.592,0.026,-0.034,0.002,2543,0
792454,-8.325,2.057,4.587,0.031,-0.034,-0.004,2544,0
792474,-8.315,2.093,4.587,0.036,-0.029,-0.005,2544,0
792494,-8.296,2.112,4.578,0.033,-0.025,-0.002,2544,0
792514,-8.294,2.107,4.614,0.026,-0.018,-0.002,2544,0
792534,-8.267,2.100,4.647,0.030,-0.021,0.001,2545,0
792554,-8.255,2.097,4.666,0.037,-0.031,-0.002,2544,0
792574,-8.253,2.138,4.614,0.036,-0.036,-0.003,2545,0
792594,-8.234,2.114,4.583,0.029,-0.038,-0.001,2544,0
792614,-8.260,2.085,4.626,0.035,-0.033,-0.001,2545,0
792634,-8.341,2.076,4.678,0.039,-0.036,-0.002,2545,0
792654,-8.363,2.112,4.628,0.042,-0.046,-0.005,2544,0
792674,-8.349,2.105,4.575,0.042,-0.047,-0.004,2544,0
792694,-8.282,2.100,4.547,0.038,-0.037,-0.002,2544,0
792714,-8.255,2.112,4.530,0.036,-0.025,-0.005,2545,0
792734,-8.279,2.114,4.571,0.031,-0.020,-0.003,2544,0
792754,-8.253,2.102,4.604,0.037,-0.027,-0.003,2544,0
792774,-8.246,2.124,4.594,0.044,-0.034,-0.001,2545,0
792794,-8.258,2.140,4.571,0.033,-0.034,0.002,2544,0
792814,-8.296,2.124,4.575,0.018,-0.029,0.005,2544,0
792834,-8.298,2.073,4.611,0.023,-0.024,0.004,2544,0
792854,-8.286,2.066,4.594,0.042,-0.025,-0.000,2544,0
792874,-8.313,2.131,4.592,0.046,-0.027,-0.003,2544,0
792894,-8.327,2.126,4.575,0.032,-0.030,-0.002,2544,0
792914,-8.313,2.102,4.592,0.022,-0.028,0.000,2544,0
792934,-8.294,2.064,4.561,0.029,-0.021,0.002,2544,0
792954,-8.265,2.088,4.618,0.042,-0.018,0.000,2545,0
792974,-8.274,2.107,4.642,0.042,-0.021,-0.003,2542,0
792994,-8.310,2.100,4.650,0.039,-0.027,-0.001,2544,0
793014,-8.320,2.124,4.621,0.035,-0.034,-0.002,2544,0
793034,-8.308,2.119,4.621,0.031,-0.041,0.001,2545,0
793054,-8.301,2.105,4.602,0.033,-0.036,0.004,2544,0
793074,-8.294,2.088,4.583,0.043,-0.028,0.006,2544,0
793094,-8.289,2.073,4.618,0.055,-0.025,0.005,2544,0
793114,-8.282,2.081,4.630,0.054,-0.031,0.005,2544,0
793134,-8.272,2.105,4.602,0.045,-0.038,0.002,2544,0
793154,-8.270,2.090,4.587,0.032,-0.038,0.001,2544,0
793174,-8.274,2.078,4.592,0.031,-0.035,-0.002,2544,0
793194,-8.260,2.081,4.573,0.036,-0.034,-0.002,2545,0
793214,-8.253,2.090,4.554,0.037,-0.035,-0.002,2544,0
793234,-8.265,2.066,4.554,0.041,-0.032,-0.005,2544,0
793254,-8.305,2.073,4.597,0.042,-0.026,-0.005,2545,0
793274,-8.356,2.059,4.616,0.042,-0.030,-0.011,2544,0
793294,-8.341,2.071,4.602,0.047,-0.036,-0.015,2543,0
793314,-8.277,2.114,4.578,0.048,-0.032,-0.018,2544,0
793334,-8.262,2.131,4.547,0.037,-0.023,-0.017,2544,0
793354,-8.286,2.157,4.599,0.024,-0.018,-0.012,2544,0
793374,-8.296,2.124,4.611,0.032,-0.024,-0.007,2544,0
793394,-8.296,2.150,4.628,0.047,-0.035,-0.008,2545,0
793414,-8.325,2.200,4.585,0.047,-0.035,-0.002,2544,0
793434,-8.327,2.157,4.585,0.033,-0.031,0.006,2544,0
793454,-8.296,2.109,4.623,0.037,-0.022,0.008,2544,0
793474,-8.265,2.097,4.623,0.055,-0.026,0.006,2544,0
793494,-8.313,2.138,4.638,0.060,-0.036,0.003,2543,0
793514,-8.339,2.124,4.599,0.044,-0.043,0.006,2544,0
793534,-8.327,2.090,4.587,0.033,-0.041,0.006,2544,0
793554,-8.274,2.057,4.583,0.036,-0.030,0.005,2544,0
793574,-8.284,2.042,4.559,0.043,-0.024,-0.001,2545,0
793594,-8.289,2.054,4.614,0.046,-0.027,-0.006,2544,0
793614,-8.291,2.076,4.585,0.046,-0.033,-0.009,2545,0
793634,-8.315,2.097,4.539,0.042,-0.035,-0.009,2543,0
793654,-8.317,2.116,4.573,0.034,-0.031,-0.005,2544,0
793674,-8.327,2.088,4.571,0.034,-0.028,-0.006,2544,0
793694,-8.320,2.093,4.597,0.041,-0.025,-0.007,2544,0
793714,-8.303,2.124,4.626,0.047,-0.026,-0.009,2543,0
793734,-8.286,2.145,4.616,0.044,-0.031,-0.005,2544,0
793754,-8.262,2.150,4.616,0.040,-0.033,0.000,2543,0
793774,-8.270,2.112,4.609,0.044,-0.033,0.002,2544,0
793794,-8.289,2.119,4.657,0.053,-0.032,0.002,2543,0
793814,-8.284,2.100,4.616,0.053,-0.037,0.002,2544,0
793834,-8.277,2.093,4.628,0.048,-0.040,0.002,2545,0
793854,-8.284,2.064,4.609,0.050,-0.040,-0.002,2544,0
793874,-8.346,2.085,4.626,0.047,-0.037,-0.005,2544,0
793894,-8.365,2.061,4.609,0.041,-0.042,-0.006,2544,0
793914,-8.317,2.052,4.566,0.045,-0.043,-0.010,2546,0
793934,-8.262,2.078,4.554,0.054,-0.033,-0.015,2544,0
793954,-8.255,2.095,4.537,0.050,-0.027,-0.017,2544,0
793974,-8.303,2.100,4.602,0.042,-0.028,-0.013,2544,0
793994,-8.325,2.109,4.599,0.046,-0.033,-0.014,2543,0
794014,-8.305,2.133,4.587,0.052,-0.039,-0.012,2544,0
794034,-8.298,2.152,4.559,0.043,-0.039,-0.010,2544,0
794054,-8.308,2.145,4.590,0.031,-0.032,-0.008,2544,0
794074,-8.301,2.109,4.604,0.035,-0.027,-0.006,2543,0
794094,-8.291,2.121,4.592,0.050,-0.032,-0.006,2543,0
794114,-8.325,2.164,4.604,0.052,-0.040,-0.006,2544,0
794134,-8.339,2.155,4.580,0.041,-0.044,-0.004,2544,0
794154,-8.303,2.121,4.537,0.041,-0.040,-0.002,2543,0
794174,-8.279,2.100,4.559,0.050,-0.026,-0.001,2543,0
794194,-8.298,2.109,4.606,0.056,-0.023,-0.000,2544,0
794214,-8.303,2.116,4.606,0.052,-0.031,-0.002,2544,0
794234,-8.313,2.105,4.616,0.048,-0.037,-0.003,2543,0
794254,-8.294,2.121,4.609,0.041,-0.040,-0.003,2543,0
794274,-8.303,2.112,4.587,0.040,-0.036,-0.002,2545,0
794294,-8.294,2.095,4.563,0.040,-0.032,-0.000,2544,0
794314,-8.317,2.078,4.602,0.048,-0.031,-0.003,2544,0
794334,-8.325,2.102,4.583,0.050,-0.033,-0.002,2544,0
794354,-8.298,2.085,4.602,0.043,-0.038,-0.002,2543,0
794374,-8.284,2.083,4.614,0.039,-0.037,-0.004,2546,0
794394,-8.286,2.083,4.594,0.038,-0.031,-0.005,2544,0
794414,-8.308,2.093,4.585,0.043,-0.030,-0.006,2544,0
794434,-8.289,2.100,4.597,0.042,-0.033,-0.008,2544,0
794454,-8.255,2.088,4.602,0.038,-0.034,-0.005,2544,0
794474,-8.294,2.090,4.614,0.034,-0.033,-0.007,2543,0
794494,-8.356,2.097,4.645,0.031,-0.032,-0.008,2545,0
794514,-8.349,2.112,4.594,0.030,-0.038,-0.010,2544,0
794534,-8.317,2.121,4.583,0.041,-0.044,-0.007,2544,0
794554,-8.270,2.131,4.535,0.050,-0.037,-0.006,2544,0
794574,-8.270,2.136,4.549,0.046,-0.025,-0.004,2544,0
794594,-8.286,2.128,4.626,0.043,-0.021,-0.002,2543,0
794614,-8.301,2.124,4.647,0.052,-0.033,-0.003,2546,0
794634,-8.317,2.138,4.635,0.059,-0.045,-0.003,2543,0
794654,-8.277,2.172,4.561,0.047,-0.046,0.003,2546,0
794674,-8.294,2.114,4.551,0.031,-0.038,0.006,2544,0
794694,-8.284,2.052,4.575,0.035,-0.030,0.005,2544,0
794714,-8.284,2.037,4.578,0.060,-0.033,-0.001,2544,0
794734,-8.298,2.100,4.583,0.067,-0.038,-0.007,2544,0
794754,-8.317,2.119,4.561,0.047,-0.039,-0.005,2544,0
794774,-8.310,2.085,4.563,0.031,-0.036,-0.006,2546,0
794794,-8.296,2.059,4.585,0.033,-0.027,-0.007,2544,0
794814,-8.298,2.052,4.556,0.050,-0.022,-0.014,2545,0
794834,-8.305,2.095,4.563,0.055,-0.024,-0.016,2544,0
794854,-8.303,2.133,4.609,0.050,-0.025,-0.015,2544,0
794874,-8.327,2.145,4.611,0.043,-0.024,-0.011,2544,0
794894,-8.298,2.148,4.623,0.037,-0.027,-0.006,2545,0
794914,-8.301,2.116,4.642,0.038,-0.027,-0.006,2543,0
794934,-8.305,2.126,4.645,0.049,-0.028,-0.006,2545,0
794954,-8.303,2.138,4.626,0.057,-0.029,-0.002,2544,0
794974,-8.296,2.143,4.630,0.052,-0.033,0.003,2546,0
794994,-8.305,2.116,4.664,0.047,-0.038,0.003,2543,0
795014,-8.315,2.100,4.633,0.046,-0.039,0.001,2546,0
795034,-8.308,2.107,4.592,0.048,-0.037,0.000,2545,0
795054,-8.286,2.100,4.578,0.048,-0.036,0.000,2544,0
795074,-8.262,2.095,4.573,0.046,-0.039,0.003,2544,0
795094,-8.258,2.064,4.559,0.048,-0.040,-0.001,2543,0
795114,-8.310,2.078,4.573,0.042,-0.036,-0.008,2544,0
795134,-8.351,2.095,4.573,0.032,-0.036,-0.010,2544,0
795154,-8.368,2.085,4.554,0.035,-0.043,-0.013,2544,0
795174,-8.339,2.097,4.520,0.043,-0.040,-0.013,2543,0
795194,-8.279,2.131,4.501,0.034,-0.029,-0.011,2544,0
795214,-8.284,2.131,4.515,0.024,-0.018,-0.009,2544,0
795234,-8.303,2.133,4.587,0.026,-0.021,-0.008,2544,0
795254,-8.296,2.133,4.618,0.041,-0.028,-0.008,2544,0
795274,-8.296,2.193,4.592,0.044,-0.032,-0.003,2544,0
795294,-8.296,2.186,4.597,0.031,-0.033,0.005,2544,0
795314,-8.286,2.143,4.633,0.025,-0.027,0.009,2544,0
795334,-8.289,2.140,4.685,0.046,-0.028,0.007,2544,0
795354,-8.298,2.282,4.733,0.064,-0.032,0.009,2544,0
795374,-8.322,2.401,4.791,0.070,-0.046,0.026,2544,0
795394,-8.351,2.449,4.822,0.073,-0.059,0.049,2544,0
795414,-8.382,2.653,4.913,0.076,-0.059,0.068,2544,0
795434,-8.406,2.995,5.136,0.065,-0.059,0.108,2544,0
795454,-8.361,3.311,5.440,0.058,-0.090,0.193,2544,0
795474,-8.327,3.486,5.753,0.097,-0.161,0.288,2543,0
795494,-8.361,3.697,6.024,0.181,-0.254,0.375,2545,0
795514,-8.416,4.132,6.239,0.245,-0.346,0.486,2544,0
795534,-8.315,4.468,6.522,0.314,-0.439,0.622,2544,0
795554,-8.229,4.712,6.625,0.464,-0.564,0.760,2544,0
795574,-8.179,5.179,6.546,0.551,-0.651,0.907,2544,0
795594,-8.083,5.720,6.840,0.547,-0.690,1.095,2545,0
795614,-8.076,5.861,6.886,0.569,-0.860,1.314,2544,0
795634,-7.975,5.650,6.725,0.625,-0.981,1.457,2544,0
795654,-7.946,5.837,6.608,0.656,-1.000,1.531,2544,0
795674,-8.124,6.529,6.536,0.609,-0.976,1.640,2544,0
795694,-8.282,7.223,6.517,0.478,-0.983,1.852,2543,0
795714,-8.116,7.360,6.689,0.425,-0.936,2.074,2543,0
795734,-8.009,7.305,7.187,0.540,-0.823,2.232,2544,0
795754,-8.092,8.205,7.602,0.639,-0.816,2.370,2544,0
795774,-8.305,8.358,7.233,0.514,-0.946,2.444,2543,0
795794,-8.114,9.400,7.479,0.356,-1.154,2.550,2543,0
795814,-8.564,10.259,7.314,0.369,-1.181,2.728,2545,0
795834,-7.956,9.531,7.743,0.288,-1.200,2.887,2543,0
795854,-7.202,8.126,8.143,-0.132,-1.158,2.823,2543,0
795874,-7.092,8.157,7.657,-0.849,-1.328,2.773,2544,0
795894,-6.591,7.958,7.360,-1.180,-1.829,2.828,2543,0
795914,-5.823,6.946,7.293,-0.773,-2.251,2.898,2542,0
795934,-4.583,6.474,6.792,0.161,-2.308,2.837,2541,0
795954,-4.101,7.925,6.038,1.108,-1.912,2.739,2541,0
795974,-4.448,10.125,5.674,1.513,-1.410,2.857,2542,0
795994,-4.803,11.710,5.545,1.541,-1.184,3.383,2541,0
796014,-4.159,11.571,5.186,1.395,-1.255,3.988,2539,0
796034,-2.512,10.130,4.480,1.212,-1.284,4.245,2538,0
796054,-1.257,8.440,4.350,0.966,-1.111,4.303,2538,0
796074,-0.599,6.905,4.429,0.755,-1.122,4.395,2539,0
796094,0.263,5.092,4.209,0.668,-1.374,4.446,2536,0
796114,1.642,3.045,3.347,0.628,-1.651,4.308,2532,0
796134,2.784,2.028,2.272,0.421,-1.761,4.034,2529,0
796154,3.457,1.070,1.528,-0.016,-1.583,3.745,2527,0
796174,4.403,-0.093,1.611,-0.311,-1.243,3.465,2526,0
796194,4.594,-0.232,1.496,-0.483,-1.031,3.115,2523,0
796214,4.896,-0.484,1.513,-0.640,-1.075,2.817,2521,0
796234,5.461,-0.445,1.255,-0.693,-1.134,2.555,2518,0
796254,6.098,0.390,1.197,-0.867,-0.997,2.369,2516,0
796274,6.752,0.642,1.676,-1.122,-0.662,2.185,2522,0
796294,7.130,-0.124,2.289,-1.118,-0.308,1.919,2523,0
796314,7.118,-0.577,2.698,-0.756,-0.148,1.616,2523,0
796334,6.783,-0.400,2.696,-0.377,-0.245,1.395,2524,0
796354,7.350,0.036,3.378,-0.266,-0.543,1.241,2529,0
796374,7.949,-0.342,3.457,-0.144,-0.652,1.092,2534,0
796394,7.934,-0.496,2.899,0.106,-0.453,0.953,2537,0
796414,7.671,-0.357,2.552,0.235,-0.393,0.802,2540,0
796434,8.554,-0.498,3.089,0.248,-0.455,0.664,2551,0
796454,9.141,-0.366,2.899,0.271,-0.335,0.556,2559,0
796474,9.239,-0.539,2.928,0.259,-0.067,0.505,2559,0
796494,8.485,-0.520,2.440,0.335,0.132,0.467,2559,0
796514,8.545,0.098,3.361,0.200,0.038,0.431,2562,0
796534,9.210,-0.345,4.120,0.006,0.006,0.412,2581,0
796554,9.287,-0.290,4.286,0.013,0.093,0.430,2578,0
796574,9.371,-0.163,4.101,0.084,0.088,0.429,2561,0
796594,9.232,0.024,3.831,0.050,0.239,0.431,2559,0
796614,8.880,0.041,4.362,0.039,0.276,0.524,2552,0
796634,8.806,0.369,5.519,0.162,0.000,0.605,2544,0
796654,8.552,0.445,5.210,0.163,-0.503,0.705,2536,0
796674,8.973,0.065,4.532,-0.006,-0.812,0.771,2528,0
796694,9.565,-0.596,4.077,0.056,-0.726,0.705,2524,0
796714,9.835,-1.049,3.440,0.193,-0.392,0.582,2522,0
796734,9.584,-1.346,3.065,0.200,-0.128,0.479,2519,0
796754,9.175,-1.389,3.065,0.167,0.011,0.360,2516,0
796774,8.902,-1.674,3.409,0.097,-0.085,0.311,2514,0
796794,9.009,-1.963,3.273,0.118,-0.215,0.250,2514,0
796814,9.179,-1.903,2.957,0.187,-0.183,0.142,2513,0
796834,9.124,-1.726,2.717,0.196,-0.066,0.045,2512,0
796854,9.052,-1.429,2.581,0.156,0.081,-0.015,2512,0
796874,8.777,-1.185,2.595,0.065,0.174,-0.031,2511,0
796894,8.684,-1.269,2.890,0.013,0.180,-0.032,2511,0
796914,8.590,-1.262,3.069,0.073,0.100,-0.044,2510,0
796934,8.784,-1.178,3.012,0.153,0.023,-0.074,2510,0
796954,9.002,-1.106,2.969,0.197,0.033,-0.099,2507,0
796974,9.175,-0.970,2.971,0.173,0.112,-0.103,2509,0
796994,9.175,-1.116,3.189,0.101,0.179,-0.100,2508,0
797014,9.129,-1.250,3.436,0.068,0.172,-0.124,2507,0
797034,9.062,-1.204,3.524,0.086,0.089,-0.164,2507,0
797054,9.196,-1.018,3.572,0.078,-0.003,-0.192,2505,0
797074,9.261,-0.888,3.405,0.048,-0.021,-0.209,2508,0
797094,9.299,-0.838,3.311,0.030,0.017,-0.214,2507,0
797114,9.239,-0.709,3.249,0.008,0.062,-0.229,2507,0
797134,9.167,-0.675,3.287,-0.007,0.058,-0.245,2506,0
797154,9.172,-0.517,3.261,0.015,0.010,-0.262,2506,0
797174,9.201,-0.371,3.215,0.028,-0.007,-0.250,2507,0
797194,9.282,-0.268,3.199,0.043,0.001,-0.243,2505,0
797214,9.280,-0.271,3.211,0.062,0.022,-0.237,2505,0
797234,9.292,-0.139,3.270,0.076,0.045,-0.227,2507,0
797254,9.273,-0.041,3.299,0.086,0.040,-0.214,2507,0
797274,9.239,0.010,3.321,0.075,0.017,-0.186,2506,0
797294,9.388,-0.031,3.299,0.041,-0.013,-0.142,2505,0
797314,9.450,0.005,3.364,0.010,0.002,-0.113,2505,0
797334,9.392,-0.096,3.460,-0.004,0.005,-0.091,2506,0
797354,9.402,-0.184,3.426,0.041,-0.029,-0.094,2506,0
797374,9.376,-0.141,3.349,0.087,-0.051,-0.111,2509,0
797394,9.301,-0.069,3.218,0.097,-0.040,-0.110,2506,0
797414,9.263,-0.026,3.239,0.073,-0.020,-0.103,2507,0
797434,9.249,0.055,3.225,0.043,0.001,-0.072,2506,0
797454,9.280,-0.036,3.225,0.003,0.026,-0.034,2503,0
797474,9.273,-0.184,3.294,0.007,0.031,-0.037,2504,0
797494,9.199,-0.206,3.359,0.045,0.012,-0.057,2505,0
797514,9.182,-0.129,3.376,0.079,-0.021,-0.063,2504,0
797534,9.210,0.041,3.311,0.078,-0.026,-0.057,2504,0
797554,9.239,0.077,3.266,0.041,-0.000,-0.037,2503,0
797574,9.196,-0.048,3.316,0.000,0.026,-0.025,2503,0
797594,9.194,-0.129,3.448,0.005,0.025,-0.032,2504,0
797614,9.206,-0.053,3.508,0.030,0.014,-0.047,2503,0
797634,9.199,0.010,3.519,0.056,-0.005,-0.050,2502,0
797654,9.299,0.122,3.484,0.059,-0.014,-0.041,2504,0
797674,9.321,0.127,3.479,0.035,-0.008,-0.028,2505,0
797694,9.239,0.077,3.508,0.013,-0.009,-0.020,2504,0
797714,9.141,0.022,3.575,0.025,-0.026,-0.017,2502,0
797734,9.120,0.014,3.548,0.057,-0.071,-0.015,2503,0
797754,9.196,-0.034,3.426,0.067,-0.090,-0.021,2503,0
797774,9.275,-0.053,3.285,0.074,-0.061,-0.028,2504,0
797794,9.263,0.036,3.270,0.075,-0.026,-0.035,2503,0
797814,9.201,0.105,3.299,0.036,-0.007,-0.023,2504,0
797834,9.213,0.036,3.445,0.009,-0.000,-0.004,2503,0
797854,9.210,-0.043,3.565,0.016,0.009,-0.003,2504,0
797874,9.160,-0.132,3.733,0.010,0.021,0.002,2504,0
797894,9.129,-0.199,3.962,-0.018,0.033,0.009,2504,0
797914,9.088,-0.280,4.159,-0.054,0.021,0.010,2504,0
797934,9.021,-0.369,4.240,-0.084,-0.014,-0.006,2505,0
797954,8.981,-0.520,4.159,-0.097,-0.055,-0.032,2506,0
797974,8.959,-0.546,3.989,-0.093,-0.082,-0.068,2506,0
797994,8.940,-0.448,3.761,-0.095,-0.117,-0.110,2507,0
798014,9.007,-0.359,3.512,-0.084,-0.144,-0.158,2506,0
798034,9.110,-0.105,3.072,-0.079,-0.113,-0.161,2509,0
798054,9.194,0.110,2.780,-0.113,-0.039,-0.135,2508,0
798074,9.230,0.237,2.758,-0.155,0.009,-0.116,2507,0
798094,9.237,0.227,2.957,-0.181,0.014,-0.095,2509,0
798114,9.273,0.208,2.988,-0.164,0.003,-0.096,2509,0
798134,9.309,0.208,3.002,-0.128,0.015,-0.103,2509,0
798154,9.335,0.230,3.062,-0.075,0.011,-0.101,2508,0
798174,9.424,0.364,3.141,-0.041,0.005,-0.101,2508,0
798194,9.337,0.414,3.235,-0.038,0.014,-0.094,2508,0
798214,9.268,0.388,3.359,-0.029,0.006,-0.071,2508,0
798234,9.290,0.311,3.397,0.015,-0.033,-0.062,2507,0
798254,9.330,0.318,3.369,0.078,-0.074,-0.073,2509,0
798274,9.347,0.457,3.390,0.104,-0.077,-0.069,2510,0
798294,9.304,0.517,3.510,0.095,-0.054,-0.043,2510,0
798314,9.201,0.424,3.491,0.072,-0.048,-0.010,2509,0
798334,9.208,0.220,3.488,0.071,-0.048,0.019,2509,0
798354,9.184,0.081,3.496,0.076,-0.030,0.030,2509,0
798374,9.148,0.024,3.436,0.068,-0.013,0.037,2509,0
798394,9.153,-0.079,3.428,0.064,-0.001,0.039,2509,0
798414,9.172,-0.113,3.409,0.064,0.036,0.034,2508,0
798434,9.160,-0.093,3.539,0.060,0.065,0.027,2511,0
798454,9.103,0.026,3.740,0.027,0.066,0.028,2510,0
798474,9.060,0.007,3.881,-0.034,0.039,0.036,2511,0
798494,9.084,-0.204,3.934,-0.056,0.003,0.019,2510,0
798514,9.067,-0.259,3.867,-0.016,-0.024,-0.025,2510,0
798534,9.072,-0.096,3.713,0.017,-0.042,-0.055,2507,0
798554,9.060,0.019,3.639,0.004,-0.042,-0.064,2509,0
798574,9.112,0.036,3.481,-0.011,-0.047,-0.059,2511,0
798594,9.175,0.057,3.297,-0.011,-0.054,-0.058,2510,0
798614,9.232,0.062,3.196,-0.014,-0.062,-0.044,2511,0
798634,9.268,0.105,3.206,-0.013,-0.051,-0.027,2510,0
798654,9.299,0.113,3.223,-0.014,-0.034,-0.021,2510,0
798674,9.266,0.091,3.371,0.000,-0.029,-0.026,2511,0
798694,9.201,0.156,3.515,0.027,-0.042,-0.042,2510,0
798714,9.124,0.235,3.610,0.040,-0.060,-0.048,2511,0
798734,9.091,0.239,3.689,0.027,-0.061,-0.045,2510,0
798754,9.103,0.156,3.761,0.013,-0.048,-0.041,2510,0
798774,9.108,0.077,3.824,0.011,-0.032,-0.041,2509,0
798794,9.105,0.057,3.891,-0.008,-0.022,-0.039,2511,0
798814,9.076,-0.057,4.049,-0.041,-0.036,-0.025,2509,0
798834,9.170,-0.215,4.034,-0.047,-0.056,-0.024,2509,0
798854,9.189,-0.249,3.864,-0.024,-0.068,-0.048,2510,0
798874,9.165,-0.139,3.622,-0.028,-0.083,-0.060,2510,0
798894,9.177,-0.024,3.481,-0.064,-0.078,-0.059,2510,0
798914,9.081,0.062,3.397,-0.080,-0.086,-0.060,2509,0
798934,9.062,0.177,3.282,-0.059,-0.115,-0.058,2509,0
798954,9.117,0.290,3.089,-0.014,-0.123,-0.061,2509,0
798974,9.153,0.474,2.964,0.015,-0.098,-0.060,2510,0
798994,9.098,0.637,2.940,0.018,-0.087,-0.051,2509,0
799014,9.117,0.577,2.938,0.017,-0.098,-0.031,2509,0
799034,9.232,0.493,2.935,0.062,-0.107,-0.028,2507,0
799054,9.273,0.496,2.885,0.106,-0.100,-0.041,2508,0
799074,9.275,0.546,2.916,0.124,-0.096,-0.039,2509,0
799094,9.309,0.462,3.000,0.134,-0.078,-0.027,2510,0
799114,9.321,0.400,3.136,0.138,-0.060,-0.022,2508,0
799134,9.306,0.215,3.263,0.116,-0.031,-0.008,2508,0
799154,9.325,0.105,3.438,0.110,-0.010,-0.001,2508,0
799174,9.342,0.034,3.531,0.095,0.001,0.004,2507,0
799194,9.297,-0.055,3.649,0.055,0.001,0.006,2507,0
799214,9.273,-0.165,3.754,0.018,-0.007,-0.001,2507,0
799234,9.280,-0.187,3.768,0.011,-0.007,-0.019,2507,0
799254,9.256,-0.010,3.737,0.001,0.003,-0.037,2507,0
799274,9.179,0.158,3.613,-0.026,0.002,-0.035,2507,0
799294,9.189,0.239,3.479,-0.040,-0.015,-0.026,2507,0
799314,9.227,0.321,3.333,-0.028,-0.019,-0.018,2508,0
799334,9.213,0.464,3.187,-0.017,-0.009,-0.015,2508,0
799354,9.115,0.548,3.043,0.008,-0.018,-0.012,2507,0
799374,9.112,0.630,2.897,0.063,-0.042,-0.010,2508,0
799394,9.167,0.697,2.801,0.119,-0.059,-0.007,2508,0
799414,9.218,0.735,2.761,0.153,-0.048,-0.007,2508,0
799434,9.165,0.702,2.828,0.152,-0.039,-0.002,2509,0
799454,9.222,0.551,2.904,0.158,-0.059,-0.003,2510,0
799474,9.333,0.424,2.954,0.188,-0.048,-0.022,2508,0
799494,9.369,0.407,3.057,0.218,-0.016,-0.043,2508,0
799514,9.373,0.455,3.184,0.222,0.009,-0.049,2505,0
799534,9.361,0.486,3.352,0.205,0.050,-0.023,2507,0
799554,9.318,0.448,3.601,0.176,0.082,0.018,2505,0
799574,9.292,0.338,3.828,0.157,0.088,0.067,2506,0
799594,9.304,0.096,3.996,0.160,0.069,0.104,2506,0
799614,9.306,-0.113,3.996,0.155,0.051,0.114,2505,0
799634,9.304,-0.239,4.017,0.125,0.041,0.099,2507,0
799654,9.242,-0.297,3.962,0.087,0.029,0.084,2505,0
799674,9.213,-0.256,3.943,0.065,0.005,0.058,2504,0
799694,9.155,-0.055,3.907,0.047,-0.014,0.027,2506,0
799714,9.014,0.084,3.881,0.007,-0.035,0.014,2504,0
799734,8.973,0.136,3.855,0.003,-0.070,0.008,2505,0
799754,8.947,0.211,3.709,0.033,-0.102,-0.005,2505,0
799774,8.961,0.225,3.543,0.070,-0.101,-0.017,2504,0
799794,8.961,0.259,3.381,0.094,-0.090,-0.021,2504,0
799814,8.966,0.237,3.302,0.104,-0.086,-0.026,2505,0
799834,9.050,0.184,3.132,0.110,-0.076,-0.037,2505,0
799854,9.088,0.251,3.077,0.103,-0.043,-0.043,2504,0
799874,9.117,0.280,3.057,0.086,-0.022,-0.042,2506,0
799894,9.148,0.247,3.036,0.077,-0.007,-0.043,2504,0
799914,9.242,0.335,3.069,0.066,0.003,-0.047,2506,0
799934,9.246,0.376,3.201,0.041,0.021,-0.042,2506,0
799954,9.249,0.390,3.383,0.039,0.022,-0.035,2506,0
799974,9.230,0.369,3.503,0.071,-0.003,-0.030,2504,0
799994,9.234,0.412,3.503,0.102,-0.018,-0.036,2504,0
800014,9.220,0.460,3.481,0.095,-0.012,-0.030,2504,0
800034,9.201,0.395,3.531,0.074,0.004,-0.007,2504,0
800054,9.167,0.271,3.577,0.069,0.005,0.003,2505,0
800074,9.148,0.239,3.618,0.074,-0.006,-0.003,2504,0
800094,9.153,0.271,3.575,0.083,-0.017,-0.004,2503,0
800114,9.196,0.302,3.515,0.085,-0.014,-0.006,2505,0
800134,9.201,0.371,3.491,0.072,-0.006,-0.007,2505,0
800154,9.191,0.400,3.531,0.037,-0.005,-0.001,2506,0
800174,9.187,0.369,3.551,0.027,-0.008,0.000,2504,0
800194,9.175,0.352,3.558,0.042,-0.007,-0.004,2504,0
800214,9.129,0.371,3.524,0.050,-0.014,-0.010,2505,0
800234,9.141,0.383,3.529,0.040,-0.027,-0.028,2504,0
800254,9.108,0.419,3.464,0.035,-0.016,-0.040,2505,0
800274,9.084,0.441,3.467,0.030,0.006,-0.042,2506,0
800294,9.079,0.364,3.438,0.023,0.025,-0.036,2505,0
800314,9.029,0.335,3.436,0.022,0.032,-0.045,2504,0
800334,9.062,0.381,3.484,0.038,0.035,-0.044,2505,0
800354,9.122,0.400,3.527,0.045,0.033,-0.037,2506,0
800374,9.131,0.469,3.524,0.049,0.036,-0.033,2503,0
800394,9.146,0.496,3.613,0.039,0.035,-0.016,2506,0
800414,9.134,0.476,3.706,0.038,0.028,-0.005,2506,0
800434,9.153,0.455,3.733,0.051,0.005,-0.005,2506,0
800454,9.148,0.472,3.785,0.069,-0.004,-0.007,2505,0
800474,9.124,0.474,3.790,0.078,-0.017,-0.001,2505,0
800494,9.143,0.419,3.785,0.073,-0.041,0.011,2505,0
800514,9.151,0.357,3.745,0.063,-0.059,0.012,2506,0
800534,9.165,0.304,3.711,0.056,-0.063,0.003,2506,0
800554,9.120,0.326,3.670,0.059,-0.063,-0.001,2506,0
800574,9.110,0.342,3.656,0.057,-0.068,0.004,2506,0
800594,9.103,0.362,3.572,0.051,-0.058,0.006,2507,0
800614,9.091,0.412,3.555,0.051,-0.052,0.007,2505,0
800634,9.093,0.426,3.555,0.041,-0.054,0.013,2506,0
800654,9.120,0.383,3.601,0.035,-0.044,0.012,2507,0
800674,9.110,0.383,3.682,0.030,-0.041,0.008,2506,0
800694,9.093,0.381,3.668,0.036,-0.053,-0.002,2506,0
800714,9.122,0.402,3.663,0.042,-0.072,-0.010,2507,0
800734,9.134,0.400,3.534,0.044,-0.083,-0.011,2506,0
800754,9.143,0.419,3.519,0.050,-0.074,-0.015,2505,0
800774,9.143,0.436,3.452,0.051,-0.064,-0.005,2506,0
800794,9.155,0.397,3.397,0.040,-0.047,-0.001,2506,0
800814,9.153,0.381,3.421,0.034,-0.026,-0.003,2506,0
800834,9.129,0.393,3.481,0.015,-0.019,0.001,2506,0
800854,9.143,0.345,3.527,0.014,-0.024,0.005,2507,0
800874,9.139,0.342,3.555,0.040,-0.026,-0.004,2505,0
800894,9.100,0.397,3.563,0.050,-0.025,-0.003,2506,0
800914,9.115,0.421,3.543,0.034,-0.027,0.003,2506,0
800934,9.148,0.390,3.551,0.026,-0.027,-0.004,2505,0
800954,9.136,0.433,3.608,0.029,-0.022,-0.011,2505,0
800974,9.093,0.467,3.661,0.034,-0.029,-0.014,2505,0
800994,9.108,0.433,3.687,0.038,-0.053,-0.011,2504,0
801014,9.122,0.369,3.613,0.054,-0.060,-0.016,2506,0
801034,9.115,0.388,3.553,0.055,-0.050,-0.023,2506,0
801054,9.124,0.409,3.500,0.038,-0.045,-0.020,2505,0
801074,9.129,0.362,3.486,0.030,-0.035,-0.015,2505,0
801094,9.136,0.364,3.496,0.027,-0.028,-0.013,2506,0
801114,9.122,0.364,3.553,0.027,-0.028,-0.008,2505,0
801134,9.136,0.352,3.567,0.023,-0.026,-0.003,2506,0
801154,9.167,0.333,3.575,0.021,-0.026,-0.006,2506,0
801174,9.146,0.340,3.618,0.020,-0.030,-0.018,2505,0
801194,9.127,0.421,3.630,0.026,-0.031,-0.029,2505,0
801214,9.108,0.462,3.603,0.027,-0.048,-0.025,2507,0
801234,9.143,0.431,3.524,0.035,-0.059,-0.023,2505,0
801254,9.177,0.424,3.424,0.038,-0.044,-0.023,2505,0
801274,9.165,0.453,3.373,0.020,-0.024,-0.019,2505,0
801294,9.151,0.426,3.464,0.011,-0.018,-0.012,2502,0
801314,9.175,0.400,3.524,0.027,-0.022,-0.017,2506,0
801334,9.203,0.467,3.505,0.039,-0.022,-0.021,2506,0
801354,9.199,0.558,3.519,0.036,-0.015,-0.018,2505,0
801374,9.191,0.587,3.589,0.028,-0.015,-0.009,2507,0
801394,9.158,0.570,3.663,0.025,-0.026,0.009,2507,0
801414,9.184,0.503,3.730,0.034,-0.043,0.021,2507,0
801434,9.167,0.498,3.730,0.059,-0.051,0.019,2505,0
801454,9.134,0.486,3.716,0.057,-0.071,0.028,2505,0
801474,9.117,0.381,3.680,0.039,-0.087,0.035,2504,0
801494,9.172,0.318,3.661,0.048,-0.097,0.028,2504,0
801514,9.170,0.354,3.517,0.058,-0.103,0.013,2506,0
801534,9.199,0.378,3.440,0.052,-0.100,0.008,2506,0
801554,9.191,0.397,3.443,0.044,-0.093,0.009,2505,0
801574,9.175,0.431,3.486,0.047,-0.111,0.009,2503,0
801594,9.210,0.431,3.428,0.062,-0.128,0.013,2502,0
801614,9.206,0.405,3.419,0.071,-0.152,0.011,2504,0
801634,9.131,0.443,3.378,0.082,-0.176,0.006,2505,0
801654,9.120,0.429,3.371,0.078,-0.198,0.008,2504,0
801674,9.115,0.385,3.302,0.106,-0.192,-0.002,2504,0
801694,9.100,0.366,3.292,0.126,-0.187,-0.016,2505,0
801714,9.088,0.436,3.220,0.135,-0.179,-0.019,2503,0
801734,9.129,0.421,3.237,0.103,-0.180,-0.019,2503,0
801754,9.139,0.378,3.172,0.085,-0.173,-0.019,2505,0
801774,9.246,0.275,3.120,0.065,-0.149,-0.023,2506,0
801794,9.256,0.280,3.048,0.081,-0.071,-0.026,2508,0
801814,9.220,0.292,3.045,0.060,-0.029,-0.023,2507,0
801834,9.234,0.261,3.117,0.054,-0.023,-0.029,2507,0
801854,9.275,0.316,3.146,0.029,-0.010,-0.024,2508,0
801874,9.244,0.338,3.179,0.024,0.012,-0.022,2508,0
801894,9.306,0.366,3.259,0.031,-0.006,-0.044,2509,0
801914,9.335,0.498,3.247,0.033,-0.009,-0.047,2509,0
801934,9.369,0.575,3.294,0.016,-0.004,-0.033,2510,0
801954,9.359,0.558,3.314,0.007,-0.009,-0.020,2509,0
801974,9.330,0.565,3.294,0.003,-0.008,-0.004,2509,0
801994,9.285,0.529,3.275,-0.003,-0.029,0.009,2508,0
802014,9.321,0.500,3.237,0.013,-0.038,0.004,2508,0
802034,9.246,0.496,3.184,0.017,-0.015,0.012,2508,0
802054,9.215,0.381,3.201,0.021,-0.015,0.016,2507,0
802074,9.266,0.345,3.201,0.046,-0.025,-0.002,2507,0
802094,9.206,0.479,3.196,0.047,-0.013,-0.022,2507,0
802114,9.203,0.529,3.218,0.022,-0.008,-0.007,2506,0
802134,9.222,0.455,3.251,0.021,-0.009,0.002,2504,0
802154,9.222,0.421,3.247,0.035,-0.001,-0.004,2505,0
802174,9.191,0.448,3.280,0.038,0.003,-0.006,2504,0
802194,9.175,0.417,3.366,0.032,-0.024,-0.001,2504,0
802214,9.287,0.381,3.385,0.044,-0.045,-0.011,2503,0
802234,9.278,0.464,3.330,0.048,-0.028,-0.016,2502,0
802254,9.213,0.503,3.311,0.041,-0.036,-0.011,2503,0
802274,9.230,0.486,3.294,0.033,-0.055,-0.001,2503,0
802294,9.280,0.414,3.275,0.023,-0.049,0.005,2503,0
802314,9.280,0.376,3.254,0.031,-0.044,0.007,2502,0
802334,9.266,0.421,3.227,0.043,-0.050,0.000,2500,0
802354,9.254,0.445,3.237,0.027,-0.049,0.003,2500,0
802374,9.210,0.469,3.390,0.046,-0.074,0.010,2499,0
802394,9.237,0.539,3.402,0.109,-0.142,0.027,2498,0
802414,9.244,0.558,3.191,0.083,-0.168,0.052,2497,0
802434,9.285,0.503,3.215,0.051,-0.155,0.058,2495,0
802454,9.392,0.575,3.503,0.110,-0.169,0.041,2495,0
802474,9.189,0.570,3.347,0.142,-0.248,0.075,2494,0
802494,9.249,0.675,3.134,0.086,-0.285,0.130,2493,0
802514,9.352,0.450,3.146,0.092,-0.301,0.122,2492,0
802534,9.426,0.445,3.191,0.114,-0.300,0.098,2492,0
802554,9.342,0.522,3.048,0.070,-0.322,0.099,2492,0
802574,9.122,0.395,2.772,0.027,-0.374,0.113,2494,0
802594,9.670,-0.232,2.638,-0.113,-0.205,0.081,2488,1158
802614,9.464,-0.247,2.938,0.091,-0.089,-0.003,2487,2233
802634,9.321,0.297,2.758,0.140,-0.068,-0.023,2490,3329
802654,9.129,0.438,2.808,0.153,-0.099,0.016,2488,3715
802674,9.321,0.510,2.717,0.025,-0.207,0.089,2492,3890
802694,9.459,0.385,2.703,-0.062,-0.206,0.130,2493,4095
802714,9.428,0.132,2.794,-0.064,-0.207,0.123,2490,4095
802734,9.661,0.220,2.717,-0.017,-0.208,0.130,2492,4095
802754,9.627,0.369,2.543,0.026,-0.197,0.124,2491,4095
802774,9.292,0.390,2.512,-0.009,-0.196,0.102,2493,4095
802794,9.766,-0.335,2.442,0.015,-0.179,0.087,2493,4095
802814,9.187,0.371,2.418,-0.004,-0.172,0.093,2493,4095
802834,9.826,-0.309,2.334,0.034,-0.120,0.074,2492,4095
802854,9.251,0.038,2.483,0.026,-0.120,0.046,2493,4095
802874,9.361,0.074,2.440,0.045,-0.132,0.065,2493,4095
802894,9.780,-0.479,2.243,0.052,-0.116,0.013,2491,4095
802914,9.115,0.247,2.375,0.033,-0.096,-0.003,2490,4095
802934,9.689,-0.189,2.286,0.024,-0.061,0.009,2489,4095
802954,9.641,-0.146,2.289,0.009,-0.030,-0.025,2490,4095
802974,9.098,0.335,2.411,0.022,-0.010,-0.018,2490,4095
802994,9.694,-0.196,2.468,0.065,-0.034,-0.014,2489,4095
803014,9.378,0.196,2.559,0.047,-0.098,-0.029,2489,4095
803034,9.290,0.366,2.567,0.058,-0.117,-0.008,2486,4095
803054,10.034,-0.206,2.325,0.056,-0.076,-0.024,2489,4095
803074,9.400,0.402,2.394,0.042,-0.024,-0.031,2488,4095
803094,9.383,0.306,2.413,0.043,0.002,0.008,2486,4095
803114,9.766,-0.254,2.411,0.043,-0.047,0.004,2487,4095
803134,9.172,0.285,2.523,0.074,-0.086,0.011,2486,4095
803154,9.637,0.103,2.399,0.094,-0.044,0.020,2484,4095
803174,9.888,-0.175,2.303,0.051,-0.013,-0.000,2486,4095
803194,9.165,0.376,2.428,0.010,-0.013,0.016,2484,4095
803214,9.634,-0.146,2.385,0.025,0.004,0.033,2484,4095
803234,9.900,-0.520,2.286,0.030,0.040,0.006,2483,4095
803254,9.239,0.117,2.459,0.016,0.020,-0.010,2483,4095
803274,9.225,0.225,2.497,0.015,0.009,0.006,2483,4095
803294,9.857,-0.318,2.478,0.029,-0.008,-0.014,2483,4095
803314,9.340,0.271,2.528,0.019,-0.039,-0.029,2483,4095
803334,9.251,0.371,2.523,0.023,-0.029,0.005,2482,4095
803354,9.905,-0.323,2.411,0.032,-0.029,-0.000,2485,4095
803374,9.428,0.215,2.401,0.021,-0.040,-0.021,2484,4095
803394,9.160,0.340,2.490,0.009,-0.023,0.011,2483,4095
803414,9.855,-0.354,2.449,0.018,-0.034,0.007,2484,4095
803434,9.452,0.081,2.476,0.026,-0.037,-0.018,2486,4095
803454,9.136,0.323,2.550,0.046,-0.041,0.006,2484,4095
803474,9.850,-0.417,2.569,0.086,-0.065,-0.007,2482,4095
803494,9.572,0.141,2.440,0.074,-0.083,-0.038,2483,4095
803514,9.208,0.263,2.562,0.058,-0.066,-0.014,2481,4095
803534,9.948,-0.551,2.586,0.096,-0.113,-0.053,2480,4095
803554,9.213,0.168,2.502,0.083,-0.195,-0.098,2480,4095
803574,9.603,-0.304,2.593,0.045,-0.220,-0.074,2479,4095
803594,9.357,-0.778,2.399,0.253,-0.308,-0.170,2481,4094
803614,9.776,-0.005,2.418,0.351,-0.298,-0.263,2486,3887
803634,9.905,-0.548,2.246,0.351,-0.282,-0.449,2493,3308
803654,9.246,1.154,1.530,0.110,-0.280,-0.465,2486,3032
803674,10.496,-0.026,0.974,-0.609,-0.014,-0.515,2486,2726
803694,9.230,-0.170,1.427,-0.618,0.408,-0.505,2494,2141
803714,9.639,-0.165,1.674,-0.473,0.737,-0.506,2506,1715
803734,9.036,0.496,2.049,-0.306,0.865,-0.475,2516,1491
803754,9.120,0.824,2.480,-0.179,0.811,-0.466,2533,152
803774,9.263,1.010,2.753,-0.102,0.805,-0.457,2545,0
803794,9.081,1.192,2.739,-0.157,0.891,-0.400,2551,0
803814,8.926,1.238,3.077,-0.184,0.961,-0.317,2550,0
803834,8.614,1.377,3.469,-0.145,0.888,-0.213,2552,0
803854,8.605,1.674,3.826,-0.105,0.675,-0.108,2552,0
803874,8.756,1.537,4.269,-0.105,0.435,-0.014,2552,0
803894,9.024,1.492,4.446,-0.076,0.224,0.027,2551,0
803914,9.206,1.223,4.424,-0.061,0.084,0.038,2550,0
803934,9.278,1.046,4.319,-0.005,0.021,0.036,2553,0
803954,9.266,0.962,4.120,0.045,-0.036,0.031,2557,0
803974,9.359,0.900,4.061,0.068,-0.093,0.021,2558,0
803994,9.323,0.869,3.836,0.039,-0.104,0.021,2559,0
804014,9.227,0.802,3.766,0.026,-0.078,0.028,2559,0
804034,9.163,0.733,3.776,0.022,-0.101,0.035,2559,0
804054,9.141,0.757,3.721,0.054,-0.109,0.029,2559,0
804074,9.112,0.771,3.651,0.051,-0.090,0.031,2558,0
804094,9.045,0.809,3.608,0.039,-0.043,0.024,2559,0
804114,8.952,0.867,3.601,0.026,-0.029,0.016,2559,0
804134,8.933,0.802,3.591,0.007,-0.045,0.021,2558,0
804154,8.942,0.824,3.539,0.013,-0.041,0.019,2557,0
804174,8.942,0.800,3.620,0.009,-0.025,0.015,2559,0
804194,8.947,0.804,3.596,0.036,-0.005,0.005,2559,0
804214,8.897,0.857,3.613,0.045,-0.013,0.004,2559,0
804234,8.930,0.907,3.613,0.043,-0.048,0.010,2558,0
804254,9.029,0.860,3.596,0.020,-0.066,0.013,2557,0
804274,9.117,0.850,3.591,0.033,-0.041,0.001,2557,0
804294,9.098,0.845,3.594,0.040,-0.005,-0.004,2555,0
804314,9.076,0.831,3.644,0.052,0.009,-0.007,2560,0
804334,9.072,0.816,3.747,0.065,-0.013,-0.006,2558,0
804354,9.093,0.833,3.797,0.079,-0.035,-0.004,2558,0
804374,9.120,0.836,3.742,0.060,-0.045,0.005,2558,0
804394,9.182,0.785,3.716,0.052,-0.033,0.004,2558,0
804414,9.143,0.783,3.682,0.044,-0.010,0.003,2558,0
804434,9.079,0.766,3.761,0.043,-0.012,-0.002,2558,0
804454,9.076,0.816,3.742,0.044,-0.029,0.003,2558,0
804474,9.062,0.857,3.718,0.051,-0.044,0.004,2558,0
804494,9.064,0.855,3.687,0.050,-0.048,0.006,2558,0
804514,9.052,0.802,3.651,0.046,-0.040,0.011,2558,0
804534,9.043,0.814,3.677,0.057,-0.036,0.006,2557,0
804554,9.031,0.828,3.651,0.052,-0.030,0.002,2558,0
804574,9.012,0.788,3.668,0.052,-0.018,-0.002,2556,0
804594,8.988,0.783,3.656,0.067,-0.015,-0.011,2558,0
804614,9.060,0.833,3.634,0.079,-0.034,-0.015,2557,0
804634,9.079,0.840,3.563,0.065,-0.032,-0.009,2557,0
804654,9.093,0.862,3.572,0.050,-0.006,-0.001,2557,0
804674,9.060,0.833,3.637,0.049,0.006,0.001,2555,0
804694,9.036,0.816,3.680,0.050,-0.006,-0.000,2555,0
804714,9.045,0.850,3.721,0.054,-0.003,-0.005,2555,0
804734,9.033,0.843,3.752,0.055,-0.001,0.002,2554,0
804754,9.026,0.804,3.723,0.062,-0.018,0.002,2555,0
804774,9.048,0.795,3.694,0.071,-0.031,-0.009,2555,0
804794,9.064,0.814,3.677,0.072,-0.020,-0.015,2555,0
804814,9.043,0.845,3.680,0.074,-0.012,-0.014,2555,0
804834,9.091,0.843,3.675,0.076,-0.020,-0.017,2554,0
804854,9.052,0.876,3.618,0.076,-0.011,-0.019,2553,0
804874,9.024,0.912,3.675,0.061,-0.010,-0.013,2554,0
804894,9.026,0.860,3.733,0.055,-0.020,-0.001,2552,0
804914,9.060,0.867,3.780,0.069,-0.023,-0.001,2552,0
804934,9.084,0.895,3.759,0.080,-0.030,-0.005,2552,0
804954,9.062,0.903,3.701,0.068,-0.032,-0.006,2554,0
804974,9.088,0.900,3.728,0.062,-0.027,-0.010,2552,0
804994,9.060,0.922,3.730,0.064,-0.027,-0.013,2551,0
805014,9.041,0.917,3.699,0.076,-0.039,-0.005,2552,0
805034,9.052,0.903,3.649,0.091,-0.037,0.003,2553,0
805054,9.067,0.946,3.689,0.102,-0.027,0.006,2553,0
805074,9.021,0.939,3.661,0.080,-0.024,0.016,2552,0
805094,9.012,0.848,3.721,0.064,-0.025,0.022,2552,0
805114,9.009,0.788,3.747,0.069,-0.024,0.018,2552,0
805134,9.002,0.759,3.800,0.069,-0.026,0.011,2553,0
805154,8.997,0.725,3.759,0.064,-0.029,0.002,2551,0
805174,9.029,0.723,3.742,0.066,-0.028,-0.013,2552,0
805194,9.007,0.838,3.785,0.071,-0.022,-0.030,2553,0
805214,9.019,0.895,3.757,0.064,-0.029,-0.027,2550,0
805234,9.041,0.883,3.737,0.060,-0.023,-0.021,2550,0
805254,9.043,0.922,3.759,0.058,-0.014,-0.018,2549,0
805274,9.019,0.948,3.785,0.034,-0.022,-0.007,2551,0
805294,9.052,0.927,3.780,0.019,-0.035,-0.002,2550,0
805314,9.038,0.855,3.783,0.033,-0.036,-0.008,2550,0
805334,9.009,0.898,3.747,0.066,-0.037,-0.020,2551,0
805354,9.000,0.943,3.689,0.068,-0.038,-0.015,2550,0
805374,9.012,0.946,3.687,0.043,-0.040,-0.001,2550,0
805394,9.009,0.852,3.689,0.017,-0.037,0.002,2550,0
805414,9.024,0.761,3.673,0.038,-0.040,-0.009,2550,0
805434,9.041,0.819,3.634,0.053,-0.026,-0.020,2548,0
805454,9.021,0.864,3.687,0.044,-0.016,-0.019,2550,0
805474,9.014,0.845,3.757,0.031,-0.020,-0.016,2549,0
805494,9.050,0.864,3.752,0.031,-0.026,-0.016,2549,0
805514,9.038,0.895,3.792,0.030,-0.029,-0.019,2550,0
805534,9.048,0.919,3.790,0.028,-0.034,-0.019,2549,0
805554,9.072,0.907,3.771,0.024,-0.047,-0.018,2548,0
805574,9.098,0.888,3.737,0.045,-0.042,-0.025,2549,0
805594,9.074,0.970,3.711,0.061,-0.034,-0.028,2548,0
805614,9.036,1.099,3.701,0.049,-0.027,-0.018,2548,0
805634,9.012,1.063,3.757,0.002,-0.029,0.006,2547,0
805654,9.038,0.929,3.778,0.005,-0.032,0.010,2548,0
805674,9.081,0.888,3.768,0.034,-0.032,0.001,2548,0
