713094,-7.266,2.993,5.787,0.046,-0.029,-0.003,2592,0
713114,-7.233,2.993,5.772,0.021,-0.021,0.009,2592,0
713134,-7.211,2.919,5.816,0.018,-0.023,0.005,2592,0
713154,-7.199,2.895,5.806,0.042,-0.032,-0.007,2591,0
713174,-7.228,2.940,5.804,0.054,-0.037,-0.009,2592,0
713194,-7.202,2.993,5.777,0.058,-0.034,-0.007,2592,0
713214,-7.223,3.026,5.801,0.052,-0.027,-0.005,2593,0
713234,-7.240,3.014,5.825,0.038,-0.023,0.003,2592,0
713254,-7.207,2.919,5.830,0.041,-0.021,0.001,2594,0
713274,-7.187,2.911,5.854,0.060,-0.026,-0.010,2593,0
713294,-7.221,2.995,5.830,0.063,-0.033,-0.021,2592,0
713314,-7.266,3.033,5.787,0.041,-0.040,-0.021,2592,0
713334,-7.245,3.007,5.741,0.028,-0.046,-0.014,2591,0
713354,-7.202,2.962,5.710,0.033,-0.041,-0.012,2591,0
713374,-7.197,2.957,5.710,0.048,-0.030,-0.011,2591,0
713394,-7.216,2.993,5.739,0.058,-0.029,-0.013,2591,0
713414,-7.259,3.005,5.756,0.052,-0.032,-0.014,2591,0
713434,-7.266,3.033,5.710,0.036,-0.034,-0.013,2591,0
713454,-7.252,3.005,5.713,0.031,-0.025,-0.010,2590,0
713474,-7.259,2.993,5.727,0.034,-0.018,-0.010,2590,0
713494,-7.281,2.978,5.794,0.048,-0.018,-0.009,2591,0
713514,-7.262,3.019,5.780,0.049,-0.024,-0.008,2591,0
713534,-7.240,3.053,5.760,0.043,-0.022,-0.003,2590,0
713554,-7.197,3.017,5.801,0.040,-0.013,0.002,2592,0
713574,-7.214,2.988,5.856,0.054,-0.016,0.002,2591,0
713594,-7.190,2.966,5.842,0.068,-0.031,0.003,2591,0
713614,-7.154,2.990,5.794,0.075,-0.040,0.000,2590,0
713634,-7.233,2.995,5.818,0.064,-0.035,-0.002,2590,0
713654,-7.288,2.981,5.835,0.045,-0.033,0.005,2591,0
713674,-7.290,2.897,5.849,0.052,-0.043,-0.002,2591,0
713694,-7.271,2.935,5.751,0.070,-0.054,-0.010,2591,0
713714,-7.230,2.962,5.713,0.063,-0.048,-0.013,2590,0
713734,-7.204,2.954,5.679,0.040,-0.032,-0.006,2585,0
713754,-7.209,2.926,5.751,0.034,-0.022,-0.006,2590,0
713774,-7.247,2.907,5.784,0.048,-0.025,-0.014,2590,0
713794,-7.252,2.945,5.780,0.060,-0.040,-0.022,2590,0
713814,-7.252,2.995,5.732,0.046,-0.043,-0.020,2591,0
713834,-7.216,3.005,5.696,0.028,-0.032,-0.014,2590,0
713854,-7.221,3.005,5.744,0.025,-0.025,-0.012,2590,0
713874,-7.228,2.969,5.784,0.038,-0.030,-0.013,2591,0
713894,-7.262,2.990,5.780,0.054,-0.038,-0.021,2590,0
713914,-7.281,3.031,5.734,0.053,-0.039,-0.024,2591,0
713934,-7.274,3.041,5.720,0.038,-0.033,-0.016,2590,0
713954,-7.238,3.005,5.722,0.029,-0.027,-0.010,2590,0
713974,-7.211,2.959,5.787,0.043,-0.025,-0.010,2590,0
713994,-7.242,2.976,5.765,0.063,-0.031,-0.015,2589,0
714014,-7.245,3.031,5.777,0.061,-0.036,-0.016,2588,0
714034,-7.281,3.045,5.768,0.047,-0.037,-0.010,2590,0
714054,-7.266,3.026,5.746,0.033,-0.033,-0.004,2590,0
714074,-7.264,2.998,5.751,0.033,-0.025,0.003,2589,0
714094,-7.266,2.971,5.780,0.049,-0.023,0.004,2590,0
714114,-7.264,3.000,5.758,0.062,-0.031,-0.002,2590,0
714134,-7.235,3.017,5.744,0.051,-0.034,0.000,2590,0
714154,-7.223,3.000,5.765,0.038,-0.028,0.004,2590,0
714174,-7.230,2.983,5.741,0.029,-0.025,0.008,2591,0
714194,-7.190,2.942,5.756,0.032,-0.026,0.008,2591,0
714214,-7.221,2.931,5.787,0.039,-0.024,0.002,2589,0
714234,-7.288,2.971,5.823,0.038,-0.028,0.002,2590,0
714254,-7.309,2.928,5.804,0.038,-0.040,-0.000,2591,0
714274,-7.266,2.926,5.784,0.044,-0.044,-0.008,2590,0
714294,-7.238,2.988,5.710,0.044,-0.033,-0.011,2590,0
714314,-7.228,2.969,5.720,0.028,-0.019,-0.006,2589,0
714334,-7.228,2.928,5.737,0.023,-0.017,-0.003,2591,0
714354,-7.250,2.916,5.804,0.039,-0.025,-0.010,2589,0
714374,-7.238,2.971,5.796,0.051,-0.037,-0.016,2591,0
714394,-7.240,3.019,5.746,0.045,-0.038,-0.015,2589,0
714414,-7.250,3.024,5.710,0.023,-0.029,-0.005,2589,0
714434,-7.235,2.978,5.770,0.016,-0.022,0.001,2591,0
714454,-7.245,2.928,5.784,0.037,-0.029,-0.005,2590,0
714474,-7.257,2.942,5.847,0.059,-0.039,-0.016,2593,0
714494,-7.302,3.024,5.763,0.059,-0.041,-0.021,2589,0
714514,-7.288,3.065,5.734,0.043,-0.037,-0.014,2589,0
714534,-7.245,3.021,5.717,0.028,-0.028,-0.001,2589,0
714554,-7.226,2.959,5.756,0.035,-0.023,0.004,2590,0
714574,-7.233,2.957,5.808,0.053,-0.030,-0.003,2589,0
714594,-7.250,2.981,5.782,0.056,-0.037,-0.009,2591,0
714614,-7.276,3.002,5.751,0.046,-0.041,-0.009,2588,0
714634,-7.276,3.014,5.725,0.036,-0.038,-0.003,2590,0
714654,-7.283,3.005,5.744,0.028,-0.030,0.000,2589,0
714674,-7.283,2.954,5.787,0.033,-0.031,0.004,2589,0
714694,-7.259,2.959,5.768,0.048,-0.033,0.003,2590,0
714714,-7.262,2.995,5.753,0.046,-0.034,0.000,2588,0
714734,-7.264,3.002,5.748,0.030,-0.031,0.005,2589,0
714754,-7.228,2.981,5.753,0.023,-0.033,0.007,2590,0
714774,-7.204,2.942,5.751,0.036,-0.035,0.005,2588,0
714794,-7.190,2.935,5.741,0.057,-0.035,0.002,2589,0
714814,-7.226,2.969,5.763,0.068,-0.029,-0.002,2589,0
714834,-7.319,2.983,5.827,0.052,-0.031,0.002,2592,0
714854,-7.333,2.926,5.856,0.042,-0.035,-0.001,2589,0
714874,-7.293,2.931,5.801,0.050,-0.041,-0.010,2588,0
714894,-7.226,2.974,5.698,0.047,-0.033,-0.011,2589,0
714914,-7.204,2.964,5.720,0.029,-0.025,-0.008,2590,0
714934,-7.209,2.947,5.729,0.023,-0.026,-0.011,2589,0
714954,-7.216,2.947,5.756,0.036,-0.028,-0.015,2587,0
714974,-7.269,2.974,5.729,0.049,-0.033,-0.012,2588,0
714994,-7.240,3.012,5.684,0.046,-0.036,-0.007,2589,0
715014,-7.259,2.978,5.667,0.034,-0.030,-0.001,2589,0
715034,-7.257,2.931,5.739,0.037,-0.026,-0.002,2589,0
715054,-7.269,2.931,5.763,0.051,-0.027,-0.014,2588,0
715074,-7.319,3.000,5.744,0.046,-0.029,-0.017,2588,0
715094,-7.321,3.038,5.732,0.030,-0.026,-0.012,2590,0
715114,-7.276,2.990,5.744,0.014,-0.023,-0.003,2588,0
715134,-7.226,2.940,5.737,0.024,-0.017,-0.001,2590,0
715154,-7.233,2.942,5.765,0.046,-0.019,-0.006,2589,0
715174,-7.245,2.988,5.751,0.054,-0.023,-0.012,2588,0
715194,-7.271,3.033,5.751,0.044,-0.022,-0.010,2589,0
715214,-7.295,3.033,5.780,0.025,-0.025,0.005,2588,0
715234,-7.283,2.971,5.784,0.027,-0.026,0.007,2589,0
715254,-7.305,2.957,5.780,0.037,-0.033,-0.000,2589,0
715274,-7.281,2.976,5.765,0.041,-0.034,-0.005,2590,0
715294,-7.281,2.995,5.739,0.037,-0.031,-0.002,2588,0
715314,-7.281,3.017,5.727,0.033,-0.027,0.003,2591,0
715334,-7.271,2.998,5.741,0.027,-0.022,0.010,2590,0
715354,-7.259,2.926,5.801,0.033,-0.023,0.014,2590,0
715374,-7.235,2.921,5.775,0.042,-0.033,0.008,2588,0
715394,-7.221,2.954,5.753,0.040,-0.037,0.002,2589,0
715414,-7.216,2.976,5.705,0.027,-0.034,0.002,2588,0
715434,-7.298,2.942,5.746,0.015,-0.029,0.010,2589,0
715454,-7.319,2.890,5.796,0.019,-0.032,0.009,2586,0
715474,-7.317,2.883,5.775,0.039,-0.041,-0.003,2587,0
715494,-7.245,2.933,5.703,0.049,-0.040,-0.013,2587,0
715514,-7.235,2.964,5.693,0.036,-0.029,-0.011,2588,0
715534,-7.221,2.983,5.729,0.018,-0.022,-0.006,2587,0
715554,-7.257,2.911,5.804,0.019,-0.021,-0.002,2588,0
715574,-7.238,2.923,5.806,0.045,-0.033,-0.008,2588,0
715594,-7.238,2.990,5.756,0.054,-0.041,-0.014,2589,0
715614,-7.250,3.014,5.753,0.034,-0.040,-0.006,2588,0
715634,-7.223,2.974,5.720,0.017,-0.030,0.003,2587,0
715654,-7.238,2.938,5.777,0.026,-0.024,0.004,2588,0
715674,-7.254,2.942,5.801,0.034,-0.032,0.001,2587,0
715694,-7.309,2.916,5.760,0.035,-0.042,-0.007,2588,0
715714,-7.300,2.952,5.701,0.025,-0.043,-0.011,2588,0
715734,-7.271,2.976,5.653,0.014,-0.030,-0.005,2589,0
715754,-7.240,2.947,5.662,0.016,-0.019,-0.006,2587,0
715774,-7.250,2.921,5.727,0.038,-0.020,-0.008,2588,0
715794,-7.290,2.942,5.770,0.062,-0.027,-0.012,2589,0
715814,-7.307,2.990,5.748,0.065,-0.030,-0.012,2590,0
715834,-7.307,3.029,5.727,0.048,-0.021,-0.009,2589,0
715854,-7.290,3.010,5.782,0.029,-0.017,0.001,2588,0
715874,-7.286,2.923,5.818,0.031,-0.022,0.004,2588,0
715894,-7.259,2.945,5.837,0.056,-0.034,-0.002,2588,0
715914,-7.250,2.969,5.799,0.072,-0.035,-0.005,2588,0
715934,-7.240,3.007,5.772,0.066,-0.032,0.003,2589,0
715954,-7.252,2.986,5.794,0.051,-0.029,0.014,2590,0
715974,-7.233,2.907,5.851,0.039,-0.037,0.017,2588,0
715994,-7.178,2.830,5.818,0.048,-0.045,0.010,2590,0
716014,-7.197,2.842,5.777,0.065,-0.048,-0.004,2588,0
716034,-7.278,2.897,5.725,0.058,-0.047,-0.010,2588,0
716054,-7.333,2.885,5.744,0.038,-0.047,-0.011,2587,0
716074,-7.333,2.873,5.698,0.039,-0.049,-0.015,2588,0
716094,-7.302,2.887,5.646,0.042,-0.039,-0.020,2587,0
716114,-7.293,2.878,5.643,0.037,-0.026,-0.022,2587,0
716134,-7.250,2.907,5.698,0.029,-0.019,-0.023,2588,0
716154,-7.264,2.933,5.737,0.028,-0.021,-0.032,2590,0
716174,-7.259,3.002,5.737,0.025,-0.026,-0.029,2588,0
716194,-7.274,3.010,5.701,0.025,-0.031,-0.021,2589,0
716214,-7.276,3.019,5.713,0.023,-0.027,-0.011,2588,0
716234,-7.250,2.993,5.758,0.033,-0.021,-0.011,2587,0
716254,-7.281,2.981,5.789,0.047,-0.021,-0.010,2588,0
716274,-7.283,3.017,5.818,0.049,-0.025,-0.007,2587,0
716294,-7.321,3.036,5.811,0.035,-0.029,-0.005,2588,0
716314,-7.312,3.010,5.796,0.024,-0.036,0.005,2588,0
716334,-7.245,2.962,5.770,0.033,-0.034,0.008,2587,0
716354,-7.235,2.954,5.765,0.052,-0.037,0.003,2586,0
716374,-7.245,2.964,5.744,0.063,-0.037,0.001,2587,0
716394,-7.288,2.952,5.732,0.059,-0.037,0.006,2588,0
716414,-7.309,2.950,5.744,0.057,-0.038,0.011,2587,0
716434,-7.295,2.914,5.744,0.057,-0.040,0.006,2586,0
716454,-7.278,2.916,5.725,0.047,-0.038,-0.002,2588,0
716474,-7.281,2.926,5.717,0.039,-0.031,-0.004,2589,0
716494,-7.281,2.916,5.727,0.042,-0.028,-0.000,2589,0
716514,-7.266,2.921,5.756,0.045,-0.037,0.001,2585,0
716534,-7.240,2.921,5.722,0.044,-0.034,-0.003,2587,0
716554,-7.228,2.914,5.701,0.039,-0.022,0.000,2587,0
716574,-7.238,2.885,5.782,0.035,-0.018,0.002,2587,0
716594,-7.233,2.868,5.782,0.047,-0.027,-0.002,2589,0
716614,-7.254,2.907,5.801,0.057,-0.036,-0.013,2587,0
716634,-7.305,2.945,5.806,0.044,-0.036,-0.014,2590,0
716654,-7.353,2.940,5.777,0.031,-0.038,-0.014,2587,0
716674,-7.312,2.919,5.753,0.039,-0.042,-0.015,2587,0
716694,-7.250,2.931,5.708,0.059,-0.035,-0.021,2586,0
716714,-7.254,2.974,5.672,0.062,-0.027,-0.021,2587,0
716734,-7.266,2.995,5.729,0.050,-0.023,-0.013,2587,0
716754,-7.271,2.976,5.796,0.043,-0.027,-0.007,2586,0
716774,-7.264,2.988,5.794,0.050,-0.039,-0.007,2587,0
716794,-7.269,2.995,5.751,0.047,-0.045,-0.006,2587,0
716814,-7.276,2.976,5.681,0.038,-0.037,-0.003,2587,0
716834,-7.278,2.942,5.691,0.042,-0.030,0.002,2587,0
716854,-7.281,2.940,5.734,0.054,-0.033,-0.002,2587,0
716874,-7.326,2.974,5.732,0.053,-0.036,-0.008,2588,0
716894,-7.338,2.978,5.737,0.037,-0.036,-0.006,2587,0
716914,-7.300,2.964,5.720,0.027,-0.033,-0.001,2587,0
716934,-7.274,2.931,5.705,0.028,-0.027,-0.000,2587,0
716954,-7.235,2.940,5.727,0.038,-0.030,-0.004,2587,0
716974,-7.254,2.976,5.729,0.042,-0.032,-0.004,2586,0
716994,-7.271,2.990,5.720,0.039,-0.031,-0.001,2589,0
717014,-7.309,2.971,5.748,0.037,-0.031,0.001,2588,0
717034,-7.317,2.935,5.763,0.046,-0.028,-0.000,2587,0
717054,-7.307,2.969,5.777,0.052,-0.026,0.000,2586,0
717074,-7.305,2.978,5.748,0.050,-0.028,0.003,2586,0
717094,-7.278,2.990,5.796,0.038,-0.032,0.006,2587,0
717114,-7.254,2.935,5.775,0.030,-0.034,0.006,2589,0
717134,-7.226,2.923,5.789,0.039,-0.034,0.005,2586,0
717154,-7.242,2.919,5.789,0.046,-0.034,0.001,2587,0
717174,-7.240,2.935,5.760,0.039,-0.036,0.001,2586,0
717194,-7.221,2.885,5.732,0.039,-0.043,0.001,2586,0
717214,-7.238,2.880,5.720,0.044,-0.038,-0.005,2586,0
717234,-7.331,2.907,5.722,0.039,-0.033,-0.007,2587,0
717254,-7.377,2.885,5.725,0.032,-0.039,-0.010,2588,0
717274,-7.336,2.895,5.727,0.038,-0.039,-0.019,2589,0
717294,-7.276,2.923,5.660,0.043,-0.026,-0.022,2587,0
717314,-7.240,2.957,5.693,0.038,-0.018,-0.019,2583,0
717334,-7.240,2.964,5.753,0.033,-0.017,-0.013,2587,0
717354,-7.245,2.971,5.787,0.040,-0.024,-0.014,2588,0
717374,-7.242,2.990,5.784,0.051,-0.031,-0.014,2587,0
717394,-7.266,3.000,5.782,0.049,-0.030,-0.007,2586,0
717414,-7.257,2.981,5.794,0.035,-0.033,0.001,2585,0
717434,-7.250,2.935,5.799,0.037,-0.037,0.001,2589,0
717454,-7.257,2.931,5.748,0.049,-0.042,-0.007,2589,0
717474,-7.314,2.942,5.727,0.052,-0.043,-0.009,2587,0
717494,-7.355,2.940,5.693,0.046,-0.044,-0.007,2586,0
717514,-7.317,2.933,5.655,0.044,-0.038,-0.007,2587,0
717534,-7.271,2.931,5.660,0.046,-0.025,-0.009,2587,0
717554,-7.293,2.945,5.708,0.044,-0.023,-0.008,2587,0
717574,-7.288,2.935,5.722,0.041,-0.030,-0.009,2586,0
717594,-7.286,2.923,5.739,0.044,-0.035,-0.009,2586,0
717614,-7.298,2.993,5.722,0.047,-0.035,-0.009,2586,0
717634,-7.302,3.017,5.717,0.033,-0.029,-0.002,2589,0
717654,-7.300,2.969,5.708,0.022,-0.029,0.005,2587,0
717674,-7.300,2.931,5.758,0.031,-0.030,0.004,2586,0
717694,-7.305,2.945,5.717,0.046,-0.028,0.001,2587,0
717714,-7.293,2.971,5.739,0.045,-0.029,0.006,2586,0
717734,-7.269,2.954,5.737,0.035,-0.029,0.009,2585,0
717754,-7.247,2.911,5.768,0.034,-0.025,0.008,2585,0
717774,-7.245,2.914,5.780,0.037,-0.029,0.006,2587,0
717794,-7.223,2.890,5.760,0.043,-0.035,0.005,2588,0
717814,-7.245,2.895,5.758,0.048,-0.038,-0.001,2589,0
717834,-7.307,2.909,5.780,0.041,-0.039,-0.001,2587,0
717854,-7.324,2.890,5.753,0.033,-0.045,-0.007,2587,0
717874,-7.295,2.904,5.722,0.039,-0.040,-0.014,2586,0
717894,-7.295,2.892,5.655,0.041,-0.029,-0.013,2588,0
717914,-7.259,2.892,5.684,0.043,-0.027,-0.008,2588,0
717934,-7.254,2.902,5.746,0.051,-0.027,-0.011,2587,0
717954,-7.266,2.945,5.734,0.049,-0.029,-0.015,2588,0
717974,-7.281,2.986,5.727,0.040,-0.029,-0.009,2586,0
717994,-7.286,2.971,5.758,0.030,-0.034,-0.003,2586,0
718014,-7.264,2.921,5.737,0.028,-0.034,-0.004,2589,0
718034,-7.266,2.923,5.756,0.038,-0.028,-0.007,2586,0
718054,-7.281,2.947,5.753,0.049,-0.027,-0.011,2587,0
718074,-7.319,2.986,5.775,0.051,-0.035,-0.010,2586,0
718094,-7.333,2.962,5.734,0.043,-0.042,-0.008,2587,0
718114,-7.290,2.957,5.727,0.035,-0.037,-0.004,2587,0
718134,-7.264,2.942,5.720,0.037,-0.024,-0.003,2586,0
718154,-7.283,2.928,5.744,0.046,-0.023,-0.005,2586,0
718174,-7.293,2.938,5.787,0.051,-0.031,-0.008,2588,0
718194,-7.295,2.966,5.763,0.048,-0.036,-0.006,2588,0
718214,-7.309,2.959,5.737,0.040,-0.035,-0.004,2589,0
718234,-7.293,2.945,5.727,0.033,-0.035,0.000,2586,0
718254,-7.305,2.921,5.715,0.039,-0.035,-0.002,2587,0
718274,-7.307,2.938,5.753,0.049,-0.038,-0.005,2587,0
718294,-7.314,2.947,5.748,0.050,-0.036,-0.005,2586,0
718314,-7.300,2.957,5.725,0.041,-0.033,-0.003,2584,0
718334,-7.281,2.940,5.768,0.027,-0.026,0.002,2587,0
718354,-7.257,2.897,5.756,0.033,-0.029,0.003,2587,0
718374,-7.250,2.895,5.799,0.046,-0.037,-0.002,2586,0
718394,-7.235,2.909,5.760,0.053,-0.041,-0.003,2587,0
718414,-7.274,2.921,5.722,0.049,-0.038,-0.007,2586,0
718434,-7.326,2.935,5.782,0.038,-0.034,-0.006,2586,0
718454,-7.367,2.887,5.777,0.031,-0.040,-0.006,2587,0
718474,-7.326,2.871,5.729,0.040,-0.045,-0.012,2586,0
718494,-7.276,2.911,5.689,0.046,-0.039,-0.014,2586,0
718514,-7.257,2.940,5.689,0.039,-0.026,-0.012,2586,0
718534,-7.262,2.952,5.737,0.030,-0.025,-0.008,2587,0
718554,-7.290,2.926,5.737,0.032,-0.032,-0.004,2582,0
718574,-7.274,2.938,5.737,0.043,-0.039,-0.005,2586,0
718594,-7.278,2.962,5.746,0.046,-0.038,0.000,2587,0
718614,-7.274,2.950,5.748,0.042,-0.034,0.001,2586,0
718634,-7.271,2.931,5.734,0.044,-0.034,-0.002,2586,0
718654,-7.269,2.940,5.737,0.053,-0.035,-0.010,2586,0
718674,-7.331,2.954,5.741,0.052,-0.040,-0.012,2585,0
718694,-7.317,2.950,5.715,0.045,-0.040,-0.010,2586,0
718714,-7.271,2.933,5.681,0.047,-0.036,-0.009,2585,0
718734,-7.242,2.907,5.691,0.051,-0.027,-0.009,2588,0
718754,-7.250,2.942,5.739,0.053,-0.021,-0.005,2585,0
718774,-7.257,2.916,5.758,0.052,-0.029,-0.003,2585,0
718794,-7.259,2.904,5.753,0.052,-0.038,-0.011,2586,0
718814,-7.274,2.928,5.701,0.050,-0.040,-0.012,2585,0
718834,-7.283,2.954,5.693,0.043,-0.028,-0.009,2585,0
718854,-7.295,2.940,5.703,0.043,-0.023,-0.002,2586,0
718874,-7.300,2.909,5.725,0.050,-0.026,-0.003,2583,0
718894,-7.305,2.931,5.732,0.055,-0.026,-0.005,2586,0
718914,-7.307,2.940,5.710,0.048,-0.023,-0.006,2584,0
718934,-7.298,2.947,5.777,0.039,-0.021,-0.006,2586,0
718954,-7.300,2.947,5.804,0.042,-0.025,-0.006,2586,0
718974,-7.271,2.907,5.801,0.056,-0.029,-0.008,2587,0
718994,-7.274,2.952,5.827,0.062,-0.033,-0.006,2585,0
719014,-7.278,2.954,5.792,0.052,-0.037,-0.005,2588,0
719034,-7.309,2.923,5.856,0.041,-0.035,-0.006,2585,0
719054,-7.410,2.892,5.921,0.035,-0.041,-0.010,2581,0
719074,-7.472,2.873,5.950,0.049,-0.056,-0.023,2586,0
719094,-7.353,2.983,5.883,0.052,-0.055,-0.017,2585,0
719114,-7.192,2.990,5.808,0.020,-0.053,-0.002,2586,0
719134,-7.061,2.861,5.796,-0.008,-0.066,0.002,2588,0
719154,-7.089,2.811,5.739,0.001,-0.076,-0.009,2586,0
719174,-7.151,2.849,5.660,0.007,-0.084,-0.012,2585,0
719194,-7.166,2.825,5.521,0.003,-0.083,-0.016,2587,0
719214,-7.242,2.808,5.485,0.014,-0.070,-0.026,2583,0
719234,-7.353,2.825,5.495,0.032,-0.042,-0.034,2585,0
719254,-7.393,2.873,5.531,0.056,-0.022,-0.037,2585,0
719274,-7.362,2.907,5.550,0.077,-0.015,-0.045,2584,0
719294,-7.360,2.940,5.583,0.093,-0.006,-0.051,2585,0
719314,-7.403,2.952,5.684,0.115,0.012,-0.057,2584,0
719334,-7.369,3.007,5.770,0.137,0.026,-0.056,2584,0
719354,-7.245,3.050,5.839,0.147,0.019,-0.046,2582,0
719374,-7.175,3.074,5.871,0.158,0.010,-0.036,2584,0
719394,-7.219,3.033,5.909,0.165,0.003,-0.021,2580,0
719414,-7.262,2.954,5.911,0.184,-0.007,-0.009,2583,0
719434,-7.235,2.919,5.887,0.201,-0.017,-0.002,2580,0
719454,-7.214,2.883,5.832,0.190,-0.021,0.005,2585,0
719474,-7.235,2.758,5.808,0.166,-0.037,0.002,2584,0
719494,-7.245,2.672,5.811,0.167,-0.041,-0.020,2584,0
719514,-7.252,2.705,5.777,0.150,-0.030,-0.036,2582,0
719534,-7.245,2.732,5.720,0.112,-0.041,-0.050,2585,0
719554,-7.286,2.715,5.674,0.082,-0.052,-0.066,2584,0
719574,-7.293,2.749,5.614,0.077,-0.039,-0.088,2583,0
719594,-7.305,2.866,5.643,0.056,-0.024,-0.093,2583,0
719614,-7.288,2.923,5.605,0.017,-0.038,-0.088,2582,0
719634,-7.286,2.847,5.531,0.004,-0.058,-0.096,2584,0
719654,-7.338,2.890,5.502,0.031,-0.051,-0.113,2583,0
719674,-7.460,3.007,5.478,0.030,-0.024,-0.111,2582,0
719694,-7.566,3.033,5.545,0.010,-0.019,-0.104,2580,0
719714,-7.554,3.019,5.531,0.012,-0.031,-0.109,2583,0
719734,-7.537,3.067,5.531,0.020,-0.026,-0.109,2581,0
719754,-7.537,3.165,5.447,0.012,-0.010,-0.093,2582,0
719774,-7.539,3.182,5.576,-0.014,-0.007,-0.076,2584,0
719794,-7.525,3.139,5.636,-0.016,-0.015,-0.065,2585,0
719814,-7.470,3.146,5.665,0.017,-0.011,-0.054,2583,0
719834,-7.479,3.218,5.708,0.042,-0.008,-0.027,2583,0
719854,-7.429,3.242,5.732,0.034,-0.014,0.007,2582,0
719874,-7.353,3.124,5.763,0.029,-0.030,0.031,2583,0
719894,-7.353,3.026,5.753,0.056,-0.033,0.043,2583,0
719914,-7.355,2.983,5.796,0.077,-0.029,0.054,2583,0
719934,-7.396,2.923,5.756,0.098,-0.043,0.054,2579,0
719954,-7.374,2.909,5.725,0.115,-0.057,0.054,2582,0
719974,-7.389,2.887,5.722,0.127,-0.046,0.055,2581,0
719994,-7.412,2.844,5.737,0.124,-0.041,0.058,2578,0
720014,-7.386,2.784,5.744,0.116,-0.056,0.051,2585,0
720034,-7.336,2.792,5.693,0.110,-0.062,0.044,2579,0
720054,-7.348,2.765,5.648,0.088,-0.061,0.044,2585,0
720074,-7.355,2.698,5.595,0.072,-0.069,0.037,2583,0
720094,-7.331,2.670,5.569,0.070,-0.062,0.019,2581,0
720114,-7.360,2.682,5.533,0.065,-0.051,0.001,2584,0
720134,-7.321,2.696,5.555,0.053,-0.044,-0.004,2582,0
720154,-7.266,2.693,5.559,0.047,-0.045,-0.014,2583,0
720174,-7.271,2.708,5.581,0.043,-0.038,-0.029,2583,0
720194,-7.302,2.784,5.578,0.037,-0.029,-0.039,2583,0
720214,-7.360,2.823,5.593,0.015,-0.029,-0.041,2583,0
720234,-7.333,2.751,5.617,0.026,-0.038,-0.054,2578,0
720254,-7.341,2.751,5.605,0.081,-0.026,-0.079,2583,0
720274,-7.379,2.897,5.677,0.126,-0.007,-0.090,2582,0
720294,-7.412,3.002,5.732,0.131,-0.005,-0.086,2582,0
720314,-7.408,3.014,5.770,0.125,-0.022,-0.078,2581,0
720334,-7.319,3.026,5.760,0.116,-0.028,-0.069,2583,0
720354,-7.257,3.122,5.799,0.079,-0.026,-0.048,2583,0
720374,-7.223,3.122,5.763,-0.013,-0.041,-0.018,2581,0
720394,-7.242,2.962,5.705,-0.094,-0.083,-0.013,2578,0
720414,-7.345,2.840,5.550,-0.112,-0.106,-0.029,2582,0
720434,-7.499,2.851,5.389,-0.081,-0.098,-0.050,2583,0
720454,-7.535,2.971,5.277,-0.043,-0.068,-0.050,2581,0
720474,-7.511,3.055,5.224,-0.019,-0.035,-0.041,2581,0
720494,-7.513,3.089,5.286,0.008,-0.011,-0.030,2580,0
720514,-7.563,3.153,5.495,0.001,0.009,-0.005,2583,0
720534,-7.547,3.148,5.622,-0.042,0.014,0.018,2582,0
720554,-7.468,3.091,5.648,-0.078,-0.011,0.027,2583,0
720574,-7.427,3.041,5.562,-0.065,-0.029,0.026,2583,0
720594,-7.424,3.031,5.557,-0.016,-0.017,0.035,2583,0
720614,-7.436,3.081,5.595,0.029,0.011,0.050,2583,0
720634,-7.453,3.072,5.713,0.048,0.021,0.067,2583,0
720654,-7.463,3.026,5.816,0.065,0.007,0.085,2582,0
720674,-7.408,2.942,5.866,0.083,-0.009,0.095,2583,0
720694,-7.377,2.911,5.904,0.099,-0.014,0.100,2582,0
720714,-7.324,2.863,5.916,0.100,-0.017,0.115,2583,0
720734,-7.290,2.794,5.926,0.100,-0.026,0.117,2584,0
720754,-7.257,2.720,5.906,0.102,-0.038,0.112,2583,0
720774,-7.233,2.638,5.885,0.106,-0.043,0.100,2583,0
720794,-7.204,2.602,5.871,0.107,-0.050,0.083,2582,0
720814,-7.187,2.569,5.813,0.091,-0.062,0.064,2583,0
720834,-7.166,2.521,5.708,0.080,-0.070,0.038,2578,0
720854,-7.221,2.533,5.657,0.074,-0.069,0.011,2579,0
720874,-7.286,2.567,5.643,0.048,-0.062,-0.013,2583,0
720894,-7.329,2.567,5.581,0.018,-0.067,-0.039,2582,0
720914,-7.312,2.605,5.466,0.012,-0.069,-0.065,2581,0
720934,-7.295,2.679,5.409,0.011,-0.052,-0.082,2581,0
720954,-7.336,2.722,5.413,-0.003,-0.033,-0.086,2580,0
720974,-7.365,2.746,5.449,-0.014,-0.025,-0.093,2583,0
720994,-7.417,2.758,5.521,-0.009,-0.018,-0.114,2574,0
721014,-7.456,2.832,5.538,0.010,-0.007,-0.127,2582,0
721034,-7.477,2.959,5.605,0.030,-0.001,-0.131,2584,0
721054,-7.456,3.031,5.643,0.036,0.001,-0.124,2582,0
721074,-7.398,3.079,5.691,0.051,0.007,-0.115,2581,0
721094,-7.374,3.105,5.789,0.070,0.009,-0.101,2582,0
721114,-7.400,3.117,5.902,0.084,0.002,-0.086,2583,0
721134,-7.396,3.158,5.885,0.095,-0.023,-0.074,2582,0
721154,-7.331,3.165,5.844,0.111,-0.045,-0.059,2581,0
721174,-7.321,3.172,5.713,0.122,-0.052,-0.038,2582,0
721194,-7.338,3.124,5.698,0.128,-0.049,-0.014,2583,0
721214,-7.367,3.055,5.713,0.135,-0.051,0.007,2583,0
721234,-7.386,2.995,5.705,0.139,-0.060,0.018,2579,0
721254,-7.389,2.986,5.650,0.127,-0.069,0.025,2583,0
721274,-7.403,2.969,5.569,0.091,-0.069,0.036,2584,0
721294,-7.429,2.911,5.547,0.048,-0.067,0.048,2583,0
721314,-7.441,2.804,5.540,0.026,-0.065,0.046,2582,0
721334,-7.475,2.768,5.480,0.027,-0.067,0.033,2582,0
721354,-7.463,2.820,5.404,0.019,-0.060,0.024,2580,0
721374,-7.422,2.875,5.399,-0.017,-0.043,0.031,2583,0
721394,-7.432,2.875,5.452,-0.076,-0.029,0.043,2580,0
721414,-7.372,2.763,5.502,-0.108,-0.036,0.035,2579,0
721434,-7.381,2.772,5.488,-0.091,-0.038,0.013,2583,0
721454,-7.475,2.919,5.540,-0.081,-0.019,-0.003,2581,0
721474,-7.515,3.038,5.657,-0.098,-0.007,0.008,2573,0
721494,-7.472,3.026,5.660,-0.103,-0.020,0.027,2582,0
721514,-7.391,3.014,5.701,-0.085,-0.018,0.032,2582,0
721534,-7.374,2.988,5.775,-0.061,-0.010,0.035,2582,0
721554,-7.398,2.957,5.851,-0.019,-0.017,0.032,2583,0
721574,-7.381,2.974,5.849,0.056,-0.026,0.027,2581,0
721594,-7.345,3.038,5.844,0.140,-0.027,0.034,2582,0
721614,-7.314,3.098,5.851,0.187,-0.019,0.058,2579,0
721634,-7.288,3.081,5.964,0.164,-0.017,0.090,2581,0
721654,-7.195,2.880,6.007,0.123,-0.040,0.109,2581,0
721674,-7.144,2.727,5.976,0.116,-0.078,0.100,2581,0
721694,-7.175,2.715,5.784,0.122,-0.098,0.079,2582,0
721714,-7.226,2.727,5.605,0.094,-0.090,0.069,2580,0
721734,-7.254,2.705,5.528,0.049,-0.069,0.072,2581,0
721754,-7.228,2.605,5.511,0.017,-0.049,0.065,2582,0
721774,-7.228,2.526,5.499,0.008,-0.042,0.040,2581,0
721794,-7.247,2.545,5.495,0.006,-0.039,0.009,2581,0
721814,-7.302,2.612,5.444,0.002,-0.038,-0.015,2581,0
721834,-7.350,2.684,5.411,-0.010,-0.024,-0.037,2580,0
721854,-7.391,2.763,5.423,-0.029,-0.003,-0.048,2581,0
721874,-7.432,2.749,5.519,-0.043,0.013,-0.057,2582,0
721894,-7.456,2.780,5.641,-0.033,0.014,-0.076,2581,0
721914,-7.441,2.873,5.686,-0.018,0.007,-0.098,2581,0
721934,-7.456,2.998,5.703,-0.019,0.007,-0.099,2582,0
721954,-7.386,3.108,5.732,-0.035,0.008,-0.082,2583,0
721974,-7.374,3.139,5.813,-0.044,0.009,-0.062,2583,0
721994,-7.298,3.146,5.842,-0.036,0.001,-0.041,2580,0
722014,-7.283,3.098,5.935,-0.000,-0.007,-0.022,2581,0
722034,-7.329,3.134,5.957,0.039,-0.018,-0.005,2581,0
722054,-7.336,3.136,5.981,0.051,-0.034,0.007,2581,0
722074,-7.360,3.105,5.928,0.052,-0.052,0.022,2584,0
722094,-7.319,3.036,5.820,0.055,-0.058,0.039,2582,0
722114,-7.312,2.959,5.782,0.060,-0.056,0.053,2578,0
722134,-7.319,2.873,5.693,0.064,-0.057,0.054,2580,0
722154,-7.319,2.844,5.660,0.063,-0.050,0.050,2582,0
722174,-7.336,2.820,5.617,0.060,-0.046,0.049,2581,0
722194,-7.372,2.794,5.607,0.063,-0.052,0.050,2581,0
722214,-7.374,2.753,5.581,0.062,-0.057,0.044,2581,0
722234,-7.331,2.727,5.552,0.054,-0.045,0.033,2581,0
722254,-7.338,2.739,5.523,0.045,-0.027,0.025,2582,0
722274,-7.393,2.729,5.583,0.036,-0.016,0.014,2577,0
722294,-7.424,2.737,5.626,0.030,-0.021,0.002,2581,0
722314,-7.391,2.746,5.646,0.031,-0.027,-0.012,2578,0
722334,-7.341,2.794,5.638,0.028,-0.017,-0.022,2582,0
722354,-7.312,2.854,5.660,0.021,-0.003,-0.024,2580,0
722374,-7.326,2.861,5.753,0.017,-0.007,-0.023,2580,0
722394,-7.326,2.866,5.792,0.026,-0.019,-0.023,2578,0
722414,-7.338,2.909,5.813,0.032,-0.028,-0.029,2581,0
722434,-7.348,2.978,5.748,0.020,-0.023,-0.025,2578,0
722454,-7.353,2.986,5.784,0.001,-0.021,-0.014,2581,0
722474,-7.341,2.931,5.823,0.005,-0.030,-0.007,2580,0
722494,-7.317,2.895,5.804,0.034,-0.040,-0.010,2580,0
722514,-7.317,2.942,5.715,0.058,-0.046,-0.010,2578,0
722534,-7.331,2.942,5.701,0.067,-0.040,-0.003,2581,0
722554,-7.319,2.947,5.689,0.062,-0.030,0.006,2582,0
722574,-7.319,2.909,5.691,0.051,-0.032,0.010,2581,0
722594,-7.312,2.842,5.684,0.051,-0.040,0.010,2581,0
722614,-7.384,2.851,5.691,0.056,-0.039,0.005,2577,0
722634,-7.422,2.856,5.669,0.038,-0.039,0.002,2581,0
722654,-7.436,2.849,5.600,0.029,-0.041,-0.002,2580,0
722674,-7.396,2.840,5.564,0.030,-0.035,-0.006,2581,0
722694,-7.331,2.856,5.516,0.026,-0.019,-0.008,2582,0
722714,-7.324,2.851,5.535,0.021,-0.008,-0.007,2582,0
722734,-7.355,2.863,5.607,0.019,-0.006,-0.006,2579,0
722754,-7.357,2.873,5.655,0.026,-0.007,-0.005,2581,0
722774,-7.353,2.899,5.698,0.034,-0.013,-0.004,2579,0
722794,-7.343,2.935,5.674,0.029,-0.014,-0.001,2582,0
722814,-7.348,2.928,5.703,0.018,-0.008,0.004,2581,0
722834,-7.338,2.880,5.710,0.018,-0.007,0.004,2581,0
722854,-7.379,2.914,5.722,0.025,-0.013,0.002,2581,0
722874,-7.403,2.914,5.710,0.023,-0.022,0.003,2580,0
722894,-7.400,2.923,5.641,0.020,-0.030,0.006,2581,0
722914,-7.386,2.933,5.550,0.019,-0.022,0.008,2582,0
722934,-7.415,2.933,5.555,0.011,-0.011,0.016,2581,0
722954,-7.408,2.940,5.600,0.007,-0.005,0.024,2576,0
722974,-7.405,2.899,5.583,0.011,-0.005,0.028,2581,0
722994,-7.391,2.899,5.598,0.010,-0.005,0.027,2582,0
723014,-7.374,2.928,5.617,-0.004,0.002,0.030,2583,0
723034,-7.381,2.873,5.677,-0.011,0.010,0.036,2576,0
723054,-7.391,2.830,5.725,0.004,0.005,0.029,2579,0
723074,-7.377,2.856,5.792,0.032,-0.004,0.021,2580,0
723094,-7.357,2.887,5.748,0.039,-0.011,0.022,2581,0
723114,-7.350,2.899,5.751,0.027,-0.016,0.029,2581,0
723134,-7.321,2.842,5.804,0.025,-0.014,0.037,2581,0
723154,-7.329,2.792,5.861,0.037,-0.018,0.035,2581,0
723174,-7.295,2.768,5.820,0.044,-0.033,0.030,2578,0
723194,-7.298,2.722,5.811,0.051,-0.041,0.020,2574,0
723214,-7.357,2.768,5.804,0.050,-0.043,0.010,2581,0
723234,-7.417,2.772,5.775,0.029,-0.051,0.005,2580,0
723254,-7.417,2.725,5.751,0.032,-0.054,-0.002,2580,0
723274,-7.362,2.720,5.662,0.050,-0.054,-0.009,2581,0
723294,-7.307,2.725,5.643,0.055,-0.049,-0.020,2581,0
723314,-7.319,2.765,5.619,0.046,-0.046,-0.029,2579,0
723334,-7.353,2.792,5.631,0.031,-0.044,-0.035,2577,0
723354,-7.381,2.796,5.636,0.031,-0.040,-0.038,2580,0
723374,-7.355,2.856,5.626,0.042,-0.043,-0.038,2576,0
723394,-7.372,2.892,5.607,0.039,-0.040,-0.040,2580,0
723414,-7.355,2.887,5.607,0.030,-0.039,-0.035,2577,0
723434,-7.341,2.907,5.622,0.037,-0.032,-0.037,2579,0
723454,-7.393,2.938,5.667,0.039,-0.029,-0.034,2577,0
723474,-7.403,2.959,5.643,0.039,-0.033,-0.028,2582,0
723494,-7.400,2.986,5.650,0.038,-0.040,-0.025,2580,0
723514,-7.367,2.976,5.624,0.038,-0.037,-0.018,2571,0
723534,-7.377,2.957,5.602,0.040,-0.029,-0.012,2580,0
723554,-7.379,2.957,5.629,0.043,-0.028,-0.005,2574,0
723574,-7.381,2.942,5.648,0.055,-0.030,0.001,2578,0
723594,-7.405,2.966,5.643,0.057,-0.034,0.006,2580,0
723614,-7.403,2.928,5.665,0.050,-0.037,0.010,2577,0
723634,-7.393,2.914,5.638,0.044,-0.034,0.014,2578,0
723654,-7.393,2.873,5.636,0.040,-0.028,0.018,2577,0
723674,-7.403,2.840,5.672,0.050,-0.030,0.021,2576,0
723694,-7.372,2.837,5.662,0.057,-0.037,0.019,2580,0
723714,-7.345,2.840,5.660,0.053,-0.034,0.015,2580,0
723734,-7.324,2.832,5.701,0.045,-0.030,0.018,2578,0
723754,-7.331,2.787,5.717,0.042,-0.033,0.018,2580,0
723774,-7.312,2.763,5.701,0.046,-0.041,0.011,2580,0
723794,-7.336,2.777,5.708,0.050,-0.042,0.003,2578,0
723814,-7.403,2.811,5.708,0.039,-0.040,-0.001,2576,0
723834,-7.412,2.758,5.708,0.030,-0.042,-0.004,2576,0
723854,-7.369,2.792,5.722,0.056,-0.041,-0.018,2580,0
723874,-7.333,2.909,5.734,0.090,-0.034,-0.016,2569,0
723894,-7.312,2.887,5.602,0.052,-0.018,0.013,2572,0
723914,-7.353,2.787,5.820,0.092,-0.015,0.009,2564,0
723934,-7.343,2.885,5.969,0.133,-0.053,0.000,2561,0
723954,-7.432,3.084,5.653,0.074,-0.123,0.047,2562,0
723974,-7.286,3.007,5.595,0.022,-0.100,0.051,2564,0
723994,-7.216,3.227,5.969,0.064,-0.083,0.037,2559,0
724014,-7.293,3.397,5.528,-0.048,-0.086,0.113,2559,0
724034,-7.365,2.873,5.229,-0.225,-0.046,0.152,2558,0
724054,-7.183,2.744,5.590,-0.254,0.080,0.086,2555,1920
724074,-7.355,2.856,5.708,-0.155,0.108,0.039,2549,2689
724094,-7.350,2.959,5.423,-0.179,0.149,0.070,2545,2994
724114,-7.374,2.959,5.425,-0.241,0.216,0.102,2544,3494
724134,-7.444,2.921,5.468,-0.322,0.244,0.141,2543,3858
724154,-7.420,2.701,5.602,-0.339,0.224,0.134,2543,4004
724174,-7.547,2.634,5.653,-0.302,0.179,0.109,2539,4095
724194,-7.558,2.370,5.643,-0.244,0.153,0.088,2539,4095
724214,-7.398,2.100,5.617,-0.158,0.144,0.048,2538,4095
724234,-7.503,2.919,5.564,-0.047,0.103,0.032,2536,4095
724254,-7.389,2.454,5.696,-0.057,0.078,-0.008,2537,4095
724274,-7.839,3.163,5.619,-0.045,0.030,0.022,2534,4095
724294,-7.214,2.519,5.689,-0.055,0.033,0.021,2533,4095
724314,-7.539,2.614,5.701,-0.042,-0.009,-0.019,2533,4095
724334,-7.673,3.041,5.689,0.041,-0.023,-0.007,2532,4095
724354,-7.111,2.533,5.607,0.013,0.001,-0.013,2530,4095
724374,-7.693,2.887,5.646,0.001,-0.027,-0.008,2532,4095
724394,-7.578,2.902,5.715,0.047,-0.034,0.018,2530,4095
724414,-7.219,2.454,5.710,0.025,-0.044,-0.006,2530,4095
724434,-7.791,2.978,5.557,0.031,-0.066,-0.014,2530,4095
724454,-7.532,2.794,5.516,0.034,-0.038,0.011,2530,4095
724474,-7.163,2.409,5.523,0.011,-0.010,0.001,2528,4095
724494,-7.776,2.933,5.473,0.027,-0.025,0.003,2529,4095
724514,-7.561,2.732,5.581,0.039,-0.024,0.017,2528,4095
724534,-7.161,2.401,5.521,0.008,-0.017,-0.006,2528,4095
724554,-7.755,2.899,5.447,0.002,-0.023,0.000,2527,4095
724574,-7.585,2.823,5.511,0.018,-0.004,0.017,2526,4095
724594,-7.183,2.459,5.488,-0.015,0.015,0.006,2526,4095
724614,-7.764,2.794,5.514,-0.021,-0.020,0.012,2526,4095
724634,-7.824,2.916,5.576,0.010,-0.033,0.018,2525,4095
724654,-7.159,2.320,5.569,0.008,-0.010,-0.004,2526,4095
724674,-7.424,2.581,5.495,0.003,-0.006,-0.018,2526,4095
724694,-7.901,3.010,5.545,0.014,-0.020,0.011,2523,4095
724714,-7.319,2.569,5.607,0.014,0.002,0.017,2526,4095
724734,-7.286,2.564,5.547,-0.005,0.002,-0.004,2525,4095
724754,-7.853,2.938,5.622,0.011,-0.018,0.013,2524,4095
724774,-7.477,2.674,5.667,0.030,-0.014,0.021,2524,4095
724794,-7.219,2.452,5.531,0.014,-0.010,-0.002,2524,4095
724814,-7.798,2.914,5.471,0.012,-0.014,0.007,2524,4095
724834,-7.676,2.825,5.578,0.024,-0.006,0.034,2524,4095
724854,-7.233,2.433,5.636,0.018,-0.022,0.017,2524,4095
724874,-7.678,2.698,5.595,0.029,-0.089,0.005,2523,4095
724894,-7.748,2.871,5.552,0.064,-0.100,0.011,2523,4095
724914,-7.175,2.471,5.502,0.054,-0.059,0.001,2522,4095
724934,-7.532,2.452,5.622,0.087,-0.081,-0.026,2523,4095
724954,-8.018,2.456,5.983,0.256,-0.178,-0.036,2525,4095
724974,-7.448,1.891,6.306,0.586,-0.325,-0.095,2528,4095
724994,-7.374,2.375,6.093,0.851,-0.565,-0.202,2533,3978
725014,-7.681,3.505,5.772,0.799,-0.673,-0.224,2540,3619
725034,-7.163,3.699,5.296,0.544,-0.588,-0.182,2546,2927
725054,-6.613,3.179,4.796,0.222,-0.369,-0.152,2549,2596
725074,-7.027,2.780,5.071,0.019,-0.131,-0.168,2552,1657
725094,-7.755,3.127,5.521,-0.032,0.067,-0.120,2557,1390
725114,-7.515,3.062,6.084,0.099,0.050,-0.071,2559,1227
725134,-7.008,2.658,5.940,0.201,-0.053,-0.046,2559,0
725154,-7.120,2.583,5.564,0.164,-0.087,-0.041,2559,31
725174,-7.367,3.201,5.437,0.062,-0.043,-0.009,2559,0
725194,-7.314,2.823,5.466,0.001,0.020,-0.006,2559,0
725214,-7.309,2.696,5.559,-0.042,0.055,-0.004,2559,0
725234,-7.309,2.622,5.672,-0.030,0.049,-0.031,2559,0
725254,-7.412,2.591,5.792,0.006,0.022,-0.055,2559,0
725274,-7.405,2.715,5.760,0.030,-0.010,-0.061,2559,0
725294,-7.360,2.813,5.739,0.025,-0.023,-0.059,2559,0
725314,-7.343,2.816,5.729,0.006,-0.012,-0.046,2559,0
725334,-7.321,2.847,5.794,0.003,0.009,-0.027,2559,0
725354,-7.309,2.811,5.854,0.019,0.009,-0.026,2559,0
725374,-7.345,2.806,5.885,0.040,-0.006,-0.038,2559,0
725394,-7.381,2.859,5.890,0.056,-0.026,-0.034,2562,0
725414,-7.369,2.926,5.859,0.062,-0.041,-0.026,2559,0
725434,-7.362,2.926,5.823,0.046,-0.047,-0.015,2559,0
725454,-7.336,2.887,5.780,0.045,-0.047,-0.007,2559,0
725474,-7.353,2.830,5.753,0.062,-0.042,-0.003,2559,0
725494,-7.350,2.828,5.758,0.072,-0.044,0.003,2559,0
725514,-7.365,2.796,5.713,0.078,-0.053,0.003,2559,0
725534,-7.372,2.772,5.679,0.079,-0.059,0.007,2559,0
725554,-7.348,2.775,5.614,0.088,-0.047,0.006,2559,0
725574,-7.350,2.804,5.622,0.090,-0.036,0.005,2559,0
725594,-7.336,2.794,5.610,0.080,-0.033,0.009,2559,0
725614,-7.377,2.739,5.624,0.067,-0.031,0.005,2559,0
725634,-7.424,2.770,5.657,0.054,-0.023,-0.006,2559,0
725654,-7.427,2.775,5.681,0.047,-0.026,-0.013,2559,0
725674,-7.412,2.801,5.660,0.047,-0.034,-0.010,2559,0
725694,-7.343,2.825,5.614,0.044,-0.033,-0.013,2559,0
725714,-7.343,2.808,5.646,0.039,-0.020,-0.006,2559,0
725734,-7.333,2.851,5.703,0.037,-0.008,-0.004,2559,0
725754,-7.353,2.856,5.763,0.037,-0.003,-0.001,2559,0
725774,-7.379,2.840,5.851,0.043,-0.025,0.002,2559,0
725794,-7.360,2.859,5.808,0.047,-0.045,0.002,2559,0
725814,-7.333,2.854,5.737,0.040,-0.048,0.004,2559,0
725834,-7.324,2.830,5.715,0.036,-0.034,0.001,2559,0
725854,-7.377,2.830,5.725,0.032,-0.027,0.002,2559,0
725874,-7.420,2.811,5.777,0.032,-0.039,0.006,2559,0
725894,-7.408,2.799,5.708,0.043,-0.055,-0.001,2559,0
725914,-7.372,2.828,5.648,0.050,-0.054,-0.003,2559,0
725934,-7.343,2.823,5.612,0.046,-0.034,0.002,2559,0
725954,-7.336,2.823,5.669,0.036,-0.017,0.007,2559,0
725974,-7.348,2.796,5.725,0.033,-0.023,0.005,2559,0
725994,-7.350,2.787,5.698,0.042,-0.040,-0.005,2559,0
726014,-7.348,2.859,5.665,0.041,-0.045,-0.012,2559,0
726034,-7.355,2.890,5.648,0.027,-0.034,-0.004,2559,0
726054,-7.367,2.849,5.665,0.022,-0.023,0.009,2559,0
726074,-7.372,2.818,5.717,0.035,-0.019,0.009,2559,0
726094,-7.379,2.825,5.746,0.042,-0.025,0.007,2559,0
726114,-7.336,2.851,5.708,0.038,-0.031,0.003,2559,0
726134,-7.343,2.854,5.710,0.027,-0.027,0.003,2559,0
726154,-7.331,2.828,5.753,0.031,-0.027,0.005,2559,0
726174,-7.329,2.830,5.763,0.047,-0.033,0.007,2559,0
726194,-7.293,2.828,5.689,0.049,-0.038,0.007,2559,0
726214,-7.290,2.813,5.667,0.042,-0.034,0.005,2559,0
726234,-7.377,2.820,5.725,0.035,-0.029,0.006,2559,0
726254,-7.417,2.763,5.753,0.036,-0.034,0.004,2559,0
726274,-7.389,2.772,5.708,0.052,-0.044,-0.006,2559,0
726294,-7.377,2.844,5.638,0.054,-0.034,-0.011,2559,0
726314,-7.343,2.847,5.614,0.038,-0.026,-0.002,2559,0
726334,-7.336,2.801,5.679,0.030,-0.022,0.001,2559,0
726354,-7.324,2.801,5.729,0.037,-0.023,-0.005,2559,0
726374,-7.331,2.849,5.691,0.043,-0.028,-0.011,2559,0
726394,-7.343,2.887,5.703,0.037,-0.032,-0.007,2559,0
726414,-7.355,2.866,5.727,0.032,-0.037,0.001,2559,0
726434,-7.345,2.820,5.717,0.031,-0.036,0.002,2559,0
726454,-7.317,2.818,5.698,0.043,-0.030,-0.005,2559,0
726474,-7.393,2.837,5.722,0.047,-0.023,-0.006,2559,0
726494,-7.410,2.868,5.756,0.042,-0.028,-0.002,2559,0
726514,-7.391,2.832,5.725,0.041,-0.040,-0.003,2559,0
726534,-7.329,2.847,5.669,0.046,-0.043,-0.008,2559,0
726554,-7.343,2.871,5.646,0.040,-0.031,-0.007,2559,0
726574,-7.377,2.844,5.725,0.031,-0.026,0.000,2559,0
726594,-7.369,2.816,5.746,0.039,-0.033,0.000,2559,0
726614,-7.355,2.844,5.710,0.047,-0.037,-0.004,2559,0
726634,-7.355,2.885,5.691,0.040,-0.034,0.000,2559,0
726654,-7.357,2.890,5.703,0.020,-0.027,0.006,2559,0
726674,-7.369,2.820,5.751,0.014,-0.028,0.008,2559,0
726694,-7.350,2.796,5.698,0.031,-0.040,0.002,2559,0
726714,-7.333,2.849,5.674,0.050,-0.042,-0.001,2559,0
726734,-7.336,2.892,5.624,0.043,-0.035,0.005,2558,0
