738794,-7.400,2.878,5.667,0.015,-0.037,0.003,2559,0
738814,-7.518,2.878,5.756,-0.029,-0.031,0.016,2559,0
738834,-7.568,2.768,5.813,-0.046,-0.036,0.018,2558,0
738854,-7.568,2.734,5.839,-0.021,-0.040,0.003,2558,0
738874,-7.558,2.818,5.863,0.011,-0.038,-0.010,2559,0
738894,-7.489,2.847,5.930,0.042,-0.033,-0.009,2559,0
738914,-7.338,2.856,5.964,0.079,-0.028,-0.008,2559,0
738934,-7.264,2.904,6.069,0.123,-0.036,-0.006,2559,0
738954,-7.235,2.952,6.151,0.153,-0.065,0.013,2559,0
738974,-7.192,2.926,6.132,0.156,-0.087,0.029,2559,0
738994,-7.151,2.840,6.014,0.141,-0.104,0.036,2559,0
739014,-7.135,2.794,5.897,0.126,-0.110,0.043,2559,0
739034,-7.101,2.698,5.753,0.129,-0.116,0.046,2559,0
739054,-7.116,2.631,5.624,0.147,-0.120,0.035,2559,0
739074,-7.142,2.638,5.511,0.144,-0.107,0.026,2559,0
739094,-7.171,2.626,5.444,0.114,-0.076,0.019,2559,0
739114,-7.211,2.579,5.468,0.079,-0.048,0.007,2559,0
739134,-7.209,2.593,5.476,0.050,-0.039,-0.012,2559,0
739154,-7.192,2.600,5.416,0.039,-0.038,-0.035,2559,0
739174,-7.247,2.729,5.423,0.028,-0.015,-0.050,2559,0
739194,-7.389,2.806,5.499,-0.001,0.007,-0.050,2558,0
739214,-7.424,2.784,5.571,-0.015,0.005,-0.058,2559,0
739234,-7.396,2.861,5.583,-0.009,0.011,-0.070,2558,0
739254,-7.331,2.945,5.617,-0.012,0.024,-0.071,2559,0
739274,-7.336,2.988,5.679,-0.014,0.030,-0.067,2558,0
739294,-7.305,3.050,5.708,-0.008,0.026,-0.062,2558,0
739314,-7.345,3.096,5.794,0.000,0.018,-0.045,2559,0
739334,-7.343,3.084,5.770,0.002,0.009,-0.022,2559,0
739354,-7.367,3.108,5.789,0.000,-0.000,-0.003,2558,0
739374,-7.357,3.055,5.777,-0.000,-0.002,0.015,2559,0
739394,-7.336,2.931,5.839,0.028,-0.006,0.026,2559,0
739414,-7.350,2.928,5.839,0.055,-0.016,0.026,2559,0
739434,-7.410,2.978,5.837,0.049,-0.022,0.033,2558,0
739454,-7.412,2.947,5.799,0.025,-0.027,0.043,2558,0
739474,-7.393,2.866,5.760,0.014,-0.034,0.053,2558,0
739494,-7.350,2.772,5.775,0.026,-0.032,0.053,2559,0
739514,-7.343,2.734,5.765,0.047,-0.027,0.047,2558,0
739534,-7.333,2.761,5.811,0.053,-0.025,0.040,2559,0
739554,-7.338,2.770,5.794,0.038,-0.029,0.037,2559,0
739574,-7.345,2.775,5.799,0.020,-0.038,0.038,2558,0
739594,-7.329,2.732,5.806,0.003,-0.036,0.038,2559,0
739614,-7.360,2.672,5.835,0.000,-0.033,0.030,2558,0
739634,-7.374,2.660,5.895,0.010,-0.033,0.017,2558,0
739654,-7.333,2.698,5.854,0.024,-0.046,0.000,2559,0
739674,-7.281,2.799,5.765,0.022,-0.047,-0.004,2559,0
739694,-7.240,2.806,5.765,0.010,-0.039,0.003,2559,0
739714,-7.226,2.761,5.782,0.011,-0.037,0.005,2559,0
739734,-7.240,2.737,5.816,0.032,-0.041,-0.001,2558,0
739754,-7.252,2.772,5.763,0.042,-0.049,-0.006,2558,0
739774,-7.207,2.792,5.708,0.036,-0.050,-0.006,2558,0
739794,-7.242,2.847,5.691,0.034,-0.042,-0.007,2559,0
739814,-7.321,2.897,5.701,0.016,-0.033,0.002,2559,0
739834,-7.381,2.806,5.713,-0.002,-0.035,0.009,2559,0
739854,-7.350,2.734,5.698,0.017,-0.038,-0.005,2559,0
739874,-7.331,2.828,5.657,0.040,-0.027,-0.018,2559,0
739894,-7.324,2.921,5.612,0.023,-0.010,-0.010,2559,0
739914,-7.305,2.938,5.646,-0.001,-0.007,0.005,2558,0
739934,-7.314,2.871,5.710,0.003,-0.005,0.009,2558,0
739954,-7.252,2.804,5.772,0.037,-0.004,0.002,2559,0
739974,-7.250,2.835,5.739,0.071,-0.011,-0.003,2559,0
739994,-7.245,2.890,5.732,0.075,-0.018,-0.002,2559,0
740014,-7.266,2.895,5.691,0.062,-0.013,0.007,2558,0
740034,-7.276,2.828,5.739,0.062,-0.009,0.013,2558,0
740054,-7.302,2.775,5.705,0.085,-0.014,0.005,2559,0
740074,-7.343,2.816,5.693,0.107,-0.020,-0.000,2559,0
740094,-7.384,2.873,5.703,0.096,-0.010,0.008,2559,0
740114,-7.305,2.813,5.772,0.058,0.006,0.022,2559,0
740134,-7.254,2.693,5.854,0.033,-0.004,0.020,2559,0
740154,-7.221,2.626,5.863,0.030,-0.042,-0.002,2561,0
740174,-7.283,2.631,5.698,0.036,-0.060,-0.026,2559,0
740194,-7.314,2.751,5.571,0.026,-0.045,-0.035,2559,0
740214,-7.369,2.737,5.562,-0.001,-0.016,-0.034,2559,0
740234,-7.448,2.765,5.657,-0.026,0.000,-0.030,2558,0
740254,-7.506,2.744,5.775,-0.046,-0.006,-0.037,2559,0
740274,-7.499,2.717,5.770,-0.046,-0.024,-0.055,2559,0
740294,-7.381,2.842,5.650,-0.028,-0.030,-0.068,2559,0
740314,-7.384,2.978,5.598,-0.025,-0.011,-0.055,2558,0
740334,-7.415,3.007,5.684,-0.044,0.009,-0.028,2559,0
740354,-7.444,2.938,5.816,-0.051,-0.000,-0.011,2559,0
740374,-7.434,2.880,5.885,-0.037,-0.019,-0.005,2559,0
740394,-7.396,2.914,5.837,-0.023,-0.036,-0.001,2559,0
740414,-7.350,2.911,5.758,-0.007,-0.041,0.007,2559,0
740434,-7.326,2.933,5.756,0.011,-0.033,0.027,2559,0
740454,-7.410,2.909,5.813,0.006,-0.026,0.054,2559,0
740474,-7.432,2.765,5.873,0.005,-0.037,0.060,2559,0
740494,-7.410,2.698,5.849,0.022,-0.054,0.051,2559,0
740514,-7.372,2.677,5.813,0.038,-0.052,0.044,2559,0
740534,-7.341,2.672,5.741,0.041,-0.044,0.037,2559,0
740554,-7.326,2.662,5.770,0.035,-0.039,0.031,2559,0
740574,-7.336,2.667,5.801,0.028,-0.035,0.026,2559,0
740594,-7.355,2.643,5.816,0.025,-0.045,0.027,2559,0
740614,-7.307,2.636,5.760,0.023,-0.054,0.024,2559,0
740634,-7.331,2.646,5.713,0.019,-0.050,0.014,2559,0
740654,-7.321,2.631,5.727,0.018,-0.039,0.012,2559,0
740674,-7.307,2.612,5.765,0.030,-0.033,0.000,2559,0
740694,-7.345,2.662,5.794,0.031,-0.039,-0.008,2559,0
740714,-7.336,2.691,5.758,0.017,-0.050,-0.012,2559,0
740734,-7.293,2.693,5.710,0.015,-0.050,-0.014,2559,0
740754,-7.271,2.710,5.679,0.022,-0.036,-0.015,2559,0
740774,-7.290,2.732,5.710,0.030,-0.028,-0.014,2559,0
740794,-7.314,2.717,5.756,0.033,-0.028,-0.015,2559,0
740814,-7.298,2.737,5.782,0.039,-0.030,-0.020,2559,0
740834,-7.329,2.775,5.741,0.043,-0.032,-0.021,2559,0
740854,-7.312,2.823,5.727,0.034,-0.031,-0.013,2561,0
740874,-7.321,2.804,5.727,0.025,-0.027,-0.006,2559,0
740894,-7.360,2.763,5.780,0.029,-0.021,-0.002,2559,0
740914,-7.381,2.763,5.787,0.044,-0.027,-0.003,2559,0
740934,-7.353,2.787,5.763,0.049,-0.028,-0.003,2559,0
740954,-7.329,2.794,5.734,0.038,-0.023,0.002,2559,0
740974,-7.360,2.772,5.737,0.027,-0.017,0.009,2558,0
740994,-7.379,2.746,5.808,0.030,-0.021,0.012,2559,0
741014,-7.357,2.708,5.823,0.049,-0.028,0.008,2559,0
741034,-7.362,2.734,5.780,0.051,-0.028,0.005,2559,0
741054,-7.333,2.717,5.734,0.040,-0.027,0.008,2558,0
741074,-7.324,2.634,5.768,0.044,-0.026,0.003,2559,0
741094,-7.369,2.689,5.811,0.057,-0.026,-0.002,2559,0
741114,-7.400,2.720,5.839,0.040,-0.031,-0.002,2558,0
741134,-7.405,2.703,5.808,0.023,-0.041,-0.003,2559,0
741154,-7.367,2.684,5.768,0.022,-0.042,-0.005,2559,0
741174,-7.362,2.679,5.768,0.029,-0.034,-0.007,2559,0
741194,-7.353,2.672,5.770,0.034,-0.033,-0.010,2559,0
741214,-7.350,2.691,5.799,0.039,-0.033,-0.016,2559,0
741234,-7.336,2.744,5.818,0.044,-0.033,-0.017,2559,0
741254,-7.321,2.789,5.777,0.038,-0.036,-0.010,2559,0
741274,-7.341,2.775,5.768,0.027,-0.042,-0.003,2559,0
741294,-7.324,2.708,5.763,0.029,-0.042,-0.001,2562,0
741314,-7.326,2.698,5.784,0.047,-0.040,-0.006,2559,0
741334,-7.331,2.734,5.760,0.057,-0.039,-0.011,2559,0
741354,-7.379,2.792,5.760,0.042,-0.039,-0.007,2559,0
741374,-7.391,2.768,5.746,0.022,-0.040,0.002,2559,0
741394,-7.350,2.705,5.756,0.023,-0.040,0.002,2559,0
741414,-7.333,2.689,5.720,0.039,-0.032,-0.005,2559,0
741434,-7.307,2.703,5.717,0.051,-0.027,-0.009,2559,0
741454,-7.321,2.756,5.770,0.048,-0.027,-0.007,2559,0
741474,-7.362,2.770,5.760,0.041,-0.029,-0.002,2559,0
741494,-7.367,2.758,5.775,0.033,-0.033,0.002,2561,0
741514,-7.353,2.720,5.734,0.025,-0.032,0.000,2559,0
741534,-7.341,2.703,5.772,0.026,-0.026,-0.000,2559,0
741554,-7.355,2.696,5.746,0.038,-0.023,-0.001,2559,0
741574,-7.377,2.722,5.777,0.047,-0.026,-0.003,2559,0
741594,-7.367,2.761,5.770,0.044,-0.029,0.003,2559,0
741614,-7.350,2.741,5.796,0.034,-0.025,0.005,2559,0
741634,-7.343,2.708,5.799,0.026,-0.020,0.007,2559,0
741654,-7.345,2.665,5.830,0.030,-0.027,0.004,2559,0
741674,-7.338,2.698,5.820,0.039,-0.033,-0.002,2559,0
741694,-7.357,2.715,5.794,0.041,-0.037,-0.001,2559,0
741714,-7.331,2.715,5.772,0.041,-0.031,0.005,2559,0
741734,-7.326,2.698,5.792,0.035,-0.029,0.007,2559,0
741754,-7.288,2.655,5.806,0.034,-0.035,0.004,2559,0
741774,-7.319,2.650,5.811,0.044,-0.039,-0.008,2559,0
741794,-7.384,2.713,5.830,0.040,-0.042,-0.008,2559,0
741814,-7.405,2.708,5.772,0.031,-0.047,-0.012,2559,0
741834,-7.384,2.689,5.748,0.033,-0.039,-0.010,2558,0
741854,-7.350,2.713,5.741,0.034,-0.029,-0.006,2559,0
741874,-7.353,2.696,5.772,0.028,-0.025,-0.008,2559,0
741894,-7.331,2.698,5.796,0.028,-0.030,-0.012,2559,0
741914,-7.336,2.737,5.775,0.031,-0.031,-0.014,2559,0
741934,-7.326,2.780,5.777,0.032,-0.032,-0.009,2559,0
741954,-7.333,2.770,5.777,0.029,-0.030,-0.003,2559,0
741974,-7.357,2.734,5.775,0.025,-0.031,0.004,2559,0
741994,-7.317,2.691,5.801,0.039,-0.030,0.003,2559,0
742014,-7.324,2.720,5.789,0.055,-0.034,-0.004,2558,0
742034,-7.360,2.780,5.765,0.047,-0.036,-0.001,2559,0
742054,-7.384,2.751,5.794,0.032,-0.038,0.004,2562,0
742074,-7.345,2.693,5.744,0.028,-0.038,0.007,2559,0
742094,-7.329,2.693,5.758,0.033,-0.033,0.005,2559,0
742114,-7.314,2.682,5.763,0.035,-0.029,0.003,2559,0
742134,-7.333,2.682,5.734,0.029,-0.029,0.003,2559,0
742154,-7.341,2.703,5.808,0.031,-0.031,0.002,2559,0
742174,-7.348,2.717,5.765,0.032,-0.034,0.001,2559,0
742194,-7.350,2.729,5.746,0.029,-0.031,0.005,2559,0
742214,-7.345,2.698,5.734,0.026,-0.030,0.006,2559,0
742234,-7.362,2.679,5.765,0.038,-0.025,0.003,2558,0
742254,-7.374,2.703,5.789,0.049,-0.025,0.001,2559,0
742274,-7.336,2.708,5.792,0.049,-0.028,0.001,2559,0
742294,-7.324,2.705,5.806,0.044,-0.027,0.002,2559,0
742314,-7.324,2.693,5.782,0.035,-0.027,0.003,2559,0
742334,-7.321,2.665,5.794,0.035,-0.028,0.002,2559,0
742354,-7.336,2.696,5.784,0.040,-0.030,-0.002,2559,0
742374,-7.324,2.705,5.777,0.033,-0.035,-0.000,2559,0
742394,-7.298,2.686,5.763,0.029,-0.034,0.001,2559,0
742414,-7.312,2.674,5.741,0.030,-0.030,-0.004,2559,0
742434,-7.405,2.703,5.782,0.027,-0.028,-0.001,2559,0
742454,-7.429,2.660,5.777,0.020,-0.032,-0.004,2559,0
742474,-7.369,2.638,5.758,0.037,-0.035,-0.011,2559,0
742494,-7.329,2.713,5.713,0.053,-0.023,-0.012,2559,0
742514,-7.319,2.751,5.715,0.038,-0.015,-0.005,2558,0
742534,-7.326,2.693,5.794,0.019,-0.014,0.001,2559,0
742554,-7.326,2.689,5.866,0.029,-0.024,-0.007,2558,0
742574,-7.345,2.732,5.820,0.040,-0.034,-0.010,2559,0
742594,-7.338,2.763,5.780,0.034,-0.034,-0.002,2559,0
742614,-7.362,2.751,5.765,0.029,-0.031,0.007,2558,0
742634,-7.338,2.689,5.799,0.039,-0.029,0.011,2559,0
742654,-7.345,2.677,5.813,0.061,-0.028,0.000,2559,0
742674,-7.365,2.715,5.796,0.064,-0.031,-0.004,2559,0
742694,-7.386,2.729,5.768,0.044,-0.038,-0.001,2559,0
742714,-7.355,2.693,5.744,0.035,-0.037,0.001,2561,0
742734,-7.338,2.674,5.715,0.040,-0.029,0.001,2559,0
742754,-7.343,2.653,5.741,0.042,-0.026,0.001,2559,0
742774,-7.345,2.643,5.760,0.048,-0.031,-0.006,2559,0
742794,-7.333,2.677,5.737,0.050,-0.035,-0.013,2559,0
742814,-7.348,2.720,5.741,0.042,-0.033,-0.010,2559,0
742834,-7.369,2.734,5.753,0.030,-0.029,-0.002,2559,0
742854,-7.369,2.677,5.804,0.031,-0.031,0.000,2559,0
742874,-7.357,2.667,5.792,0.044,-0.034,-0.006,2559,0
742894,-7.365,2.705,5.780,0.047,-0.034,-0.007,2559,0
742914,-7.355,2.732,5.787,0.041,-0.031,-0.005,2558,0
742934,-7.355,2.741,5.813,0.031,-0.030,0.000,2559,0
742954,-7.336,2.684,5.835,0.029,-0.036,0.001,2559,0
742974,-7.314,2.679,5.830,0.037,-0.041,-0.001,2559,0
742994,-7.324,2.720,5.787,0.040,-0.038,-0.004,2559,0
743014,-7.317,2.715,5.763,0.029,-0.038,-0.002,2559,0
743034,-7.331,2.701,5.775,0.026,-0.037,0.001,2559,0
743054,-7.365,2.679,5.808,0.020,-0.038,0.007,2559,0
743074,-7.410,2.643,5.775,0.007,-0.046,0.004,2559,0
743094,-7.384,2.622,5.715,0.012,-0.051,-0.007,2559,0
743114,-7.338,2.638,5.660,0.016,-0.037,-0.011,2559,0
743134,-7.345,2.650,5.669,0.017,-0.028,-0.009,2559,0
743154,-7.365,2.658,5.737,0.024,-0.026,-0.014,2559,0
743174,-7.367,2.667,5.768,0.041,-0.028,-0.020,2559,0
743194,-7.357,2.753,5.768,0.052,-0.025,-0.019,2559,0
743214,-7.343,2.765,5.784,0.048,-0.023,-0.009,2558,0
743234,-7.338,2.751,5.808,0.052,-0.021,-0.004,2559,0
743254,-7.307,2.734,5.873,0.066,-0.018,-0.002,2559,0
743274,-7.307,2.734,5.906,0.080,-0.020,0.001,2559,0
743294,-7.309,2.753,5.950,0.073,-0.035,0.005,2559,0
743314,-7.309,2.725,5.899,0.045,-0.050,0.009,2559,0
743334,-7.324,2.686,5.827,0.026,-0.061,0.008,2559,0
743354,-7.314,2.624,5.698,0.030,-0.054,0.009,2559,0
743374,-7.333,2.591,5.689,0.045,-0.043,0.006,2559,0
743394,-7.341,2.576,5.665,0.060,-0.039,0.002,2559,0
743414,-7.369,2.588,5.691,0.066,-0.038,-0.009,2559,0
743434,-7.393,2.631,5.679,0.054,-0.032,-0.017,2559,0
743454,-7.420,2.655,5.686,0.026,-0.024,-0.020,2559,0
743474,-7.405,2.667,5.751,0.006,-0.019,-0.021,2559,0
743494,-7.374,2.665,5.760,0.007,-0.018,-0.023,2559,0
743514,-7.369,2.729,5.784,0.025,-0.019,-0.025,2559,0
743534,-7.360,2.775,5.801,0.040,-0.018,-0.022,2559,0
743554,-7.338,2.806,5.837,0.039,-0.017,-0.012,2559,0
743574,-7.336,2.789,5.883,0.040,-0.019,-0.005,2559,0
743594,-7.317,2.753,5.916,0.048,-0.024,0.005,2559,0
743614,-7.326,2.765,5.902,0.055,-0.035,0.008,2562,0
743634,-7.309,2.739,5.837,0.053,-0.047,0.014,2559,0
743654,-7.300,2.703,5.832,0.052,-0.048,0.014,2559,0
743674,-7.379,2.672,5.801,0.050,-0.046,0.014,2559,0
743694,-7.417,2.626,5.796,0.043,-0.043,0.016,2562,0
743714,-7.429,2.586,5.772,0.041,-0.048,0.009,2559,0
743734,-7.389,2.588,5.713,0.045,-0.048,0.001,2559,0
743754,-7.338,2.600,5.657,0.041,-0.038,-0.003,2559,0
743774,-7.331,2.607,5.655,0.032,-0.021,-0.010,2559,0
743794,-7.355,2.626,5.744,0.026,-0.016,-0.013,2559,0
743814,-7.377,2.650,5.782,0.033,-0.024,-0.018,2559,0
743834,-7.350,2.715,5.751,0.037,-0.033,-0.021,2558,0
743854,-7.324,2.744,5.770,0.027,-0.029,-0.015,2559,0
743874,-7.321,2.739,5.827,0.015,-0.017,-0.005,2558,0
743894,-7.321,2.689,5.854,0.030,-0.021,-0.006,2559,0
743914,-7.324,2.703,5.895,0.056,-0.037,-0.013,2559,0
743934,-7.365,2.772,5.837,0.059,-0.046,-0.011,2559,0
743954,-7.391,2.765,5.782,0.042,-0.044,-0.002,2559,0
743974,-7.360,2.713,5.772,0.040,-0.036,0.007,2559,0
743994,-7.336,2.662,5.799,0.056,-0.034,0.006,2559,0
744014,-7.309,2.648,5.780,0.072,-0.039,-0.002,2559,0
744034,-7.341,2.684,5.739,0.075,-0.040,-0.006,2559,0
744054,-7.362,2.703,5.760,0.057,-0.039,-0.001,2559,0
744074,-7.374,2.674,5.748,0.046,-0.036,0.003,2559,0
744094,-7.360,2.655,5.729,0.045,-0.034,-0.002,2559,0
744114,-7.353,2.662,5.744,0.054,-0.029,-0.008,2559,0
744134,-7.367,2.662,5.770,0.061,-0.023,-0.011,2559,0
744154,-7.360,2.698,5.770,0.065,-0.024,-0.009,2558,0
744174,-7.333,2.715,5.801,0.060,-0.025,-0.008,2559,0
744194,-7.317,2.708,5.823,0.050,-0.027,-0.006,2559,0
744214,-7.329,2.679,5.842,0.050,-0.024,-0.006,2559,0
744234,-7.321,2.674,5.818,0.059,-0.027,-0.009,2559,0
744254,-7.341,2.708,5.794,0.063,-0.034,-0.010,2558,0
744274,-7.290,2.705,5.760,0.056,-0.038,-0.004,2559,0
744294,-7.317,2.679,5.782,0.057,-0.034,-0.005,2558,0
744314,-7.405,2.698,5.823,0.054,-0.031,-0.005,2559,0
744334,-7.424,2.679,5.801,0.041,-0.041,-0.008,2559,0
744354,-7.415,2.691,5.753,0.048,-0.051,-0.014,2558,0
744374,-7.367,2.710,5.681,0.050,-0.043,-0.012,2559,0
744394,-7.336,2.734,5.646,0.046,-0.031,-0.009,2559,0
744414,-7.329,2.713,5.720,0.040,-0.022,-0.008,2559,0
744434,-7.338,2.703,5.775,0.042,-0.022,-0.010,2559,0
744454,-7.374,2.751,5.792,0.040,-0.030,-0.010,2559,0
744474,-7.348,2.804,5.760,0.025,-0.041,-0.003,2559,0
744494,-7.317,2.772,5.748,0.013,-0.040,0.004,2561,0
744514,-7.326,2.720,5.696,0.022,-0.028,0.005,2559,0
744534,-7.343,2.701,5.753,0.054,-0.020,0.001,2559,0
744554,-7.389,2.746,5.816,0.072,-0.024,-0.001,2559,0
744574,-7.396,2.794,5.818,0.060,-0.030,0.002,2559,0
744594,-7.381,2.751,5.775,0.037,-0.032,0.007,2559,0
744614,-7.343,2.698,5.765,0.028,-0.027,0.009,2559,0
744634,-7.317,2.641,5.787,0.038,-0.025,0.008,2559,0
744654,-7.307,2.653,5.796,0.054,-0.032,0.000,2559,0
744674,-7.324,2.720,5.789,0.060,-0.036,-0.007,2559,0
744694,-7.357,2.739,5.780,0.048,-0.036,-0.001,2559,0
744714,-7.357,2.698,5.794,0.031,-0.037,0.006,2559,0
744734,-7.345,2.660,5.770,0.026,-0.039,0.005,2559,0
744754,-7.345,2.641,5.751,0.039,-0.039,-0.004,2559,0
744774,-7.353,2.660,5.722,0.048,-0.035,-0.006,2559,0
744794,-7.357,2.686,5.737,0.046,-0.031,-0.010,2559,0
744814,-7.357,2.698,5.739,0.042,-0.025,-0.010,2559,0
744834,-7.348,2.696,5.801,0.034,-0.023,-0.010,2559,0
744854,-7.333,2.693,5.830,0.033,-0.028,-0.007,2558,0
744874,-7.309,2.696,5.851,0.044,-0.035,-0.009,2559,0
744894,-7.333,2.758,5.830,0.045,-0.041,-0.014,2559,0
744914,-7.338,2.751,5.760,0.037,-0.037,-0.009,2559,0
744934,-7.333,2.734,5.808,0.042,-0.036,-0.002,2559,0
744954,-7.298,2.717,5.772,0.045,-0.042,-0.001,2559,0
744974,-7.305,2.703,5.748,0.047,-0.039,-0.005,2559,0
744994,-7.365,2.725,5.744,0.044,-0.032,-0.006,2559,0
745014,-7.446,2.732,5.768,0.032,-0.036,0.001,2559,0
745034,-7.422,2.689,5.720,0.033,-0.047,-0.002,2558,0
745054,-7.386,2.689,5.684,0.047,-0.043,-0.012,2559,0
745074,-7.362,2.739,5.650,0.048,-0.023,-0.009,2559,0
745094,-7.336,2.734,5.739,0.041,-0.015,-0.003,2559,0
745114,-7.348,2.734,5.780,0.038,-0.019,-0.005,2559,0
745134,-7.355,2.758,5.787,0.030,-0.023,-0.006,2559,0
745154,-7.338,2.775,5.789,0.026,-0.027,-0.000,2559,0
745174,-7.343,2.732,5.765,0.027,-0.029,0.007,2559,0
745194,-7.353,2.710,5.784,0.039,-0.027,0.006,2559,0
745214,-7.336,2.715,5.789,0.047,-0.024,0.006,2559,0
745234,-7.350,2.693,5.782,0.045,-0.023,0.005,2559,0
745254,-7.393,2.713,5.820,0.035,-0.030,0.007,2558,0
745274,-7.400,2.679,5.811,0.029,-0.042,0.003,2558,0
745294,-7.338,2.641,5.720,0.035,-0.043,-0.004,2559,0
745314,-7.331,2.670,5.717,0.043,-0.031,-0.004,2559,0
745334,-7.336,2.686,5.732,0.045,-0.024,-0.005,2559,0
745354,-7.353,2.693,5.746,0.046,-0.029,-0.005,2559,0
745374,-7.374,2.710,5.799,0.043,-0.034,-0.007,2559,0
745394,-7.369,2.698,5.796,0.038,-0.033,-0.007,2559,0
745414,-7.360,2.727,5.770,0.035,-0.032,-0.003,2558,0
745434,-7.360,2.725,5.753,0.032,-0.034,-0.001,2559,0
745454,-7.360,2.705,5.734,0.038,-0.035,-0.003,2559,0
745474,-7.367,2.744,5.760,0.041,-0.034,-0.003,2559,0
745494,-7.372,2.739,5.734,0.035,-0.034,0.001,2559,0
745514,-7.348,2.727,5.744,0.031,-0.033,0.004,2559,0
745534,-7.350,2.701,5.758,0.035,-0.032,0.003,2559,0
745554,-7.345,2.715,5.770,0.040,-0.030,0.001,2559,0
745574,-7.333,2.737,5.760,0.039,-0.028,-0.001,2559,0
745594,-7.307,2.727,5.748,0.030,-0.030,0.006,2559,0
745614,-7.312,2.686,5.751,0.027,-0.032,0.005,2558,0
745634,-7.360,2.682,5.765,0.030,-0.033,0.002,2559,0
745654,-7.408,2.674,5.787,0.023,-0.033,-0.000,2558,0
745674,-7.405,2.670,5.756,0.027,-0.034,-0.005,2559,0
745694,-7.360,2.698,5.744,0.037,-0.028,-0.006,2559,0
745714,-7.324,2.715,5.734,0.036,-0.022,-0.000,2558,0
745734,-7.324,2.670,5.789,0.029,-0.023,-0.001,2558,0
745754,-7.321,2.674,5.813,0.029,-0.024,-0.005,2558,0
745774,-7.338,2.715,5.811,0.035,-0.027,-0.006,2559,0
745794,-7.345,2.732,5.799,0.037,-0.035,-0.003,2559,0
745814,-7.345,2.744,5.784,0.035,-0.037,0.001,2559,0
745834,-7.338,2.701,5.765,0.034,-0.032,0.004,2559,0
745854,-7.312,2.674,5.775,0.041,-0.029,0.004,2558,0
745874,-7.353,2.708,5.804,0.050,-0.030,0.002,2558,0
745894,-7.377,2.703,5.782,0.038,-0.038,-0.000,2562,0
745914,-7.374,2.686,5.746,0.027,-0.042,-0.002,2558,0
745934,-7.360,2.684,5.710,0.026,-0.036,-0.001,2559,0
745954,-7.341,2.689,5.701,0.028,-0.026,0.002,2559,0
745974,-7.341,2.679,5.772,0.031,-0.029,0.001,2558,0
745994,-7.338,2.689,5.727,0.036,-0.033,-0.004,2558,0
746014,-7.341,2.701,5.751,0.041,-0.034,-0.007,2558,0
746034,-7.355,2.732,5.727,0.040,-0.028,-0.006,2559,0
746054,-7.365,2.717,5.760,0.039,-0.027,-0.001,2558,0
746074,-7.365,2.696,5.794,0.052,-0.027,-0.001,2559,0
746094,-7.345,2.715,5.777,0.060,-0.027,-0.004,2558,0
746114,-7.350,2.741,5.820,0.051,-0.031,-0.003,2559,0
746134,-7.345,2.734,5.780,0.038,-0.033,0.002,2559,0
746154,-7.341,2.674,5.808,0.032,-0.033,0.004,2559,0
746174,-7.321,2.670,5.827,0.039,-0.037,0.000,2561,0
746194,-7.326,2.670,5.808,0.051,-0.041,-0.003,2558,0
746214,-7.329,2.696,5.792,0.051,-0.042,-0.003,2558,0
746234,-7.295,2.660,5.756,0.042,-0.041,-0.001,2559,0
746254,-7.338,2.614,5.799,0.047,-0.042,-0.006,2559,0
746274,-7.444,2.636,5.849,0.052,-0.046,-0.011,2559,0
746294,-7.436,2.686,5.830,0.045,-0.050,-0.016,2559,0
746314,-7.348,2.710,5.787,0.030,-0.047,-0.011,2559,0
746334,-7.266,2.634,5.792,0.028,-0.041,-0.010,2559,0
746354,-7.276,2.602,5.830,0.052,-0.044,-0.022,2559,0
746374,-7.264,2.701,5.825,0.056,-0.046,-0.024,2558,0
746394,-7.247,2.701,5.758,0.036,-0.054,-0.017,2559,0
746414,-7.245,2.665,5.717,0.024,-0.061,-0.017,2559,0
746434,-7.293,2.679,5.667,0.023,-0.052,-0.018,2559,0
746454,-7.348,2.631,5.665,0.025,-0.041,-0.020,2559,0
746474,-7.295,2.646,5.607,0.040,-0.032,-0.024,2559,0
746494,-7.336,2.696,5.643,0.055,-0.026,-0.030,2559,0
746514,-7.420,2.701,5.734,0.064,-0.017,-0.031,2558,0
746534,-7.451,2.717,5.748,0.087,-0.013,-0.035,2559,0
746554,-7.415,2.784,5.741,0.106,-0.014,-0.033,2559,0
746574,-7.362,2.796,5.756,0.116,-0.010,-0.023,2559,0
746594,-7.324,2.772,5.837,0.124,-0.004,-0.018,2558,0
746614,-7.314,2.722,5.902,0.140,-0.001,-0.020,2559,0
746634,-7.319,2.744,5.906,0.145,-0.008,-0.022,2558,0
746654,-7.331,2.741,5.916,0.134,-0.024,-0.018,2559,0
746674,-7.331,2.677,5.866,0.127,-0.039,-0.013,2559,0
746694,-7.355,2.629,5.820,0.147,-0.039,-0.017,2559,0
746714,-7.355,2.641,5.777,0.163,-0.031,-0.019,2559,0
746734,-7.345,2.650,5.789,0.144,-0.027,-0.013,2558,0
746754,-7.331,2.579,5.760,0.119,-0.041,-0.011,2558,0
746774,-7.321,2.483,5.669,0.115,-0.053,-0.027,2559,0
746794,-7.331,2.492,5.655,0.113,-0.042,-0.044,2559,0
746814,-7.360,2.557,5.598,0.083,-0.033,-0.052,2559,0
746834,-7.343,2.571,5.595,0.056,-0.034,-0.061,2559,0
746854,-7.355,2.598,5.634,0.041,-0.027,-0.073,2559,0
746874,-7.398,2.686,5.653,0.015,-0.021,-0.077,2559,0
746894,-7.422,2.710,5.691,-0.020,-0.022,-0.079,2558,0
746914,-7.451,2.744,5.665,-0.023,-0.034,-0.087,2558,0
746934,-7.422,2.808,5.578,-0.008,-0.032,-0.086,2559,0
746954,-7.434,2.928,5.547,-0.001,-0.018,-0.076,2558,0
746974,-7.446,2.971,5.562,-0.006,-0.010,-0.054,2559,0
746994,-7.491,2.919,5.634,0.001,-0.007,-0.039,2559,0
747014,-7.513,2.935,5.722,0.020,-0.003,-0.029,2558,0
747034,-7.523,2.983,5.727,0.023,-0.007,-0.017,2559,0
747054,-7.508,2.988,5.739,0.019,-0.016,-0.002,2559,0
747074,-7.465,2.981,5.741,0.007,-0.023,0.020,2559,0
747094,-7.424,2.892,5.775,0.003,-0.024,0.037,2559,0
747114,-7.436,2.828,5.789,0.015,-0.030,0.046,2558,0
747134,-7.484,2.770,5.772,0.032,-0.040,0.049,2559,0
747154,-7.479,2.720,5.717,0.061,-0.044,0.048,2559,0
747174,-7.429,2.725,5.717,0.093,-0.034,0.054,2559,0
747194,-7.389,2.720,5.732,0.095,-0.026,0.066,2561,0
747214,-7.355,2.598,5.784,0.092,-0.034,0.066,2559,0
747234,-7.353,2.507,5.827,0.096,-0.037,0.051,2559,0
747254,-7.348,2.502,5.796,0.088,-0.041,0.037,2559,0
747274,-7.326,2.473,5.679,0.072,-0.047,0.022,2559,0
747294,-7.329,2.428,5.646,0.065,-0.044,0.007,2559,0
747314,-7.362,2.449,5.667,0.068,-0.027,-0.005,2559,0
747334,-7.379,2.447,5.729,0.062,-0.024,-0.015,2559,0
747354,-7.389,2.437,5.669,0.052,-0.033,-0.033,2561,0
747374,-7.393,2.495,5.660,0.041,-0.039,-0.046,2559,0
747394,-7.389,2.535,5.646,0.035,-0.027,-0.054,2561,0
747414,-7.398,2.579,5.669,0.031,-0.012,-0.063,2559,0
747434,-7.367,2.626,5.713,0.026,-0.010,-0.068,2559,0
747454,-7.345,2.672,5.751,0.025,-0.014,-0.070,2559,0
747474,-7.377,2.708,5.806,0.033,-0.023,-0.071,2559,0
747494,-7.439,2.806,5.818,0.026,-0.031,-0.067,2559,0
747514,-7.460,2.806,5.782,0.012,-0.038,-0.052,2559,0
747534,-7.451,2.806,5.748,0.015,-0.046,-0.046,2559,0
747554,-7.420,2.787,5.701,0.034,-0.047,-0.041,2559,0
747574,-7.436,2.816,5.681,0.043,-0.045,-0.031,2559,0
747594,-7.439,2.856,5.686,0.032,-0.043,-0.017,2559,0
747614,-7.463,2.823,5.665,0.022,-0.046,-0.009,2559,0
747634,-7.475,2.787,5.657,0.035,-0.053,-0.004,2559,0
747654,-7.501,2.794,5.607,0.049,-0.054,0.002,2559,0
747674,-7.499,2.808,5.538,0.045,-0.046,0.010,2559,0
747694,-7.444,2.777,5.533,0.039,-0.036,0.019,2559,0
747714,-7.463,2.715,5.576,0.051,-0.027,0.019,2559,0
747734,-7.489,2.734,5.677,0.063,-0.019,0.015,2559,0
747754,-7.487,2.756,5.653,0.056,-0.022,0.020,2559,0
747774,-7.417,2.734,5.636,0.037,-0.025,0.029,2559,0
747794,-7.350,2.677,5.636,0.031,-0.021,0.030,2559,0
747814,-7.374,2.622,5.674,0.046,-0.016,0.026,2559,0
747834,-7.389,2.629,5.715,0.067,-0.018,0.018,2559,0
747854,-7.396,2.667,5.703,0.070,-0.022,0.019,2559,0
747874,-7.381,2.662,5.708,0.050,-0.023,0.025,2559,0
747894,-7.420,2.605,5.753,0.029,-0.018,0.029,2559,0
747914,-7.451,2.519,5.820,0.030,-0.021,0.018,2559,0
747934,-7.410,2.535,5.811,0.055,-0.035,-0.001,2559,0
747954,-7.377,2.607,5.734,0.069,-0.040,-0.006,2559,0
747974,-7.381,2.646,5.734,0.057,-0.035,-0.001,2559,0
747994,-7.410,2.579,5.784,0.042,-0.029,0.001,2559,0
748014,-7.412,2.497,5.871,0.063,-0.032,-0.013,2559,0
748034,-7.360,2.593,5.816,0.099,-0.052,-0.032,2559,0
748054,-7.286,2.691,5.698,0.102,-0.055,-0.033,2559,0
748074,-7.283,2.703,5.672,0.081,-0.042,-0.024,2559,0
748094,-7.391,2.667,5.760,0.056,-0.032,-0.019,2559,0
748114,-7.484,2.617,5.806,0.045,-0.049,-0.027,2558,0
748134,-7.436,2.677,5.727,0.036,-0.067,-0.028,2558,0
748154,-7.348,2.717,5.571,-0.000,-0.074,-0.025,2559,0
748174,-7.355,2.665,5.495,-0.039,-0.062,-0.025,2559,0
748194,-7.453,2.634,5.478,-0.043,-0.043,-0.026,2559,0
748214,-7.532,2.667,5.514,-0.019,-0.035,-0.036,2559,0
748234,-7.506,2.784,5.516,0.003,-0.028,-0.039,2559,0
748254,-7.484,2.840,5.492,0.006,-0.020,-0.030,2559,0
748274,-7.491,2.861,5.638,0.010,-0.001,-0.019,2559,0
748294,-7.518,2.899,5.734,0.012,0.009,-0.005,2559,0
748314,-7.465,2.904,5.801,0.016,-0.017,0.006,2558,0
748334,-7.465,2.921,5.765,0.023,-0.036,0.011,2559,0
748354,-7.458,3.002,5.765,0.012,-0.026,0.040,2559,0
748374,-7.420,2.916,5.784,-0.035,-0.019,0.073,2559,0
748394,-7.386,2.722,5.789,-0.069,-0.038,0.082,2559,0
748414,-7.386,2.595,5.758,-0.064,-0.058,0.071,2559,0
748434,-7.424,2.569,5.679,-0.031,-0.062,0.052,2559,0
748454,-7.441,2.672,5.578,-0.012,-0.043,0.049,2561,0
748474,-7.424,2.658,5.571,-0.015,-0.030,0.054,2559,0
748494,-7.444,2.605,5.646,-0.005,-0.021,0.055,2559,0
748514,-7.463,2.571,5.734,0.023,-0.009,0.052,2559,0
748534,-7.472,2.555,5.835,0.051,-0.011,0.049,2559,0
748554,-7.424,2.550,5.847,0.071,-0.024,0.039,2559,0
748574,-7.326,2.550,5.851,0.087,-0.028,0.034,2559,0
748594,-7.286,2.543,5.854,0.096,-0.017,0.030,2559,0
748614,-7.259,2.535,5.974,0.096,-0.007,0.029,2559,0
748634,-7.226,2.473,6.002,0.084,-0.029,0.020,2559,0
748654,-7.151,2.397,5.945,0.098,-0.060,-0.001,2559,0
748674,-7.228,2.430,5.823,0.128,-0.069,-0.024,2559,0
748694,-7.329,2.483,5.763,0.141,-0.059,-0.030,2559,0
748714,-7.326,2.476,5.748,0.144,-0.048,-0.033,2559,0
748734,-7.321,2.471,5.710,0.140,-0.049,-0.038,2559,0
748754,-7.348,2.478,5.653,0.112,-0.050,-0.044,2559,0
748774,-7.379,2.430,5.646,0.073,-0.046,-0.056,2559,0
748794,-7.386,2.416,5.614,0.047,-0.038,-0.078,2559,0
748814,-7.420,2.502,5.612,0.030,-0.029,-0.098,2559,0
748834,-7.453,2.646,5.636,0.012,-0.030,-0.108,2559,0
748854,-7.491,2.753,5.669,0.002,-0.030,-0.111,2559,0
748874,-7.508,2.813,5.653,0.007,-0.027,-0.103,2559,0
748894,-7.475,2.847,5.698,0.031,-0.027,-0.090,2559,0
748914,-7.465,2.931,5.751,0.063,-0.033,-0.081,2559,0
748934,-7.472,2.947,5.787,0.092,-0.039,-0.073,2559,0
748954,-7.432,2.990,5.780,0.115,-0.042,-0.058,2559,0
748974,-7.420,3.017,5.787,0.121,-0.042,-0.035,2559,0
748994,-7.436,3.002,5.837,0.111,-0.051,-0.016,2559,0
749014,-7.436,2.952,5.794,0.094,-0.067,-0.003,2559,0
749034,-7.434,2.926,5.717,0.073,-0.084,0.009,2559,0
749054,-7.420,2.875,5.586,0.051,-0.084,0.020,2561,0
749074,-7.424,2.854,5.466,0.022,-0.073,0.036,2559,0
749094,-7.441,2.818,5.430,-0.014,-0.060,0.053,2559,0
749114,-7.460,2.780,5.413,-0.046,-0.055,0.066,2559,0
749134,-7.484,2.729,5.409,-0.072,-0.059,0.080,2559,0
749154,-7.487,2.679,5.334,-0.088,-0.060,0.080,2559,0
749174,-7.475,2.701,5.310,-0.106,-0.032,0.083,2559,0
749194,-7.465,2.739,5.397,-0.153,0.008,0.100,2559,0
749214,-7.420,2.631,5.598,-0.193,0.019,0.105,2559,0
749234,-7.331,2.545,5.732,-0.179,0.019,0.079,2559,0
749254,-7.393,2.650,5.885,-0.129,0.029,0.046,2559,0
749274,-7.532,2.811,6.093,-0.075,0.029,0.035,2559,0
749294,-7.544,2.935,6.184,-0.007,0.012,0.040,2559,0
749314,-7.453,3.072,6.244,0.060,0.004,0.068,2559,0
749334,-7.329,3.041,6.306,0.099,-0.001,0.115,2559,0
749354,-7.228,2.849,6.337,0.122,-0.024,0.151,2559,0
749374,-7.140,2.614,6.361,0.146,-0.063,0.159,2559,0
749394,-7.087,2.454,6.211,0.177,-0.106,0.143,2559,0
749414,-7.089,2.382,5.971,0.196,-0.127,0.119,2559,0
749434,-7.142,2.339,5.806,0.186,-0.128,0.099,2559,0
749454,-7.219,2.265,5.679,0.158,-0.120,0.085,2559,0
749474,-7.242,2.167,5.600,0.143,-0.118,0.061,2559,0
749494,-7.298,2.131,5.488,0.136,-0.113,0.025,2559,0
749514,-7.379,2.160,5.416,0.102,-0.096,-0.010,2559,0
749534,-7.417,2.162,5.368,0.050,-0.068,-0.046,2559,0
749554,-7.386,2.219,5.363,0.009,-0.039,-0.089,2559,0
749574,-7.348,2.334,5.452,-0.023,-0.007,-0.126,2561,0
749594,-7.276,2.444,5.567,-0.055,0.010,-0.154,2559,0
749614,-7.269,2.555,5.660,-0.080,0.017,-0.179,2559,0
749634,-7.286,2.682,5.765,-0.086,0.014,-0.195,2559,0
749654,-7.331,2.861,5.830,-0.078,0.012,-0.197,2561,0
749674,-7.353,3.062,5.887,-0.065,0.009,-0.177,2559,0
749694,-7.396,3.163,5.976,-0.043,0.003,-0.145,2561,0
749714,-7.417,3.163,6.024,-0.005,-0.003,-0.114,2559,0
749734,-7.410,3.189,6.093,0.041,-0.019,-0.088,2559,0
749754,-7.374,3.235,6.038,0.062,-0.035,-0.059,2559,0
749774,-7.374,3.232,5.997,0.056,-0.048,-0.018,2559,0
749794,-7.317,3.146,5.892,0.047,-0.061,0.022,2559,0
749814,-7.309,2.990,5.792,0.060,-0.063,0.051,2559,0
749834,-7.331,2.904,5.772,0.075,-0.062,0.068,2559,0
749854,-7.391,2.851,5.729,0.078,-0.062,0.081,2559,0
749874,-7.400,2.777,5.672,0.080,-0.059,0.091,2559,0
749894,-7.396,2.725,5.631,0.085,-0.048,0.102,2559,0
749914,-7.348,2.667,5.586,0.079,-0.033,0.109,2559,0
749934,-7.329,2.569,5.648,0.067,-0.025,0.109,2559,0
749954,-7.321,2.454,5.677,0.062,-0.025,0.094,2559,0
749974,-7.331,2.437,5.691,0.073,-0.024,0.066,2562,0
749994,-7.355,2.466,5.677,0.078,-0.018,0.049,2559,0
750014,-7.391,2.495,5.689,0.059,-0.009,0.037,2559,0
750034,-7.365,2.473,5.758,0.030,-0.003,0.026,2559,0
750054,-7.341,2.435,5.842,0.022,-0.004,0.009,2559,0
750074,-7.326,2.500,5.895,0.032,-0.005,-0.014,2559,0
750094,-7.343,2.591,5.909,0.027,-0.008,-0.027,2558,0
750114,-7.343,2.629,5.930,0.020,-0.013,-0.030,2559,0
750134,-7.314,2.658,5.959,0.019,-0.017,-0.033,2559,0
750154,-7.274,2.674,5.997,0.029,-0.021,-0.032,2559,0
750174,-7.259,2.693,6.012,0.045,-0.034,-0.032,2559,0
750194,-7.286,2.708,6.026,0.061,-0.048,-0.039,2559,0
750214,-7.312,2.749,5.957,0.065,-0.056,-0.040,2559,0
750234,-7.331,2.792,5.928,0.058,-0.061,-0.034,2559,0
750254,-7.355,2.777,5.854,0.043,-0.065,-0.025,2559,0
750274,-7.362,2.729,5.794,0.039,-0.071,-0.021,2559,0
750294,-7.350,2.703,5.725,0.048,-0.068,-0.022,2559,0
750314,-7.353,2.744,5.679,0.058,-0.059,-0.022,2559,0
750334,-7.345,2.746,5.662,0.056,-0.049,-0.018,2559,0
750354,-7.338,2.749,5.679,0.050,-0.046,-0.012,2559,0
750374,-7.321,2.749,5.648,0.041,-0.047,-0.010,2559,0
750394,-7.283,2.734,5.653,0.037,-0.041,-0.009,2559,0
750414,-7.319,2.746,5.669,0.031,-0.030,-0.013,2559,0
750434,-7.381,2.775,5.717,0.024,-0.022,-0.008,2559,0
750454,-7.400,2.739,5.758,0.027,-0.030,-0.005,2559,0
750474,-7.386,2.746,5.732,0.042,-0.033,-0.007,2559,0
750494,-7.348,2.813,5.681,0.042,-0.020,-0.003,2559,0
750514,-7.338,2.792,5.713,0.028,-0.006,0.008,2558,0
750534,-7.345,2.746,5.827,0.027,-0.004,0.012,2559,0
750554,-7.314,2.741,5.883,0.044,-0.014,0.014,2559,0
750574,-7.295,2.749,5.868,0.060,-0.025,0.012,2561,0
750594,-7.290,2.770,5.854,0.055,-0.029,0.016,2559,0
750614,-7.319,2.751,5.835,0.035,-0.023,0.024,2559,0
750634,-7.333,2.648,5.856,0.035,-0.026,0.030,2559,0
750654,-7.329,2.605,5.906,0.054,-0.035,0.021,2559,0
750674,-7.341,2.617,5.839,0.062,-0.045,0.007,2559,0
750694,-7.345,2.646,5.792,0.046,-0.039,0.005,2559,0
750714,-7.341,2.607,5.760,0.032,-0.030,0.006,2559,0
750734,-7.329,2.579,5.780,0.033,-0.029,0.003,2558,0
750754,-7.305,2.562,5.820,0.051,-0.033,-0.012,2559,0
750774,-7.300,2.631,5.796,0.058,-0.036,-0.025,2559,0
750794,-7.324,2.693,5.758,0.046,-0.034,-0.025,2559,0
750814,-7.348,2.710,5.780,0.027,-0.033,-0.022,2559,0
750834,-7.343,2.682,5.792,0.024,-0.033,-0.023,2559,0
750854,-7.345,2.708,5.796,0.032,-0.031,-0.026,2559,0
750874,-7.367,2.734,5.784,0.043,-0.031,-0.027,2559,0
750894,-7.367,2.792,5.770,0.047,-0.031,-0.023,2559,0
750914,-7.338,2.820,5.796,0.042,-0.034,-0.013,2559,0
750934,-7.341,2.811,5.792,0.032,-0.037,-0.007,2559,0
750954,-7.302,2.777,5.789,0.032,-0.033,-0.001,2559,0
750974,-7.336,2.758,5.789,0.044,-0.033,-0.001,2559,0
750994,-7.293,2.763,5.746,0.052,-0.039,0.004,2559,0
751014,-7.278,2.749,5.739,0.054,-0.040,0.006,2559,0
751034,-7.362,2.741,5.727,0.046,-0.032,0.009,2559,0
751054,-7.412,2.732,5.777,0.029,-0.028,0.014,2559,0
751074,-7.405,2.653,5.806,0.029,-0.038,0.011,2559,0
751094,-7.367,2.667,5.732,0.048,-0.038,0.003,2559,0
751114,-7.336,2.701,5.713,0.051,-0.027,0.003,2559,0
751134,-7.312,2.703,5.748,0.035,-0.017,0.005,2559,0
751154,-7.329,2.682,5.806,0.026,-0.016,0.005,2559,0
751174,-7.317,2.689,5.847,0.030,-0.024,0.002,2559,0
751194,-7.307,2.715,5.808,0.035,-0.031,0.004,2559,0
751214,-7.324,2.696,5.816,0.033,-0.035,0.006,2559,0
751234,-7.302,2.665,5.799,0.041,-0.029,0.004,2559,0
751254,-7.317,2.655,5.866,0.056,-0.024,0.001,2559,0
751274,-7.336,2.682,5.883,0.060,-0.029,-0.003,2559,0
751294,-7.374,2.703,5.880,0.044,-0.039,-0.003,2558,0
751314,-7.374,2.674,5.854,0.030,-0.045,-0.004,2559,0
751334,-7.302,2.662,5.777,0.031,-0.046,-0.010,2561,0
751354,-7.300,2.674,5.772,0.042,-0.038,-0.016,2559,0
751374,-7.295,2.696,5.753,0.050,-0.033,-0.018,2559,0
751394,-7.338,2.708,5.772,0.047,-0.036,-0.013,2559,0
751414,-7.350,2.717,5.806,0.042,-0.039,-0.011,2559,0
751434,-7.367,2.732,5.768,0.029,-0.042,-0.011,2559,0
751454,-7.377,2.715,5.739,0.022,-0.041,-0.012,2559,0
751474,-7.365,2.722,5.727,0.028,-0.032,-0.011,2559,0
751494,-7.350,2.756,5.737,0.039,-0.026,-0.008,2558,0
751514,-7.353,2.794,5.763,0.043,-0.023,-0.004,2559,0
751534,-7.355,2.796,5.770,0.034,-0.023,0.002,2559,0
751554,-7.317,2.758,5.811,0.027,-0.021,0.009,2559,0
751574,-7.314,2.729,5.842,0.031,-0.023,0.008,2559,0
751594,-7.321,2.734,5.835,0.038,-0.030,0.007,2559,0
751614,-7.329,2.737,5.827,0.042,-0.031,0.008,2559,0
751634,-7.336,2.729,5.804,0.043,-0.029,0.012,2559,0
751654,-7.319,2.715,5.770,0.035,-0.029,0.017,2559,0
751674,-7.302,2.653,5.768,0.031,-0.031,0.018,2559,0
751694,-7.312,2.629,5.789,0.039,-0.031,0.008,2559,0
751714,-7.369,2.662,5.830,0.040,-0.028,0.004,2559,0
751734,-7.396,2.662,5.827,0.030,-0.032,0.003,2559,0
751754,-7.355,2.643,5.777,0.028,-0.039,-0.003,2559,0
751774,-7.326,2.643,5.739,0.033,-0.033,-0.008,2559,0
751794,-7.305,2.660,5.739,0.029,-0.022,-0.009,2559,0
751814,-7.331,2.684,5.799,0.027,-0.018,-0.013,2559,0
751834,-7.343,2.686,5.806,0.029,-0.025,-0.012,2559,0
751854,-7.309,2.720,5.801,0.036,-0.032,-0.010,2559,0
751874,-7.317,2.751,5.792,0.031,-0.034,-0.006,2558,0
751894,-7.326,2.758,5.813,0.020,-0.030,-0.002,2559,0
751914,-7.319,2.705,5.808,0.028,-0.027,0.000,2559,0
751934,-7.333,2.705,5.813,0.050,-0.031,-0.006,2561,0
751954,-7.350,2.763,5.792,0.053,-0.036,-0.006,2559,0
751974,-7.377,2.770,5.765,0.039,-0.035,0.001,2558,0
751994,-7.379,2.717,5.741,0.030,-0.033,0.005,2559,0
752014,-7.341,2.696,5.751,0.035,-0.029,0.005,2559,0
752034,-7.324,2.670,5.734,0.041,-0.029,-0.001,2559,0
752054,-7.326,2.698,5.756,0.044,-0.027,-0.002,2559,0
752074,-7.336,2.717,5.732,0.040,-0.027,-0.002,2559,0
752094,-7.357,2.715,5.777,0.035,-0.028,0.001,2559,0
752114,-7.360,2.701,5.751,0.033,-0.028,0.003,2559,0
752134,-7.369,2.682,5.782,0.039,-0.027,-0.001,2559,0
752154,-7.357,2.705,5.813,0.043,-0.024,-0.003,2559,0
752174,-7.341,2.732,5.782,0.041,-0.021,-0.001,2559,0
752194,-7.355,2.722,5.770,0.035,-0.024,0.004,2559,0
752214,-7.329,2.713,5.794,0.033,-0.031,0.005,2559,0
752234,-7.312,2.693,5.787,0.039,-0.030,0.001,2559,0
752254,-7.309,2.715,5.827,0.044,-0.023,0.002,2559,0
752274,-7.331,2.751,5.799,0.042,-0.024,0.005,2559,0
752294,-7.312,2.693,5.796,0.036,-0.033,0.009,2559,0
752314,-7.295,2.670,5.789,0.039,-0.038,0.004,2559,0
752334,-7.353,2.674,5.794,0.042,-0.033,0.001,2559,0
752354,-7.396,2.674,5.827,0.037,-0.031,0.001,2559,0
752374,-7.381,2.660,5.784,0.043,-0.038,-0.003,2559,0
752394,-7.329,2.682,5.758,0.051,-0.035,-0.006,2559,0
752414,-7.293,2.691,5.729,0.043,-0.027,-0.002,2559,0
752434,-7.288,2.660,5.782,0.035,-0.023,-0.004,2559,0
752454,-7.333,2.660,5.835,0.038,-0.031,-0.010,2559,0
752474,-7.367,2.682,5.816,0.047,-0.038,-0.014,2559,0
752494,-7.353,2.713,5.748,0.045,-0.041,-0.013,2559,0
752514,-7.360,2.732,5.739,0.036,-0.033,-0.009,2559,0
752534,-7.343,2.708,5.782,0.033,-0.022,-0.005,2559,0
752554,-7.336,2.670,5.792,0.048,-0.026,-0.006,2559,0
752574,-7.345,2.701,5.818,0.059,-0.034,-0.013,2559,0
752594,-7.365,2.746,5.816,0.047,-0.038,-0.010,2559,0
752614,-7.360,2.727,5.763,0.033,-0.040,-0.005,2559,0
752634,-7.336,2.713,5.782,0.034,-0.035,-0.005,2559,0
752654,-7.329,2.715,5.784,0.040,-0.027,-0.003,2559,0
752674,-7.336,2.715,5.794,0.047,-0.030,-0.007,2559,0
752694,-7.341,2.729,5.787,0.046,-0.037,-0.009,2559,0
752714,-7.353,2.725,5.787,0.044,-0.036,-0.006,2559,0
752734,-7.367,2.715,5.770,0.039,-0.036,-0.002,2559,0
752754,-7.353,2.739,5.794,0.040,-0.031,-0.002,2559,0
752774,-7.372,2.732,5.758,0.043,-0.029,0.001,2559,0
752794,-7.374,2.737,5.775,0.046,-0.027,0.000,2559,0
752814,-7.365,2.782,5.782,0.045,-0.035,0.008,2559,0
752834,-7.343,2.703,5.823,0.035,-0.048,0.014,2559,0
752854,-7.302,2.703,5.849,0.062,-0.054,0.003,2559,0
752874,-7.254,2.741,5.878,0.070,-0.050,0.005,2559,0
752894,-7.319,2.820,5.746,0.067,-0.046,0.015,2559,0
752914,-7.290,2.842,5.947,0.089,-0.040,0.021,2558,0
752934,-7.360,2.794,5.930,0.055,-0.098,0.052,2561,0
752954,-7.333,2.741,5.813,0.083,-0.078,0.051,2551,0
752974,-7.309,3.005,5.825,0.079,-0.059,0.053,2551,0
752994,-7.398,2.753,5.069,-0.145,-0.057,0.103,2548,0
753014,-7.259,2.598,5.399,-0.276,0.110,0.103,2544,1479
753034,-7.300,2.538,5.665,-0.261,0.172,0.107,2544,2593
753054,-7.324,2.662,5.693,-0.242,0.212,0.124,2542,3201
753074,-7.468,2.602,5.844,-0.266,0.186,0.151,2540,3483
753094,-7.374,2.591,5.820,-0.253,0.148,0.146,2539,3766
753114,-7.324,2.693,5.605,-0.267,0.180,0.127,2538,4005
753134,-7.489,2.660,5.636,-0.285,0.207,0.136,2534,4095
753154,-7.238,2.751,5.643,-0.277,0.192,0.162,2535,4095
753174,-7.269,2.849,5.629,-0.175,0.186,0.133,2532,4095
753194,-7.827,2.840,5.844,-0.121,0.137,0.099,2532,4095
753214,-7.288,2.500,5.775,-0.054,0.092,0.087,2529,4095
753234,-7.604,2.638,5.677,-0.091,0.054,0.066,2529,4095
753254,-7.604,2.950,5.650,-0.050,0.052,0.064,2529,4095
753274,-7.116,2.346,5.614,-0.065,0.090,0.047,2528,4095
753294,-7.781,2.830,5.600,-0.039,0.069,0.043,2528,4095
753314,-7.580,2.739,5.734,0.021,0.039,0.052,2527,4095
753334,-7.242,2.375,5.765,0.018,-0.016,0.023,2528,4095
753354,-7.819,2.878,5.629,0.038,-0.072,0.012,2526,4095
753374,-7.475,2.746,5.574,0.029,-0.046,0.029,2528,4095
753394,-7.228,2.337,5.588,-0.016,-0.030,0.015,2524,4095
753414,-7.887,2.804,5.602,0.028,-0.055,0.017,2524,4095
753434,-7.487,2.622,5.653,0.079,-0.049,0.030,2523,4095
753454,-7.180,2.330,5.610,0.057,-0.055,0.005,2524,4095
753474,-7.796,2.875,5.509,0.047,-0.048,0.006,2523,4095
753494,-7.470,2.624,5.602,0.032,0.005,0.026,2523,4095
753514,-7.190,2.253,5.708,0.015,-0.008,0.009,2523,4095
753534,-7.755,2.708,5.638,0.055,-0.069,-0.003,2524,4095
753554,-7.523,2.715,5.586,0.078,-0.056,0.007,2522,4095
753574,-7.216,2.440,5.629,0.033,-0.020,0.004,2523,4095
753594,-7.767,2.727,5.626,0.005,-0.041,-0.010,2522,4095
753614,-7.724,2.761,5.677,0.044,-0.038,0.006,2521,4095
753634,-7.132,2.337,5.600,0.031,-0.020,-0.010,2522,4095
753654,-7.611,2.705,5.590,0.027,-0.035,-0.023,2521,4095
753674,-7.705,2.892,5.674,0.047,-0.037,0.005,2519,4095
753694,-7.331,2.591,5.629,0.040,-0.028,0.006,2521,4095
753714,-7.491,2.672,5.576,0.015,-0.038,-0.019,2521,4095
753734,-7.824,2.921,5.598,0.015,-0.044,0.000,2520,4095
753754,-7.580,2.717,5.665,0.040,-0.037,0.019,2521,4095
753774,-7.111,2.370,5.583,0.025,-0.029,-0.001,2519,4095
753794,-7.693,2.749,5.564,0.031,-0.046,-0.005,2521,4095
753814,-7.736,2.868,5.665,0.060,-0.045,0.016,2520,4095
753834,-7.183,2.452,5.557,0.030,-0.019,0.014,2520,4095
753854,-7.496,2.562,5.535,0.012,-0.028,-0.009,2520,4095
753874,-7.855,2.842,5.648,0.063,-0.035,0.001,2520,4095
753894,-7.254,2.365,5.696,0.096,-0.043,-0.008,2519,4095
753914,-7.271,2.411,5.638,0.126,-0.091,-0.052,2521,4095
753934,-7.798,2.866,5.648,0.175,-0.129,-0.066,2520,4095
753954,-7.515,2.418,5.904,0.250,-0.168,-0.078,2519,4095
753974,-7.252,1.903,5.990,0.401,-0.298,-0.146,2525,4095
753994,-7.791,2.430,5.909,0.638,-0.396,-0.231,2524,3938
754014,-7.444,2.928,5.538,0.751,-0.363,-0.296,2532,3387
754034,-6.759,2.804,5.128,0.611,-0.241,-0.312,2538,2863
754054,-7.087,3.067,5.009,0.373,-0.050,-0.267,2543,2562
754074,-7.750,3.163,4.949,0.137,0.191,-0.227,2546,2192
754094,-7.726,3.369,5.246,0.025,0.390,-0.180,2553,1559
754114,-7.357,2.717,5.777,0.023,0.338,-0.107,2558,1301
754134,-7.740,2.593,5.921,0.008,0.135,-0.028,2559,1097
754154,-7.506,2.574,5.600,0.090,0.008,-0.026,2559,495
754174,-7.444,2.741,5.344,0.064,-0.009,-0.047,2559,0
754194,-7.477,2.794,5.291,0.007,0.029,-0.059,2559,0
754214,-7.621,2.720,5.373,-0.060,0.079,-0.045,2559,0
754234,-7.719,2.576,5.526,-0.072,0.092,-0.029,2559,0
754254,-7.750,2.476,5.646,-0.020,0.050,-0.018,2559,0
754274,-7.649,2.507,5.636,0.039,-0.001,-0.015,2559,0
754294,-7.566,2.626,5.545,0.056,-0.016,-0.031,2559,0
754314,-7.587,2.729,5.538,0.022,-0.006,-0.023,2559,0
754334,-7.609,2.679,5.588,-0.002,-0.004,-0.014,2559,0
754354,-7.647,2.600,5.638,0.001,-0.015,-0.008,2559,0
754374,-7.630,2.579,5.655,0.033,-0.051,-0.005,2561,0
754394,-7.633,2.586,5.564,0.065,-0.075,-0.007,2559,0
754414,-7.578,2.660,5.478,0.066,-0.077,-0.006,2559,0
754434,-7.604,2.610,5.456,0.054,-0.071,-0.005,2559,0
754454,-7.654,2.612,5.435,0.046,-0.064,-0.008,2559,0
754474,-7.685,2.552,5.452,0.046,-0.068,-0.009,2559,0
754494,-7.635,2.610,5.387,0.058,-0.063,-0.016,2559,0
754514,-7.647,2.595,5.344,0.055,-0.057,-0.016,2559,0
754534,-7.580,2.636,5.306,0.051,-0.041,-0.016,2559,0
754554,-7.606,2.638,5.346,0.042,-0.030,-0.019,2559,0
754574,-7.649,2.665,5.385,0.040,-0.041,-0.013,2559,0
754594,-7.630,2.624,5.397,0.043,-0.053,-0.011,2559,0
754614,-7.621,2.658,5.409,0.046,-0.050,-0.015,2559,0
754634,-7.616,2.708,5.389,0.036,-0.035,-0.012,2559,0
754654,-7.623,2.710,5.409,0.027,-0.021,-0.006,2559,0
754674,-7.666,2.679,5.492,0.029,-0.018,0.004,2559,0
754694,-7.659,2.660,5.540,0.042,-0.037,0.014,2559,0
754714,-7.604,2.650,5.531,0.059,-0.054,0.011,2559,0
754734,-7.558,2.662,5.499,0.056,-0.052,0.009,2559,0
754754,-7.592,2.670,5.485,0.045,-0.038,0.016,2559,0
754774,-7.604,2.617,5.511,0.041,-0.036,0.021,2559,0
754794,-7.587,2.591,5.526,0.046,-0.052,0.022,2559,0
754814,-7.587,2.543,5.535,0.057,-0.072,0.015,2559,0
754834,-7.638,2.598,5.504,0.053,-0.068,0.007,2559,0
754854,-7.671,2.610,5.485,0.040,-0.060,0.006,2559,0
754874,-7.623,2.557,5.466,0.035,-0.050,0.002,2559,0
754894,-7.580,2.552,5.499,0.046,-0.044,-0.002,2559,0
754914,-7.542,2.547,5.464,0.051,-0.047,-0.003,2559,0
754934,-7.539,2.583,5.504,0.047,-0.049,-0.009,2559,0
754954,-7.563,2.614,5.514,0.038,-0.049,-0.011,2559,0
754974,-7.575,2.638,5.499,0.030,-0.050,-0.008,2559,0
754994,-7.570,2.641,5.490,0.029,-0.054,-0.006,2559,0
755014,-7.551,2.629,5.516,0.034,-0.057,-0.004,2559,0
755034,-7.566,2.617,5.488,0.045,-0.055,-0.007,2559,0
755054,-7.580,2.636,5.507,0.056,-0.049,-0.011,2559,0
755074,-7.616,2.693,5.514,0.051,-0.043,-0.011,2559,0
755094,-7.602,2.686,5.504,0.039,-0.040,-0.008,2559,0
755114,-7.575,2.672,5.514,0.036,-0.039,-0.004,2559,0
755134,-7.542,2.691,5.509,0.046,-0.041,0.001,2559,0
755154,-7.549,2.686,5.516,0.053,-0.047,0.000,2559,0
755174,-7.554,2.670,5.480,0.054,-0.049,-0.002,2559,0
755194,-7.585,2.684,5.497,0.050,-0.049,0.002,2559,0
755214,-7.582,2.658,5.495,0.047,-0.051,0.006,2562,0
755234,-7.578,2.653,5.509,0.044,-0.049,0.006,2559,0
755254,-7.575,2.670,5.483,0.043,-0.045,0.005,2559,0
755274,-7.580,2.682,5.466,0.040,-0.036,0.006,2559,0
755294,-7.570,2.660,5.466,0.041,-0.031,0.006,2559,0
755314,-7.568,2.660,5.533,0.045,-0.030,0.007,2559,0
755334,-7.539,2.634,5.523,0.041,-0.037,0.011,2559,0
755354,-7.513,2.626,5.555,0.042,-0.035,0.005,2559,0
755374,-7.527,2.641,5.550,0.041,-0.035,0.005,2559,0
755394,-7.530,2.643,5.535,0.030,-0.039,0.007,2559,0
755414,-7.496,2.607,5.562,0.029,-0.042,0.006,2559,0
755434,-7.532,2.622,5.581,0.035,-0.044,0.003,2559,0
755454,-7.594,2.624,5.571,0.034,-0.042,0.000,2559,0
755474,-7.592,2.614,5.567,0.038,-0.047,-0.005,2559,0
755494,-7.561,2.619,5.523,0.050,-0.044,-0.006,2559,0
755514,-7.501,2.648,5.485,0.057,-0.033,-0.005,2559,0
755534,-7.518,2.653,5.545,0.044,-0.035,-0.001,2559,0
755554,-7.515,2.646,5.564,0.036,-0.043,-0.001,2559,0
755574,-7.523,2.643,5.552,0.043,-0.045,-0.011,2559,0
755594,-7.537,2.693,5.528,0.045,-0.043,-0.007,2559,0
755614,-7.568,2.698,5.540,0.039,-0.045,0.002,2559,0
755634,-7.530,2.655,5.547,0.040,-0.047,0.004,2559,0
755654,-7.508,2.643,5.545,0.053,-0.043,-0.002,2561,0
755674,-7.551,2.684,5.569,0.052,-0.039,-0.006,2559,0
755694,-7.558,2.701,5.531,0.035,-0.037,-0.001,2559,0
