331004,8.861,1.575,3.869,0.039,-0.015,-0.018,2544,0
331024,8.837,1.657,3.946,0.033,-0.008,-0.009,2544,0
331044,8.878,1.659,3.982,0.036,-0.014,-0.000,2544,0
331064,8.911,1.597,3.984,0.043,-0.016,0.006,2544,0
331084,8.887,1.561,4.032,0.045,-0.015,0.007,2545,0
331104,8.851,1.549,4.116,0.035,-0.025,0.007,2544,0
331124,8.849,1.487,4.089,0.040,-0.049,0.000,2543,0
331144,8.856,1.520,3.998,0.054,-0.060,-0.013,2545,0
331164,8.856,1.571,3.886,0.050,-0.059,-0.014,2544,0
331184,8.873,1.609,3.857,0.031,-0.043,-0.004,2547,0
331204,8.830,1.573,3.903,0.026,-0.032,-0.001,2544,0
331224,8.851,1.578,3.903,0.034,-0.033,-0.003,2544,0
331244,8.856,1.607,3.903,0.037,-0.028,-0.002,2544,0
331264,8.842,1.590,3.895,0.036,-0.030,-0.001,2544,0
331284,8.842,1.561,3.857,0.038,-0.034,-0.001,2545,0
331304,8.885,1.583,3.900,0.047,-0.022,-0.000,2544,0
331324,8.849,1.578,3.915,0.046,-0.021,-0.001,2544,0
331344,8.861,1.563,3.888,0.048,-0.029,0.000,2544,0
331364,8.830,1.575,3.941,0.049,-0.019,0.005,2544,0
331384,8.856,1.539,3.955,0.040,-0.024,0.009,2545,0
331404,8.906,1.496,3.926,0.046,-0.024,-0.001,2544,0
331424,8.890,1.530,3.941,0.051,-0.019,-0.009,2544,0
331444,8.847,1.607,3.970,0.047,-0.017,-0.009,2545,0
331464,8.873,1.642,3.989,0.041,-0.016,-0.002,2544,0
331484,8.882,1.611,3.996,0.036,-0.017,0.007,2544,0
331504,8.882,1.561,4.025,0.037,-0.025,0.012,2546,0
331524,8.859,1.549,4.013,0.049,-0.034,0.008,2544,0
331544,8.842,1.590,3.994,0.048,-0.040,0.007,2543,0
331564,8.837,1.583,3.943,0.046,-0.041,0.009,2544,0
331584,8.815,1.585,3.950,0.052,-0.038,0.009,2544,0
331604,8.794,1.583,3.926,0.044,-0.040,0.013,2544,0
331624,8.830,1.480,3.924,0.039,-0.042,0.015,2544,0
331644,8.851,1.413,3.886,0.048,-0.035,0.008,2544,0
331664,8.847,1.487,3.888,0.054,-0.028,-0.003,2544,0
331684,8.832,1.578,3.924,0.049,-0.027,-0.003,2544,0
331704,8.827,1.580,3.910,0.039,-0.023,0.002,2544,0
331724,8.818,1.542,3.953,0.041,-0.021,0.002,2544,0
331744,8.832,1.566,3.991,0.056,-0.021,-0.001,2544,0
331764,8.835,1.587,3.989,0.055,-0.025,-0.001,2544,0
331784,8.871,1.571,4.001,0.047,-0.034,0.003,2544,0
331804,8.871,1.535,4.010,0.044,-0.039,-0.000,2545,0
331824,8.863,1.568,3.958,0.054,-0.043,-0.001,2544,0
331844,8.861,1.595,3.931,0.057,-0.038,0.002,2545,0
331864,8.868,1.573,3.924,0.056,-0.029,0.008,2544,0
331884,8.863,1.559,3.972,0.055,-0.025,0.007,2545,0
331904,8.849,1.535,3.998,0.047,-0.031,0.009,2543,0
331924,8.854,1.501,3.989,0.050,-0.035,0.013,2544,0
331944,8.839,1.460,3.948,0.055,-0.038,0.008,2544,0
331964,8.868,1.511,3.929,0.047,-0.032,0.005,2544,0
331984,8.813,1.532,3.994,0.031,-0.023,0.008,2544,0
332004,8.806,1.487,3.984,0.035,-0.039,0.007,2544,0
332024,8.839,1.477,3.915,0.050,-0.042,-0.006,2544,0
332044,8.815,1.590,3.910,0.047,-0.026,-0.017,2544,0
332064,8.806,1.618,3.970,0.041,-0.026,-0.005,2544,0
332084,8.847,1.602,3.986,0.049,-0.029,0.005,2546,0
332104,8.868,1.554,3.958,0.044,-0.031,0.009,2544,0
332124,8.866,1.484,3.967,0.036,-0.032,0.008,2545,0
332144,8.839,1.460,3.972,0.037,-0.033,0.001,2544,0
332164,8.842,1.530,3.989,0.047,-0.038,-0.005,2544,0
332184,8.835,1.537,3.967,0.040,-0.042,-0.006,2544,0
332204,8.818,1.535,3.991,0.030,-0.038,-0.004,2544,0
332224,8.794,1.518,4.003,0.030,-0.039,0.002,2544,0
332244,8.820,1.463,3.953,0.041,-0.050,-0.003,2542,0
332264,8.818,1.453,3.903,0.045,-0.038,-0.013,2544,0
332284,8.830,1.506,3.886,0.027,-0.029,-0.016,2544,0
332304,8.837,1.468,3.926,0.013,-0.029,-0.015,2544,0
332324,8.856,1.489,3.967,0.026,-0.026,-0.020,2545,0
332344,8.849,1.556,3.986,0.032,-0.024,-0.023,2544,0
332364,8.842,1.635,3.979,0.020,-0.024,-0.018,2544,0
332384,8.856,1.590,3.955,0.017,-0.031,-0.010,2544,0
332404,8.875,1.566,3.960,0.025,-0.041,-0.014,2547,0
332424,8.887,1.595,3.924,0.029,-0.039,-0.017,2544,0
332444,8.871,1.609,3.912,0.035,-0.041,-0.013,2546,0
332464,8.873,1.595,3.852,0.037,-0.044,-0.011,2545,0
332484,8.885,1.573,3.857,0.035,-0.031,-0.008,2544,0
332504,8.847,1.556,3.888,0.036,-0.023,-0.003,2543,0
332524,8.859,1.542,3.946,0.037,-0.025,0.000,2543,0
332544,8.856,1.537,3.965,0.037,-0.030,-0.001,2544,0
332564,8.871,1.525,3.948,0.035,-0.034,-0.003,2544,0
332584,8.844,1.508,3.982,0.041,-0.031,-0.003,2545,0
332604,8.820,1.506,3.967,0.043,-0.037,-0.003,2545,0
332624,8.844,1.506,3.934,0.038,-0.042,-0.014,2544,0
332644,8.813,1.537,3.936,0.039,-0.031,-0.024,2544,0
332664,8.832,1.592,3.934,0.047,-0.031,-0.019,2544,0
332684,8.863,1.618,3.915,0.043,-0.029,-0.015,2544,0
332704,8.851,1.633,3.970,0.037,-0.019,-0.007,2545,0
332724,8.863,1.602,3.960,0.033,-0.021,-0.001,2544,0
332744,8.863,1.520,3.979,0.037,-0.029,-0.005,2544,0
332764,8.842,1.551,3.984,0.047,-0.031,-0.006,2544,0
332784,8.847,1.566,3.941,0.044,-0.039,-0.008,2543,0
332804,8.871,1.585,3.891,0.044,-0.034,-0.009,2544,0
332824,8.825,1.590,3.977,0.037,-0.025,-0.003,2543,0
332844,8.823,1.571,3.948,0.041,-0.030,0.001,2543,0
332864,8.873,1.523,3.943,0.049,-0.038,-0.003,2544,0
332884,8.832,1.525,3.934,0.047,-0.030,-0.011,2544,0
332904,8.830,1.563,3.926,0.043,-0.030,-0.014,2544,0
332924,8.854,1.563,3.919,0.040,-0.037,-0.012,2545,0
332944,8.844,1.561,3.919,0.044,-0.029,-0.010,2543,0
332964,8.825,1.571,3.900,0.044,-0.023,-0.013,2543,0
332984,8.844,1.597,3.926,0.041,-0.023,-0.011,2544,0
333004,8.842,1.559,3.958,0.035,-0.019,-0.009,2544,0
333024,8.861,1.556,3.991,0.043,-0.029,-0.015,2543,0
333044,8.878,1.580,3.977,0.048,-0.032,-0.018,2544,0
333064,8.863,1.645,3.955,0.049,-0.031,-0.014,2544,0
333084,8.835,1.647,3.979,0.040,-0.028,-0.010,2545,0
333104,8.842,1.635,4.003,0.036,-0.030,-0.002,2544,0
333124,8.861,1.590,4.020,0.044,-0.031,0.001,2544,0
333144,8.844,1.551,3.982,0.046,-0.039,0.001,2547,0
333164,8.880,1.525,3.946,0.047,-0.042,-0.002,2544,0
333184,8.844,1.559,3.974,0.042,-0.028,-0.001,2544,0
333204,8.803,1.542,3.984,0.034,-0.031,0.005,2545,0
333224,8.854,1.499,3.943,0.039,-0.043,-0.007,2544,0
333244,8.835,1.535,3.883,0.037,-0.038,-0.018,2544,0
333264,8.835,1.618,3.910,0.041,-0.032,-0.021,2543,0
333284,8.837,1.709,3.922,0.053,-0.026,-0.018,2543,0
333304,8.854,1.729,3.912,0.043,-0.020,-0.005,2544,0
333324,8.873,1.626,3.931,0.028,-0.019,0.010,2543,0
333344,8.871,1.554,4.003,0.032,-0.022,0.006,2544,0
333364,8.854,1.583,4.049,0.044,-0.026,0.002,2544,0
333384,8.847,1.575,4.037,0.051,-0.037,0.002,2543,0
333404,8.837,1.559,3.994,0.051,-0.048,0.000,2544,0
333424,8.844,1.563,3.938,0.041,-0.047,-0.003,2544,0
333444,8.815,1.537,3.926,0.033,-0.044,-0.004,2544,0
333464,8.818,1.542,3.938,0.037,-0.043,-0.007,2545,0
333484,8.839,1.568,3.900,0.048,-0.043,-0.010,2544,0
333504,8.844,1.602,3.886,0.045,-0.036,-0.012,2543,0
333524,8.847,1.621,3.895,0.031,-0.025,-0.005,2545,0
333544,8.832,1.604,3.977,0.029,-0.019,-0.006,2543,0
333564,8.827,1.618,4.013,0.038,-0.024,-0.003,2544,0
333584,8.856,1.585,4.003,0.039,-0.032,-0.001,2544,0
333604,8.861,1.573,3.960,0.038,-0.034,-0.007,2543,0
333624,8.842,1.580,3.946,0.037,-0.041,-0.011,2544,0
333644,8.854,1.595,3.955,0.041,-0.045,-0.009,2543,0
333664,8.861,1.630,3.929,0.041,-0.043,-0.010,2544,0
333684,8.837,1.640,3.919,0.037,-0.042,-0.007,2544,0
333704,8.859,1.647,3.893,0.041,-0.038,0.001,2544,0
333724,8.839,1.635,3.922,0.043,-0.032,0.005,2545,0
333744,8.849,1.597,3.917,0.041,-0.031,0.010,2544,0
333764,8.851,1.530,3.958,0.041,-0.031,0.006,2545,0
333784,8.839,1.523,3.960,0.046,-0.033,0.005,2544,0
333804,8.851,1.535,3.941,0.043,-0.039,0.000,2544,0
333824,8.839,1.549,3.931,0.046,-0.039,-0.007,2544,0
333844,8.806,1.575,3.898,0.044,-0.036,-0.001,2545,0
333864,8.847,1.544,3.852,0.041,-0.035,-0.002,2543,0
333884,8.837,1.556,3.869,0.044,-0.029,-0.013,2544,0
333904,8.820,1.609,3.879,0.041,-0.021,-0.018,2544,0
333924,8.839,1.662,3.915,0.038,-0.016,-0.015,2546,0
333944,8.878,1.688,3.967,0.044,-0.008,-0.007,2543,0
333964,8.875,1.674,3.982,0.037,-0.015,0.003,2544,0
333984,8.904,1.590,4.001,0.034,-0.028,0.006,2543,0
334004,8.899,1.525,3.991,0.046,-0.034,-0.001,2544,0
334024,8.868,1.554,3.991,0.047,-0.034,-0.001,2544,0
334044,8.873,1.609,3.998,0.041,-0.038,0.004,2543,0
334064,8.861,1.573,4.001,0.042,-0.041,0.006,2543,0
334084,8.837,1.609,3.967,0.041,-0.034,0.007,2544,0
334104,8.827,1.571,3.965,0.034,-0.035,0.010,2543,0
334124,8.851,1.554,3.924,0.044,-0.037,0.002,2544,0
334144,8.859,1.580,3.922,0.041,-0.030,-0.001,2543,0
334164,8.847,1.592,3.891,0.029,-0.025,-0.001,2543,0
334184,8.839,1.611,3.943,0.029,-0.022,0.004,2544,0
334204,8.825,1.609,3.982,0.035,-0.027,0.007,2543,0
334224,8.825,1.578,4.015,0.038,-0.031,0.005,2543,0
334244,8.835,1.587,3.960,0.037,-0.036,0.003,2543,0
334264,8.851,1.566,3.912,0.040,-0.045,-0.001,2543,0
334284,8.835,1.571,3.891,0.039,-0.039,-0.005,2543,0
334304,8.844,1.595,3.879,0.044,-0.034,-0.003,2544,0
334324,8.847,1.621,3.881,0.045,-0.031,-0.001,2544,0
334344,8.866,1.640,3.924,0.038,-0.025,0.005,2543,0
334364,8.871,1.602,3.934,0.038,-0.021,0.007,2543,0
334384,8.844,1.585,3.986,0.044,-0.022,0.011,2544,0
334404,8.839,1.583,4.003,0.047,-0.023,0.016,2544,0
334424,8.875,1.556,3.991,0.047,-0.033,0.015,2543,0
334444,8.890,1.504,3.950,0.050,-0.038,0.007,2544,0
334464,8.837,1.525,3.931,0.044,-0.034,0.010,2543,0
334484,8.801,1.492,3.965,0.036,-0.044,0.007,2543,0
334504,8.851,1.487,3.926,0.042,-0.039,-0.008,2544,0
334524,8.823,1.573,3.910,0.046,-0.028,-0.014,2544,0
334544,8.839,1.611,3.888,0.046,-0.029,-0.009,2543,0
334564,8.849,1.628,3.926,0.039,-0.018,0.002,2543,0
334584,8.847,1.590,3.962,0.033,-0.017,0.011,2544,0
334604,8.854,1.547,3.989,0.039,-0.023,0.010,2543,0
334624,8.880,1.525,3.989,0.046,-0.030,0.006,2544,0
334644,8.863,1.554,3.994,0.043,-0.034,0.004,2544,0
334664,8.844,1.556,3.982,0.041,-0.044,0.001,2544,0
334684,8.851,1.583,3.941,0.052,-0.043,0.001,2543,0
334704,8.844,1.611,3.929,0.044,-0.035,0.009,2543,0
334724,8.835,1.504,3.941,0.035,-0.039,0.015,2543,0
334744,8.854,1.434,3.907,0.046,-0.040,0.006,2543,0
334764,8.844,1.472,3.905,0.047,-0.031,-0.007,2544,0
334784,8.832,1.513,3.891,0.041,-0.030,-0.008,2544,0
334804,8.835,1.590,3.924,0.037,-0.027,-0.007,2543,0
334824,8.808,1.587,3.965,0.030,-0.023,-0.002,2544,0
334844,8.823,1.525,3.979,0.035,-0.032,0.001,2544,0
334864,8.839,1.520,3.958,0.045,-0.039,-0.007,2544,0
334884,8.835,1.549,3.941,0.044,-0.039,-0.010,2543,0
334904,8.823,1.602,3.924,0.040,-0.033,-0.007,2544,0
334924,8.830,1.597,3.926,0.042,-0.029,-0.003,2544,0
334944,8.832,1.595,3.926,0.037,-0.026,-0.002,2543,0
334964,8.839,1.513,3.967,0.028,-0.025,-0.004,2544,0
334984,8.842,1.477,3.982,0.030,-0.021,-0.005,2544,0
335004,8.815,1.496,3.979,0.037,-0.022,-0.003,2544,0
335024,8.818,1.532,3.962,0.037,-0.019,-0.001,2543,0
335044,8.823,1.487,3.931,0.032,-0.024,-0.003,2541,0
335064,8.823,1.480,3.917,0.034,-0.016,-0.008,2543,0
335084,8.811,1.511,3.946,0.033,-0.007,-0.009,2544,0
335104,8.847,1.499,3.950,0.027,-0.013,-0.015,2543,0
335124,8.856,1.559,3.965,0.031,-0.005,-0.025,2545,0
335144,8.847,1.595,4.027,0.034,-0.007,-0.021,2544,0
335164,8.887,1.609,4.080,0.041,-0.021,-0.022,2543,0
335184,8.902,1.650,4.049,0.048,-0.028,-0.015,2543,0
335204,8.911,1.626,3.996,0.046,-0.035,-0.012,2543,0
335224,8.880,1.597,3.996,0.040,-0.036,-0.007,2544,0
335244,8.849,1.597,4.025,0.043,-0.034,-0.004,2544,0
335264,8.832,1.595,4.010,0.046,-0.042,-0.001,2544,0
335284,8.806,1.585,3.986,0.046,-0.046,0.000,2544,0
335304,8.813,1.573,3.970,0.044,-0.044,0.002,2543,0
335324,8.820,1.496,3.960,0.033,-0.039,0.006,2543,0
335344,8.818,1.434,3.955,0.038,-0.036,-0.004,2543,0
335364,8.823,1.465,3.931,0.048,-0.035,-0.014,2544,0
335384,8.801,1.516,3.924,0.038,-0.029,-0.019,2543,0
335404,8.832,1.575,3.919,0.032,-0.019,-0.021,2543,0
335424,8.820,1.590,3.970,0.032,-0.018,-0.018,2542,0
335444,8.839,1.607,3.986,0.036,-0.024,-0.015,2543,0
335464,8.835,1.583,3.970,0.037,-0.025,-0.014,2544,0
335484,8.863,1.561,3.960,0.040,-0.030,-0.016,2543,0
335504,8.863,1.590,3.950,0.041,-0.025,-0.019,2543,0
335524,8.847,1.616,3.979,0.036,-0.021,-0.017,2543,0
335544,8.854,1.628,3.989,0.037,-0.023,-0.014,2543,0
335564,8.863,1.664,4.017,0.042,-0.022,-0.007,2544,0
335584,8.866,1.650,4.027,0.041,-0.024,-0.002,2543,0
335604,8.851,1.604,4.046,0.041,-0.029,0.001,2544,0
335624,8.849,1.587,4.037,0.043,-0.027,0.006,2543,0
335644,8.844,1.573,4.063,0.039,-0.035,0.008,2542,0
335664,8.820,1.516,4.063,0.046,-0.043,0.005,2543,0
335684,8.818,1.528,4.003,0.047,-0.049,0.006,2544,0
335704,8.803,1.480,3.912,0.038,-0.051,-0.002,2543,0
335724,8.825,1.472,3.915,0.036,-0.043,-0.015,2542,0
335744,8.794,1.549,3.915,0.040,-0.035,-0.022,2544,0
335764,8.813,1.662,3.919,0.040,-0.025,-0.022,2543,0
335784,8.813,1.712,3.965,0.032,-0.014,-0.011,2543,0
335804,8.842,1.657,3.953,0.029,-0.016,0.001,2543,0
335824,8.844,1.580,3.994,0.033,-0.020,0.000,2543,0
335844,8.837,1.561,4.005,0.044,-0.023,-0.003,2544,0
335864,8.839,1.575,4.017,0.055,-0.034,-0.006,2543,0
335884,8.842,1.592,4.001,0.049,-0.039,-0.005,2543,0
335904,8.849,1.587,3.972,0.042,-0.035,-0.004,2543,0
335924,8.827,1.549,3.974,0.038,-0.035,-0.003,2543,0
335944,8.835,1.532,3.994,0.038,-0.037,-0.002,2543,0
335964,8.837,1.556,4.010,0.048,-0.037,-0.007,2542,0
335984,8.847,1.602,3.977,0.046,-0.036,-0.011,2543,0
336004,8.839,1.642,3.967,0.036,-0.029,-0.009,2544,0
336024,8.827,1.642,4.008,0.033,-0.026,-0.002,2543,0
336044,8.818,1.604,4.044,0.035,-0.028,0.002,2543,0
336064,8.825,1.547,4.027,0.037,-0.036,-0.001,2543,0
336084,8.847,1.537,4.020,0.039,-0.039,-0.005,2544,0
336104,8.849,1.575,3.974,0.042,-0.043,-0.011,2544,0
336124,8.827,1.621,3.979,0.039,-0.041,-0.013,2543,0
336144,8.813,1.633,3.965,0.038,-0.046,-0.009,2543,0
336164,8.815,1.642,3.907,0.042,-0.043,-0.007,2543,0
336184,8.820,1.635,3.903,0.045,-0.031,-0.003,2543,0
336204,8.811,1.616,3.924,0.038,-0.020,0.002,2544,0
336224,8.825,1.597,3.989,0.036,-0.019,0.003,2544,0
336244,8.832,1.559,4.027,0.042,-0.025,0.004,2543,0
336264,8.856,1.547,4.051,0.043,-0.025,0.003,2543,0
336284,8.837,1.544,4.032,0.042,-0.030,-0.002,2543,0
336304,8.818,1.563,4.046,0.039,-0.035,-0.003,2543,0
336324,8.818,1.523,4.029,0.034,-0.046,-0.002,2544,0
336344,8.847,1.530,3.967,0.046,-0.049,-0.014,2543,0
336364,8.830,1.616,3.903,0.045,-0.033,-0.019,2543,0
336384,8.837,1.669,3.929,0.035,-0.027,-0.013,2544,0
336404,8.830,1.664,3.962,0.039,-0.019,-0.010,2542,0
336424,8.813,1.657,3.972,0.041,-0.018,-0.002,2544,0
336444,8.856,1.580,3.996,0.034,-0.020,0.007,2543,0
336464,8.851,1.561,4.013,0.038,-0.023,0.005,2543,0
336484,8.835,1.573,4.020,0.047,-0.029,-0.001,2543,0
336504,8.827,1.599,4.013,0.047,-0.030,-0.002,2543,0
336524,8.818,1.599,4.013,0.043,-0.039,0.000,2544,0
336544,8.813,1.597,3.986,0.046,-0.043,0.003,2543,0
336564,8.835,1.571,3.962,0.049,-0.041,0.001,2543,0
336584,8.811,1.578,3.943,0.047,-0.029,-0.002,2544,0
336604,8.820,1.590,3.960,0.038,-0.028,0.001,2544,0
336624,8.842,1.587,3.991,0.042,-0.028,0.001,2543,0
336644,8.856,1.595,3.962,0.043,-0.028,0.002,2544,0
336664,8.854,1.597,4.039,0.046,-0.023,0.002,2544,0
336684,8.813,1.590,4.022,0.038,-0.028,0.001,2543,0
336704,8.827,1.583,4.027,0.037,-0.035,0.003,2544,0
336724,8.847,1.597,4.020,0.048,-0.041,-0.003,2543,0
336744,8.856,1.621,4.005,0.052,-0.047,0.000,2543,0
336764,8.861,1.614,3.926,0.048,-0.042,0.001,2543,0
336784,8.820,1.618,3.948,0.045,-0.034,0.001,2543,0
336804,8.823,1.621,3.965,0.042,-0.032,0.006,2544,0
336824,8.830,1.633,3.986,0.046,-0.030,0.010,2543,0
336844,8.863,1.604,4.001,0.047,-0.029,0.015,2543,0
336864,8.851,1.573,4.027,0.046,-0.024,0.016,2544,0
336884,8.825,1.544,4.075,0.045,-0.030,0.018,2543,0
336904,8.820,1.516,4.061,0.049,-0.045,0.013,2544,0
336924,8.799,1.504,4.015,0.050,-0.047,0.009,2543,0
336944,8.777,1.492,3.934,0.044,-0.050,0.008,2543,0
336964,8.801,1.475,3.891,0.042,-0.041,-0.003,2543,0
336984,8.799,1.537,3.903,0.036,-0.022,-0.013,2544,0
337004,8.782,1.599,3.972,0.033,-0.019,-0.011,2543,0
337024,8.818,1.645,4.008,0.040,-0.019,-0.005,2544,0
337044,8.859,1.659,3.982,0.047,-0.022,0.003,2544,0
337064,8.856,1.604,3.991,0.030,-0.023,0.010,2543,0
337084,8.830,1.513,4.049,0.029,-0.029,0.006,2544,0
337104,8.830,1.530,4.049,0.049,-0.041,-0.002,2543,0
337124,8.837,1.618,4.015,0.054,-0.046,-0.002,2542,0
337144,8.839,1.599,3.991,0.049,-0.050,-0.001,2544,0
337164,8.827,1.573,3.934,0.041,-0.046,0.002,2544,0
337184,8.820,1.511,3.958,0.042,-0.039,0.005,2543,0
337204,8.827,1.496,3.941,0.051,-0.043,-0.002,2543,0
337224,8.827,1.532,3.924,0.052,-0.034,-0.008,2544,0
337244,8.825,1.580,3.926,0.039,-0.030,-0.007,2541,0
337264,8.825,1.547,3.965,0.033,-0.024,-0.006,2543,0
337284,8.803,1.551,4.022,0.038,-0.029,-0.006,2544,0
337304,8.815,1.563,4.029,0.043,-0.035,-0.005,2543,0
337324,8.835,1.559,3.955,0.041,-0.033,-0.005,2543,0
337344,8.827,1.544,3.996,0.031,-0.034,-0.011,2543,0
337364,8.813,1.587,4.001,0.033,-0.031,-0.015,2543,0
337384,8.818,1.623,4.003,0.036,-0.036,-0.013,2543,0
337404,8.842,1.645,3.991,0.036,-0.037,-0.008,2542,0
337424,8.827,1.618,3.922,0.037,-0.037,-0.006,2543,0
337444,8.830,1.599,3.934,0.038,-0.030,-0.006,2543,0
337464,8.854,1.566,3.946,0.035,-0.026,-0.002,2543,0
337484,8.873,1.549,3.982,0.028,-0.017,0.006,2541,0
337504,8.844,1.501,3.965,0.029,-0.026,-0.000,2543,0
337524,8.837,1.547,3.953,0.036,-0.029,-0.008,2543,0
337544,8.796,1.571,3.984,0.033,-0.024,-0.005,2543,0
337564,8.835,1.535,3.950,0.031,-0.032,-0.009,2542,0
337584,8.835,1.551,3.941,0.042,-0.032,-0.019,2543,0
337604,8.808,1.642,3.893,0.041,-0.023,-0.021,2543,0
337624,8.839,1.678,3.924,0.041,-0.019,-0.010,2543,0
337644,8.844,1.678,3.962,0.045,-0.014,-0.001,2543,0
337664,8.830,1.623,3.996,0.045,-0.022,0.003,2543,0
337684,8.849,1.556,3.982,0.046,-0.030,0.005,2543,0
337704,8.868,1.537,4.008,0.045,-0.024,-0.000,2543,0
337724,8.818,1.563,4.017,0.044,-0.019,-0.001,2544,0
337744,8.815,1.556,4.025,0.045,-0.024,-0.002,2543,0
337764,8.813,1.578,4.032,0.052,-0.029,-0.002,2543,0
337784,8.801,1.532,4.015,0.044,-0.032,0.002,2544,0
337804,8.830,1.468,4.001,0.037,-0.031,-0.005,2544,0
337824,8.801,1.518,4.017,0.037,-0.024,-0.015,2544,0
337844,8.811,1.561,3.967,0.038,-0.027,-0.019,2543,0
337864,8.813,1.621,3.996,0.038,-0.023,-0.014,2542,0
337884,8.842,1.628,4.010,0.036,-0.024,-0.005,2543,0
337904,8.835,1.590,4.003,0.030,-0.018,-0.004,2543,0
337924,8.811,1.530,4.046,0.027,-0.021,-0.008,2543,0
337944,8.811,1.523,4.005,0.034,-0.030,-0.014,2543,0
337964,8.827,1.532,4.010,0.043,-0.031,-0.021,2544,0
337984,8.837,1.621,3.965,0.043,-0.032,-0.018,2543,0
338004,8.842,1.659,3.938,0.036,-0.030,-0.012,2543,0
338024,8.835,1.628,3.953,0.035,-0.032,-0.009,2543,0
338044,8.806,1.621,3.950,0.039,-0.023,-0.010,2542,0
338064,8.813,1.654,4.003,0.047,-0.022,-0.007,2544,0
338084,8.839,1.666,4.065,0.047,-0.023,0.002,2544,0
338104,8.827,1.597,4.053,0.043,-0.033,0.005,2543,0
338124,8.844,1.525,3.984,0.051,-0.041,0.001,2543,0
338144,8.815,1.516,3.979,0.048,-0.032,-0.002,2543,0
338164,8.818,1.482,4.020,0.034,-0.032,-0.006,2542,0
338184,8.813,1.518,4.008,0.041,-0.036,-0.020,2542,0
338204,8.808,1.630,4.001,0.044,-0.030,-0.025,2544,0
338224,8.827,1.669,4.005,0.039,-0.027,-0.020,2543,0
338244,8.835,1.705,4.008,0.043,-0.022,-0.011,2541,0
338264,8.842,1.700,4.022,0.041,-0.024,-0.001,2543,0
338284,8.844,1.626,4.022,0.033,-0.026,0.004,2543,0
338304,8.827,1.578,4.049,0.034,-0.031,0.002,2544,0
338324,8.823,1.561,4.061,0.047,-0.039,-0.003,2543,0
338344,8.825,1.585,4.001,0.054,-0.044,-0.005,2544,0
338364,8.837,1.592,3.917,0.047,-0.039,-0.005,2544,0
338384,8.801,1.583,3.938,0.033,-0.029,0.001,2544,0
338404,8.770,1.547,3.996,0.033,-0.034,0.001,2543,0
338424,8.787,1.532,3.994,0.046,-0.034,-0.009,2543,0
338444,8.818,1.585,3.926,0.048,-0.029,-0.019,2542,0
338464,8.811,1.657,3.934,0.040,-0.017,-0.017,2543,0
338484,8.772,1.686,4.037,0.035,-0.016,-0.008,2543,0
338504,8.753,1.626,4.056,0.039,-0.021,-0.010,2544,0
338524,8.794,1.607,4.053,0.049,-0.030,-0.015,2544,0
338544,8.803,1.585,4.029,0.053,-0.032,-0.016,2543,0
338564,8.837,1.587,4.022,0.059,-0.037,-0.021,2542,0
338584,8.813,1.626,3.979,0.054,-0.039,-0.020,2543,0
338604,8.851,1.642,3.950,0.039,-0.037,-0.015,2544,0
338624,8.854,1.638,4.013,0.037,-0.027,-0.015,2543,0
338644,8.839,1.635,4.015,0.045,-0.024,-0.013,2543,0
338664,8.830,1.683,4.039,0.046,-0.029,-0.005,2544,0
338684,8.844,1.652,4.058,0.039,-0.032,0.001,2541,0
338704,8.856,1.635,4.085,0.038,-0.033,0.001,2543,0
338724,8.849,1.618,4.082,0.037,-0.035,0.004,2543,0
338744,8.808,1.585,4.027,0.042,-0.044,0.002,2542,0
338764,8.775,1.583,3.996,0.042,-0.039,0.007,2543,0
338784,8.768,1.530,3.979,0.040,-0.046,-0.001,2544,0
338804,8.784,1.556,3.903,0.044,-0.048,-0.018,2543,0
338824,8.777,1.630,3.874,0.041,-0.030,-0.027,2543,0
338844,8.772,1.733,3.905,0.040,-0.019,-0.022,2544,0
338864,8.813,1.772,3.958,0.042,-0.013,-0.010,2544,0
338884,8.820,1.750,3.998,0.042,-0.010,0.005,2543,0
338904,8.851,1.640,4.001,0.048,-0.017,0.006,2544,0
338924,8.851,1.611,4.063,0.052,-0.015,0.003,2543,0
338944,8.827,1.645,4.108,0.050,-0.025,0.007,2543,0
338964,8.861,1.628,4.137,0.050,-0.039,0.006,2544,0
338984,8.847,1.599,4.113,0.049,-0.041,0.005,2542,0
339004,8.830,1.575,4.068,0.047,-0.050,0.003,2543,0
339024,8.823,1.575,4.034,0.043,-0.051,-0.002,2543,0
339044,8.792,1.604,4.015,0.040,-0.043,-0.006,2543,0
339064,8.801,1.628,3.936,0.035,-0.041,-0.006,2544,0
339084,8.792,1.652,3.955,0.037,-0.036,-0.005,2542,0
339104,8.760,1.666,3.960,0.041,-0.031,-0.002,2543,0
339124,8.741,1.654,3.967,0.042,-0.026,-0.003,2544,0
339144,8.753,1.630,3.924,0.044,-0.026,-0.006,2544,0
339164,8.794,1.621,3.893,0.048,-0.027,-0.009,2544,0
339184,8.801,1.638,3.881,0.056,-0.017,-0.018,2543,0
339204,8.815,1.700,3.936,0.057,-0.015,-0.018,2542,0
339224,8.820,1.697,3.974,0.058,-0.017,-0.016,2543,0
339244,8.863,1.733,3.974,0.062,-0.015,-0.012,2542,0
339264,8.873,1.724,4.005,0.057,-0.015,-0.003,2543,0
339284,8.871,1.674,4.070,0.059,-0.017,0.005,2541,0
339304,8.899,1.690,4.113,0.059,-0.015,0.011,2544,0
339324,8.909,1.662,4.140,0.053,-0.020,0.018,2542,0
339344,8.871,1.623,4.164,0.056,-0.038,0.018,2542,0
339364,8.837,1.604,4.135,0.051,-0.048,0.015,2543,0
339384,8.813,1.604,4.099,0.043,-0.049,0.016,2544,0
339404,8.784,1.621,4.068,0.039,-0.050,0.022,2543,0
339424,8.765,1.571,4.010,0.037,-0.054,0.019,2542,0
339444,8.765,1.566,3.970,0.043,-0.047,0.005,2543,0
339464,8.746,1.635,3.938,0.038,-0.040,-0.003,2541,0
339484,8.756,1.666,3.953,0.031,-0.033,-0.003,2543,0
339504,8.748,1.690,3.948,0.035,-0.027,0.005,2544,0
339524,8.760,1.650,3.948,0.042,-0.028,0.013,2543,0
339544,8.818,1.595,3.941,0.042,-0.028,0.009,2542,0
339564,8.820,1.568,3.934,0.035,-0.026,0.001,2543,0
339584,8.803,1.616,3.996,0.039,-0.029,-0.003,2542,0
339604,8.815,1.633,3.962,0.051,-0.032,-0.007,2543,0
339624,8.777,1.681,3.922,0.052,-0.027,-0.003,2543,0
339644,8.765,1.662,3.924,0.043,-0.026,0.003,2543,0
339664,8.780,1.563,3.922,0.050,-0.033,-0.001,2542,0
339684,8.847,1.597,3.876,0.073,-0.026,-0.012,2541,0
339704,8.844,1.695,3.874,0.063,-0.006,-0.009,2542,0
339724,8.820,1.676,3.984,0.049,-0.003,0.001,2544,0
339744,8.813,1.640,4.094,0.060,-0.010,0.002,2543,0
339764,8.789,1.628,4.149,0.070,-0.015,-0.005,2543,0
339784,8.772,1.626,4.166,0.057,-0.029,-0.009,2544,0
339804,8.823,1.592,4.152,0.048,-0.040,-0.009,2543,0
339824,8.851,1.607,4.089,0.047,-0.044,-0.011,2543,0
339844,8.856,1.645,4.039,0.046,-0.040,-0.009,2543,0
339864,8.832,1.681,4.017,0.036,-0.030,-0.003,2543,0
339884,8.823,1.695,4.058,0.026,-0.026,0.001,2543,0
339904,8.803,1.683,4.063,0.026,-0.034,0.002,2543,0
339924,8.827,1.666,4.032,0.035,-0.036,0.005,2544,0
339944,8.772,1.702,4.013,0.041,-0.031,0.008,2544,0
339964,8.770,1.681,4.008,0.035,-0.034,0.014,2544,0
339984,8.763,1.614,3.974,0.037,-0.032,0.010,2543,0
340004,8.736,1.623,3.979,0.037,-0.025,0.007,2543,0
340024,8.722,1.599,3.972,0.034,-0.027,0.013,2542,0
340044,8.792,1.539,3.950,0.040,-0.027,0.005,2543,0
340064,8.792,1.549,3.893,0.043,-0.020,-0.011,2543,0
340084,8.806,1.604,3.938,0.036,-0.010,-0.019,2543,0
340104,8.827,1.630,3.982,0.038,-0.004,-0.017,2543,0
340124,8.835,1.659,4.068,0.041,-0.005,-0.008,2543,0
340144,8.820,1.640,4.120,0.041,-0.013,-0.003,2543,0
340164,8.815,1.614,4.149,0.041,-0.028,-0.010,2544,0
340184,8.794,1.640,4.185,0.047,-0.042,-0.012,2544,0
340204,8.796,1.666,4.180,0.054,-0.059,-0.008,2543,0
340224,8.763,1.623,4.180,0.041,-0.059,-0.001,2544,0
340244,8.768,1.607,4.101,0.045,-0.061,-0.002,2543,0
340264,8.806,1.532,4.056,0.022,-0.056,0.000,2543,0
340284,8.813,1.496,4.034,0.016,-0.053,-0.010,2545,0
340304,8.811,1.547,3.970,0.018,-0.045,-0.015,2543,0
340324,8.818,1.664,3.936,0.014,-0.042,-0.014,2543,0
340344,8.832,1.681,3.941,0.009,-0.034,-0.008,2544,0
340364,8.803,1.709,4.017,0.014,-0.031,-0.003,2543,0
340384,8.782,1.707,4.015,0.026,-0.039,0.001,2542,0
340404,8.792,1.690,3.943,0.038,-0.051,-0.001,2543,0
340424,8.799,1.676,3.924,0.034,-0.046,0.001,2543,0
340444,8.818,1.623,3.946,0.046,-0.040,-0.002,2545,0
340464,8.835,1.662,3.917,0.057,-0.044,-0.002,2544,0
340484,8.859,1.609,3.943,0.047,-0.038,-0.005,2544,0
340504,8.837,1.568,3.984,0.035,-0.037,-0.012,2543,0
340524,8.861,1.566,4.008,0.036,-0.036,-0.018,2544,0
340544,8.861,1.654,3.991,0.038,-0.032,-0.018,2543,0
340564,8.818,1.686,3.986,0.035,-0.031,-0.013,2543,0
340584,8.799,1.709,4.001,0.034,-0.034,-0.006,2544,0
340604,8.815,1.671,3.989,0.033,-0.037,-0.005,2543,0
340624,8.794,1.681,4.017,0.043,-0.034,-0.004,2544,0
340644,8.763,1.688,4.008,0.043,-0.034,0.002,2542,0
340664,8.782,1.650,3.936,0.045,-0.041,0.001,2543,0
340684,8.796,1.662,3.931,0.048,-0.029,-0.008,2544,0
340704,8.770,1.695,3.958,0.042,-0.017,-0.013,2543,0
340724,8.760,1.666,3.994,0.045,-0.023,-0.015,2545,0
340744,8.815,1.678,3.955,0.052,-0.025,-0.015,2544,0
340764,8.835,1.676,3.946,0.048,-0.018,-0.003,2544,0
340784,8.866,1.638,3.970,0.041,-0.015,0.007,2543,0
340804,8.880,1.592,4.029,0.042,-0.013,0.006,2543,0
340824,8.839,1.566,4.070,0.039,-0.018,0.000,2543,0
340844,8.832,1.575,4.101,0.039,-0.026,-0.007,2542,0
340864,8.815,1.626,4.149,0.045,-0.038,-0.008,2544,0
340884,8.820,1.674,4.096,0.050,-0.051,-0.003,2544,0
340904,8.823,1.642,4.013,0.044,-0.056,-0.001,2543,0
340924,8.808,1.640,3.986,0.045,-0.048,-0.005,2542,0
340944,8.777,1.662,4.001,0.039,-0.041,-0.005,2544,0
340964,8.799,1.657,4.003,0.033,-0.038,0.002,2543,0
340984,8.784,1.657,4.003,0.032,-0.031,0.004,2544,0
341004,8.748,1.645,4.017,0.029,-0.031,0.004,2543,0
341024,8.768,1.599,4.027,0.029,-0.034,0.001,2542,0
341044,8.782,1.563,4.037,0.033,-0.041,-0.004,2542,0
341064,8.794,1.571,3.970,0.039,-0.044,-0.013,2542,0
341084,8.827,1.611,3.965,0.040,-0.043,-0.019,2544,0
341104,8.808,1.659,3.946,0.035,-0.034,-0.017,2543,0
341124,8.839,1.683,3.996,0.033,-0.032,-0.013,2543,0
341144,8.835,1.671,3.989,0.037,-0.035,-0.011,2543,0
341164,8.835,1.662,3.941,0.044,-0.036,-0.012,2545,0
341184,8.844,1.686,3.936,0.044,-0.032,-0.010,2543,0
341204,8.851,1.688,3.982,0.042,-0.025,-0.004,2542,0
341224,8.863,1.709,3.989,0.044,-0.028,0.001,2542,0
341244,8.856,1.705,4.034,0.042,-0.033,0.003,2544,0
341264,8.832,1.676,4.034,0.044,-0.037,0.005,2543,0
341284,8.815,1.666,4.015,0.056,-0.045,0.003,2542,0
341304,8.820,1.686,3.977,0.060,-0.047,0.005,2543,0
341324,8.801,1.621,3.915,0.047,-0.048,0.008,2543,0
341344,8.815,1.578,3.881,0.044,-0.038,-0.001,2543,0
341364,8.780,1.664,3.907,0.047,-0.014,-0.008,2544,0
341384,8.801,1.724,3.965,0.048,-0.011,-0.007,2542,0
341404,8.815,1.709,3.994,0.054,-0.012,0.001,2542,0
341424,8.839,1.683,4.025,0.050,-0.011,0.012,2543,0
341444,8.849,1.647,4.068,0.044,-0.013,0.015,2544,0
341464,8.859,1.575,4.092,0.041,-0.019,0.010,2543,0
341484,8.799,1.597,4.094,0.048,-0.030,0.005,2543,0
341504,8.818,1.638,4.075,0.048,-0.038,0.005,2542,0
341524,8.806,1.633,4.044,0.040,-0.037,0.005,2543,0
341544,8.787,1.597,4.010,0.034,-0.043,0.008,2542,0
341564,8.811,1.556,3.996,0.036,-0.046,0.006,2544,0
341584,8.803,1.549,3.938,0.039,-0.040,-0.004,2542,0
341604,8.768,1.592,3.895,0.035,-0.038,-0.011,2543,0
341624,8.789,1.640,3.905,0.031,-0.033,-0.015,2543,0
341644,8.794,1.700,3.953,0.028,-0.023,-0.012,2542,0
341664,8.789,1.669,3.967,0.031,-0.021,-0.010,2543,0
341684,8.811,1.678,3.982,0.042,-0.025,-0.006,2542,0
341704,8.818,1.662,4.003,0.041,-0.028,-0.006,2543,0
341724,8.847,1.645,4.015,0.040,-0.031,-0.005,2543,0
341744,8.849,1.628,4.027,0.043,-0.032,-0.008,2543,0
341764,8.823,1.676,4.034,0.044,-0.033,-0.007,2543,0
341784,8.835,1.683,4.046,0.038,-0.040,-0.004,2543,0
341804,8.842,1.635,4.005,0.034,-0.041,-0.003,2543,0
341824,8.830,1.635,4.020,0.042,-0.043,-0.001,2543,0
341844,8.859,1.664,3.979,0.048,-0.043,0.001,2543,0
341864,8.835,1.697,3.982,0.042,-0.033,0.004,2543,0
341884,8.803,1.669,4.046,0.029,-0.034,0.009,2544,0
341904,8.811,1.602,4.056,0.027,-0.039,0.011,2543,0
341924,8.808,1.568,4.051,0.038,-0.042,0.007,2545,0
341944,8.784,1.602,4.061,0.038,-0.046,-0.002,2542,0
341964,8.784,1.628,3.984,0.039,-0.053,-0.003,2543,0
341984,8.780,1.640,3.953,0.036,-0.049,0.003,2543,0
342004,8.777,1.575,3.919,0.024,-0.046,0.004,2541,0
342024,8.808,1.537,3.910,0.034,-0.042,-0.014,2543,0
342044,8.777,1.640,3.867,0.041,-0.029,-0.027,2543,0
342064,8.815,1.743,3.907,0.041,-0.022,-0.021,2543,0
342084,8.861,1.738,3.934,0.038,-0.020,-0.003,2543,0
342104,8.882,1.676,3.962,0.037,-0.023,0.003,2543,0
342124,8.897,1.642,3.965,0.034,-0.024,0.002,2544,0
342144,8.875,1.681,4.015,0.038,-0.025,-0.001,2543,0
342164,8.847,1.736,4.017,0.051,-0.038,0.001,2543,0
342184,8.847,1.760,3.998,0.056,-0.046,0.007,2543,0
342204,8.832,1.717,4.003,0.058,-0.043,0.015,2542,0
342224,8.818,1.688,4.010,0.051,-0.038,0.026,2543,0
342244,8.806,1.578,4.053,0.049,-0.047,0.029,2544,0
342264,8.787,1.484,4.001,0.055,-0.054,0.016,2543,0
342284,8.784,1.458,3.938,0.044,-0.051,0.002,2543,0
342304,8.782,1.482,3.974,0.034,-0.038,-0.007,2543,0
342324,8.782,1.532,3.958,0.034,-0.036,-0.013,2543,0
342344,8.772,1.590,3.948,0.031,-0.030,-0.011,2543,0
342364,8.756,1.604,3.938,0.022,-0.029,-0.011,2542,0
342384,8.780,1.595,3.979,0.018,-0.026,-0.018,2543,0
342404,8.789,1.616,3.986,0.029,-0.031,-0.025,2543,0
342424,8.801,1.702,3.982,0.039,-0.035,-0.025,2543,0
342444,8.815,1.743,3.903,0.039,-0.035,-0.018,2542,0
342464,8.859,1.702,3.898,0.032,-0.035,-0.013,2542,0
342484,8.851,1.659,3.912,0.037,-0.025,-0.012,2543,0
342504,8.868,1.659,3.962,0.048,-0.024,-0.009,2543,0
342524,8.866,1.671,3.958,0.051,-0.021,-0.004,2542,0
342544,8.882,1.654,4.032,0.044,-0.019,0.005,2542,0
342564,8.861,1.592,4.037,0.033,-0.023,0.006,2542,0
342584,8.878,1.537,4.063,0.040,-0.035,0.000,2543,0
342604,8.825,1.614,4.075,0.044,-0.030,0.001,2543,0
342624,8.815,1.621,4.070,0.035,-0.040,0.003,2543,0
342644,8.820,1.578,4.017,0.034,-0.047,-0.003,2542,0
342664,8.777,1.621,3.974,0.033,-0.039,-0.015,2542,0
342684,8.746,1.633,3.960,0.026,-0.041,-0.018,2542,0
342704,8.770,1.652,3.953,0.036,-0.036,-0.012,2543,0
342724,8.796,1.683,3.895,0.043,-0.037,-0.008,2543,0
342744,8.842,1.635,3.867,0.031,-0.034,-0.007,2542,0
342764,8.842,1.602,3.915,0.020,-0.021,-0.011,2542,0
342784,8.792,1.614,3.960,0.032,-0.024,-0.017,2543,0
342804,8.811,1.688,3.989,0.050,-0.032,-0.018,2543,0
342824,8.813,1.731,3.924,0.048,-0.032,-0.014,2544,0
342844,8.799,1.652,3.967,0.037,-0.030,-0.005,2543,0
342864,8.839,1.539,3.967,0.036,-0.035,-0.011,2543,0
342884,8.854,1.573,3.970,0.052,-0.035,-0.021,2543,0
342904,8.832,1.666,3.953,0.047,-0.030,-0.023,2542,0
342924,8.806,1.697,3.958,0.038,-0.032,-0.018,2542,0
342944,8.844,1.664,3.953,0.042,-0.031,-0.012,2542,0
342964,8.847,1.697,3.967,0.044,-0.020,-0.009,2543,0
342984,8.835,1.690,4.044,0.035,-0.017,-0.003,2543,0
343004,8.856,1.645,4.073,0.030,-0.027,-0.001,2543,0
343024,8.873,1.614,4.049,0.038,-0.035,-0.007,2541,0
343044,8.849,1.662,4.034,0.040,-0.036,-0.008,2543,0
343064,8.851,1.712,4.046,0.035,-0.042,-0.002,2543,0
343084,8.851,1.678,4.022,0.029,-0.043,0.000,2543,0
343104,8.823,1.662,4.029,0.030,-0.041,-0.002,2543,0
343124,8.808,1.697,4.003,0.036,-0.048,0.001,2543,0
343144,8.835,1.686,4.017,0.029,-0.053,0.009,2543,0
343164,8.839,1.592,4.022,0.020,-0.050,0.014,2541,0
343184,8.825,1.530,4.046,0.021,-0.049,0.005,2543,0
343204,8.820,1.532,4.041,0.026,-0.055,-0.003,2543,0
343224,8.830,1.554,3.986,0.024,-0.055,-0.006,2543,0
343244,8.835,1.537,3.977,0.007,-0.047,-0.002,2543,0
343264,8.861,1.511,3.996,-0.004,-0.040,-0.010,2542,0
343284,8.844,1.551,4.015,-0.010,-0.027,-0.014,2542,0
343304,8.844,1.618,4.020,-0.021,-0.016,-0.009,2543,0
343324,8.894,1.638,4.022,-0.032,-0.010,-0.008,2542,0
343344,8.887,1.604,4.015,-0.044,-0.003,-0.008,2544,0
343364,8.887,1.590,4.008,-0.046,-0.013,-0.004,2543,0
343384,8.940,1.618,3.967,-0.033,-0.027,0.001,2542,0
343404,8.938,1.676,3.960,-0.027,-0.035,0.003,2542,0
343424,8.882,1.690,3.972,-0.031,-0.050,0.011,2542,0
343444,8.871,1.633,3.962,-0.029,-0.067,0.010,2541,0
343464,8.875,1.585,3.905,-0.007,-0.079,-0.002,2542,0
343484,8.818,1.678,3.924,0.011,-0.084,-0.007,2542,0
343504,8.765,1.719,3.926,0.007,-0.093,-0.010,2543,0
343524,8.748,1.697,3.967,0.015,-0.098,-0.009,2543,0
343544,8.698,1.676,3.938,0.033,-0.098,-0.013,2543,0
343564,8.660,1.674,3.869,0.040,-0.088,-0.015,2542,0
343584,8.681,1.604,3.802,0.030,-0.067,-0.006,2543,0
343604,8.717,1.465,3.788,0.025,-0.040,-0.001,2543,0
343624,8.720,1.336,3.833,0.023,-0.020,-0.009,2542,0
343644,8.708,1.300,3.869,0.021,-0.014,-0.024,2541,0
343664,8.720,1.298,3.953,0.015,-0.007,-0.036,2543,0
343684,8.734,1.322,4.027,0.008,0.005,-0.051,2543,0
343704,8.751,1.377,4.183,0.003,0.005,-0.067,2543,0
343724,8.712,1.444,4.257,-0.010,-0.013,-0.080,2543,0
343744,8.724,1.506,4.298,-0.018,-0.030,-0.082,2542,0
343764,8.753,1.453,4.266,-0.016,-0.053,-0.086,2542,0
343784,8.808,1.472,4.187,-0.005,-0.068,-0.094,2543,0
343804,8.825,1.508,4.029,-0.011,-0.070,-0.098,2543,0
343824,8.866,1.604,3.955,-0.038,-0.063,-0.095,2542,0
343844,8.902,1.566,3.919,-0.051,-0.052,-0.083,2542,0
343864,8.892,1.642,3.910,-0.026,-0.056,-0.087,2542,0
343884,8.859,1.784,3.867,-0.024,-0.056,-0.075,2542,0
343904,8.906,1.793,3.785,-0.031,-0.059,-0.061,2543,0
343924,8.945,1.810,3.752,-0.018,-0.052,-0.062,2543,0
343944,8.887,1.901,3.754,0.002,-0.050,-0.057,2543,0
343964,8.842,1.961,3.764,0.023,-0.062,-0.048,2543,0
343984,8.885,1.999,3.761,0.041,-0.069,-0.036,2543,0
344004,8.909,1.896,3.737,0.052,-0.076,-0.029,2543,0
344024,8.928,1.810,3.773,0.063,-0.083,-0.032,2543,0
344044,8.906,1.815,3.778,0.076,-0.092,-0.040,2543,0
344064,8.911,1.865,3.704,0.084,-0.090,-0.038,2543,0
344084,8.942,1.870,3.622,0.082,-0.074,-0.029,2542,0
344104,8.966,1.877,3.680,0.070,-0.044,-0.025,2543,0
344124,8.930,1.913,3.950,0.038,-0.007,-0.019,2543,0
344144,8.827,1.779,4.307,0.017,-0.015,-0.008,2543,0
344164,8.832,1.654,4.463,0.046,-0.062,-0.019,2543,0
344184,8.837,1.642,4.401,0.057,-0.093,-0.025,2543,0
344204,8.820,1.573,4.216,0.006,-0.109,-0.019,2543,0
344224,8.823,1.444,4.041,-0.047,-0.114,-0.027,2543,0
344244,8.832,1.460,3.749,-0.052,-0.114,-0.046,2542,0
344264,8.844,1.633,3.508,-0.054,-0.083,-0.054,2542,0
344284,8.868,1.743,3.431,-0.093,-0.046,-0.053,2543,0
344304,8.923,1.784,3.385,-0.106,-0.034,-0.064,2543,0
344324,9.019,1.901,3.338,-0.091,-0.013,-0.075,2544,0
344344,9.079,1.975,3.433,-0.046,0.004,-0.082,2544,0
344364,9.055,2.267,3.560,0.018,-0.006,-0.085,2544,0
344384,8.928,2.471,3.701,0.010,-0.039,-0.052,2543,0
344404,8.923,2.356,3.685,0.002,-0.081,-0.020,2543,0
344424,8.976,2.186,3.644,0.052,-0.093,-0.009,2543,0
344444,8.966,2.107,3.637,0.100,-0.098,-0.001,2543,0
344464,8.928,2.035,3.701,0.109,-0.103,0.007,2543,0
344484,8.921,1.812,3.646,0.123,-0.119,0.004,2543,0
344504,8.966,1.642,3.575,0.149,-0.106,-0.007,2544,0
344524,8.985,1.671,3.610,0.159,-0.078,-0.010,2543,0
344544,8.971,1.705,3.713,0.129,-0.062,-0.012,2544,0
344564,8.899,1.774,3.867,0.102,-0.056,-0.015,2543,0
344584,8.899,1.863,3.996,0.094,-0.049,-0.011,2541,0
344604,8.873,1.975,4.125,0.104,-0.035,0.004,2543,0
344624,8.777,2.037,4.264,0.094,-0.026,0.030,2543,0
344644,8.732,1.968,4.317,0.070,-0.034,0.056,2543,0
344664,8.768,1.776,4.221,0.059,-0.041,0.070,2542,0
344684,8.763,1.623,4.037,0.048,-0.031,0.083,2543,0
344704,8.777,1.453,3.905,0.026,-0.015,0.084,2543,0
344724,8.770,1.377,3.838,-0.001,0.010,0.074,2543,0
344744,8.756,1.319,3.785,-0.040,0.030,0.066,2543,0
344764,8.777,1.226,3.764,-0.055,0.025,0.047,2543,0
344784,8.789,1.310,3.747,-0.043,0.017,0.015,2543,0
344804,8.792,1.453,3.730,-0.042,0.012,-0.016,2543,0
344824,8.753,1.628,3.730,-0.039,-0.007,-0.043,2543,0
344844,8.756,1.788,3.668,-0.025,-0.028,-0.054,2542,0
344864,8.789,1.908,3.584,0.003,-0.040,-0.053,2543,0
344884,8.835,2.011,3.491,0.024,-0.039,-0.047,2543,0
344904,8.882,2.078,3.452,0.033,-0.030,-0.037,2543,0
344924,8.899,2.030,3.527,0.047,-0.025,-0.030,2543,0
344944,8.906,1.992,3.594,0.068,-0.031,-0.020,2543,0
344964,8.961,1.968,3.644,0.085,-0.030,-0.011,2543,0
344984,8.964,1.930,3.725,0.083,-0.027,-0.004,2543,0
345004,8.950,1.824,3.780,0.080,-0.030,0.001,2543,0
345024,8.935,1.748,3.804,0.077,-0.033,0.003,2543,0
345044,8.926,1.676,3.893,0.070,-0.031,0.001,2543,0
345064,8.921,1.662,3.883,0.070,-0.034,-0.002,2543,0
345084,8.923,1.674,3.843,0.071,-0.034,-0.008,2542,0
345104,8.921,1.717,3.795,0.056,-0.032,-0.009,2543,0
345124,8.854,1.760,3.771,0.037,-0.026,-0.004,2542,0
345144,8.851,1.755,3.733,0.028,-0.021,-0.005,2544,0
345164,8.878,1.815,3.747,0.025,-0.006,-0.013,2542,0
345184,8.827,1.896,3.792,0.026,0.004,-0.010,2543,0
345204,8.770,1.944,3.790,0.036,0.002,-0.004,2542,0
345224,8.768,1.899,3.745,0.048,-0.005,0.003,2543,0
345244,8.753,1.870,3.721,0.038,0.006,0.010,2542,0
345264,8.734,1.753,3.773,0.024,0.003,0.009,2544,0
345284,8.715,1.616,3.768,0.019,-0.001,-0.013,2543,0
345304,8.677,1.580,3.713,0.056,-0.020,-0.057,2543,0
345324,8.633,1.674,3.620,0.070,0.002,-0.079,2543,0
345344,8.574,1.700,3.697,0.053,0.027,-0.092,2544,0
345364,8.562,1.659,3.759,0.060,0.027,-0.105,2544,0
345384,8.571,1.614,3.725,0.071,0.013,-0.155,2543,0
345404,8.554,1.384,3.610,0.061,-0.001,-0.244,2544,0
345424,8.516,1.317,3.531,0.073,0.028,-0.388,2544,0
345444,8.162,1.223,3.625,0.113,0.031,-0.458,2543,0
345464,8.260,1.381,3.649,0.178,0.028,-0.490,2543,0
345484,8.188,1.377,3.651,0.254,-0.005,-0.635,2542,0
345504,8.052,1.475,3.553,0.332,-0.045,-0.786,2543,0
345524,8.073,1.549,3.347,0.331,-0.046,-0.841,2543,0
345544,8.088,2.069,3.237,0.343,0.077,-0.843,2542,0
345564,7.997,2.543,3.371,0.244,0.177,-0.851,2543,0
345584,7.822,2.758,3.314,0.148,0.210,-0.847,2543,0
345604,7.764,2.942,3.266,0.025,0.240,-0.823,2542,0
345624,7.683,2.863,3.371,-0.042,0.302,-0.831,2542,0
345644,7.542,2.854,3.424,0.045,0.359,-0.909,2542,0
345664,7.396,3.287,3.263,0.234,0.441,-0.993,2541,0
345684,7.305,4.082,3.153,0.343,0.571,-1.037,2540,0
345704,7.130,4.767,3.203,0.317,0.644,-1.013,2541,0
345724,7.173,5.509,3.405,0.186,0.656,-0.946,2540,0
345744,7.472,5.856,3.577,0.054,0.719,-0.748,2539,0
345764,7.870,6.407,4.001,0.021,0.748,-0.520,2539,0
345784,7.975,6.586,3.661,-0.040,0.709,-0.307,2536,0
345804,8.159,6.433,3.893,-0.042,0.763,-0.114,2536,0
345824,7.975,6.608,4.697,-0.002,0.858,0.097,2535,0
345844,7.659,6.206,5.327,-0.159,0.901,0.382,2533,0
345864,7.503,5.679,6.122,-0.236,0.857,0.490,2530,0
345884,7.125,5.428,6.184,-0.309,0.761,0.560,2527,0
345904,6.895,4.879,6.505,-0.314,0.680,0.620,2528,0
345924,6.958,4.286,6.531,-0.042,0.637,0.598,2526,0
345944,7.049,4.130,6.567,0.291,0.676,0.518,2524,0
345964,6.946,3.989,6.524,0.479,0.719,0.473,2523,0
345984,6.910,3.749,6.438,0.466,0.661,0.450,2521,0
346004,6.989,3.309,6.419,0.480,0.556,0.350,2519,0
346024,6.996,3.112,6.527,0.670,0.550,0.215,2516,0
346044,7.034,3.151,6.833,0.919,0.592,0.084,2514,0
346064,6.871,3.275,7.075,1.077,0.597,-0.016,2512,0
346084,6.759,3.761,7.283,1.088,0.489,-0.083,2513,0
346104,6.519,4.027,7.132,0.863,0.313,-0.079,2514,0
346124,6.730,3.424,7.417,0.702,0.183,-0.112,2513,0
346144,7.020,1.932,7.776,1.166,0.082,-0.417,2512,0
346164,6.867,2.040,7.417,2.075,-0.042,-0.870,2514,0
346184,6.443,3.393,6.278,2.664,-0.149,-1.146,2519,0
346204,6.211,4.453,5.485,2.656,-0.221,-1.220,2530,0
346224,6.223,4.951,5.705,2.421,-0.246,-1.286,2539,0
346244,5.634,5.100,5.411,2.385,-0.408,-1.471,2542,0
346264,5.535,5.310,4.963,2.379,-0.658,-1.557,2543,0
346284,5.564,5.602,4.065,2.432,-0.754,-1.638,2544,0
346304,5.370,5.413,3.405,2.459,-0.742,-1.734,2545,0
346324,4.951,5.906,2.931,2.448,-0.776,-1.915,2545,0
346344,4.202,6.960,2.425,2.296,-0.848,-2.053,2549,0
346364,3.773,7.805,2.052,1.976,-0.916,-1.907,2550,0
346384,3.804,7.942,1.702,1.568,-0.989,-1.647,2548,0
346404,3.898,7.870,1.319,1.089,-0.998,-1.446,2548,0
346424,3.658,8.088,1.374,0.679,-0.939,-1.388,2546,0
346444,3.364,7.815,1.800,0.620,-0.901,-1.490,2544,0
346464,3.290,7.762,1.970,0.840,-0.914,-1.591,2543,0
346484,2.923,7.204,1.748,1.178,-0.909,-1.721,2541,0
346504,2.174,8.349,1.386,1.367,-1.078,-1.882,2536,0
346524,0.922,9.285,0.836,1.347,-1.379,-2.034,2541,0
346544,0.800,9.886,0.323,1.176,-1.573,-1.944,2548,0
346564,0.642,10.185,-0.180,0.960,-1.622,-1.732,2552,0
346584,-0.117,9.519,-0.618,0.770,-1.689,-1.621,2555,0
346604,-0.709,9.340,-1.030,0.922,-1.799,-1.783,2559,0
346624,-0.950,10.092,-1.628,1.217,-1.829,-1.987,2597,0
346644,-1.460,10.616,-2.691,1.159,-1.749,-1.960,2609,0
346664,-1.891,11.624,-2.945,0.950,-1.548,-1.757,2624,0
346684,-2.739,11.933,-3.541,0.486,-1.422,-1.313,2646,1325
346704,-3.069,12.376,-4.439,-0.180,-0.920,-0.851,2681,2127
346724,-2.485,11.571,-4.149,-0.383,-0.682,-0.491,2686,2508
346744,-2.686,11.621,-4.152,-0.574,-0.542,-0.150,2687,2931
346764,-2.454,11.449,-3.749,-0.626,-0.388,0.059,2684,3096
346784,-2.109,10.973,-3.570,-0.534,-0.252,0.133,2680,3315
346804,-1.669,10.719,-3.419,-0.371,-0.073,0.157,2676,3530
346824,-1.695,10.613,-3.017,-0.289,0.071,0.194,2674,3744
346844,-1.796,10.556,-2.497,-0.239,0.073,0.292,2671,3814
346864,-1.681,10.410,-2.243,-0.309,-0.004,0.420,2669,3933
346884,-1.432,10.020,-2.028,-0.468,-0.058,0.551,2666,3994
346904,-1.171,9.572,-1.731,-0.570,-0.076,0.620,2659,4015
346924,-0.797,8.988,-1.398,-0.584,-0.027,0.578,2654,4059
346944,-0.546,8.782,-0.953,-0.387,0.075,0.447,2650,4080
346964,-0.668,9.182,-0.804,-0.105,0.143,0.248,2647,4095
346984,-0.970,9.246,-0.642,0.011,0.193,0.091,2646,4095
347004,-0.036,9.215,-0.675,0.042,0.195,0.041,2647,4095
347024,-1.027,9.890,-0.426,-0.019,0.175,0.025,2641,4095
347044,0.034,9.292,-0.419,-0.073,0.153,0.033,2641,4095
347064,-0.960,10.257,-0.177,-0.106,0.140,0.063,2640,4095
347084,0.057,9.323,-0.172,-0.099,0.094,0.071,2639,4095
347104,-0.802,10.317,0.000,-0.074,0.038,0.066,2640,4095
347124,0.314,9.438,-0.134,-0.061,0.022,0.042,2639,4095
347144,-0.733,10.403,0.072,-0.047,0.001,0.027,2637,4095
347164,0.314,9.661,-0.124,-0.021,-0.022,0.026,2636,4094
347184,-0.783,10.293,0.014,-0.016,-0.042,0.041,2635,4095
347204,0.259,9.776,-0.256,-0.015,-0.051,0.059,2633,4093
347224,-0.812,10.013,-0.091,-0.029,-0.034,0.048,2633,4093
347244,0.153,9.823,-0.333,0.036,-0.042,0.061,2633,4095
347264,-0.754,9.699,-0.290,0.035,-0.028,0.033,2631,4095
347284,-0.050,9.946,-0.385,0.092,-0.052,0.067,2632,4095
347304,-0.603,9.371,-0.400,0.066,-0.057,0.012,2630,4095
347324,-0.204,10.235,-0.565,0.080,-0.055,0.075,2629,4083
347344,-0.371,9.117,-0.584,0.005,-0.043,0.030,2628,4077
347364,-0.450,10.226,-0.625,0.023,-0.060,0.091,2628,4091
347384,-0.189,8.657,-0.577,0.025,-0.085,0.014,2627,4093
347404,-0.634,10.374,-0.646,0.085,-0.092,0.022,2628,4095
347424,0.031,8.899,-0.728,0.034,-0.054,-0.008,2626,4095
347444,-0.783,10.341,-0.601,0.052,-0.059,0.021,2629,4095
347464,0.172,8.978,-0.761,0.025,-0.041,-0.019,2625,4095
347484,-0.886,10.228,-0.548,0.051,-0.039,-0.025,2626,4095
347504,0.232,9.400,-0.721,0.054,-0.038,-0.016,2626,4094
347524,-0.814,9.867,-0.429,0.059,-0.044,-0.043,2627,4080
347544,0.084,9.787,-0.529,0.084,-0.061,-0.040,2625,4048
347564,-0.706,9.658,-0.369,0.079,-0.076,-0.091,2624,3993
347584,-0.273,10.262,-0.570,0.165,-0.100,-0.018,2624,3886
347604,-0.160,9.048,-0.532,0.216,-0.100,-0.013,2624,3671
347624,-0.582,10.448,-0.498,0.349,-0.135,0.056,2622,3423
347644,0.065,9.505,-0.599,0.337,-0.171,0.031,2620,2774
347664,-0.687,10.393,-0.488,0.364,-0.192,0.018,2621,2431
347684,0.010,9.515,-0.570,0.346,-0.263,-0.012,2620,1401
347704,-0.754,9.881,-1.195,0.316,-0.274,-0.054,2617,1309
347724,-0.172,10.448,-1.089,0.238,-0.155,0.008,2621,1102
347744,0.062,9.323,-1.116,0.201,-0.015,-0.018,2622,133
347764,-0.642,9.972,-1.192,0.175,0.107,0.007,2622,0
347784,-0.034,9.955,-1.149,0.112,0.170,0.048,2620,0
347804,-0.057,9.323,-1.118,0.052,0.214,0.022,2621,0
347824,-0.809,10.408,-1.154,0.065,0.215,0.054,2620,0
347844,-0.038,9.692,-0.977,0.021,0.222,0.082,2621,0
347864,-0.529,9.565,-1.056,0.033,0.144,0.062,2621,0
347884,-0.781,10.230,-1.027,0.034,0.067,0.080,2618,0
347904,0.069,9.594,-1.044,0.002,0.067,0.108,2617,0
347924,-0.419,9.706,-1.144,0.047,0.046,0.071,2621,0
347944,-0.172,9.469,-1.231,0.060,0.062,0.043,2622,0
347964,-0.235,9.548,-1.094,0.067,0.080,0.031,2622,0
347984,-0.261,9.613,-1.144,0.049,0.090,0.030,2622,0
348004,-0.263,9.541,-1.135,0.013,0.086,0.026,2621,0
348024,-0.261,9.390,-1.118,0.014,0.095,0.011,2620,0
348044,-0.215,9.522,-1.073,0.036,0.118,0.002,2619,0
348064,-0.187,9.649,-1.037,0.034,0.132,-0.014,2619,0
348084,-0.180,9.732,-0.972,0.010,0.131,-0.020,2620,0
348104,-0.165,9.706,-0.934,0.011,0.114,-0.002,2620,0
348124,-0.113,9.787,-0.927,0.030,0.087,0.009,2618,0
348144,-0.163,9.756,-0.941,0.022,0.069,-0.006,2618,0
348164,-0.227,9.749,-0.979,0.037,0.065,-0.026,2616,0
348184,-0.204,9.864,-0.982,0.061,0.071,-0.015,2617,0
348204,-0.206,9.943,-1.041,0.057,0.080,-0.004,2617,0
348224,-0.204,9.912,-1.075,0.035,0.088,0.009,2616,0
348244,-0.242,9.821,-1.022,0.022,0.084,0.013,2616,0
348264,-0.242,9.747,-0.989,0.045,0.089,0.020,2616,0
348284,-0.165,9.883,-0.982,0.075,0.109,0.045,2613,0
348304,-0.160,9.895,-0.996,0.039,0.125,0.065,2616,0
348324,-0.199,9.699,-0.962,0.009,0.106,0.066,2616,0
348344,-0.136,9.699,-0.965,0.012,0.067,0.051,2613,0
348364,-0.079,9.711,-1.046,-0.002,0.057,0.045,2613,0
348384,-0.124,9.608,-0.989,-0.007,0.055,0.031,2613,0
348404,-0.091,9.567,-0.934,0.028,0.041,0.022,2611,0
348424,-0.024,9.701,-0.931,0.060,0.040,0.019,2612,0
348444,-0.069,9.732,-0.946,0.043,0.035,0.008,2614,0
348464,-0.105,9.694,-0.946,0.031,0.005,-0.005,2612,0
348484,-0.072,9.689,-0.979,0.029,-0.008,-0.009,2612,0
348504,-0.045,9.716,-0.939,0.035,0.007,0.005,2613,0
348524,-0.060,9.699,-0.948,0.048,0.001,0.002,2616,0
348544,-0.089,9.752,-0.929,0.053,-0.012,-0.016,2612,0
348564,-0.096,9.816,-1.010,0.028,-0.009,-0.021,2614,0
348584,-0.124,9.840,-0.962,0.008,0.002,0.000,2611,0
348604,-0.113,9.816,-0.955,0.010,0.000,0.017,2612,0
348624,-0.105,9.785,-0.939,0.020,-0.003,0.015,2612,0
348644,-0.086,9.780,-0.941,0.034,-0.011,0.019,2611,0
348664,-0.041,9.821,-0.917,0.045,-0.020,0.015,2612,0
348684,-0.045,9.838,-0.931,0.035,-0.030,0.014,2609,0
348704,-0.077,9.752,-0.946,0.033,-0.034,0.014,2610,0
348724,-0.067,9.732,-1.034,0.055,-0.024,0.025,2610,0
348744,-0.029,9.785,-1.037,0.051,-0.005,0.035,2610,0
348764,-0.093,9.752,-0.974,0.022,-0.008,0.028,2611,0
348784,-0.101,9.668,-0.936,0.017,-0.033,0.006,2609,0
348804,-0.093,9.708,-0.941,0.045,-0.045,-0.000,2612,0
348824,-0.034,9.740,-1.013,0.063,-0.031,0.007,2610,0
348844,0.034,9.792,-1.077,0.056,-0.015,0.017,2610,0
348864,-0.031,9.766,-1.041,0.018,-0.013,0.015,2609,0
348884,-0.089,9.668,-0.915,0.016,-0.030,0.000,2609,0
348904,-0.067,9.687,-0.919,0.056,-0.031,0.002,2609,0
348924,-0.017,9.752,-0.998,0.065,-0.025,0.003,2609,0
348944,-0.057,9.713,-1.010,0.032,-0.026,-0.005,2608,0
348964,-0.029,9.708,-0.991,0.032,-0.026,-0.001,2608,0
348984,-0.010,9.773,-0.984,0.042,-0.015,-0.001,2608,0
349004,0.002,9.740,-0.998,0.030,-0.011,-0.008,2609,0
349024,-0.031,9.744,-0.929,0.024,-0.021,-0.004,2608,0
349044,-0.055,9.783,-0.955,0.034,-0.033,-0.013,2608,0
349064,-0.045,9.876,-0.922,0.055,-0.028,-0.014,2608,0
349084,-0.048,9.934,-0.977,0.055,-0.025,-0.004,2609,0
349104,-0.053,9.878,-1.010,0.036,-0.029,0.013,2607,0
349124,0.000,9.797,-0.955,0.030,-0.028,0.023,2608,0
349144,-0.014,9.728,-0.965,0.038,-0.019,0.016,2608,0
349164,-0.045,9.730,-0.915,0.053,-0.023,0.007,2608,0
349184,-0.065,9.783,-0.931,0.045,-0.034,0.007,2608,0
349204,-0.045,9.716,-0.924,0.048,-0.042,0.015,2607,0
349224,-0.002,9.711,-0.989,0.052,-0.038,0.019,2607,0
349244,-0.002,9.716,-1.006,0.040,-0.025,0.012,2608,0
349264,-0.014,9.711,-0.950,0.030,-0.026,0.003,2607,0
349284,0.002,9.718,-0.924,0.031,-0.027,0.001,2608,0
349304,0.005,9.737,-0.931,0.045,-0.029,0.007,2607,0
349324,-0.007,9.771,-0.970,0.054,-0.041,-0.001,2607,0
349344,-0.010,9.816,-1.013,0.041,-0.040,0.007,2607,0
349364,-0.038,9.799,-1.015,0.028,-0.037,0.007,2607,0
349384,-0.019,9.764,-1.008,0.017,-0.032,0.006,2608,0
349404,0.036,9.670,-0.996,0.022,-0.022,0.012,2607,0
349424,0.045,9.711,-0.948,0.040,-0.009,0.014,2607,0
349444,-0.062,9.730,-0.912,0.029,-0.021,0.002,2608,0
349464,-0.057,9.737,-0.941,0.031,-0.048,-0.008,2607,0
349484,0.007,9.773,-1.027,0.038,-0.049,-0.010,2607,0
349504,0.034,9.737,-1.032,0.047,-0.035,-0.007,2607,0
349524,0.038,9.804,-1.039,0.053,-0.011,0.006,2607,0
349544,-0.022,9.787,-0.979,0.041,-0.001,0.014,2606,0
349564,-0.069,9.759,-0.972,0.036,-0.020,0.004,2605,0
349584,-0.045,9.749,-0.982,0.040,-0.030,0.008,2604,0
349604,0.002,9.730,-1.003,0.039,-0.021,0.009,2606,0
349624,0.012,9.701,-0.977,0.041,-0.010,0.000,2605,0
349644,0.029,9.776,-0.941,0.048,-0.004,0.001,2605,0
349664,0.053,9.814,-0.965,0.036,0.002,0.013,2605,0
349684,-0.005,9.776,-0.929,0.021,-0.014,0.010,2605,0
349704,0.055,9.706,-0.912,0.040,-0.038,-0.008,2602,0
349724,0.036,9.771,-0.967,0.062,-0.029,-0.008,2603,0
349744,0.038,9.852,-0.996,0.067,-0.022,0.003,2604,0
349764,0.060,9.816,-0.967,0.044,-0.022,0.012,2604,0
349784,0.012,9.754,-0.946,0.020,-0.021,0.015,2604,0
349804,-0.014,9.692,-0.934,0.022,-0.033,0.007,2604,0
349824,-0.029,9.663,-0.972,0.045,-0.035,0.001,2602,0
349844,-0.017,9.754,-0.962,0.063,-0.036,0.000,2603,0
349864,0.014,9.869,-1.034,0.044,-0.034,0.003,2603,0
349884,0.072,9.845,-1.008,0.000,-0.015,0.022,2602,0
349904,0.031,9.802,-0.998,-0.017,0.011,0.034,2603,0
349924,-0.012,9.761,-0.953,-0.007,0.010,0.043,2601,0
349944,-0.026,9.816,-0.895,0.005,-0.018,0.037,2602,0
349964,0.072,9.816,-0.898,0.002,-0.044,0.037,2598,0
349984,0.156,9.723,-0.898,0.015,-0.048,0.039,2599,0
350004,0.168,9.764,-0.917,0.032,-0.027,0.037,2600,0
350024,0.084,9.737,-0.910,0.017,-0.014,0.037,2600,0
350044,0.022,9.711,-0.871,0.005,-0.039,0.034,2600,0
350064,0.069,9.682,-0.862,0.007,-0.053,0.030,2600,0
350084,0.117,9.668,-0.824,0.019,-0.048,0.022,2600,0
350104,0.184,9.704,-0.900,0.035,-0.039,0.003,2599,0
350124,0.175,9.740,-0.903,0.039,-0.025,-0.000,2600,0
350144,0.141,9.764,-0.874,0.033,-0.032,0.003,2599,0
350164,0.089,9.752,-0.831,0.030,-0.050,0.006,2598,0
350184,0.122,9.725,-0.874,0.037,-0.056,0.002,2599,0
350204,0.086,9.728,-0.924,0.046,-0.047,-0.006,2597,0
350224,0.115,9.732,-0.924,0.049,-0.050,-0.005,2599,0
350244,0.110,9.752,-0.910,0.038,-0.048,-0.014,2599,0
350264,0.117,9.764,-0.948,0.034,-0.036,0.001,2599,0
350284,0.127,9.718,-0.922,0.034,-0.031,0.006,2599,0
350304,0.110,9.701,-0.893,0.044,-0.042,-0.010,2596,0
350324,0.115,9.740,-0.905,0.053,-0.052,-0.018,2599,0
350344,0.103,9.764,-0.934,0.052,-0.050,-0.019,2598,0
350364,0.091,9.773,-0.948,0.052,-0.044,-0.009,2598,0
350384,0.093,9.783,-0.950,0.050,-0.034,-0.006,2598,0
350404,0.110,9.780,-0.934,0.039,-0.028,-0.002,2600,0
350424,0.048,9.723,-0.919,0.032,-0.030,-0.007,2597,0
350444,0.079,9.740,-0.924,0.052,-0.043,-0.013,2598,0
350464,0.110,9.797,-0.936,0.060,-0.041,-0.010,2597,0
350484,0.065,9.804,-0.960,0.051,-0.039,-0.006,2597,0
350504,0.077,9.795,-0.965,0.047,-0.038,-0.005,2598,0
350524,0.060,9.857,-0.967,0.050,-0.025,-0.003,2596,0
350544,0.077,9.883,-0.946,0.040,-0.023,0.002,2596,0
350564,0.086,9.833,-0.852,0.034,-0.029,0.010,2598,0
350584,0.124,9.826,-0.838,0.040,-0.041,0.011,2597,0
350604,0.141,9.783,-0.857,0.047,-0.042,0.013,2596,0
350624,0.134,9.756,-0.869,0.052,-0.038,0.018,2595,0
350644,0.151,9.752,-0.910,0.050,-0.037,0.014,2595,0
350664,0.120,9.764,-0.867,0.039,-0.041,0.014,2597,0
350684,0.093,9.697,-0.881,0.033,-0.042,0.012,2596,0
350704,0.086,9.728,-0.836,0.044,-0.046,0.010,2596,0
350724,0.117,9.687,-0.881,0.050,-0.053,0.002,2596,0
350744,0.134,9.713,-0.958,0.059,-0.058,-0.009,2596,0
350764,0.151,9.785,-0.986,0.053,-0.051,-0.010,2597,0
350784,0.127,9.780,-0.979,0.037,-0.042,-0.001,2596,0
350804,0.074,9.768,-0.977,0.043,-0.038,0.008,2596,0
350824,0.065,9.737,-1.003,0.042,-0.041,0.003,2596,0
350844,0.060,9.730,-1.001,0.043,-0.039,0.001,2596,0
350864,0.079,9.766,-1.039,0.048,-0.028,0.000,2597,0
350884,0.103,9.766,-1.008,0.051,-0.016,0.007,2596,0
350904,0.158,9.752,-0.986,0.045,-0.013,0.006,2596,0
350924,0.129,9.732,-0.898,0.033,-0.017,0.004,2597,0
350944,0.148,9.706,-0.891,0.035,-0.033,-0.005,2596,0
350964,0.134,9.740,-0.912,0.050,-0.033,-0.006,2596,0
350984,0.151,9.785,-0.929,0.061,-0.026,-0.006,2596,0
351004,0.132,9.797,-0.900,0.053,-0.028,0.001,2597,0
351024,0.120,9.744,-0.883,0.045,-0.037,0.000,2595,0
351044,0.144,9.708,-0.903,0.047,-0.038,0.001,2595,0
351064,0.165,9.699,-0.879,0.050,-0.039,-0.006,2596,0
351084,0.129,9.737,-0.898,0.045,-0.041,-0.011,2596,0
351104,0.084,9.799,-0.895,0.044,-0.047,-0.009,2596,0
351124,0.069,9.826,-0.939,0.053,-0.047,-0.006,2595,0
351144,0.096,9.847,-0.974,0.046,-0.039,0.001,2596,0
351164,0.110,9.778,-0.960,0.034,-0.038,0.005,2596,0
351184,0.136,9.764,-0.950,0.039,-0.036,0.000,2596,0
351204,0.134,9.807,-0.895,0.053,-0.029,-0.000,2596,0
351224,0.124,9.807,-0.895,0.064,-0.041,0.007,2597,0
351244,0.153,9.787,-0.927,0.062,-0.047,0.011,2597,0
351264,0.151,9.723,-0.986,0.050,-0.051,0.011,2594,0
351284,0.151,9.675,-0.946,0.051,-0.049,0.009,2596,0
351304,0.098,9.716,-0.943,0.055,-0.047,0.004,2595,0
351324,0.067,9.787,-0.958,0.052,-0.055,0.002,2598,0
351344,0.108,9.761,-1.039,0.039,-0.056,0.001,2594,0
351364,0.144,9.728,-1.065,0.048,-0.048,-0.004,2596,0
351384,0.148,9.771,-1.080,0.055,-0.034,-0.006,2594,0
351404,0.091,9.828,-1.032,0.048,-0.026,0.004,2596,0
351424,0.098,9.823,-0.950,0.041,-0.032,0.015,2596,0
351444,0.148,9.780,-0.970,0.047,-0.033,0.023,2597,0
351464,0.163,9.756,-0.986,0.050,-0.032,0.010,2596,0
351484,0.163,9.732,-1.027,0.044,-0.031,0.003,2594,0
351504,0.182,9.740,-0.962,0.034,-0.022,0.010,2596,0
351524,0.148,9.682,-0.939,0.036,-0.035,0.010,2596,0
351544,0.175,9.692,-0.943,0.054,-0.039,0.004,2594,0
351564,0.165,9.716,-0.962,0.062,-0.040,-0.001,2595,0
351584,0.168,9.759,-1.003,0.054,-0.041,-0.005,2596,0
351604,0.120,9.744,-1.032,0.039,-0.037,-0.006,2599,0
351624,0.132,9.747,-0.994,0.034,-0.029,0.001,2597,0
351644,0.115,9.718,-0.946,0.042,-0.024,0.002,2597,0
351664,0.170,9.747,-0.984,0.044,-0.023,0.001,2595,0
351684,0.158,9.701,-0.974,0.041,-0.033,-0.005,2595,0
351704,0.177,9.723,-1.015,0.043,-0.043,-0.007,2596,0
351724,0.108,9.742,-0.991,0.049,-0.046,-0.017,2597,0
351744,0.096,9.819,-0.994,0.060,-0.049,-0.020,2595,0
351764,0.098,9.893,-1.097,0.047,-0.030,0.001,2595,0
351784,0.122,9.809,-1.070,0.030,-0.020,0.014,2594,0
351804,0.184,9.730,-1.006,0.032,-0.021,0.003,2595,0
351824,0.160,9.785,-0.967,0.038,-0.017,-0.001,2595,0
351844,0.134,9.792,-0.905,0.034,-0.023,0.013,2596,0
351864,0.132,9.697,-0.934,0.042,-0.046,0.007,2594,0
351884,0.182,9.692,-1.015,0.056,-0.044,-0.002,2594,0
351904,0.187,9.728,-1.075,0.051,-0.028,0.006,2594,0
351924,0.141,9.656,-1.013,0.028,-0.027,0.002,2595,0
351944,0.098,9.663,-0.962,0.033,-0.043,-0.015,2594,0
351964,0.096,9.778,-1.006,0.050,-0.045,-0.022,2595,0
351984,0.134,9.831,-1.056,0.049,-0.040,-0.013,2595,0
352004,0.211,9.799,-1.094,0.039,-0.029,-0.005,2597,0
352024,0.196,9.747,-1.032,0.026,-0.017,0.001,2595,0
352044,0.105,9.749,-0.986,0.024,-0.021,-0.003,2594,0
352064,0.108,9.790,-0.939,0.040,-0.028,-0.003,2593,0
352084,0.136,9.792,-0.998,0.049,-0.028,0.000,2594,0
352104,0.158,9.720,-0.974,0.044,-0.026,0.004,2595,0
352124,0.177,9.677,-0.950,0.039,-0.024,0.000,2597,0
352144,0.175,9.677,-0.917,0.038,-0.026,-0.005,2595,0
352164,0.141,9.749,-0.919,0.042,-0.039,-0.015,2594,0
352184,0.124,9.807,-0.881,0.044,-0.047,-0.015,2595,0
352204,0.151,9.780,-0.979,0.044,-0.049,-0.007,2595,0
352224,0.158,9.756,-1.015,0.049,-0.047,-0.011,2595,0
352244,0.127,9.857,-1.020,0.057,-0.042,-0.014,2594,0
352264,0.115,9.905,-1.034,0.042,-0.036,0.002,2593,0
352284,0.144,9.809,-0.998,0.030,-0.038,0.016,2595,0
352304,0.168,9.742,-0.991,0.043,-0.040,0.010,2594,0
352324,0.124,9.783,-0.986,0.059,-0.043,-0.001,2597,0
352344,0.110,9.843,-1.025,0.061,-0.050,0.006,2594,0
352364,0.093,9.785,-1.065,0.051,-0.052,0.014,2594,0
352384,0.136,9.732,-1.092,0.048,-0.047,0.010,2595,0
352404,0.156,9.730,-1.030,0.045,-0.032,0.009,2594,0
352424,0.160,9.749,-1.003,0.043,-0.031,0.009,2595,0
352444,0.146,9.742,-0.996,0.043,-0.035,0.015,2594,0
352464,0.168,9.692,-0.982,0.050,-0.037,0.011,2593,0
352484,0.172,9.687,-0.986,0.052,-0.029,0.005,2594,0
352504,0.170,9.711,-0.986,0.055,-0.038,-0.005,2592,0
352524,0.168,9.730,-1.044,0.041,-0.040,0.003,2594,0
352544,0.170,9.670,-1.037,0.033,-0.042,0.008,2594,0
352564,0.156,9.629,-1.027,0.037,-0.035,-0.006,2592,0
352584,0.117,9.728,-1.058,0.048,-0.031,-0.022,2594,0
352604,0.139,9.845,-1.049,0.050,-0.031,-0.016,2594,0
352624,0.182,9.845,-1.039,0.041,-0.034,-0.003,2595,0
352644,0.187,9.771,-1.046,0.033,-0.027,0.009,2594,0
352664,0.156,9.730,-0.991,0.039,-0.026,0.005,2593,0
352684,0.146,9.740,-0.962,0.053,-0.026,0.004,2594,0
352704,0.144,9.732,-0.996,0.050,-0.034,0.002,2594,0
352724,0.172,9.689,-1.018,0.044,-0.038,0.002,2592,0
352744,0.163,9.668,-1.018,0.046,-0.035,-0.004,2594,0
352764,0.192,9.744,-1.049,0.054,-0.030,-0.003,2593,0
352784,0.158,9.797,-1.027,0.045,-0.022,0.003,2593,0
352804,0.153,9.780,-0.979,0.040,-0.028,0.006,2593,0
352824,0.177,9.811,-0.979,0.043,-0.039,0.005,2594,0
352844,0.192,9.804,-0.970,0.048,-0.044,0.003,2595,0
352864,0.204,9.821,-0.972,0.061,-0.043,0.002,2594,0
352884,0.208,9.883,-0.996,0.059,-0.037,0.009,2594,0
352904,0.141,9.862,-0.982,0.041,-0.044,0.020,2593,0
352924,0.182,9.828,-0.986,0.042,-0.052,0.030,2592,0
352944,0.204,9.754,-1.001,0.042,-0.046,0.029,2593,0
352964,0.172,9.725,-0.984,0.049,-0.051,0.021,2595,0
352984,0.146,9.737,-0.998,0.057,-0.063,0.014,2593,0
353004,0.144,9.735,-1.041,0.052,-0.063,0.018,2592,0
353024,0.160,9.732,-1.135,0.046,-0.055,0.023,2593,0
353044,0.194,9.708,-1.135,0.038,-0.048,0.021,2594,0
353064,0.220,9.692,-1.065,0.039,-0.043,0.016,2594,0
353084,0.194,9.694,-1.085,0.052,-0.045,0.013,2594,0
353104,0.201,9.685,-1.094,0.059,-0.050,0.012,2592,0
353124,0.194,9.680,-1.123,0.052,-0.047,0.007,2594,0
353144,0.244,9.701,-1.166,0.051,-0.039,0.006,2594,0
353164,0.268,9.706,-1.149,0.042,-0.030,0.003,2592,0
353184,0.194,9.687,-1.101,0.028,-0.029,-0.002,2594,0
353204,0.129,9.687,-1.097,0.035,-0.036,-0.006,2593,0
353224,0.192,9.728,-1.144,0.054,-0.032,-0.008,2593,0
353244,0.230,9.764,-1.168,0.050,-0.012,-0.006,2595,0
353264,0.215,9.764,-1.118,0.040,-0.008,-0.002,2594,0
353284,0.208,9.725,-1.032,0.029,-0.011,0.005,2594,0
353304,0.208,9.694,-0.986,0.036,-0.023,-0.001,2592,0
353324,0.232,9.706,-1.030,0.048,-0.020,-0.006,2592,0
353344,0.199,9.723,-1.037,0.052,-0.020,-0.011,2594,0
353364,0.204,9.787,-1.058,0.044,-0.018,-0.011,2593,0
353384,0.239,9.778,-1.046,0.025,-0.008,-0.003,2592,0
353404,0.227,9.725,-0.967,0.025,-0.014,-0.004,2593,0
353424,0.223,9.764,-0.994,0.039,-0.027,-0.009,2593,0
353444,0.249,9.835,-1.049,0.045,-0.022,-0.006,2592,0
353464,0.218,9.809,-1.044,0.040,-0.019,-0.003,2592,0
353484,0.204,9.852,-1.034,0.044,-0.027,-0.003,2593,0
353504,0.208,9.852,-1.025,0.041,-0.030,0.009,2594,0
353524,0.230,9.764,-1.056,0.044,-0.032,0.020,2594,0
353544,0.235,9.668,-1.082,0.049,-0.032,0.011,2593,0
353564,0.172,9.742,-1.089,0.061,-0.033,-0.003,2593,0
353584,0.148,9.797,-1.161,0.051,-0.031,0.005,2592,0
353604,0.215,9.761,-1.135,0.033,-0.017,0.018,2592,0
353624,0.220,9.708,-1.058,0.034,-0.007,0.010,2593,0
353644,0.223,9.747,-1.051,0.045,-0.014,0.002,2595,0
353664,0.239,9.790,-1.075,0.040,-0.021,0.007,2593,0
353684,0.247,9.711,-1.061,0.035,-0.028,0.011,2594,0
353704,0.223,9.718,-1.080,0.050,-0.024,0.000,2593,0
353724,0.199,9.807,-1.120,0.051,-0.013,0.001,2593,0
353744,0.215,9.773,-1.113,0.034,-0.005,0.014,2593,0
353764,0.302,9.697,-1.044,0.033,-0.006,0.017,2592,0
353784,0.316,9.656,-1.013,0.047,-0.009,0.008,2592,0
353804,0.280,9.646,-0.982,0.049,-0.017,0.002,2591,0
353824,0.206,9.665,-0.986,0.048,-0.029,-0.007,2592,0
353844,0.199,9.730,-1.003,0.047,-0.035,-0.013,2593,0
353864,0.244,9.747,-1.061,0.033,-0.023,-0.014,2591,0
353884,0.299,9.752,-1.058,0.026,-0.023,-0.011,2598,0
353904,0.333,9.768,-1.063,0.023,-0.028,-0.011,2592,0
353924,0.268,9.795,-1.015,0.032,-0.036,-0.013,2591,0
353944,0.251,9.857,-1.037,0.049,-0.042,-0.003,2592,0
353964,0.213,9.809,-1.070,0.049,-0.038,0.005,2593,0
353984,0.215,9.747,-1.068,0.050,-0.037,0.016,2592,0
354004,0.220,9.653,-1.037,0.043,-0.030,0.013,2593,0
354024,0.201,9.644,-0.998,0.041,-0.033,-0.002,2592,0
354044,0.278,9.687,-1.068,0.037,-0.037,-0.006,2592,0
354064,0.290,9.675,-1.075,0.031,-0.039,-0.010,2592,0
354084,0.294,9.737,-1.092,0.041,-0.032,-0.019,2590,0
354104,0.235,9.809,-1.065,0.042,-0.024,-0.017,2591,0
354124,0.227,9.845,-1.020,0.039,-0.030,-0.010,2592,0
354144,0.261,9.795,-1.018,0.041,-0.039,0.005,2593,0
354164,0.266,9.680,-1.077,0.042,-0.042,0.007,2590,0
354184,0.266,9.632,-1.130,0.048,-0.043,-0.007,2593,0
354204,0.211,9.735,-1.123,0.053,-0.043,-0.023,2593,0
354224,0.196,9.821,-1.154,0.044,-0.035,-0.017,2591,0
354244,0.208,9.780,-1.152,0.030,-0.029,-0.005,2593,0
354264,0.220,9.728,-1.077,0.034,-0.025,-0.005,2591,0
354284,0.208,9.740,-1.080,0.038,-0.026,-0.009,2591,0
354304,0.225,9.780,-1.087,0.041,-0.029,-0.009,2591,0
354324,0.223,9.759,-1.082,0.042,-0.039,-0.010,2593,0
354344,0.251,9.771,-1.087,0.038,-0.034,-0.010,2593,0
354364,0.239,9.756,-1.094,0.037,-0.027,-0.004,2591,0
354384,0.208,9.732,-1.063,0.037,-0.024,0.000,2592,0
354404,0.184,9.747,-1.049,0.037,-0.028,-0.004,2592,0
354424,0.199,9.754,-1.044,0.035,-0.031,-0.004,2592,0
354444,0.237,9.730,-1.065,0.041,-0.032,-0.009,2594,0
354464,0.268,9.720,-1.061,0.044,-0.026,-0.009,2592,0
354484,0.275,9.756,-1.053,0.043,-0.019,0.002,2590,0
354504,0.218,9.735,-1.022,0.027,-0.024,0.000,2592,0
354524,0.189,9.737,-0.989,0.028,-0.036,-0.014,2591,0
354544,0.208,9.761,-1.063,0.047,-0.042,-0.016,2591,0
354564,0.235,9.795,-1.135,0.048,-0.037,-0.014,2591,0
354584,0.261,9.773,-1.130,0.049,-0.029,-0.007,2593,0
354604,0.201,9.787,-1.120,0.039,-0.020,-0.003,2592,0
354624,0.170,9.742,-1.046,0.037,-0.028,-0.002,2591,0
354644,0.208,9.730,-1.063,0.043,-0.030,0.003,2591,0
354664,0.227,9.694,-1.053,0.048,-0.026,0.002,2593,0
354684,0.237,9.692,-1.058,0.049,-0.020,-0.004,2590,0
354704,0.244,9.740,-1.037,0.043,-0.021,-0.005,2592,0
354724,0.263,9.754,-1.020,0.031,-0.027,-0.002,2591,0
354744,0.266,9.713,-1.010,0.035,-0.037,-0.004,2591,0
354764,0.235,9.744,-1.039,0.049,-0.039,-0.009,2591,0
354784,0.208,9.761,-1.039,0.053,-0.043,-0.017,2591,0
354804,0.204,9.811,-1.070,0.051,-0.050,-0.015,2592,0
354824,0.211,9.833,-1.109,0.038,-0.040,0.001,2592,0
354844,0.218,9.725,-1.097,0.033,-0.033,0.012,2589,0
354864,0.254,9.723,-1.092,0.040,-0.028,0.005,2590,0
354884,0.194,9.742,-1.063,0.040,-0.029,-0.004,2591,0
354904,0.182,9.776,-1.053,0.049,-0.043,-0.003,2591,0
354924,0.196,9.797,-1.128,0.056,-0.047,-0.004,2590,0
354944,0.204,9.795,-1.171,0.046,-0.032,0.007,2591,0
354964,0.225,9.735,-1.111,0.035,-0.021,0.012,2591,0
354984,0.215,9.694,-1.065,0.035,-0.028,0.004,2591,0
355004,0.211,9.697,-1.073,0.045,-0.034,-0.003,2589,0
355024,0.232,9.747,-1.113,0.046,-0.028,-0.002,2591,0
355044,0.239,9.713,-1.080,0.042,-0.018,0.002,2591,0
355064,0.247,9.732,-1.020,0.035,-0.018,0.003,2591,0
355084,0.237,9.665,-0.998,0.028,-0.033,-0.001,2591,0
355104,0.254,9.682,-1.034,0.039,-0.045,-0.008,2590,0
355124,0.273,9.692,-1.073,0.046,-0.035,-0.007,2590,0
355144,0.206,9.711,-1.020,0.041,-0.032,-0.011,2591,0
355164,0.139,9.768,-1.049,0.033,-0.045,-0.019,2590,0
355184,0.189,9.821,-1.113,0.031,-0.042,-0.009,2591,0
355204,0.249,9.802,-1.101,0.035,-0.030,-0.003,2589,0
355224,0.280,9.807,-1.092,0.045,-0.025,0.002,2591,0
355244,0.227,9.804,-1.010,0.029,-0.030,0.007,2592,0
355264,0.201,9.718,-0.994,0.033,-0.041,0.005,2591,0
355284,0.220,9.711,-1.037,0.058,-0.047,0.004,2591,0
355304,0.218,9.742,-1.087,0.053,-0.041,0.003,2591,0
355324,0.196,9.711,-1.101,0.042,-0.042,0.001,2590,0
355344,0.244,9.723,-1.082,0.039,-0.034,-0.002,2590,0
355364,0.266,9.706,-1.034,0.036,-0.030,0.000,2591,0
355384,0.215,9.697,-1.025,0.034,-0.039,0.001,2591,0
355404,0.220,9.730,-1.051,0.044,-0.046,-0.005,2590,0
355424,0.204,9.761,-1.106,0.052,-0.051,-0.014,2590,0
355444,0.225,9.773,-1.149,0.044,-0.048,-0.007,2591,0
355464,0.220,9.735,-1.154,0.038,-0.043,-0.004,2588,0
355484,0.201,9.730,-1.106,0.037,-0.032,0.000,2590,0
355504,0.199,9.720,-1.109,0.033,-0.026,0.001,2590,0
355524,0.223,9.699,-1.044,0.038,-0.039,-0.007,2591,0
355544,0.213,9.730,-1.101,0.049,-0.045,-0.015,2589,0
355564,0.187,9.766,-1.113,0.055,-0.045,-0.011,2591,0
355584,0.192,9.792,-1.147,0.037,-0.037,-0.001,2591,0
355604,0.199,9.776,-1.137,0.039,-0.022,-0.000,2591,0
355624,0.201,9.754,-1.068,0.035,-0.023,-0.003,2592,0
355644,0.206,9.761,-1.116,0.037,-0.029,-0.003,2589,0
355664,0.208,9.766,-1.085,0.043,-0.025,-0.001,2590,0
355684,0.227,9.783,-1.070,0.044,-0.019,0.004,2590,0
355704,0.237,9.773,-1.022,0.042,-0.019,0.004,2593,0
355724,0.249,9.732,-0.996,0.044,-0.027,0.005,2588,0
355744,0.242,9.706,-1.032,0.047,-0.033,0.011,2589,0
355764,0.249,9.663,-1.075,0.047,-0.034,0.013,2588,0
355784,0.227,9.682,-1.056,0.048,-0.042,0.011,2591,0
355804,0.199,9.694,-1.051,0.033,-0.044,0.005,2584,0
355824,0.208,9.680,-1.106,0.039,-0.047,-0.013,2587,0
355844,0.239,9.704,-1.089,0.041,-0.056,-0.023,2583,0
355864,0.323,9.785,-1.065,0.067,-0.059,-0.031,2585,0
355884,0.259,9.737,-1.049,0.103,-0.079,-0.028,2584,0
355904,0.278,9.682,-1.020,0.086,-0.088,-0.022,2582,0
355924,0.266,9.802,-0.943,0.107,-0.107,-0.032,2577,0
355944,0.108,9.819,-1.125,0.073,-0.127,0.012,2573,0
355964,0.074,9.586,-1.202,0.042,-0.125,0.057,2562,0
355984,0.309,9.747,-1.367,-0.064,-0.031,0.044,2566,1378
356004,0.433,9.962,-1.264,-0.057,0.093,0.018,2561,1881
356024,0.225,10.044,-1.176,-0.119,0.221,0.084,2561,2944
356044,-0.024,9.843,-1.018,-0.109,0.250,0.141,2559,3722
356064,0.096,9.905,-0.907,-0.097,0.066,0.133,2559,3959
356084,0.259,10.080,-1.068,-0.151,-0.019,0.136,2559,4095
356104,0.431,9.936,-0.998,-0.193,-0.067,0.171,2559,4095
356124,0.809,9.993,-0.977,-0.217,-0.012,0.201,2559,4095
356144,0.675,9.869,-0.876,-0.190,0.048,0.183,2559,4095
356164,-0.053,9.979,-0.797,-0.083,-0.015,0.163,2559,4095
356184,0.725,9.242,-0.709,-0.055,-0.075,0.126,2559,4095
356204,0.244,10.250,-0.735,-0.101,-0.077,0.145,2559,4095
356224,0.895,9.021,-0.673,-0.071,-0.080,0.092,2559,4095
356244,0.330,10.130,-0.697,-0.020,-0.007,0.094,2559,4095
356264,1.032,9.158,-0.553,0.049,-0.003,0.042,2559,4095
356284,0.079,10.192,-0.749,0.081,-0.068,0.032,2558,4095
356304,1.092,9.294,-0.500,0.018,-0.089,0.021,2559,4095
356324,0.239,10.338,-0.682,0.031,-0.084,0.031,2559,4095
356344,1.149,9.378,-0.704,0.019,-0.040,0.012,2558,4095
356364,0.062,10.034,-0.843,0.057,-0.050,0.008,2559,4095
356384,0.929,9.565,-0.661,-0.003,-0.012,0.027,2558,4095
356404,0.268,9.847,-0.855,0.051,-0.075,0.001,2559,4095
356424,0.962,9.718,-0.622,0.005,-0.001,0.022,2558,4095
356444,0.362,9.596,-0.840,0.080,-0.073,-0.012,2558,4095
356464,0.699,9.859,-0.587,0.005,0.006,0.024,2557,4095
356484,0.512,9.392,-0.867,0.069,-0.055,-0.013,2557,4095
356504,0.541,10.199,-0.735,-0.007,0.009,0.032,2560,4095
356524,0.812,9.342,-0.895,0.029,-0.036,-0.007,2558,4095
356544,0.223,10.302,-0.654,0.009,0.003,0.014,2556,4095
356564,0.855,9.134,-0.615,0.065,-0.058,-0.030,2555,4095
356584,0.189,10.475,-0.766,0.050,-0.056,0.005,2558,4095
356604,1.336,9.266,-0.977,0.035,-0.061,-0.007,2557,4095
356624,0.153,10.312,-0.874,0.060,-0.033,0.002,2557,4095
356644,1.077,9.402,-0.567,0.043,0.007,-0.001,2558,4095
356664,0.060,10.113,-0.802,0.087,-0.042,-0.001,2557,4095
356684,0.974,9.562,-0.589,-0.005,-0.010,0.032,2556,4095
356704,0.474,9.567,-0.816,0.060,-0.063,-0.006,2557,4095
356724,0.740,9.953,-0.524,0.002,0.028,0.018,2556,4095
356744,0.644,9.347,-0.788,0.045,-0.007,-0.015,2555,4095
356764,0.256,10.206,-0.496,0.014,0.006,0.014,2556,4095
356784,0.845,8.990,-0.472,0.073,-0.093,-0.032,2556,4095
356804,0.218,10.451,-0.706,0.096,-0.074,-0.021,2555,4095
356824,1.168,9.167,-0.618,0.076,-0.052,-0.021,2556,4095
356844,0.273,10.297,-0.958,0.093,-0.025,-0.015,2555,4095
356864,1.144,9.457,-0.831,-0.005,0.088,0.000,2556,4095
356884,0.280,9.670,-0.936,0.110,0.075,-0.043,2557,4095
356904,0.579,9.917,-0.637,0.103,0.128,-0.039,2555,4095
356924,0.488,9.371,-0.792,0.120,0.005,-0.077,2555,4095
356944,0.201,10.479,-0.792,0.013,-0.007,0.007,2553,4095
356964,1.089,8.971,-0.663,0.007,-0.032,-0.014,2553,4095
356984,0.120,10.178,-0.879,0.090,-0.047,-0.041,2554,4095
357004,0.874,9.567,-0.680,0.070,-0.006,-0.030,2554,4095
357024,0.364,9.167,-0.814,0.189,-0.096,-0.108,2555,4095
357044,0.268,9.675,-0.539,0.321,-0.161,-0.141,2558,4018
357064,0.860,8.775,-0.685,0.463,-0.232,-0.252,2559,3678
357084,0.146,10.003,-0.922,0.515,-0.284,-0.309,2559,3338
357104,0.625,9.807,-1.020,0.361,-0.254,-0.301,2564,2681
357124,0.326,9.888,-1.456,0.144,-0.262,-0.273,2581,2241
357144,0.438,9.677,-1.561,0.066,-0.106,-0.298,2591,1535
357164,0.378,9.732,-1.456,0.039,0.058,-0.314,2596,1362
357184,0.129,9.845,-1.288,-0.020,0.206,-0.283,2604,1098
357204,-0.153,9.924,-1.152,-0.062,0.212,-0.234,2608,0
357224,-0.108,9.977,-1.032,-0.130,0.151,-0.181,2615,0
357244,-0.031,9.742,-0.970,-0.140,0.108,-0.166,2620,0
357264,-0.022,9.512,-1.015,-0.068,0.036,-0.176,2625,0
357284,0.105,9.629,-0.989,0.027,0.019,-0.184,2626,0
357304,0.024,9.871,-1.099,0.068,0.059,-0.173,2632,0
357324,-0.141,9.845,-1.092,0.083,0.090,-0.163,2632,0
357344,-0.278,9.857,-1.104,0.114,0.072,-0.147,2632,0
357364,-0.357,10.013,-1.166,0.123,0.046,-0.100,2632,0
357384,-0.278,10.072,-1.142,0.080,0.025,-0.052,2630,0
357404,-0.151,10.020,-1.056,0.021,0.015,-0.021,2634,0
357424,-0.089,9.881,-1.022,-0.002,0.029,-0.003,2632,0
357444,-0.110,9.821,-0.984,0.024,0.041,0.005,2634,0
357464,-0.144,9.874,-1.001,0.037,0.051,0.009,2633,0
357484,-0.309,9.792,-0.939,0.040,0.030,0.009,2632,0
357504,-0.199,9.795,-0.857,0.043,-0.035,0.012,2631,0
357524,-0.096,9.752,-0.941,0.036,-0.036,0.014,2630,0
357544,-0.110,9.653,-0.939,0.042,-0.035,0.015,2632,0
357564,-0.110,9.665,-0.982,0.068,-0.043,0.010,2629,0
357584,-0.134,9.699,-1.032,0.054,-0.040,0.011,2629,0
357604,-0.180,9.675,-1.056,0.033,-0.038,0.001,2629,0
357624,-0.187,9.720,-1.120,0.036,-0.034,-0.009,2628,0
357644,-0.182,9.708,-1.161,0.036,-0.018,-0.006,2627,0
357664,-0.192,9.680,-1.142,0.043,-0.011,-0.006,2628,0
357684,-0.146,9.752,-1.149,0.056,-0.006,-0.010,2626,0
357704,-0.148,9.795,-1.137,0.052,-0.002,-0.016,2629,0
357724,-0.175,9.862,-1.140,0.049,0.004,-0.009,2627,0
357744,-0.182,9.855,-1.156,0.037,0.006,0.009,2627,0
357764,-0.156,9.787,-1.168,0.028,0.011,0.021,2625,0
357784,-0.165,9.689,-1.092,0.039,0.015,0.015,2624,0
357804,-0.160,9.675,-1.094,0.063,0.008,0.009,2624,0
357824,-0.103,9.759,-1.085,0.055,0.011,0.015,2624,0
357844,-0.115,9.692,-1.061,0.027,0.015,0.019,2624,0
357864,-0.129,9.675,-0.970,0.014,0.001,0.008,2624,0
357884,-0.158,9.680,-0.991,0.029,-0.004,-0.006,2623,0
357904,-0.144,9.761,-1.008,0.044,-0.014,-0.007,2623,0
357924,-0.089,9.761,-1.032,0.048,-0.017,0.001,2621,0
357944,-0.089,9.809,-1.051,0.039,-0.010,0.005,2622,0
357964,-0.122,9.773,-1.010,0.026,-0.018,0.007,2621,0
357984,-0.187,9.771,-1.013,0.040,-0.024,0.003,2623,0
358004,-0.204,9.823,-1.006,0.053,-0.033,0.013,2621,0
358024,-0.146,9.826,-1.077,0.046,-0.039,0.023,2620,0
358044,-0.074,9.725,-1.089,0.037,-0.030,0.028,2620,0
358064,-0.031,9.682,-1.082,0.050,-0.023,0.017,2619,0
358084,-0.072,9.752,-1.077,0.057,-0.023,0.005,2620,0
358104,-0.086,9.744,-1.034,0.046,-0.033,0.007,2619,0
358124,-0.120,9.728,-1.092,0.042,-0.038,0.018,2617,0
358144,-0.108,9.629,-1.109,0.050,-0.041,0.019,2618,0
358164,-0.091,9.641,-1.164,0.057,-0.030,0.010,2618,0
358184,-0.081,9.670,-1.168,0.036,-0.018,-0.006,2618,0
358204,-0.086,9.685,-1.106,0.020,-0.013,-0.003,2619,0
358224,-0.077,9.687,-1.092,0.017,-0.011,0.003,2618,0
358244,-0.091,9.718,-1.094,0.035,-0.011,-0.002,2617,0
358264,-0.117,9.797,-1.082,0.046,-0.017,-0.011,2617,0
358284,-0.122,9.821,-1.092,0.038,-0.021,-0.006,2616,0
358304,-0.113,9.780,-1.073,0.038,-0.021,0.001,2616,0
358324,-0.089,9.759,-1.061,0.046,-0.019,-0.001,2615,0
358344,-0.105,9.831,-1.027,0.050,-0.009,-0.003,2617,0
358364,-0.086,9.828,-1.027,0.039,-0.007,0.015,2615,0
358384,-0.084,9.742,-1.027,0.032,-0.010,0.021,2616,0
358404,-0.055,9.723,-1.015,0.038,-0.016,0.015,2616,0
358424,-0.093,9.713,-1.010,0.044,-0.027,0.003,2614,0
358444,-0.057,9.747,-1.034,0.046,-0.036,0.002,2616,0
358464,-0.050,9.764,-1.018,0.040,-0.028,0.012,2617,0
358484,-0.067,9.718,-1.037,0.037,-0.030,0.010,2615,0
358504,-0.093,9.744,-1.075,0.032,-0.039,0.000,2616,0
358524,-0.079,9.761,-1.080,0.031,-0.041,-0.002,2614,0
358544,-0.022,9.742,-1.080,0.040,-0.044,0.001,2615,0
358564,-0.007,9.780,-1.075,0.049,-0.038,0.001,2613,0
358584,-0.067,9.797,-1.068,0.053,-0.038,0.008,2615,0
358604,-0.091,9.752,-1.085,0.046,-0.049,0.016,2614,0
358624,-0.117,9.716,-1.092,0.039,-0.049,0.014,2613,0
358644,-0.067,9.668,-1.125,0.044,-0.052,0.007,2613,0
358664,-0.031,9.699,-1.109,0.051,-0.036,0.003,2613,0
358684,-0.050,9.728,-1.089,0.042,-0.017,0.010,2612,0
358704,-0.074,9.706,-1.077,0.041,-0.021,0.013,2612,0
358724,-0.034,9.711,-1.068,0.039,-0.034,0.004,2613,0
358744,-0.038,9.732,-1.061,0.030,-0.039,0.001,2613,0
358764,-0.012,9.711,-1.116,0.033,-0.045,-0.000,2614,0
358784,-0.014,9.716,-1.097,0.050,-0.041,-0.009,2613,0
358804,-0.043,9.850,-1.111,0.055,-0.032,-0.012,2613,0
358824,-0.089,9.835,-1.034,0.033,-0.030,0.002,2613,0
358844,-0.057,9.740,-1.037,0.030,-0.044,0.008,2611,0
358864,-0.038,9.689,-1.094,0.050,-0.048,0.002,2611,0
358884,-0.055,9.759,-1.123,0.060,-0.038,0.000,2611,0
358904,-0.065,9.776,-1.123,0.047,-0.033,0.002,2611,0
358924,-0.065,9.768,-1.113,0.034,-0.025,0.005,2611,0
358944,-0.074,9.735,-1.051,0.037,-0.022,0.007,2611,0
358964,-0.012,9.737,-1.037,0.039,-0.032,0.003,2610,0
358984,-0.031,9.718,-1.073,0.039,-0.042,0.002,2610,0
359004,-0.060,9.732,-1.085,0.046,-0.044,-0.001,2610,0
359024,-0.048,9.785,-1.123,0.056,-0.036,-0.002,2611,0
359044,-0.041,9.807,-1.116,0.042,-0.026,0.006,2611,0
359064,-0.053,9.742,-1.087,0.030,-0.026,0.013,2610,0
359084,0.019,9.692,-1.053,0.038,-0.032,0.013,2610,0
359104,-0.005,9.651,-1.070,0.050,-0.033,0.009,2610,0
359124,-0.060,9.694,-1.099,0.046,-0.042,-0.003,2611,0
359144,-0.089,9.730,-1.113,0.041,-0.048,-0.007,2610,0
359164,-0.072,9.780,-1.156,0.044,-0.047,-0.009,2610,0
359184,0.024,9.792,-1.192,0.043,-0.033,-0.005,2610,0
359204,0.000,9.756,-1.132,0.033,-0.018,-0.001,2610,0
359224,-0.053,9.771,-1.068,0.043,-0.024,-0.004,2611,0
359244,-0.067,9.792,-1.075,0.051,-0.029,0.001,2609,0
359264,-0.072,9.799,-1.085,0.053,-0.027,0.012,2611,0
359284,0.010,9.735,-1.080,0.047,-0.023,0.018,2610,0
359304,0.017,9.685,-1.068,0.038,-0.023,0.010,2611,0
359324,0.002,9.677,-1.022,0.039,-0.030,-0.004,2609,0
359344,-0.002,9.689,-1.013,0.040,-0.034,-0.002,2609,0
359364,-0.017,9.720,-1.053,0.039,-0.038,0.001,2610,0
359384,-0.026,9.735,-1.077,0.037,-0.046,-0.008,2609,0
