-0.15550442
-0.15564388
-0.15600413
-0.15594603
-0.15606223
-0.15595765
-0.15589955
-0.15614359
-0.15586469
-0.15538819
-0.15508606
-0.15558577
-0.15617846
-0.15623656
-0.15556252
-0.15508606
-0.15466768
-0.15480714
-0.15488848
-0.15530686
-0.15558577
-0.15592279
-0.15560900
-0.15586467
-0.15638764
-0.15652709
-0.15585305
-0.15533009
-0.15564387
-0.15606223
-0.15578333
-0.15572523
-0.15606223
-0.15645736
-0.15657358
0.24279191
0.24243164
0.24223407
0.24261758
0.24303594
0.24326837
0.24362862
0.24446537
0.24534859
0.24542992
0.24509290
0.24473265
0.24407023
0.24309404
0.24197841
0.24128112
0.24181572
0.24332647
0.24536020
0.24630152
0.24604586
0.24498831
0.24365187
0.24203651
0.24103709
0.24043277
0.24027006
0.24001440
0.24045601
0.24145545
0.24253622
0.24275702
0.24297783
0.24348918
0.24387267
-0.18881102
-0.18939209
-0.19008937
-0.18964776
-0.18914804
-0.18842751
-0.18792780
-0.18762565
-0.18714918
-0.18625434
-0.18444142
-0.18352334
-0.18402305
-0.18563841
-0.18641704
-0.18673082
-0.18734674
-0.18864831
-0.18950829
-0.18917128
-0.18900858
-0.18936884
-0.19012423
-0.18964776
-0.18886913
-0.18833455
-0.18864833
-0.18825321
-0.18745133
-0.18649839
-0.18635894
-0.18624271
-0.18618461
-0.18616137
-0.18685865
0.00366510
0.00397053
0.00461956
0.00519223
0.00519223
0.00492498
0.00439049
0.00412324
0.00366510
0.00320696
0.00324514
0.00347421
0.00362692
0.00355057
0.00351239
0.00347421
0.00339785
0.00339785
0.00374146
0.00389417
0.00408506
0.00442866
0.00492498
0.00519223
0.00534494
0.00542130
0.00530676
0.00500134
0.00469591
0.00484862
0.00507769
0.00519223
0.00523041
0.00526858
0.00530676
-0.00362692
-0.00335968
-0.00309243
-0.00274883
-0.00271065
-0.00274883
-0.00259611
-0.00274883
-0.00282518
-0.00282518
-0.00320696
-0.00431413
-0.00568854
-0.00618486
-0.00576490
-0.00584126
-0.00671935
-0.00713931
-0.00607032
-0.00465773
-0.00450502
-0.00496316
-0.00461956
-0.00355057
-0.00316879
-0.00347421
-0.00351239
-0.00301607
-0.00286336
-0.00335968
-0.00374146
-0.00389417
-0.00439049
-0.00484862
-0.00473409
-0.00148895
-0.00164166
-0.00179437
-0.00179437
-0.00148895
-0.00141259
-0.00156530
-0.00164166
-0.00137441
-0.00099263
-0.00076356
-0.00041996
0.00000000
0.00045814
0.00053449
0.00000000
-0.00103081
-0.00179437
-0.00156530
-0.00049632
0.00034360
0.00083992
0.00103081
0.00122170
0.00099263
0.00053449
0.00003818
-0.00045814
-0.00122170
-0.00160348
-0.00145077
-0.00129806
-0.00156530
-0.00187073
-0.00133623
0.77957863
0.77971363
0.77984875
0.77984875
0.77971363
0.77944356
0.77944356
0.77930844
0.77917343
0.77917343
0.77930844
0.77944356
0.77930844
0.77917343
0.77917343
0.77903837
0.77917343
0.77930844
0.77984875
0.77957863
0.77957863
0.77917343
0.77930844
0.77930844
0.77957863
0.77957863
0.77957863
0.77930844
0.77930844
0.77890325
0.77876824
0.77863318
0.77890325
0.77903837
0.77917343
0.00000000
0.00000000
0.00000000
0.00000000
0.00000000
0.00000000
0.00000000
0.00000000
0.00000000
0.00000000
0.00000000
0.00000000
0.00000000
0.00000000
0.00000000
0.00000000
0.00000000
0.00000000
0.00000000
0.00000000
0.00000000
0.00000000
0.00000000
0.00000000
0.00000000
0.00000000
0.00000000
0.00000000
0.00000000
0.00000000
0.00000000
0.00000000
0.00000000
0.00000000
0.00000000
0.34464350
0.34477165
0.34517908
0.34517926
0.34525189
0.34497422
0.34492961
0.34546709
0.34570876
0.34506813
0.34371623
0.34319356
0.34325862
0.34346205
0.34278938
0.34225234
0.34277651
0.34461749
0.34656236
0.34723255
0.34708750
0.34668681
0.34601676
0.34473431
0.34384230
0.34318879
0.34294033
0.34230635
0.34231874
0.34269199
0.34325197
0.34331861
0.34359622
0.34412488
0.34482652
0.00536698
0.00545413
0.00584151
0.00614288
0.00604349
0.00581437
0.00533539
0.00522036
0.00482738
0.00438766
0.00462586
0.00555502
0.00674641
0.00714625
0.00677175
0.00679635
0.00759985
0.00810771
0.00730051
0.00609142
0.00609106
0.00670459
0.00683069
0.00640767
0.00629245
0.00646114
0.00636397
0.00585832
0.00563409
0.00611291
0.00647195
0.00661882
0.00700597
0.00740046
0.00723594
-0.15574878
-0.15574878
-0.15574878
-0.15574878
-0.15574878
-0.15574878
-0.15574878
-0.15574878
-0.15574878
-0.15574878
-0.15574878
-0.15574878
-0.15574878
-0.15574878
-0.15574878
-0.15574878
-0.15574878
-0.15574878
-0.15574878
-0.15574878
-0.15574878
-0.15574878
-0.15574878
-0.15574878
-0.15574878
-0.15574878
-0.15574878
-0.15574878
-0.15574878
-0.15574878
-0.15574878
-0.15574878
-0.15574878
-0.15574878
-0.15574878
0.24309504
0.24309504
0.24309504
0.24309504
0.24309504
0.24309504
0.24309504
0.24309504
0.24309504
0.24309504
0.24309504
0.24309504
0.24309504
0.24309504
0.24309504
0.24309504
0.24309504
0.24309504
0.24309504
0.24309504
0.24309504
0.24309504
0.24309504
0.24309504
0.24309504
0.24309504
0.24309504
0.24309504
0.24309504
0.24309504
0.24309504
0.24309504
0.24309504
0.24309504
0.24309504
-0.18765520
-0.18765520
-0.18765520
-0.18765520
-0.18765520
-0.18765520
-0.18765520
-0.18765520
-0.18765520
-0.18765520
-0.18765520
-0.18765520
-0.18765520
-0.18765520
-0.18765520
-0.18765520
-0.18765520
-0.18765520
-0.18765520
-0.18765520
-0.18765520
-0.18765520
-0.18765520
-0.18765520
-0.18765520
-0.18765520
-0.18765520
-0.18765520
-0.18765520
-0.18765520
-0.18765520
-0.18765520
-0.18765520
-0.18765520
-0.18765520
0.00438830
0.00438830
0.00438830
0.00438830
0.00438830
0.00438830
0.00438830
0.00438830
0.00438830
0.00438830
0.00438830
0.00438830
0.00438830
0.00438830
0.00438830
0.00438830
0.00438830
0.00438830
0.00438830
0.00438830
0.00438830
0.00438830
0.00438830
0.00438830
0.00438830
0.00438830
0.00438830
0.00438830
0.00438830
0.00438830
0.00438830
0.00438830
0.00438830
0.00438830
0.00438830
-0.00410033
-0.00410033
-0.00410033
-0.00410033
-0.00410033
-0.00410033
-0.00410033
-0.00410033
-0.00410033
-0.00410033
-0.00410033
-0.00410033
-0.00410033
-0.00410033
-0.00410033
-0.00410033
-0.00410033
-0.00410033
-0.00410033
-0.00410033
-0.00410033
-0.00410033
-0.00410033
-0.00410033
-0.00410033
-0.00410033
-0.00410033
-0.00410033
-0.00410033
-0.00410033
-0.00410033
-0.00410033
-0.00410033
-0.00410033
-0.00410033
-0.00074502
-0.00074502
-0.00074502
-0.00074502
-0.00074502
-0.00074502
-0.00074502
-0.00074502
-0.00074502
-0.00074502
-0.00074502
-0.00074502
-0.00074502
-0.00074502
-0.00074502
-0.00074502
-0.00074502
-0.00074502
-0.00074502
-0.00074502
-0.00074502
-0.00074502
-0.00074502
-0.00074502
-0.00074502
-0.00074502
-0.00074502
-0.00074502
-0.00074502
-0.00074502
-0.00074502
-0.00074502
-0.00074502
-0.00074502
-0.00074502
0.77933556
0.77933556
0.77933556
0.77933556
0.77933556
0.77933556
0.77933556
0.77933556
0.77933556
0.77933556
0.77933556
0.77933556
0.77933556
0.77933556
0.77933556
0.77933556
0.77933556
0.77933556
0.77933556
0.77933556
0.77933556
0.77933556
0.77933556
0.77933556
0.77933556
0.77933556
0.77933556
0.77933556
0.77933556
0.77933556
0.77933556
0.77933556
0.77933556
0.77933556
0.77933556
0.00000000
0.00000000
0.00000000
0.00000000
0.00000000
0.00000000
0.00000000
0.00000000
0.00000000
0.00000000
0.00000000
0.00000000
0.00000000
0.00000000
0.00000000
0.00000000
0.00000000
0.00000000
0.00000000
0.00000000
0.00000000
0.00000000
0.00000000
0.00000000
0.00000000
0.00000000
0.00000000
0.00000000
0.00000000
0.00000000
0.00000000
0.00000000
0.00000000
0.00000000
0.00000000
0.34434193
0.34434193
0.34434193
0.34434193
0.34434193
0.34434193
0.34434193
0.34434193
0.34434193
0.34434193
0.34434193
0.34434193
0.34434193
0.34434193
0.34434193
0.34434193
0.34434193
0.34434193
0.34434193
0.34434193
0.34434193
0.34434193
0.34434193
0.34434193
0.34434193
0.34434193
0.34434193
0.34434193
0.34434193
0.34434193
0.34434193
0.34434193
0.34434193
0.34434193
0.34434193
0.00624758
0.00624758
0.00624758
0.00624758
0.00624758
0.00624758
0.00624758
0.00624758
0.00624758
0.00624758
0.00624758
0.00624758
0.00624758
0.00624758
0.00624758
0.00624758
0.00624758
0.00624758
0.00624758
0.00624758
0.00624758
0.00624758
0.00624758
0.00624758
0.00624758
0.00624758
0.00624758
0.00624758
0.00624758
0.00624758
0.00624758
0.00624758
0.00624758
0.00624758
0.00624758
0.00046823
0.00046823
0.00046823
0.00046823
0.00046823
0.00046823
0.00046823
0.00046823
0.00046823
0.00046823
0.00046823
0.00046823
0.00046823
0.00046823
0.00046823
0.00046823
0.00046823
0.00046823
0.00046823
0.00046823
0.00046823
0.00046823
0.00046823
0.00046823
0.00046823
0.00046823
0.00046823
0.00046823
0.00046823
0.00046823
0.00046823
0.00046823
0.00046823
0.00046823
0.00046823
0.00166356
0.00166356
0.00166356
0.00166356
0.00166356
0.00166356
0.00166356
0.00166356
0.00166356
0.00166356
0.00166356
0.00166356
0.00166356
0.00166356
0.00166356
0.00166356
0.00166356
0.00166356
0.00166356
0.00166356
0.00166356
0.00166356
0.00166356
0.00166356
0.00166356
0.00166356
0.00166356
0.00166356
0.00166356
0.00166356
0.00166356
0.00166356
0.00166356
0.00166356
0.00166356
0.00170232
0.00170232
0.00170232
0.00170232
0.00170232
0.00170232
0.00170232
0.00170232
0.00170232
0.00170232
0.00170232
0.00170232
0.00170232
0.00170232
0.00170232
0.00170232
0.00170232
0.00170232
0.00170232
0.00170232
0.00170232
0.00170232
0.00170232
0.00170232
0.00170232
0.00170232
0.00170232
0.00170232
0.00170232
0.00170232
0.00170232
0.00170232
0.00170232
0.00170232
0.00170232
0.00075511
0.00075511
0.00075511
0.00075511
0.00075511
0.00075511
0.00075511
0.00075511
0.00075511
0.00075511
0.00075511
0.00075511
0.00075511
0.00075511
0.00075511
0.00075511
0.00075511
0.00075511
0.00075511
0.00075511
0.00075511
0.00075511
0.00075511
0.00075511
0.00075511
0.00075511
0.00075511
0.00075511
0.00075511
0.00075511
0.00075511
0.00075511
0.00075511
0.00075511
0.00075511
0.00126571
0.00126571
0.00126571
0.00126571
0.00126571
0.00126571
0.00126571
0.00126571
0.00126571
0.00126571
0.00126571
0.00126571
0.00126571
0.00126571
0.00126571
0.00126571
0.00126571
0.00126571
0.00126571
0.00126571
0.00126571
0.00126571
0.00126571
0.00126571
0.00126571
0.00126571
0.00126571
0.00126571
0.00126571
0.00126571
0.00126571
0.00126571
0.00126571
0.00126571
0.00126571
0.00096865
0.00096865
0.00096865
0.00096865
0.00096865
0.00096865
0.00096865
0.00096865
0.00096865
0.00096865
0.00096865
0.00096865
0.00096865
0.00096865
0.00096865
0.00096865
0.00096865
0.00096865
0.00096865
0.00096865
0.00096865
0.00096865
0.00096865
0.00096865
0.00096865
0.00096865
0.00096865
0.00096865
0.00096865
0.00096865
0.00096865
0.00096865
0.00096865
0.00096865
0.00096865
0.00029379
0.00029379
0.00029379
0.00029379
0.00029379
0.00029379
0.00029379
0.00029379
0.00029379
0.00029379
0.00029379
0.00029379
0.00029379
0.00029379
0.00029379
0.00029379
0.00029379
0.00029379
0.00029379
0.00029379
0.00029379
0.00029379
0.00029379
0.00029379
0.00029379
0.00029379
0.00029379
0.00029379
0.00029379
0.00029379
0.00029379
0.00029379
0.00029379
0.00029379
0.00029379
0.00000100
0.00000100
0.00000100
0.00000100
0.00000100
0.00000100
0.00000100
0.00000100
0.00000100
0.00000100
0.00000100
0.00000100
0.00000100
0.00000100
0.00000100
0.00000100
0.00000100
0.00000100
0.00000100
0.00000100
0.00000100
0.00000100
0.00000100
0.00000100
0.00000100
0.00000100
0.00000100
0.00000100
0.00000100
0.00000100
0.00000100
0.00000100
0.00000100
0.00000100
0.00000100
0.00138080
0.00138080
0.00138080
0.00138080
0.00138080
0.00138080
0.00138080
0.00138080
0.00138080
0.00138080
0.00138080
0.00138080
0.00138080
0.00138080
0.00138080
0.00138080
0.00138080
0.00138080
0.00138080
0.00138080
0.00138080
0.00138080
0.00138080
0.00138080
0.00138080
0.00138080
0.00138080
0.00138080
0.00138080
0.00138080
0.00138080
0.00138080
0.00138080
0.00138080
0.00138080
0.00083859
0.00083859
0.00083859
0.00083859
0.00083859
0.00083859
0.00083859
0.00083859
0.00083859
0.00083859
0.00083859
0.00083859
0.00083859
0.00083859
0.00083859
0.00083859
0.00083859
0.00083859
0.00083859
0.00083859
0.00083859
0.00083859
0.00083859
0.00083859
0.00083859
0.00083859
0.00083859
0.00083859
0.00083859
0.00083859
0.00083859
0.00083859
0.00083859
0.00083859
0.00083859
