0.29724923
0.29783028
0.29857406
0.29901567
0.29893431
0.29863217
0.29869026
0.29841137
0.29829514
0.29809758
0.29806274
0.29814407
0.29851595
0.29935268
0.29968971
0.29968971
0.29963160
0.29966646
0.29968974
0.29910865
0.29855081
0.29751652
0.29685411
0.29701680
0.29796976
0.29865542
0.29881811
0.29850435
0.29850435
0.29845786
0.29813245
0.29769084
0.29819053
0.29851595
0.29895756
0.14566119
0.14707898
0.14885704
0.14965892
0.14932190
0.14778790
0.14614928
0.14448744
0.14316261
0.14112888
0.13923462
0.13806087
0.13867679
0.14017594
0.14184941
0.14348802
0.14460364
0.14474311
0.14330207
0.14262804
0.14351124
0.14556821
0.14626551
0.14566119
0.14412718
0.14256991
0.14119861
0.14072214
0.14147753
0.14265127
0.14342991
0.14365070
0.14353450
0.14298829
0.14240724
0.08960012
0.08842636
0.08661344
0.08583481
0.08535834
0.08588130
0.08643913
0.08789178
0.08858906
0.08889121
0.08941417
0.09027414
0.09055306
0.08971632
0.08975119
0.09094818
0.09148276
0.09072737
0.08928634
0.08806610
0.08681100
0.08561400
0.08583481
0.08708991
0.08786853
0.08794989
0.08717126
0.08667155
0.08664831
0.08812421
0.08984416
0.08942579
0.08734559
0.08646236
0.08765935
0.00416142
0.00492498
0.00576490
0.00633757
0.00683389
0.00694842
0.00683389
0.00656664
0.00622304
0.00492498
0.00332150
0.00229069
0.00213798
0.00160348
0.00095445
0.00026725
0.00049632
0.00026725
0.00026725
0.00110717
0.00271065
0.00358875
0.00305425
0.00263429
0.00297789
0.00385599
0.00473409
0.00553583
0.00568854
0.00507769
0.00488680
0.00576490
0.00641393
0.00576490
0.00526858
-0.00515405
-0.00626122
-0.00717749
-0.00691024
-0.00614668
-0.00572672
-0.00545947
-0.00503951
-0.00458138
-0.00355057
-0.00229069
-0.00148895
-0.00179437
-0.00175619
-0.00110717
-0.00141259
-0.00305425
-0.00519223
-0.00618486
-0.00652846
-0.00618486
-0.00530676
-0.00461956
-0.00465773
-0.00473409
-0.00458138
-0.00397053
-0.00381781
-0.00362692
-0.00358875
-0.00381781
-0.00469591
-0.00488680
-0.00416142
-0.00347421
-0.00339785
-0.00305425
-0.00251976
-0.00171802
-0.00068721
0.00026725
0.00068721
0.00064903
0.00072538
0.00095445
0.00087810
0.00015271
-0.00057267
-0.00103081
-0.00091628
-0.00045814
0.00026725
0.00122170
0.00148895
0.00041996
-0.00110717
-0.00152713
-0.00045814
0.00087810
0.00148895
0.00156530
0.00110717
0.00045814
-0.00003818
-0.00003818
-0.00011453
-0.00030543
-0.00019089
0.00041996
0.00061085
0.73230684
0.73230684
0.73244196
0.73244196
0.73244196
0.73244196
0.73244196
0.73257697
0.73257697
0.73257697
0.73244196
0.73230684
0.73217177
0.73230684
0.73244196
0.73257697
0.73244196
0.73244196
0.73244196
0.73257697
0.73244196
0.73244196
0.73230684
0.73230684
0.73217177
0.73217177
0.73230684
0.73244196
0.73244196
0.73230684
0.73217177
0.73217177
0.73230684
0.73230684
0.73230684
0.00000000
0.00000000
0.00000000
0.00000000
0.00000000
0.00000000
0.00000000
0.00000000
0.00000000
0.00000000
0.00000000
0.00000000
0.00000000
0.00000000
0.00000000
0.00000000
0.00000000
0.00000000
0.00000000
0.00000000
0.00000000
0.00000000
0.00000000
0.00000000
0.00000000
0.00000000
0.00000000
0.00000000
0.00000000
0.00000000
0.00000000
0.00000000
0.00000000
0.00000000
0.00000000
0.34293216
0.34373584
0.34468359
0.34521845
0.34488374
0.34409016
0.34357998
0.34300283
0.34252524
0.34158626
0.34091431
0.34073466
0.34138376
0.34250596
0.34349740
0.34449136
0.34504840
0.34493771
0.34397888
0.34287664
0.34243864
0.34210515
0.34188238
0.34208307
0.34246096
0.34242725
0.34180132
0.34120306
0.34150940
0.34233370
0.34282222
0.34242129
0.34227037
0.34210110
0.34254870
0.00744493
0.00853151
0.00954461
0.00953246
0.00921716
0.00900818
0.00877383
0.00830293
0.00776153
0.00614597
0.00412924
0.00273634
0.00284933
0.00259190
0.00172521
0.00150888
0.00310583
0.00534071
0.00636717
0.00663498
0.00684295
0.00658581
0.00555685
0.00542264
0.00578761
0.00618933
0.00627714
0.00674025
0.00674652
0.00621800
0.00620239
0.00744170
0.00806571
0.00712235
0.00634045
0.29850334
0.29850334
0.29850334
0.29850334
0.29850334
0.29850334
0.29850334
0.29850334
0.29850334
0.29850334
0.29850334
0.29850334
0.29850334
0.29850334
0.29850334
0.29850334
0.29850334
0.29850334
0.29850334
0.29850334
0.29850334
0.29850334
0.29850334
0.29850334
0.29850334
0.29850334
0.29850334
0.29850334
0.29850334
0.29850334
0.29850334
0.29850334
0.29850334
0.29850334
0.29850334
0.14370914
0.14370914
0.14370914
0.14370914
0.14370914
0.14370914
0.14370914
0.14370914
0.14370914
0.14370914
0.14370914
0.14370914
0.14370914
0.14370914
0.14370914
0.14370914
0.14370914
0.14370914
0.14370914
0.14370914
0.14370914
0.14370914
0.14370914
0.14370914
0.14370914
0.14370914
0.14370914
0.14370914
0.14370914
0.14370914
0.14370914
0.14370914
0.14370914
0.14370914
0.14370914
0.08812188
0.08812188
0.08812188
0.08812188
0.08812188
0.08812188
0.08812188
0.08812188
0.08812188
0.08812188
0.08812188
0.08812188
0.08812188
0.08812188
0.08812188
0.08812188
0.08812188
0.08812188
0.08812188
0.08812188
0.08812188
0.08812188
0.08812188
0.08812188
0.08812188
0.08812188
0.08812188
0.08812188
0.08812188
0.08812188
0.08812188
0.08812188
0.08812188
0.08812188
0.08812188
0.00400543
0.00400543
0.00400543
0.00400543
0.00400543
0.00400543
0.00400543
0.00400543
0.00400543
0.00400543
0.00400543
0.00400543
0.00400543
0.00400543
0.00400543
0.00400543
0.00400543
0.00400543
0.00400543
0.00400543
0.00400543
0.00400543
0.00400543
0.00400543
0.00400543
0.00400543
0.00400543
0.00400543
0.00400543
0.00400543
0.00400543
0.00400543
0.00400543
0.00400543
0.00400543
-0.00436976
-0.00436976
-0.00436976
-0.00436976
-0.00436976
-0.00436976
-0.00436976
-0.00436976
-0.00436976
-0.00436976
-0.00436976
-0.00436976
-0.00436976
-0.00436976
-0.00436976
-0.00436976
-0.00436976
-0.00436976
-0.00436976
-0.00436976
-0.00436976
-0.00436976
-0.00436976
-0.00436976
-0.00436976
-0.00436976
-0.00436976
-0.00436976
-0.00436976
-0.00436976
-0.00436976
-0.00436976
-0.00436976
-0.00436976
-0.00436976
-0.00011126
-0.00011126
-0.00011126
-0.00011126
-0.00011126
-0.00011126
-0.00011126
-0.00011126
-0.00011126
-0.00011126
-0.00011126
-0.00011126
-0.00011126
-0.00011126
-0.00011126
-0.00011126
-0.00011126
-0.00011126
-0.00011126
-0.00011126
-0.00011126
-0.00011126
-0.00011126
-0.00011126
-0.00011126
-0.00011126
-0.00011126
-0.00011126
-0.00011126
-0.00011126
-0.00011126
-0.00011126
-0.00011126
-0.00011126
-0.00011126
0.73238039
0.73238039
0.73238039
0.73238039
0.73238039
0.73238039
0.73238039
0.73238039
0.73238039
0.73238039
0.73238039
0.73238039
0.73238039
0.73238039
0.73238039
0.73238039
0.73238039
0.73238039
0.73238039
0.73238039
0.73238039
0.73238039
0.73238039
0.73238039
0.73238039
0.73238039
0.73238039
0.73238039
0.73238039
0.73238039
0.73238039
0.73238039
0.73238039
0.73238039
0.73238039
0.00000000
0.00000000
0.00000000
0.00000000
0.00000000
0.00000000
0.00000000
0.00000000
0.00000000
0.00000000
0.00000000
0.00000000
0.00000000
0.00000000
0.00000000
0.00000000
0.00000000
0.00000000
0.00000000
0.00000000
0.00000000
0.00000000
0.00000000
0.00000000
0.00000000
0.00000000
0.00000000
0.00000000
0.00000000
0.00000000
0.00000000
0.00000000
0.00000000
0.00000000
0.00000000
0.34282905
0.34282905
0.34282905
0.34282905
0.34282905
0.34282905
0.34282905
0.34282905
0.34282905
0.34282905
0.34282905
0.34282905
0.34282905
0.34282905
0.34282905
0.34282905
0.34282905
0.34282905
0.34282905
0.34282905
0.34282905
0.34282905
0.34282905
0.34282905
0.34282905
0.34282905
0.34282905
0.34282905
0.34282905
0.34282905
0.34282905
0.34282905
0.34282905
0.34282905
0.34282905
0.00625121
0.00625121
0.00625121
0.00625121
0.00625121
0.00625121
0.00625121
0.00625121
0.00625121
0.00625121
0.00625121
0.00625121
0.00625121
0.00625121
0.00625121
0.00625121
0.00625121
0.00625121
0.00625121
0.00625121
0.00625121
0.00625121
0.00625121
0.00625121
0.00625121
0.00625121
0.00625121
0.00625121
0.00625121
0.00625121
0.00625121
0.00625121
0.00625121
0.00625121
0.00625121
0.00072552
0.00072552
0.00072552
0.00072552
0.00072552
0.00072552
0.00072552
0.00072552
0.00072552
0.00072552
0.00072552
0.00072552
0.00072552
0.00072552
0.00072552
0.00072552
0.00072552
0.00072552
0.00072552
0.00072552
0.00072552
0.00072552
0.00072552
0.00072552
0.00072552
0.00072552
0.00072552
0.00072552
0.00072552
0.00072552
0.00072552
0.00072552
0.00072552
0.00072552
0.00072552
0.00279862
0.00279862
0.00279862
0.00279862
0.00279862
0.00279862
0.00279862
0.00279862
0.00279862
0.00279862
0.00279862
0.00279862
0.00279862
0.00279862
0.00279862
0.00279862
0.00279862
0.00279862
0.00279862
0.00279862
0.00279862
0.00279862
0.00279862
0.00279862
0.00279862
0.00279862
0.00279862
0.00279862
0.00279862
0.00279862
0.00279862
0.00279862
0.00279862
0.00279862
0.00279862
0.00168005
0.00168005
0.00168005
0.00168005
0.00168005
0.00168005
0.00168005
0.00168005
0.00168005
0.00168005
0.00168005
0.00168005
0.00168005
0.00168005
0.00168005
0.00168005
0.00168005
0.00168005
0.00168005
0.00168005
0.00168005
0.00168005
0.00168005
0.00168005
0.00168005
0.00168005
0.00168005
0.00168005
0.00168005
0.00168005
0.00168005
0.00168005
0.00168005
0.00168005
0.00168005
0.00212423
0.00212423
0.00212423
0.00212423
0.00212423
0.00212423
0.00212423
0.00212423
0.00212423
0.00212423
0.00212423
0.00212423
0.00212423
0.00212423
0.00212423
0.00212423
0.00212423
0.00212423
0.00212423
0.00212423
0.00212423
0.00212423
0.00212423
0.00212423
0.00212423
0.00212423
0.00212423
0.00212423
0.00212423
0.00212423
0.00212423
0.00212423
0.00212423
0.00212423
0.00212423
0.00159787
0.00159787
0.00159787
0.00159787
0.00159787
0.00159787
0.00159787
0.00159787
0.00159787
0.00159787
0.00159787
0.00159787
0.00159787
0.00159787
0.00159787
0.00159787
0.00159787
0.00159787
0.00159787
0.00159787
0.00159787
0.00159787
0.00159787
0.00159787
0.00159787
0.00159787
0.00159787
0.00159787
0.00159787
0.00159787
0.00159787
0.00159787
0.00159787
0.00159787
0.00159787
0.00120883
0.00120883
0.00120883
0.00120883
0.00120883
0.00120883
0.00120883
0.00120883
0.00120883
0.00120883
0.00120883
0.00120883
0.00120883
0.00120883
0.00120883
0.00120883
0.00120883
0.00120883
0.00120883
0.00120883
0.00120883
0.00120883
0.00120883
0.00120883
0.00120883
0.00120883
0.00120883
0.00120883
0.00120883
0.00120883
0.00120883
0.00120883
0.00120883
0.00120883
0.00120883
0.00012229
0.00012229
0.00012229
0.00012229
0.00012229
0.00012229
0.00012229
0.00012229
0.00012229
0.00012229
0.00012229
0.00012229
0.00012229
0.00012229
0.00012229
0.00012229
0.00012229
0.00012229
0.00012229
0.00012229
0.00012229
0.00012229
0.00012229
0.00012229
0.00012229
0.00012229
0.00012229
0.00012229
0.00012229
0.00012229
0.00012229
0.00012229
0.00012229
0.00012229
0.00012229
0.00000100
0.00000100
0.00000100
0.00000100
0.00000100
0.00000100
0.00000100
0.00000100
0.00000100
0.00000100
0.00000100
0.00000100
0.00000100
0.00000100
0.00000100
0.00000100
0.00000100
0.00000100
0.00000100
0.00000100
0.00000100
0.00000100
0.00000100
0.00000100
0.00000100
0.00000100
0.00000100
0.00000100
0.00000100
0.00000100
0.00000100
0.00000100
0.00000100
0.00000100
0.00000100
0.00121157
0.00121157
0.00121157
0.00121157
0.00121157
0.00121157
0.00121157
0.00121157
0.00121157
0.00121157
0.00121157
0.00121157
0.00121157
0.00121157
0.00121157
0.00121157
0.00121157
0.00121157
0.00121157
0.00121157
0.00121157
0.00121157
0.00121157
0.00121157
0.00121157
0.00121157
0.00121157
0.00121157
0.00121157
0.00121157
0.00121157
0.00121157
0.00121157
0.00121157
0.00121157
0.00214472
0.00214472
0.00214472
0.00214472
0.00214472
0.00214472
0.00214472
0.00214472
0.00214472
0.00214472
0.00214472
0.00214472
0.00214472
0.00214472
0.00214472
0.00214472
0.00214472
0.00214472
0.00214472
0.00214472
0.00214472
0.00214472
0.00214472
0.00214472
0.00214472
0.00214472
0.00214472
0.00214472
0.00214472
0.00214472
0.00214472
0.00214472
0.00214472
0.00214472
0.00214472
