0.13965298
0.13770062
0.12890330
0.11118084
0.10200002
0.11010005
0.12598635
0.13931596
0.14783438
0.16018780
0.17118153
0.17278527
0.16635869
0.15731734
0.15328474
0.15426093
0.15698032
0.15553927
0.15166941
0.14699765
0.14630036
0.14671873
0.14733465
0.14643982
0.14624226
0.14802031
0.14969379
0.14813653
0.14268614
0.13639902
0.13274994
0.12888005
0.13149485
0.13238968
0.13692199
0.06249927
0.05420167
0.04524167
0.04169717
0.04432358
0.04480006
0.05671187
0.07603807
0.09709583
0.09865309
0.08813582
0.08669479
0.09501562
0.10141896
0.09485293
0.08280165
0.07072715
0.06079095
0.05845507
0.06132552
0.06891422
0.07198224
0.07303978
0.07062256
0.07028554
0.07244709
0.07517809
0.07506188
0.07150576
0.06958826
0.06527676
0.05534056
0.04500924
0.04233634
0.05205174
0.31430927
0.31953886
0.32070097
0.32220015
0.30486119
0.29418120
0.28636011
0.30775487
0.32122394
0.31900427
0.30058455
0.28649956
0.28215319
0.28362909
0.28660414
0.29105508
0.29965484
0.30978861
0.31254283
0.30667409
0.29601738
0.28677848
0.27931762
0.27475044
0.27745819
0.28769654
0.30180478
0.31148532
0.31513441
0.31475088
0.31714490
0.32151449
0.32459411
0.32417575
0.31729594
0.00351239
0.00965907
0.02775551
0.05875616
0.08555721
0.09258199
0.07192761
0.04023976
0.01393502
0.00248158
0.00412324
0.00580308
0.00007636
-0.01023174
-0.01649296
-0.01706563
-0.01710381
-0.01469858
-0.00591761
0.00229069
0.00328332
-0.00114534
-0.00286336
-0.00148895
-0.00500134
-0.01454587
-0.02496850
-0.02829000
-0.02252510
-0.01760012
-0.01763830
-0.02027259
-0.01271332
0.00175619
0.01592028
0.00874279
0.01580575
0.01855458
0.00958271
-0.01794372
-0.04405757
-0.06307029
-0.07330202
-0.08299927
-0.08315199
-0.06475012
-0.03470393
-0.00950636
0.00335968
0.00519223
0.00385599
0.00641393
0.00988814
0.00992632
0.00259611
-0.00645211
-0.01065170
-0.00649028
0.00358875
0.01382049
0.02168518
0.02809911
0.03470393
0.03760546
0.03306227
0.02027259
0.00389417
-0.01592028
-0.03542931
-0.05577826
-0.00454320
-0.00335968
-0.00473409
-0.00702478
-0.00397053
-0.00129806
-0.00492498
-0.01416409
-0.01920361
-0.01939449
-0.02202879
-0.02691559
-0.02794640
-0.02225786
-0.01519490
-0.01206429
-0.01187340
-0.01252243
-0.01420227
-0.01660749
-0.01855458
-0.01832551
-0.01576757
-0.01275150
-0.01007903
-0.00782652
-0.00465773
-0.00057267
0.00213798
0.00301607
0.00278700
0.00290154
-0.00095445
-0.00713931
-0.01309510
0.70286334
0.70259321
0.70191783
0.70218801
0.70380872
0.70610482
0.70745546
0.70772558
0.70799565
0.70907617
0.71042675
0.71164232
0.71231765
0.71258783
0.71272284
0.71272284
0.71258783
0.71258783
0.71245271
0.71258783
0.71245271
0.71258783
0.71258783
0.71272284
0.71272284
0.71258783
0.71245271
0.71218264
0.71150732
0.71015668
0.70853597
0.70705026
0.70556450
0.70448411
0.70367372
0.00000000
0.00000000
0.00000000
0.00000000
0.00000000
0.00000000
0.00000000
0.00000000
0.00000000
0.00000000
0.00000000
0.00000000
0.00000000
0.00000000
0.00000000
0.00000000
0.00000000
0.00000000
0.00000000
0.00000000
0.00000000
0.00000000
0.00000000
0.00000000
0.00000000
0.00000000
0.00000000
0.00000000
0.00000000
0.00000000
0.00000000
0.00000000
0.00000000
0.00000000
0.00000000
0.34957036
0.35214254
0.34858570
0.34338430
0.32451338
0.31728795
0.31794798
0.34627128
0.36669800
0.37034616
0.35696235
0.34561935
0.34104779
0.33982351
0.33857822
0.33965513
0.34559828
0.35193321
0.35228345
0.34556928
0.33731180
0.33007532
0.32413059
0.31924906
0.32141858
0.33155376
0.34517547
0.35298985
0.35324511
0.35002190
0.34994927
0.35077658
0.35309780
0.35271704
0.34947637
0.01046011
0.01882569
0.03372020
0.05994549
0.08750873
0.10253868
0.09578986
0.08481183
0.08632406
0.08541989
0.06851895
0.04429997
0.02951911
0.02472626
0.02301873
0.02125210
0.02178661
0.02169412
0.01830995
0.01696454
0.01991688
0.02122721
0.01728985
0.01333029
0.01782150
0.02725957
0.03787718
0.04477739
0.04388761
0.03757625
0.02701583
0.02084614
0.02039595
0.03618411
0.05946555
0.14313273
0.14313273
0.14313273
0.14313273
0.14313273
0.14313273
0.14313273
0.14313273
0.14313273
0.14313273
0.14313273
0.14313273
0.14313273
0.14313273
0.14313273
0.14313273
0.14313273
0.14313273
0.14313273
0.14313273
0.14313273
0.14313273
0.14313273
0.14313273
0.14313273
0.14313273
0.14313273
0.14313273
0.14313273
0.14313273
0.14313273
0.14313273
0.14313273
0.14313273
0.14313273
0.06857487
0.06857487
0.06857487
0.06857487
0.06857487
0.06857487
0.06857487
0.06857487
0.06857487
0.06857487
0.06857487
0.06857487
0.06857487
0.06857487
0.06857487
0.06857487
0.06857487
0.06857487
0.06857487
0.06857487
0.06857487
0.06857487
0.06857487
0.06857487
0.06857487
0.06857487
0.06857487
0.06857487
0.06857487
0.06857487
0.06857487
0.06857487
0.06857487
0.06857487
0.06857487
0.30340686
0.30340686
0.30340686
0.30340686
0.30340686
0.30340686
0.30340686
0.30340686
0.30340686
0.30340686
0.30340686
0.30340686
0.30340686
0.30340686
0.30340686
0.30340686
0.30340686
0.30340686
0.30340686
0.30340686
0.30340686
0.30340686
0.30340686
0.30340686
0.30340686
0.30340686
0.30340686
0.30340686
0.30340686
0.30340686
0.30340686
0.30340686
0.30340686
0.30340686
0.30340686
0.00540275
0.00540275
0.00540275
0.00540275
0.00540275
0.00540275
0.00540275
0.00540275
0.00540275
0.00540275
0.00540275
0.00540275
0.00540275
0.00540275
0.00540275
0.00540275
0.00540275
0.00540275
0.00540275
0.00540275
0.00540275
0.00540275
0.00540275
0.00540275
0.00540275
0.00540275
0.00540275
0.00540275
0.00540275
0.00540275
0.00540275
0.00540275
0.00540275
0.00540275
0.00540275
-0.00895877
-0.00895877
-0.00895877
-0.00895877
-0.00895877
-0.00895877
-0.00895877
-0.00895877
-0.00895877
-0.00895877
-0.00895877
-0.00895877
-0.00895877
-0.00895877
-0.00895877
-0.00895877
-0.00895877
-0.00895877
-0.00895877
-0.00895877
-0.00895877
-0.00895877
-0.00895877
-0.00895877
-0.00895877
-0.00895877
-0.00895877
-0.00895877
-0.00895877
-0.00895877
-0.00895877
-0.00895877
-0.00895877
-0.00895877
-0.00895877
-0.01037464
-0.01037464
-0.01037464
-0.01037464
-0.01037464
-0.01037464
-0.01037464
-0.01037464
-0.01037464
-0.01037464
-0.01037464
-0.01037464
-0.01037464
-0.01037464
-0.01037464
-0.01037464
-0.01037464
-0.01037464
-0.01037464
-0.01037464
-0.01037464
-0.01037464
-0.01037464
-0.01037464
-0.01037464
-0.01037464
-0.01037464
-0.01037464
-0.01037464
-0.01037464
-0.01037464
-0.01037464
-0.01037464
-0.01037464
-0.01037464
0.70930392
0.70930392
0.70930392
0.70930392
0.70930392
0.70930392
0.70930392
0.70930392
0.70930392
0.70930392
0.70930392
0.70930392
0.70930392
0.70930392
0.70930392
0.70930392
0.70930392
0.70930392
0.70930392
0.70930392
0.70930392
0.70930392
0.70930392
0.70930392
0.70930392
0.70930392
0.70930392
0.70930392
0.70930392
0.70930392
0.70930392
0.70930392
0.70930392
0.70930392
0.70930392
0.00000000
0.00000000
0.00000000
0.00000000
0.00000000
0.00000000
0.00000000
0.00000000
0.00000000
0.00000000
0.00000000
0.00000000
0.00000000
0.00000000
0.00000000
0.00000000
0.00000000
0.00000000
0.00000000
0.00000000
0.00000000
0.00000000
0.00000000
0.00000000
0.00000000
0.00000000
0.00000000
0.00000000
0.00000000
0.00000000
0.00000000
0.00000000
0.00000000
0.00000000
0.00000000
0.34328592
0.34328592
0.34328592
0.34328592
0.34328592
0.34328592
0.34328592
0.34328592
0.34328592
0.34328592
0.34328592
0.34328592
0.34328592
0.34328592
0.34328592
0.34328592
0.34328592
0.34328592
0.34328592
0.34328592
0.34328592
0.34328592
0.34328592
0.34328592
0.34328592
0.34328592
0.34328592
0.34328592
0.34328592
0.34328592
0.34328592
0.34328592
0.34328592
0.34328592
0.34328592
0.04000875
0.04000875
0.04000875
0.04000875
0.04000875
0.04000875
0.04000875
0.04000875
0.04000875
0.04000875
0.04000875
0.04000875
0.04000875
0.04000875
0.04000875
0.04000875
0.04000875
0.04000875
0.04000875
0.04000875
0.04000875
0.04000875
0.04000875
0.04000875
0.04000875
0.04000875
0.04000875
0.04000875
0.04000875
0.04000875
0.04000875
0.04000875
0.04000875
0.04000875
0.04000875
0.01561658
0.01561658
0.01561658
0.01561658
0.01561658
0.01561658
0.01561658
0.01561658
0.01561658
0.01561658
0.01561658
0.01561658
0.01561658
0.01561658
0.01561658
0.01561658
0.01561658
0.01561658
0.01561658
0.01561658
0.01561658
0.01561658
0.01561658
0.01561658
0.01561658
0.01561658
0.01561658
0.01561658
0.01561658
0.01561658
0.01561658
0.01561658
0.01561658
0.01561658
0.01561658
0.01693022
0.01693022
0.01693022
0.01693022
0.01693022
0.01693022
0.01693022
0.01693022
0.01693022
0.01693022
0.01693022
0.01693022
0.01693022
0.01693022
0.01693022
0.01693022
0.01693022
0.01693022
0.01693022
0.01693022
0.01693022
0.01693022
0.01693022
0.01693022
0.01693022
0.01693022
0.01693022
0.01693022
0.01693022
0.01693022
0.01693022
0.01693022
0.01693022
0.01693022
0.01693022
0.01538639
0.01538639
0.01538639
0.01538639
0.01538639
0.01538639
0.01538639
0.01538639
0.01538639
0.01538639
0.01538639
0.01538639
0.01538639
0.01538639
0.01538639
0.01538639
0.01538639
0.01538639
0.01538639
0.01538639
0.01538639
0.01538639
0.01538639
0.01538639
0.01538639
0.01538639
0.01538639
0.01538639
0.01538639
0.01538639
0.01538639
0.01538639
0.01538639
0.01538639
0.01538639
0.02980844
0.02980844
0.02980844
0.02980844
0.02980844
0.02980844
0.02980844
0.02980844
0.02980844
0.02980844
0.02980844
0.02980844
0.02980844
0.02980844
0.02980844
0.02980844
0.02980844
0.02980844
0.02980844
0.02980844
0.02980844
0.02980844
0.02980844
0.02980844
0.02980844
0.02980844
0.02980844
0.02980844
0.02980844
0.02980844
0.02980844
0.02980844
0.02980844
0.02980844
0.02980844
0.03362555
0.03362555
0.03362555
0.03362555
0.03362555
0.03362555
0.03362555
0.03362555
0.03362555
0.03362555
0.03362555
0.03362555
0.03362555
0.03362555
0.03362555
0.03362555
0.03362555
0.03362555
0.03362555
0.03362555
0.03362555
0.03362555
0.03362555
0.03362555
0.03362555
0.03362555
0.03362555
0.03362555
0.03362555
0.03362555
0.03362555
0.03362555
0.03362555
0.03362555
0.03362555
0.00843638
0.00843638
0.00843638
0.00843638
0.00843638
0.00843638
0.00843638
0.00843638
0.00843638
0.00843638
0.00843638
0.00843638
0.00843638
0.00843638
0.00843638
0.00843638
0.00843638
0.00843638
0.00843638
0.00843638
0.00843638
0.00843638
0.00843638
0.00843638
0.00843638
0.00843638
0.00843638
0.00843638
0.00843638
0.00843638
0.00843638
0.00843638
0.00843638
0.00843638
0.00843638
0.00376472
0.00376472
0.00376472
0.00376472
0.00376472
0.00376472
0.00376472
0.00376472
0.00376472
0.00376472
0.00376472
0.00376472
0.00376472
0.00376472
0.00376472
0.00376472
0.00376472
0.00376472
0.00376472
0.00376472
0.00376472
0.00376472
0.00376472
0.00376472
0.00376472
0.00376472
0.00376472
0.00376472
0.00376472
0.00376472
0.00376472
0.00376472
0.00376472
0.00376472
0.00376472
0.00000100
0.00000100
0.00000100
0.00000100
0.00000100
0.00000100
0.00000100
0.00000100
0.00000100
0.00000100
0.00000100
0.00000100
0.00000100
0.00000100
0.00000100
0.00000100
0.00000100
0.00000100
0.00000100
0.00000100
0.00000100
0.00000100
0.00000100
0.00000100
0.00000100
0.00000100
0.00000100
0.00000100
0.00000100
0.00000100
0.00000100
0.00000100
0.00000100
0.00000100
0.00000100
0.01293262
0.01293262
0.01293262
0.01293262
0.01293262
0.01293262
0.01293262
0.01293262
0.01293262
0.01293262
0.01293262
0.01293262
0.01293262
0.01293262
0.01293262
0.01293262
0.01293262
0.01293262
0.01293262
0.01293262
0.01293262
0.01293262
0.01293262
0.01293262
0.01293262
0.01293262
0.01293262
0.01293262
0.01293262
0.01293262
0.01293262
0.01293262
0.01293262
0.01293262
0.01293262
0.02658525
0.02658525
0.02658525
0.02658525
0.02658525
0.02658525
0.02658525
0.02658525
0.02658525
0.02658525
0.02658525
0.02658525
0.02658525
0.02658525
0.02658525
0.02658525
0.02658525
0.02658525
0.02658525
0.02658525
0.02658525
0.02658525
0.02658525
0.02658525
0.02658525
0.02658525
0.02658525
0.02658525
0.02658525
0.02658525
0.02658525
0.02658525
0.02658525
0.02658525
0.02658525
