2139363,1.290,9.776,-1.257,0.010,-0.045,0.015,2538,0
2139383,1.350,9.644,-1.245,0.001,-0.041,0.021,2537,0
2139403,1.384,9.565,-1.276,0.017,-0.037,0.013,2539,0
2139424,1.338,9.515,-1.264,0.032,-0.041,0.021,2537,0
2139443,1.336,9.615,-1.257,0.053,-0.071,0.034,2538,0
2139464,1.358,9.637,-1.298,0.059,-0.072,0.015,2538,0
2139484,1.302,9.615,-1.432,0.049,-0.065,0.013,2538,0
2139503,1.279,9.706,-1.372,0.060,-0.046,0.007,2537,0
2139523,1.250,9.618,-1.358,0.033,-0.025,0.021,2538,0
2139543,1.259,9.608,-1.288,0.056,-0.034,0.028,2538,0
2139563,1.367,9.608,-1.199,0.048,-0.040,0.010,2536,0
2139583,1.305,9.534,-1.231,0.041,-0.043,-0.003,2538,0
2139604,1.305,9.584,-1.262,0.050,-0.062,0.012,2538,0
2139623,1.343,9.653,-1.274,0.062,-0.065,0.005,2539,0
2139643,1.346,9.577,-1.346,0.041,-0.072,0.007,2539,0
2139663,1.358,9.613,-1.381,0.048,-0.078,0.010,2539,0
2139684,1.381,9.584,-1.396,0.042,-0.074,0.011,2539,0
2139703,1.372,9.527,-1.415,0.065,-0.067,0.004,2538,0
2139723,1.369,9.649,-1.398,0.078,-0.063,-0.012,2537,0
2139743,1.348,9.730,-1.422,0.079,-0.061,-0.020,2538,0
2139763,1.360,9.735,-1.410,0.067,-0.059,0.002,2537,0
2139783,1.413,9.665,-1.415,0.069,-0.050,0.013,2540,0
2139804,1.451,9.634,-1.336,0.060,-0.037,0.015,2537,0
2139824,1.403,9.665,-1.350,0.061,-0.034,0.009,2539,0
2139844,1.417,9.637,-1.338,0.054,-0.031,-0.007,2539,0
2139864,1.384,9.641,-1.355,0.040,-0.033,-0.014,2539,0
2139883,1.405,9.680,-1.403,0.041,-0.022,-0.011,2539,0
2139904,1.413,9.740,-1.381,0.051,-0.001,-0.005,2539,0
2139923,1.393,9.732,-1.386,0.032,0.011,-0.009,2537,0
2139943,1.401,9.689,-1.305,0.003,0.005,-0.010,2538,0
2139963,1.393,9.668,-1.319,-0.002,0.002,-0.006,2538,0
2139984,1.365,9.752,-1.305,0.023,-0.002,0.006,2537,0
2140003,1.355,9.749,-1.334,0.044,0.001,0.020,2540,0
2140023,1.348,9.720,-1.362,0.044,-0.011,0.035,2538,0
2140043,1.381,9.646,-1.336,0.026,-0.014,0.033,2538,0
2140063,1.427,9.543,-1.243,0.013,-0.024,0.028,2538,0
2140084,1.434,9.483,-1.235,0.036,-0.023,0.027,2539,0
2140104,1.355,9.567,-1.334,0.068,-0.010,0.028,2540,0
2140123,1.312,9.634,-1.326,0.074,-0.011,0.027,2539,0
2140143,1.326,9.577,-1.295,0.040,-0.020,0.019,2537,0
2140163,1.367,9.519,-1.221,0.022,-0.015,0.000,2540,0
2140183,1.317,9.486,-1.262,0.029,-0.003,-0.012,2540,0
2140203,1.223,9.606,-1.302,0.058,0.002,-0.017,2539,0
2140223,1.211,9.692,-1.367,0.054,-0.009,-0.006,2538,0
2140243,1.274,9.632,-1.252,0.037,-0.009,0.005,2540,0
2140264,1.346,9.515,-1.279,0.022,-0.004,0.000,2539,0
2140284,1.362,9.519,-1.214,0.023,-0.009,-0.025,2540,0
2140303,1.350,9.565,-1.219,0.021,-0.035,-0.033,2540,0
2140323,1.324,9.629,-1.171,0.047,-0.057,-0.031,2540,0
2140343,1.365,9.704,-1.211,0.067,-0.082,-0.019,2540,0
2140363,1.365,9.723,-1.188,0.073,-0.094,-0.001,2541,0
2140383,1.310,9.704,-1.281,0.064,-0.105,0.009,2538,0
2140403,1.362,9.718,-1.269,0.061,-0.119,0.007,2540,0
2140423,1.369,9.730,-1.298,0.051,-0.127,-0.001,2541,0
2140443,1.451,9.689,-1.319,0.058,-0.132,0.001,2541,0
2140464,1.530,9.646,-1.331,0.059,-0.122,0.015,2539,0
2140483,1.556,9.596,-1.432,0.046,-0.098,0.003,2539,0
2140504,1.535,9.608,-1.391,0.006,-0.089,-0.010,2540,0
2140523,1.530,9.598,-1.379,-0.014,-0.072,-0.025,2539,0
2140543,1.484,9.649,-1.374,-0.011,-0.052,-0.025,2541,0
2140563,1.429,9.711,-1.417,0.021,-0.039,-0.012,2540,0
2140583,1.432,9.778,-1.401,0.044,-0.037,-0.002,2539,0
2140603,1.446,9.706,-1.372,0.023,-0.043,0.002,2541,0
2140623,1.429,9.649,-1.338,0.018,-0.042,0.008,2541,0
2140643,1.403,9.728,-1.314,0.018,-0.031,0.021,2541,0
2140663,1.355,9.809,-1.341,0.030,-0.037,0.030,2541,0
2140683,1.369,9.730,-1.384,0.020,-0.059,0.043,2540,0
2140703,1.456,9.646,-1.365,0.040,-0.074,0.047,2540,0
2140723,1.482,9.618,-1.334,0.047,-0.067,0.046,2541,0
2140743,1.458,9.577,-1.365,0.041,-0.065,0.055,2541,0
2140763,1.460,9.601,-1.422,0.046,-0.059,0.052,2541,0
2140783,1.429,9.570,-1.441,0.041,-0.047,0.042,2541,0
2140804,1.456,9.467,-1.391,0.045,-0.042,0.045,2541,0
2140823,1.429,9.407,-1.310,0.029,-0.028,0.028,2541,0
2140843,1.391,9.505,-1.286,0.038,-0.031,0.008,2540,0
2140863,1.444,9.479,-1.228,0.041,-0.025,-0.005,2542,0
2140883,1.444,9.445,-1.252,0.061,-0.028,-0.017,2542,0
2140903,1.496,9.433,-1.154,0.043,-0.031,-0.023,2540,0
2140924,1.463,9.464,-1.238,0.046,-0.030,-0.043,2540,0
2140943,1.422,9.512,-1.295,0.020,-0.026,-0.048,2540,0
2140963,1.348,9.517,-1.312,0.041,-0.027,-0.052,2538,0
2140984,1.288,9.625,-1.336,0.066,-0.032,-0.055,2542,0
2141004,1.305,9.732,-1.358,0.093,-0.048,-0.047,2539,0
2141023,1.348,9.752,-1.353,0.093,-0.054,-0.029,2540,0
2141043,1.393,9.768,-1.386,0.088,-0.052,-0.014,2541,0
2141063,1.448,9.766,-1.360,0.078,-0.050,-0.009,2540,0
2141084,1.458,9.665,-1.362,0.061,-0.049,-0.008,2541,0
2141104,1.446,9.625,-1.326,0.064,-0.054,-0.005,2541,0
2141123,1.403,9.668,-1.329,0.067,-0.050,-0.014,2541,0
2141143,1.358,9.730,-1.355,0.066,-0.058,-0.008,2540,0
2141163,1.391,9.747,-1.341,0.061,-0.060,0.009,2541,0
2141183,1.429,9.749,-1.346,0.068,-0.056,0.015,2541,0
2141203,1.444,9.682,-1.326,0.058,-0.053,0.014,2540,0
2141223,1.396,9.663,-1.410,0.050,-0.052,0.011,2541,0
2141243,1.420,9.673,-1.386,0.039,-0.052,0.011,2542,0
2141263,1.425,9.639,-1.405,0.039,-0.037,0.011,2542,0
2141284,1.415,9.608,-1.403,0.033,-0.022,0.005,2541,0
2141303,1.444,9.653,-1.353,0.013,-0.021,-0.003,2541,0
2141323,1.437,9.622,-1.283,-0.006,-0.020,-0.007,2542,0
2141343,1.444,9.629,-1.250,0.008,-0.022,-0.014,2541,0
2141363,1.401,9.670,-1.255,0.021,-0.027,-0.004,2542,0
2141383,1.396,9.658,-1.286,0.036,-0.049,0.020,2541,0
2141403,1.391,9.639,-1.362,0.022,-0.067,0.022,2541,0
2141423,1.448,9.603,-1.465,0.022,-0.079,0.008,2540,0
2141444,1.458,9.598,-1.506,0.042,-0.061,0.011,2540,0
2141463,1.444,9.562,-1.511,0.054,-0.028,0.010,2542,0
2141484,1.420,9.550,-1.384,0.046,-0.011,0.004,2541,0
2141503,1.444,9.538,-1.300,0.037,-0.014,-0.001,2541,0
2141523,1.403,9.546,-1.207,0.024,-0.021,-0.010,2542,0
2141543,1.389,9.603,-1.329,0.044,-0.046,-0.001,2542,0
2141564,1.377,9.625,-1.317,0.059,-0.049,0.015,2542,0
2141583,1.348,9.639,-1.501,0.084,-0.049,0.014,2542,0
2141603,1.417,9.610,-1.477,0.057,-0.042,0.004,2542,0
2141624,1.472,9.615,-1.420,0.046,-0.034,-0.006,2541,0
2141644,1.470,9.553,-1.369,0.021,-0.014,-0.014,2542,0
2141663,1.365,9.613,-1.432,0.062,-0.023,-0.011,2542,0
2141684,1.372,9.694,-1.362,0.060,-0.030,0.007,2542,0
2141703,1.381,9.711,-1.365,0.091,-0.041,0.014,2542,0
2141723,1.456,9.663,-1.336,0.060,-0.032,0.002,2544,0
2141743,1.487,9.610,-1.336,0.052,-0.032,-0.003,2543,0
2141764,1.470,9.632,-1.290,0.043,-0.023,-0.008,2541,0
2141783,1.456,9.658,-1.283,0.055,-0.039,-0.004,2542,0
2141803,1.465,9.708,-1.298,0.041,-0.045,0.001,2543,0
2141824,1.458,9.747,-1.355,0.040,-0.042,0.001,2542,0
2141843,1.417,9.811,-1.391,0.015,-0.036,0.007,2543,0
2141863,1.393,9.792,-1.353,0.004,-0.038,0.014,2543,0
2141883,1.439,9.653,-1.331,-0.007,-0.047,0.029,2542,0
2141903,1.465,9.527,-1.341,-0.017,-0.062,0.035,2543,0
2141923,1.516,9.495,-1.360,-0.013,-0.064,0.034,2543,0
2141943,1.513,9.565,-1.389,0.031,-0.035,0.019,2543,0
2141963,1.441,9.632,-1.377,0.045,-0.020,0.019,2542,0
2141984,1.417,9.601,-1.379,0.017,-0.030,0.015,2543,0
2142003,1.456,9.515,-1.372,0.002,-0.045,-0.004,2542,0
2142024,1.468,9.507,-1.386,0.031,-0.042,-0.013,2542,0
2142043,1.456,9.567,-1.377,0.079,-0.030,-0.002,2542,0
2142063,1.386,9.706,-1.413,0.102,-0.026,0.006,2542,0
2142083,1.405,9.704,-1.432,0.070,-0.032,0.013,2542,0
2142103,1.458,9.603,-1.401,0.036,-0.041,0.023,2543,0
2142123,1.504,9.522,-1.353,0.041,-0.032,0.013,2542,0
2142144,1.463,9.543,-1.305,0.052,-0.027,0.002,2542,0
2142163,1.377,9.601,-1.341,0.068,-0.024,-0.007,2542,0
2142183,1.422,9.685,-1.314,0.068,-0.034,-0.005,2543,0
2142204,1.463,9.625,-1.334,0.044,-0.035,0.003,2544,0
2142223,1.499,9.572,-1.358,0.054,-0.039,0.002,2542,0
2142243,1.525,9.517,-1.283,0.054,-0.036,0.003,2543,0
2142264,1.492,9.529,-1.322,0.064,-0.033,-0.006,2543,0
2142283,1.487,9.629,-1.288,0.050,-0.045,-0.010,2543,0
2142304,1.475,9.641,-1.346,0.042,-0.057,-0.007,2543,0
2142324,1.482,9.625,-1.377,0.042,-0.063,-0.001,2543,0
2142344,1.499,9.570,-1.396,0.059,-0.055,0.005,2543,0
2142363,1.484,9.577,-1.470,0.069,-0.041,0.002,2543,0
2142383,1.506,9.641,-1.408,0.064,-0.032,-0.007,2542,0
2142403,1.504,9.641,-1.410,0.043,-0.030,-0.014,2543,0
2142423,1.549,9.634,-1.326,0.032,-0.036,-0.010,2543,0
2142444,1.566,9.658,-1.298,0.041,-0.026,-0.003,2543,0
2142463,1.549,9.673,-1.314,0.042,-0.023,0.014,2542,0
2142483,1.542,9.737,-1.305,0.046,-0.032,0.005,2543,0
2142503,1.573,9.661,-1.302,0.018,-0.038,0.007,2543,0
2142523,1.561,9.625,-1.372,0.033,-0.032,0.012,2543,0
2142544,1.592,9.603,-1.374,0.024,-0.026,0.021,2543,0
2142563,1.590,9.550,-1.389,0.015,-0.024,0.008,2543,0
2142584,1.537,9.550,-1.413,-0.001,-0.014,-0.008,2542,0
2142603,1.525,9.620,-1.405,0.027,-0.018,-0.006,2544,0
2142623,1.504,9.651,-1.429,0.019,-0.010,-0.004,2543,0
2142644,1.480,9.656,-1.415,0.040,-0.021,0.005,2543,0
2142663,1.508,9.596,-1.475,0.036,-0.011,0.020,2544,0
2142683,1.451,9.641,-1.439,0.054,-0.009,0.026,2543,0
2142703,1.381,9.639,-1.403,0.039,-0.011,0.023,2541,0
2142723,1.384,9.548,-1.427,0.044,-0.030,0.029,2543,0
2142743,1.441,9.522,-1.389,0.073,-0.033,0.030,2543,0
2142763,1.482,9.524,-1.468,0.082,-0.023,0.015,2543,0
2142784,1.573,9.464,-1.429,0.081,-0.017,0.011,2543,0
2142803,1.528,9.567,-1.343,0.059,0.002,-0.019,2543,0
2142823,1.441,9.546,-1.317,0.021,-0.001,-0.027,2543,0
2142844,1.468,9.625,-1.334,0.039,-0.025,-0.006,2542,0
2142863,1.472,9.610,-1.274,0.061,-0.028,-0.002,2543,0
2142883,1.496,9.517,-1.384,0.085,-0.043,-0.003,2544,0
2142904,1.537,9.579,-1.381,0.076,-0.043,-0.015,2543,0
2142923,1.547,9.546,-1.413,0.049,-0.038,-0.022,2543,0
2142943,1.489,9.524,-1.425,0.033,-0.025,-0.034,2543,0
2142963,1.460,9.531,-1.348,0.046,-0.023,-0.035,2543,0
2142983,1.451,9.685,-1.326,0.071,-0.033,-0.027,2543,0
2143003,1.475,9.718,-1.360,0.074,-0.058,-0.021,2543,0
2143023,1.566,9.680,-1.348,0.060,-0.069,-0.021,2544,0
2143043,1.592,9.610,-1.386,0.058,-0.059,-0.018,2543,0
2143064,1.556,9.675,-1.460,0.067,-0.037,-0.017,2543,0
2143083,1.506,9.737,-1.427,0.058,-0.023,-0.018,2544,0
2143103,1.444,9.680,-1.365,0.021,-0.019,-0.014,2543,0
2143123,1.508,9.644,-1.255,0.003,-0.030,-0.011,2543,0
2143144,1.451,9.613,-1.307,-0.001,-0.033,-0.021,2543,0
2143163,1.463,9.694,-1.415,0.053,-0.051,-0.027,2544,0
2143183,1.499,9.737,-1.518,0.054,-0.034,-0.015,2544,0
2143203,1.535,9.697,-1.384,0.052,-0.030,0.001,2544,0
2143224,1.549,9.653,-1.324,0.007,-0.032,0.008,2543,0
2143243,1.458,9.615,-1.401,-0.019,-0.029,0.003,2543,0
2143263,1.444,9.634,-1.396,0.009,-0.054,0.013,2544,0
2143283,1.453,9.653,-1.415,0.047,-0.049,0.013,2543,0
2143303,1.463,9.577,-1.453,0.068,-0.045,0.021,2543,0
2143323,1.492,9.522,-1.341,0.047,-0.043,0.017,2543,0
2143344,1.501,9.464,-1.243,-0.001,-0.055,0.002,2543,0
2143363,1.417,9.491,-1.276,0.006,-0.055,-0.017,2542,0
2143384,1.350,9.680,-1.365,0.065,-0.056,-0.026,2543,0
2143403,1.374,9.675,-1.463,0.072,-0.076,0.014,2543,0
2143424,1.468,9.565,-1.472,0.060,-0.080,0.033,2543,0
2143443,1.568,9.471,-1.389,0.033,-0.066,0.008,2544,0
2143463,1.504,9.534,-1.398,0.023,-0.051,-0.012,2542,0
2143483,1.472,9.632,-1.432,0.037,-0.053,-0.022,2543,0
2143503,1.441,9.677,-1.441,0.043,-0.058,-0.019,2543,0
2143524,1.384,9.747,-1.477,0.057,-0.062,-0.007,2543,0
2143543,1.398,9.878,-1.542,0.052,-0.060,0.009,2544,0
2143563,1.472,9.754,-1.575,0.023,-0.044,0.026,2542,0
2143583,1.542,9.603,-1.437,0.011,-0.033,0.033,2543,0
2143603,1.556,9.534,-1.338,0.016,-0.013,0.016,2543,0
2143623,1.516,9.529,-1.279,0.024,-0.018,0.003,2542,0
2143643,1.484,9.579,-1.317,0.033,-0.030,0.001,2543,0
2143664,1.475,9.586,-1.324,0.032,-0.034,0.009,2543,0
2143683,1.482,9.613,-1.346,0.041,-0.031,0.008,2543,0
2143703,1.556,9.507,-1.353,0.010,-0.035,0.001,2545,0
2143723,1.513,9.486,-1.386,0.019,-0.041,-0.020,2542,0
2143743,1.494,9.562,-1.448,0.038,-0.045,-0.028,2543,0
2143764,1.530,9.629,-1.465,0.066,-0.041,-0.017,2543,0
2143784,1.571,9.622,-1.439,0.074,-0.021,-0.008,2543,0
2143803,1.597,9.644,-1.403,0.062,-0.007,-0.014,2542,0
2143824,1.532,9.677,-1.348,0.038,-0.009,-0.016,2543,0
2143843,1.516,9.677,-1.326,0.028,-0.019,-0.013,2544,0
2143863,1.523,9.656,-1.334,0.042,-0.028,-0.002,2543,0
2143883,1.520,9.658,-1.386,0.070,-0.027,0.002,2543,0
2143904,1.532,9.673,-1.389,0.070,-0.030,0.005,2543,0
2143923,1.520,9.685,-1.384,0.049,-0.023,0.001,2543,0
2143944,1.525,9.639,-1.405,0.019,-0.024,0.010,2542,0
2143963,1.549,9.656,-1.350,0.018,-0.023,0.009,2543,0
2143984,1.547,9.620,-1.341,0.010,-0.025,0.009,2543,0
2144003,1.561,9.594,-1.343,0.030,-0.023,0.002,2544,0
2144023,1.556,9.579,-1.374,0.029,-0.023,0.002,2543,0
2144043,1.513,9.574,-1.377,0.027,-0.019,-0.001,2543,0
2144063,1.496,9.591,-1.372,0.016,-0.022,0.001,2543,0
2144083,1.444,9.651,-1.386,0.022,-0.015,0.002,2543,0
2144104,1.427,9.661,-1.413,0.044,-0.019,0.014,2543,0
2144123,1.468,9.594,-1.360,0.051,-0.025,0.019,2543,0
2144143,1.475,9.529,-1.329,0.050,-0.028,0.015,2542,0
2144163,1.494,9.519,-1.314,0.050,-0.022,0.008,2542,0
2144184,1.477,9.546,-1.338,0.049,-0.016,0.003,2543,0
2144203,1.484,9.562,-1.324,0.044,-0.019,-0.010,2543,0
2144223,1.477,9.572,-1.355,0.047,-0.026,-0.013,2542,0
2144243,1.494,9.596,-1.334,0.059,-0.030,-0.009,2542,0
2144264,1.520,9.553,-1.312,0.043,-0.029,-0.010,2543,0
2144283,1.496,9.579,-1.355,0.038,-0.027,-0.010,2542,0
2144303,1.487,9.716,-1.381,0.058,-0.020,-0.026,2543,0
2144323,1.492,9.720,-1.403,0.051,-0.026,-0.016,2541,0
2144344,1.530,9.670,-1.314,0.053,-0.031,-0.009,2543,0
2144363,1.528,9.596,-1.257,0.042,-0.034,-0.004,2542,0
2144384,1.504,9.637,-1.262,0.047,-0.041,0.007,2542,0
2144403,1.408,9.653,-1.348,0.043,-0.047,0.013,2543,0
2144423,1.441,9.603,-1.403,0.059,-0.055,0.014,2543,0
2144443,1.496,9.584,-1.432,0.063,-0.048,0.000,2543,0
2144463,1.504,9.601,-1.389,0.058,-0.027,-0.011,2543,0
2144484,1.484,9.656,-1.293,0.036,-0.022,-0.008,2543,0
2144503,1.489,9.637,-1.223,0.007,-0.039,-0.001,2543,0
2144523,1.511,9.574,-1.243,0.013,-0.061,-0.000,2543,0
2144543,1.504,9.512,-1.324,0.043,-0.066,-0.003,2543,0
2144563,1.508,9.546,-1.386,0.067,-0.069,0.002,2543,0
2144584,1.482,9.555,-1.360,0.064,-0.058,-0.007,2544,0
2144603,1.456,9.507,-1.334,0.041,-0.057,-0.018,2542,0
2144623,1.410,9.512,-1.250,0.031,-0.079,-0.013,2543,0
2144643,1.504,9.529,-1.051,0.061,-0.116,0.018,2545,0
2144664,1.499,9.419,-0.620,0.058,-0.210,0.079,2546,0
2144683,2.133,9.469,-0.627,0.133,-0.313,0.097,2543,0
2144703,2.969,8.715,-0.730,0.058,-0.394,0.012,2580,0
2144723,3.242,8.550,-1.267,-0.005,-0.400,-0.178,2622,0
2144744,4.187,8.746,-0.182,-0.115,-0.612,-0.317,2703,0
2144763,4.882,8.732,-1.240,-0.106,-0.595,-0.487,2800,0
2144784,4.374,9.448,-2.160,0.462,-0.290,-0.904,2883,0
2144803,3.431,10.977,-4.245,0.730,-0.095,-1.144,2942,0
2144824,1.810,12.804,-6.440,0.740,-0.015,-0.906,2978,0
2144843,1.511,13.391,-5.624,0.317,-0.112,-0.332,3024,0
2144863,0.582,12.131,-7.008,-0.099,0.005,-0.002,3062,0
2144883,-0.309,10.654,-8.061,-0.179,0.615,0.025,3096,0
2144904,-1.171,9.876,-8.863,0.188,1.471,0.027,3108,0
2144923,-1.523,9.816,-7.278,0.425,1.867,0.080,3127,0
2144943,-3.031,9.577,-6.239,0.373,2.114,0.247,3144,0
2144963,-2.811,7.697,-5.131,0.054,2.341,0.305,3156,0
2144984,-2.231,7.726,-3.675,0.230,2.777,-0.025,3159,0
2145004,-3.644,8.021,-1.446,0.337,2.890,-0.138,3158,0
2145023,-3.618,8.071,-0.256,0.319,2.745,-0.128,3156,0
2145043,-4.029,8.262,0.527,0.291,2.461,-0.037,3155,0
2145063,-3.735,7.412,1.372,0.196,2.235,-0.065,3151,0
2145084,-2.490,8.305,2.521,0.346,2.054,-0.231,3147,0
2145103,-3.481,8.938,3.405,0.371,1.722,-0.168,3143,0
2145124,-2.756,8.471,3.318,0.289,1.276,-0.063,3137,0
2145143,-1.250,9.464,3.845,0.325,0.889,-0.217,3132,0
2145163,-1.506,9.268,3.548,0.314,0.592,-0.333,3131,0
2145184,-0.371,9.586,3.361,0.473,0.324,-0.511,3128,0
2145204,-0.084,11.265,3.503,0.536,-0.089,-0.537,3127,0
2145223,-0.606,11.143,3.014,0.185,-0.637,-0.312,3124,0
2145244,1.590,11.006,2.751,-0.047,-1.066,-0.334,3123,0
2145263,1.939,11.643,3.043,-0.194,-1.368,-0.357,3122,0
2145283,1.906,10.975,2.356,-0.439,-1.601,-0.363,3121,0
2145303,3.371,11.248,1.891,-0.414,-1.937,-0.434,3121,0
2145324,3.012,11.226,1.348,-0.593,-2.313,-0.293,3117,0
2145343,3.938,9.795,-0.213,-0.806,-2.548,-0.212,3116,0
2145363,4.587,10.396,-1.302,-0.754,-2.587,-0.263,3118,0
2145383,4.137,9.831,-2.677,-0.784,-2.481,-0.241,3117,0
2145404,3.472,9.934,-3.749,-0.588,-2.245,-0.234,3113,0
2145423,3.314,10.300,-4.903,-0.348,-2.069,-0.210,3109,0
2145443,3.175,11.097,-6.026,-0.171,-1.868,-0.060,3102,0
2145463,2.191,11.329,-6.488,-0.161,-1.529,0.201,3103,0
2145483,0.735,11.171,-6.768,-0.028,-1.056,0.271,3102,0
2145504,-0.141,11.657,-7.369,0.241,-0.635,0.273,3102,0
2145523,-0.271,11.808,-7.855,0.412,-0.394,0.496,3097,0
2145543,-0.314,10.985,-7.365,0.320,-0.063,0.737,3095,0
2145563,-1.056,9.555,-5.849,0.034,0.255,0.874,3095,0
2145583,-1.310,8.454,-4.975,-0.211,0.535,0.705,3093,0
2145603,-1.585,8.155,-4.831,-0.048,0.959,0.300,3090,0
2145623,-2.344,8.799,-4.700,0.436,1.369,0.141,3090,0
2145643,-3.165,9.510,-3.625,0.620,1.530,0.244,3088,0
2145663,-3.014,9.306,-2.684,0.355,1.492,0.361,3088,0
2145683,-2.502,8.432,-2.066,0.040,1.620,0.312,3088,0
2145703,-2.476,7.860,-1.413,-0.051,1.869,0.132,3088,0
2145723,-2.758,8.210,-0.699,0.022,1.972,-0.033,3085,0
2145743,-2.777,8.765,0.069,0.105,1.888,-0.013,3084,0
2145763,-2.435,8.966,1.190,0.197,1.722,0.070,3078,0
2145783,-1.891,8.904,1.920,0.263,1.632,0.013,3083,0
2145803,-1.539,8.935,2.057,0.274,1.547,-0.164,3083,0
2145823,-1.568,9.464,2.286,0.256,1.419,-0.282,3081,0
2145843,-1.642,9.996,2.665,0.209,1.164,-0.262,3080,0
2145863,-1.348,10.048,2.928,0.207,0.851,-0.145,3078,0
2145883,-1.018,10.034,3.199,0.152,0.541,-0.072,3078,0
2145903,-0.460,9.560,2.708,0.146,0.212,-0.132,3083,0
2145924,-0.244,10.444,3.079,0.254,-0.031,-0.240,3084,0
2145943,0.941,10.135,2.782,0.236,-0.351,-0.317,3086,0
2145963,0.421,10.518,2.624,0.026,-0.733,-0.238,3086,0
2145984,2.296,10.027,2.126,-0.063,-1.035,-0.341,3087,0
2146003,1.987,10.774,2.128,-0.153,-1.291,-0.367,3088,0
2146023,2.100,9.957,1.209,-0.265,-1.480,-0.379,3087,0
2146043,2.761,11.229,1.044,-0.188,-1.769,-0.374,3087,0
2146063,2.543,9.977,0.081,-0.442,-2.041,-0.178,3084,0
2146084,4.283,9.811,-0.553,-0.222,-2.113,-0.285,3082,0
2146104,3.141,10.460,-0.970,-0.054,-2.132,-0.266,3074,0
2146123,2.095,10.597,-2.152,-0.112,-2.189,-0.054,3074,0
2146143,2.749,11.097,-3.112,-0.027,-2.222,0.147,3071,0
2146163,1.733,11.092,-3.761,-0.097,-2.132,0.490,3065,0
2146183,1.999,9.711,-4.681,-0.086,-1.802,0.621,3063,0
2146203,1.863,10.288,-4.487,0.236,-1.414,0.514,3056,0
2146224,0.206,10.999,-4.085,0.123,-1.253,0.643,3056,0
2146243,0.702,10.439,-4.113,-0.170,-1.226,0.787,3056,0
2146263,1.046,10.202,-3.713,-0.162,-1.000,0.786,3052,0
2146283,-0.122,9.479,-3.280,-0.105,-0.677,0.856,3024,0
2146303,0.560,8.847,-2.883,0.130,-0.343,0.666,2990,0
2146324,0.335,9.826,-2.157,0.532,-0.135,0.418,2936,6
2146343,-0.862,10.599,-1.611,0.567,-0.066,0.547,2882,0
2146363,0.177,9.768,-1.642,0.515,-0.058,0.632,2831,0
2146383,0.347,9.158,-1.525,0.218,0.092,0.653,2771,0
2146404,0.474,8.806,-1.487,0.212,0.255,0.358,2724,0
2146423,0.445,9.225,-1.614,0.235,0.447,0.160,2684,0
2146443,0.723,9.369,-1.353,0.220,0.469,0.141,2640,0
2146463,0.931,9.239,-0.764,0.300,0.448,0.114,2611,0
2146483,0.905,9.392,-0.347,0.166,0.270,0.158,2596,0
2146504,0.848,9.041,-0.895,0.013,0.161,0.119,2571,0
2146524,0.982,9.170,-1.080,-0.098,0.137,0.105,2546,0
2146543,1.312,9.208,-0.934,-0.140,0.114,0.101,2559,0
2146564,1.583,9.146,-0.608,-0.074,0.136,0.037,2563,0
2146583,1.616,8.918,-1.020,-0.126,0.125,-0.050,2548,0
2146603,1.494,8.964,-1.104,-0.180,0.043,-0.099,2534,0
2146623,1.599,9.309,-1.089,-0.165,-0.003,-0.067,2530,0
2146643,1.796,9.610,-0.955,-0.057,-0.005,-0.043,2532,0
2146663,2.095,9.725,-0.697,0.029,-0.029,-0.075,2534,0
2146683,2.241,9.519,-0.850,0.065,-0.076,-0.123,2527,0
2146703,2.109,9.510,-1.381,0.117,-0.106,-0.126,2525,0
2146724,2.081,9.919,-1.425,0.176,-0.094,-0.113,2525,0
2146743,2.155,10.104,-1.123,0.147,-0.075,-0.104,2526,0
2146764,2.227,9.898,-0.950,0.102,-0.127,-0.069,2529,0
2146783,2.241,9.752,-1.228,0.129,-0.169,-0.026,2528,0
2146803,2.078,9.754,-1.573,0.210,-0.116,-0.026,2533,0
2146823,1.846,9.984,-1.753,0.198,-0.075,-0.042,2532,0
2146844,1.903,10.032,-1.666,0.098,-0.074,-0.015,2532,0
2146863,1.908,9.778,-1.501,0.003,-0.063,0.029,2534,0
2146883,2.265,9.330,-1.820,0.041,0.012,0.023,2531,0
2146903,2.186,9.335,-1.779,0.012,-0.017,-0.000,2532,0
2146923,1.367,9.170,-1.152,-0.106,-0.025,0.086,2536,0
2146944,2.437,9.299,-1.511,0.084,-0.010,0.010,2538,0
2146963,1.156,9.440,-1.243,0.028,-0.089,0.056,2535,0
2146983,2.033,9.026,-1.087,0.001,-0.021,0.074,2535,0
2147004,2.342,9.048,-1.628,0.090,0.041,-0.076,2534,0
2147023,1.085,9.471,-1.288,0.030,-0.050,-0.076,2536,0
2147044,1.602,8.993,-0.927,-0.088,-0.084,0.052,2538,0
2147063,2.559,9.246,-1.528,0.167,-0.039,-0.084,2538,0
2147084,2.128,9.718,-1.776,0.269,-0.012,-0.193,2539,0
2147103,0.965,9.785,-1.607,0.130,-0.001,-0.150,2542,0
2147124,1.585,9.606,-1.027,0.002,0.043,-0.050,2539,0
