2162563,1.839,9.517,-1.678,0.050,-0.049,-0.008,2559,0
2162583,1.877,9.541,-1.645,0.049,-0.046,-0.007,2559,0
2162603,1.935,9.476,-1.662,0.043,-0.032,-0.018,2559,0
2162623,1.949,9.481,-1.705,0.043,-0.023,-0.028,2559,0
2162643,1.954,9.529,-1.654,0.049,-0.025,-0.022,2559,0
2162663,1.958,9.534,-1.618,0.059,-0.027,-0.000,2559,0
2162684,1.915,9.522,-1.587,0.074,-0.028,0.009,2559,0
2162703,1.872,9.491,-1.554,0.054,-0.020,-0.004,2559,0
2162723,1.832,9.479,-1.583,0.042,-0.029,-0.009,2559,0
2162743,1.824,9.450,-1.532,0.038,-0.019,-0.008,2559,0
2162764,1.834,9.455,-1.539,0.071,-0.026,0.002,2559,0
2162783,1.865,9.414,-1.458,0.065,-0.019,-0.015,2559,0
2162804,1.820,9.409,-1.511,0.044,-0.022,-0.049,2559,0
2162823,1.774,9.450,-1.511,0.024,-0.026,-0.064,2559,0
2162844,1.755,9.579,-1.595,0.044,-0.039,-0.048,2558,0
2162863,1.784,9.737,-1.592,0.072,-0.052,-0.031,2559,0
2162883,1.753,9.701,-1.642,0.067,-0.058,-0.021,2559,0
2162903,1.796,9.641,-1.666,0.047,-0.062,-0.010,2559,0
2162923,1.858,9.584,-1.614,0.020,-0.069,0.009,2558,0
2162943,1.860,9.500,-1.587,0.031,-0.070,0.015,2559,0
2162963,1.829,9.483,-1.642,0.059,-0.075,0.021,2559,0
2162984,1.834,9.510,-1.726,0.075,-0.077,0.014,2559,0
2163003,1.832,9.443,-1.726,0.058,-0.066,0.010,2559,0
2163024,1.856,9.457,-1.784,0.055,-0.056,0.007,2559,0
2163043,1.951,9.459,-1.640,0.044,-0.047,-0.002,2559,0
2163063,1.930,9.412,-1.686,0.044,-0.041,-0.022,2559,0
2163083,1.923,9.481,-1.664,0.062,-0.034,-0.044,2559,0
2163104,1.911,9.653,-1.695,0.063,-0.042,-0.030,2559,0
2163124,1.903,9.646,-1.681,0.044,-0.035,-0.014,2559,0
2163143,1.867,9.656,-1.726,0.049,-0.033,-0.003,2559,0
2163163,1.899,9.651,-1.671,0.045,-0.028,0.008,2559,0
2163184,1.889,9.567,-1.630,0.030,-0.031,0.020,2559,0
2163203,1.901,9.464,-1.623,0.028,-0.032,0.019,2559,0
2163224,1.851,9.512,-1.659,0.044,-0.029,0.015,2558,0
2163243,1.810,9.486,-1.693,0.038,-0.037,0.026,2559,0
2163264,1.872,9.395,-1.659,0.049,-0.035,0.021,2559,0
2163283,1.894,9.388,-1.671,0.063,-0.021,0.008,2559,0
2163303,1.841,9.493,-1.664,0.060,-0.015,-0.010,2559,0
2163324,1.798,9.586,-1.683,0.037,-0.019,-0.016,2559,0
2163343,1.820,9.594,-1.753,0.036,-0.021,-0.012,2559,0
2163363,1.851,9.610,-1.683,0.051,-0.010,0.004,2559,0
2163383,1.882,9.574,-1.652,0.060,-0.004,0.005,2558,0
2163403,1.853,9.562,-1.602,0.027,-0.002,-0.000,2559,0
2163423,1.858,9.534,-1.573,0.011,-0.013,0.008,2559,0
2163444,1.875,9.553,-1.566,0.020,-0.027,0.021,2559,0
2163464,1.879,9.476,-1.595,0.026,-0.026,0.025,2559,0
2163483,1.901,9.450,-1.633,0.055,-0.023,0.026,2559,0
2163503,1.894,9.459,-1.630,0.055,-0.020,0.022,2559,0
2163523,1.896,9.390,-1.595,0.041,-0.011,0.004,2559,0
2163543,1.865,9.433,-1.592,0.033,-0.013,0.002,2559,0
2163564,1.889,9.464,-1.499,0.032,-0.015,-0.005,2562,0
2163583,1.839,9.431,-1.585,0.020,-0.029,-0.013,2559,0
2163603,1.836,9.481,-1.611,0.044,-0.037,-0.041,2558,0
2163624,1.827,9.488,-1.635,0.028,-0.034,-0.043,2559,0
2163644,1.829,9.527,-1.652,0.034,-0.036,-0.026,2559,0
2163663,1.820,9.562,-1.607,0.019,-0.017,-0.026,2559,0
2163683,1.812,9.550,-1.642,0.010,-0.033,-0.011,2559,0
2163704,1.872,9.531,-1.580,0.013,-0.039,-0.015,2559,0
2163723,1.844,9.445,-1.628,0.031,-0.050,-0.009,2559,0
2163744,1.863,9.500,-1.618,0.089,-0.039,-0.013,2559,0
2163763,1.767,9.584,-1.688,0.080,-0.036,0.009,2559,0
2163783,1.848,9.613,-1.662,0.069,-0.041,0.005,2559,0
2163803,1.939,9.515,-1.630,0.021,-0.039,-0.017,2559,0
2163824,1.935,9.455,-1.614,0.030,-0.030,-0.035,2559,0
2163843,1.884,9.486,-1.597,0.031,-0.023,-0.037,2559,0
2163863,1.889,9.371,-1.616,0.040,-0.028,-0.034,2559,0
2163883,1.887,9.407,-1.640,0.032,-0.031,-0.059,2558,0
2163903,1.832,9.428,-1.676,0.009,-0.035,-0.079,2559,0
2163923,1.781,9.510,-1.674,0.019,-0.032,-0.067,2559,0
2163943,1.774,9.560,-1.616,0.046,-0.028,-0.028,2559,0
2163963,1.753,9.527,-1.623,0.076,-0.027,-0.012,2559,0
2163984,1.793,9.517,-1.556,0.073,-0.055,-0.012,2559,0
2164003,1.841,9.495,-1.518,0.060,-0.063,-0.034,2559,0
2164023,1.779,9.512,-1.618,0.058,-0.045,-0.044,2559,0
2164043,1.702,9.687,-1.633,0.078,-0.026,-0.026,2559,0
2164064,1.647,9.864,-1.662,0.071,-0.021,-0.013,2558,0
2164084,1.724,9.711,-1.623,0.022,-0.042,-0.000,2559,0
2164104,1.867,9.548,-1.583,-0.001,-0.050,-0.010,2559,0
2164123,1.820,9.512,-1.618,-0.002,-0.040,-0.026,2559,0
2164144,1.697,9.572,-1.724,0.033,-0.035,-0.001,2559,0
2164163,1.674,9.651,-1.733,0.074,-0.030,0.031,2559,0
2164183,1.712,9.601,-1.736,0.073,-0.027,0.036,2559,0
2164203,1.858,9.486,-1.674,0.064,-0.035,0.037,2559,0
2164223,1.927,9.426,-1.568,0.052,-0.023,0.034,2559,0
2164244,1.872,9.445,-1.489,0.055,-0.013,0.016,2559,0
2164263,1.774,9.546,-1.487,0.071,-0.017,0.005,2559,0
2164283,1.784,9.622,-1.532,0.064,-0.034,0.021,2559,0
2164303,1.779,9.634,-1.609,0.048,-0.044,0.033,2559,0
2164323,1.800,9.598,-1.621,0.027,-0.036,0.014,2559,0
2164344,1.784,9.606,-1.697,0.007,-0.038,0.015,2559,0
2164363,1.774,9.596,-1.662,0.001,-0.039,0.022,2559,0
2164384,1.793,9.481,-1.705,0.006,-0.041,0.043,2559,0
2164403,1.856,9.471,-1.683,0.043,-0.037,0.048,2559,0
2164423,1.896,9.455,-1.638,0.056,-0.038,0.049,2559,0
2164443,1.867,9.450,-1.621,0.069,-0.042,0.037,2559,0
2164463,1.848,9.443,-1.578,0.068,-0.041,0.022,2559,0
2164483,1.839,9.452,-1.518,0.059,-0.046,0.015,2559,0
2164503,1.781,9.629,-1.635,0.073,-0.050,0.020,2559,0
2164523,1.817,9.641,-1.580,0.050,-0.047,0.020,2559,0
2164543,1.824,9.553,-1.717,0.025,-0.049,0.023,2559,0
2164563,1.911,9.527,-1.635,0.017,-0.037,0.016,2559,0
2164583,1.920,9.469,-1.654,0.001,-0.037,0.026,2559,0
2164603,2.002,9.325,-1.595,0.015,-0.035,0.034,2559,0
2164623,1.944,9.347,-1.755,0.049,-0.027,0.019,2559,0
2164643,1.899,9.500,-1.738,0.075,-0.020,-0.009,2559,0
2164664,1.832,9.584,-1.772,0.055,-0.020,-0.006,2559,0
2164683,1.884,9.570,-1.664,0.041,-0.002,-0.009,2559,0
2164703,1.872,9.503,-1.587,0.020,0.016,-0.005,2559,0
2164723,1.918,9.488,-1.496,0.016,0.001,-0.004,2559,0
2164743,1.906,9.436,-1.441,0.011,-0.029,-0.009,2559,0
2164763,1.930,9.361,-1.518,0.031,-0.056,-0.019,2559,0
2164784,1.920,9.433,-1.607,0.048,-0.055,-0.031,2559,0
2164803,1.877,9.531,-1.640,0.050,-0.052,-0.031,2559,0
2164824,1.817,9.649,-1.724,0.040,-0.050,-0.016,2559,0
2164843,1.901,9.670,-1.630,0.022,-0.062,0.002,2559,0
2164864,1.944,9.479,-1.571,0.000,-0.055,0.007,2558,0
2164883,1.879,9.428,-1.568,0.029,-0.044,-0.001,2559,0
2164903,1.817,9.577,-1.537,0.054,-0.044,0.001,2559,0
2164923,1.841,9.594,-1.496,0.057,-0.064,0.022,2559,0
2164943,1.939,9.459,-1.434,0.039,-0.071,0.025,2559,0
2164964,1.992,9.340,-1.470,0.022,-0.072,0.004,2559,0
2164983,1.942,9.335,-1.578,0.018,-0.073,-0.015,2558,0
2165003,1.889,9.445,-1.748,0.048,-0.073,-0.022,2559,0
2165024,1.836,9.546,-1.786,0.064,-0.060,-0.013,2559,0
2165043,1.858,9.603,-1.791,0.059,-0.053,0.006,2559,0
2165064,1.956,9.546,-1.657,0.033,-0.043,0.006,2559,0
2165083,1.946,9.412,-1.683,0.016,-0.031,-0.006,2559,0
2165104,1.930,9.337,-1.621,0.048,-0.034,-0.003,2559,0
2165123,1.882,9.416,-1.664,0.075,-0.036,-0.010,2559,0
2165143,1.863,9.512,-1.671,0.105,-0.036,-0.021,2559,0
2165163,1.887,9.615,-1.676,0.104,-0.029,-0.029,2559,0
2165183,1.879,9.656,-1.676,0.060,-0.010,-0.034,2559,0
2165203,1.913,9.615,-1.654,0.025,-0.013,-0.019,2559,0
2165224,1.889,9.582,-1.614,0.018,-0.005,-0.025,2559,0
2165243,1.822,9.582,-1.640,0.021,-0.018,-0.014,2559,0
2165264,1.836,9.517,-1.681,0.045,-0.033,0.007,2559,0
2165283,1.867,9.412,-1.707,0.041,-0.021,-0.002,2559,0
2165304,1.879,9.364,-1.690,0.038,-0.009,-0.017,2559,0
2165323,1.894,9.318,-1.657,0.020,-0.001,-0.042,2559,0
2165344,1.832,9.462,-1.628,0.027,0.006,-0.061,2559,0
2165363,1.832,9.527,-1.573,0.004,0.011,-0.065,2559,0
2165383,1.834,9.558,-1.501,0.027,0.005,-0.059,2559,0
2165403,1.805,9.613,-1.489,0.029,-0.008,-0.046,2558,0
2165423,1.781,9.629,-1.528,0.053,-0.027,-0.029,2559,0
2165443,1.776,9.720,-1.568,0.064,-0.035,-0.019,2559,0
2165464,1.762,9.730,-1.616,0.059,-0.044,-0.006,2559,0
2165483,1.803,9.663,-1.575,0.024,-0.045,0.012,2559,0
2165503,1.824,9.531,-1.542,0.004,-0.053,0.024,2559,0
2165523,1.796,9.469,-1.532,0.006,-0.056,0.026,2559,0
2165543,1.776,9.476,-1.666,0.032,-0.060,0.023,2559,0
2165564,1.798,9.479,-1.745,0.055,-0.047,0.023,2559,0
2165583,1.839,9.498,-1.717,0.066,-0.031,0.010,2559,0
2165603,1.810,9.519,-1.604,0.035,-0.027,-0.001,2559,0
2165623,1.846,9.440,-1.530,0.021,-0.034,0.001,2559,0
2165643,1.882,9.474,-1.484,0.031,-0.042,-0.003,2559,0
2165664,1.829,9.570,-1.599,0.040,-0.042,-0.013,2559,0
2165684,1.860,9.562,-1.638,0.042,-0.051,0.001,2559,0
2165704,1.867,9.555,-1.630,0.033,-0.038,-0.001,2559,0
2165723,1.879,9.481,-1.654,0.023,-0.027,0.004,2559,0
2165743,1.851,9.507,-1.623,0.035,-0.023,0.010,2559,0
2165763,1.788,9.555,-1.611,0.027,-0.026,0.008,2559,0
2165784,1.760,9.608,-1.575,0.056,-0.040,0.017,2559,0
2165803,1.765,9.632,-1.544,0.067,-0.037,0.028,2559,0
2165824,1.748,9.567,-1.578,0.076,-0.043,0.034,2558,0
2165843,1.776,9.560,-1.501,0.060,-0.046,0.031,2559,0
2165864,1.798,9.462,-1.477,0.039,-0.063,0.030,2559,0
2165884,1.920,9.390,-1.420,0.026,-0.076,0.021,2559,0
2165903,1.896,9.321,-1.413,0.041,-0.071,0.011,2561,0
2165923,1.846,9.493,-1.535,0.052,-0.071,0.000,2559,0
2165943,1.796,9.641,-1.659,0.041,-0.070,-0.002,2559,0
2165963,1.858,9.613,-1.717,0.011,-0.080,0.007,2559,0
2165983,1.856,9.627,-1.772,0.013,-0.069,0.018,2561,0
2166004,1.911,9.546,-1.686,0.013,-0.048,0.024,2564,0
2166023,1.858,9.500,-1.647,0.036,-0.032,0.015,2561,0
2166043,1.805,9.507,-1.549,0.033,-0.031,0.017,2561,0
2166064,1.856,9.428,-1.523,0.018,-0.053,0.023,2559,0
2166084,1.920,9.397,-1.542,0.031,-0.055,0.017,2561,0
2166104,1.911,9.436,-1.573,0.047,-0.058,0.013,2559,0
2166123,1.846,9.462,-1.626,0.051,-0.059,0.011,2561,0
2166143,1.865,9.419,-1.659,0.042,-0.064,0.004,2559,0
2166164,1.889,9.488,-1.676,0.050,-0.055,-0.011,2561,0
2166183,1.896,9.515,-1.695,0.051,-0.048,-0.013,2559,0
2166203,1.925,9.515,-1.628,0.050,-0.035,-0.012,2561,0
2166223,1.944,9.517,-1.595,0.045,-0.031,-0.015,2559,0
2166243,1.973,9.471,-1.551,0.030,-0.032,-0.007,2561,0
2166263,1.932,9.479,-1.484,0.032,-0.043,-0.004,2559,0
2166284,1.896,9.577,-1.583,0.044,-0.043,-0.012,2559,0
2166303,1.887,9.663,-1.647,0.060,-0.050,-0.005,2559,0
2166324,1.937,9.620,-1.618,0.049,-0.054,0.010,2559,0
2166343,1.944,9.512,-1.628,0.035,-0.044,0.011,2559,0
2166363,1.887,9.570,-1.547,0.040,-0.035,0.006,2559,0
2166384,1.846,9.548,-1.700,0.018,-0.046,0.012,2559,0
2166404,1.911,9.524,-1.554,0.042,-0.060,0.027,2559,0
2166423,1.951,9.464,-1.575,0.043,-0.052,0.018,2559,0
2166444,1.872,9.421,-1.697,0.035,-0.043,0.012,2559,0
2166463,1.889,9.474,-1.628,0.035,-0.045,0.021,2559,0
2166483,1.913,9.445,-1.573,0.041,-0.041,0.011,2561,0
2166503,1.906,9.414,-1.618,0.050,-0.040,-0.002,2561,0
2166523,1.882,9.486,-1.597,0.064,-0.044,-0.002,2559,0
2166543,1.889,9.491,-1.580,0.039,-0.042,0.001,2561,0
2166564,1.896,9.467,-1.626,0.034,-0.045,-0.001,2559,0
2166583,1.932,9.440,-1.623,0.037,-0.042,-0.009,2559,0
2166604,1.903,9.459,-1.623,0.064,-0.035,-0.009,2561,0
2166623,1.913,9.517,-1.595,0.069,-0.033,-0.002,2559,0
2166644,1.887,9.550,-1.607,0.042,-0.042,-0.005,2561,0
2166663,1.901,9.565,-1.697,0.031,-0.046,-0.018,2561,0
2166684,1.958,9.565,-1.686,0.043,-0.046,-0.014,2559,0
2166703,1.970,9.467,-1.607,0.054,-0.033,-0.004,2559,0
2166723,1.949,9.452,-1.563,0.061,-0.028,-0.005,2561,0
2166743,1.930,9.469,-1.604,0.049,-0.032,-0.005,2561,0
2166764,1.894,9.534,-1.587,0.044,-0.036,-0.005,2559,0
2166784,1.858,9.541,-1.602,0.036,-0.033,-0.011,2561,0
2166804,1.827,9.598,-1.630,0.056,-0.038,-0.005,2561,0
2166823,1.832,9.618,-1.630,0.055,-0.032,0.005,2561,0
2166843,1.935,9.527,-1.590,0.052,-0.037,0.009,2559,0
2166863,1.961,9.457,-1.535,0.025,-0.030,0.001,2559,0
2166883,1.915,9.507,-1.544,0.028,-0.032,-0.008,2559,0
2166903,1.856,9.555,-1.563,0.022,-0.043,0.000,2559,0
2166924,1.851,9.498,-1.578,0.037,-0.058,0.011,2559,0
2166943,1.853,9.536,-1.604,0.051,-0.053,0.008,2559,0
2166963,1.891,9.538,-1.695,0.048,-0.056,0.010,2561,0
2166984,1.899,9.546,-1.697,0.039,-0.046,0.007,2559,0
2167004,1.887,9.577,-1.647,0.027,-0.046,0.017,2561,0
2167023,1.867,9.555,-1.621,0.022,-0.044,0.019,2559,0
2167044,1.867,9.529,-1.618,0.033,-0.043,0.021,2561,0
2167064,1.906,9.560,-1.628,0.054,-0.045,0.029,2559,0
2167083,1.973,9.524,-1.561,0.045,-0.047,0.029,2559,0
2167103,1.980,9.469,-1.544,0.025,-0.043,0.022,2559,0
2167123,1.982,9.421,-1.535,0.018,-0.039,0.011,2559,0
2167143,1.939,9.469,-1.513,0.013,-0.045,0.011,2559,0
2167163,1.975,9.373,-1.566,0.023,-0.055,0.008,2559,0
2167183,1.963,9.450,-1.662,0.052,-0.055,-0.005,2559,0
2167203,1.990,9.517,-1.726,0.047,-0.053,-0.010,2559,0
2167223,2.009,9.495,-1.772,0.039,-0.037,-0.015,2564,0
2167243,1.994,9.550,-1.736,0.042,-0.018,-0.013,2559,0
2167263,1.961,9.536,-1.587,0.038,-0.005,-0.001,2559,0
2167284,1.963,9.534,-1.528,0.034,-0.019,0.011,2559,0
2167303,1.958,9.531,-1.432,0.025,-0.039,0.009,2561,0
2167324,1.961,9.570,-1.508,0.049,-0.054,0.007,2559,0
2167343,1.954,9.582,-1.535,0.060,-0.062,0.021,2559,0
2167364,1.958,9.519,-1.595,0.054,-0.058,0.026,2559,0
2167383,1.937,9.512,-1.671,0.033,-0.046,0.021,2559,0
2167404,1.963,9.543,-1.635,0.005,-0.046,0.023,2559,0
2167424,2.040,9.400,-1.640,-0.007,-0.046,0.023,2559,0
2167443,2.002,9.378,-1.607,0.023,-0.037,0.011,2559,0
2167463,1.956,9.440,-1.618,0.049,-0.042,0.010,2559,0
2167484,1.930,9.486,-1.573,0.046,-0.057,0.020,2561,0
2167504,1.968,9.457,-1.571,0.035,-0.063,0.022,2559,0
2167524,1.961,9.498,-1.808,0.045,-0.049,0.017,2559,0
2167543,1.970,9.462,-1.590,0.043,-0.049,0.014,2561,0
2167564,1.997,9.428,-1.707,0.051,-0.053,0.019,2559,0
2167583,1.987,9.467,-1.607,0.053,-0.031,0.001,2559,0
2167603,1.963,9.476,-1.678,0.032,-0.037,0.002,2559,0
2167624,2.025,9.426,-1.597,0.025,-0.033,0.006,2559,0
2167643,2.006,9.404,-1.666,0.047,-0.023,-0.005,2559,0
2167663,1.925,9.483,-1.513,0.053,-0.022,-0.011,2559,0
2167683,1.949,9.476,-1.520,0.040,-0.042,-0.002,2559,0
2167703,1.990,9.412,-1.518,0.039,-0.049,-0.014,2559,0
2167723,1.973,9.464,-1.635,0.054,-0.059,-0.018,2559,0
2167743,1.987,9.517,-1.681,0.071,-0.052,-0.016,2559,0
2167763,2.004,9.479,-1.676,0.072,-0.035,-0.013,2559,0
2167783,2.006,9.519,-1.602,0.064,-0.019,-0.016,2559,0
2167804,1.956,9.560,-1.539,0.039,-0.022,-0.013,2559,0
2167823,1.911,9.512,-1.568,0.030,-0.033,-0.006,2559,0
2167844,1.884,9.505,-1.616,0.054,-0.041,-0.010,2559,0
2167863,1.975,9.498,-1.602,0.072,-0.049,-0.014,2561,0
2167883,2.030,9.495,-1.561,0.072,-0.043,-0.016,2559,0
2167903,1.999,9.390,-1.544,0.040,-0.029,-0.034,2559,0
2167923,1.946,9.400,-1.489,0.016,-0.034,-0.051,2564,0
2167943,1.961,9.299,-1.437,0.016,-0.047,-0.061,2561,0
2167963,1.997,9.153,-1.350,0.029,-0.071,-0.072,2561,0
2167983,2.227,9.012,-1.075,0.073,-0.107,-0.107,2559,0
2168003,2.351,8.933,-0.735,0.082,-0.165,-0.154,2561,0
2168023,3.077,8.823,-0.766,0.108,-0.253,-0.228,2558,0
2168043,4.216,7.889,-0.563,-0.001,-0.313,-0.370,2612,0
2168064,5.133,8.083,-0.843,0.030,-0.267,-0.655,2677,0
2168084,5.717,9.357,-0.354,0.077,-0.278,-1.001,2774,0
2168103,5.332,10.645,-1.822,0.245,-0.123,-1.292,2864,0
2168124,3.979,11.902,-2.380,0.287,-0.342,-1.260,3241,0
2168143,3.713,12.421,-4.678,0.010,-0.325,-0.953,2969,0
2168163,2.648,12.340,-5.021,-0.209,-0.239,-0.821,3010,0
2168183,1.492,10.965,-5.555,-0.553,0.101,-0.880,3056,0
2168203,-0.342,10.108,-6.881,-0.037,0.559,-0.783,3089,0
2168223,-0.570,10.544,-8.124,0.683,1.031,-0.589,3104,8
2168244,-3.168,10.853,-7.448,0.511,1.244,-0.357,3125,0
2168263,-3.907,9.313,-7.695,0.144,1.532,-0.148,3144,0
2168284,-3.879,9.692,-7.460,-0.009,1.863,-0.104,3157,0
2168303,-4.580,8.823,-5.962,-0.408,2.214,0.168,3157,0
2168323,-4.056,7.712,-3.816,-0.488,2.421,0.306,3154,0
2168343,-4.231,7.997,-2.105,-0.266,2.458,0.347,3157,0
2168363,-4.432,6.340,-1.501,-0.157,2.368,0.433,3151,0
2168383,-3.393,6.620,-0.979,0.338,2.494,0.185,3149,0
2168403,-4.681,7.460,-0.151,0.504,2.502,0.075,3143,0
2168423,-4.271,7.819,1.063,0.378,2.306,0.024,3139,0
2168444,-3.050,9.531,2.411,0.303,1.975,0.034,3137,0
2168463,-3.699,9.268,3.029,0.000,1.619,0.183,3135,0
2168483,-1.848,9.402,3.237,-0.005,1.320,0.099,3135,0
2168504,-1.779,9.500,3.371,0.037,1.017,0.025,3134,0
2168523,-1.097,9.038,3.335,0.082,0.721,-0.100,3131,0
2168543,0.268,10.223,3.792,0.281,0.380,-0.262,3128,0
2168564,-0.038,10.542,4.001,0.314,-0.054,-0.248,3128,0
2168583,1.010,10.039,3.606,0.331,-0.430,-0.296,3128,0
2168603,1.846,11.444,3.855,0.293,-0.822,-0.385,3129,0
2168623,1.324,10.604,3.239,-0.021,-1.140,-0.349,3123,0
2168643,2.447,10.254,2.523,-0.068,-1.409,-0.492,3122,0
2168664,2.602,10.942,2.411,-0.274,-1.719,-0.458,3124,0
2168683,3.194,10.374,1.487,-0.472,-2.028,-0.480,3122,0
2168703,3.761,9.742,1.156,-0.686,-2.226,-0.568,3121,0
2168724,3.855,9.845,-0.067,-0.640,-2.251,-0.738,3119,0
2168743,3.967,10.496,-1.231,-0.500,-2.195,-0.784,3117,0
2168763,3.958,11.121,-2.016,-0.456,-2.135,-0.665,3116,0
2168783,2.749,11.851,-2.399,-0.564,-2.176,-0.362,3113,0
2168803,2.562,11.588,-3.579,-0.670,-2.027,-0.318,3105,0
2168823,2.351,11.796,-4.958,-0.467,-1.690,-0.289,3102,0
2168843,1.709,11.432,-5.557,-0.217,-1.353,-0.126,3100,0
2168863,-0.328,11.533,-5.588,-0.160,-1.103,0.113,3099,0
2168884,-0.960,11.320,-6.821,-0.135,-0.887,0.279,3094,0
2168903,-1.008,10.956,-7.523,0.058,-0.449,0.313,3089,0
2168924,-1.520,10.333,-7.099,0.234,0.060,0.368,3087,0
2168944,-2.710,10.080,-6.041,0.203,0.425,0.446,3087,0
2168963,-2.792,9.364,-5.691,0.082,0.653,0.511,3086,0
2168983,-2.856,8.734,-5.171,0.021,0.987,0.441,3085,0
2169003,-3.445,8.705,-4.532,0.057,1.380,0.359,3083,0
2169024,-3.946,8.866,-3.378,0.118,1.622,0.411,3081,0
2169043,-3.831,8.636,-2.255,0.087,1.717,0.463,3078,0
2169064,-3.601,8.155,-1.508,0.041,1.805,0.439,3077,0
2169083,-3.419,7.954,-0.998,0.061,1.928,0.314,3073,0
2169103,-3.654,8.112,-0.034,0.144,2.037,0.215,3071,0
2169124,-3.548,8.657,0.666,0.224,2.020,0.223,3071,0
2169143,-3.168,8.952,1.176,0.175,1.911,0.198,3070,0
2169163,-2.820,8.691,2.284,-0.050,1.747,0.206,3069,0
2169184,-3.122,8.705,2.354,0.048,1.683,0.117,3074,0
2169203,-3.227,9.749,3.041,0.276,1.516,0.078,3067,0
2169224,-1.848,9.313,2.433,0.482,1.248,0.015,3068,0
2169243,-2.045,10.233,2.952,0.621,0.936,0.063,3068,0
2169264,-1.061,10.020,3.048,0.549,0.683,0.020,3068,0
2169283,-0.864,10.819,3.503,0.608,0.442,-0.050,3067,0
2169304,-1.099,9.689,3.124,0.425,0.146,-0.014,3068,0
2169323,0.682,10.764,3.237,0.527,-0.272,-0.153,3068,0
2169343,0.156,10.252,3.189,0.169,-0.637,-0.090,3068,0
2169364,1.659,10.084,3.148,0.121,-0.880,-0.287,3069,0
2169383,0.749,10.511,3.342,-0.005,-1.152,-0.300,3069,0
2169403,1.913,9.790,2.636,-0.057,-1.503,-0.365,3068,0
2169424,2.931,10.465,2.377,-0.012,-1.825,-0.451,3069,0
2169443,2.437,8.902,1.338,-0.297,-2.030,-0.413,3067,10
2169463,3.567,9.287,1.216,-0.212,-2.144,-0.666,3065,0
2169483,2.274,9.333,0.330,-0.384,-2.256,-0.703,3064,0
2169503,3.019,10.731,-1.049,-0.180,-2.219,-0.835,3063,0
2169523,1.863,13.250,-2.351,-0.229,-2.254,-0.508,3061,0
2169543,1.262,12.766,-3.699,-0.742,-2.313,0.099,3061,0
2169564,1.798,11.741,-4.341,-0.937,-2.097,0.382,3059,0
2169583,1.396,11.083,-3.888,-0.760,-1.820,0.472,3057,0
2169603,0.912,9.479,-4.080,-0.453,-1.544,0.569,3056,0
2169624,1.290,9.768,-3.915,0.176,-1.331,0.542,3057,0
2169643,0.072,10.367,-3.725,0.370,-1.181,0.718,3056,0
2169663,-0.594,10.841,-4.178,0.610,-0.933,0.778,3057,0
2169683,-0.532,10.575,-3.800,0.482,-0.741,0.936,3057,0
2169703,-0.400,9.847,-3.419,0.402,-0.504,0.986,3058,0
2169723,-0.754,9.373,-2.933,0.471,-0.210,0.867,3055,0
2169743,-0.970,9.670,-2.351,0.614,0.028,0.712,3035,0
2169763,-1.326,10.032,-1.484,0.721,0.195,0.704,3005,0
2169783,-1.451,10.472,-0.948,0.682,0.256,0.824,2961,0
2169803,-1.185,10.053,-0.357,0.543,0.292,0.892,2896,0
2169824,-0.749,9.615,-0.062,0.347,0.386,0.811,2812,0
2169843,-0.318,8.940,-0.077,0.053,0.489,0.654,2741,0
2169863,0.189,8.399,0.038,-0.003,0.584,0.459,2675,0
2169883,0.496,8.516,0.043,-0.009,0.592,0.300,2626,0
2169903,0.457,8.926,-0.407,0.184,0.619,0.198,2591,0
2169924,0.608,9.081,0.043,0.246,0.513,0.150,2564,0
2169943,0.970,9.242,0.524,0.058,0.356,0.119,2558,0
2169963,1.396,8.863,0.038,-0.347,0.177,0.071,2559,0
2169984,1.223,8.823,-0.201,-0.430,0.114,0.010,2545,0
2170004,1.314,9.409,-0.594,-0.334,0.054,-0.011,2533,0
2170023,1.554,9.515,-0.316,-0.156,0.034,-0.008,2522,0
2170043,1.958,9.309,-0.124,-0.089,0.009,-0.018,2522,0
2170064,2.030,8.957,-0.256,-0.148,-0.052,-0.039,2526,0
2170083,1.896,9.371,-0.824,-0.108,-0.095,-0.074,2517,0
2170103,2.009,9.852,-0.603,-0.039,-0.036,-0.172,2512,0
2170124,2.274,9.955,0.048,0.017,-0.004,-0.208,2511,0
2170143,2.303,9.682,0.022,0.040,-0.124,-0.166,2511,0
2170164,2.310,9.512,-0.381,0.060,-0.149,-0.035,2509,0
2170184,2.229,9.831,-0.579,0.180,-0.222,-0.010,2511,0
2170203,1.968,10.479,-0.706,0.357,-0.188,-0.106,2512,0
2170223,2.490,9.598,-0.431,0.227,-0.139,-0.039,2514,0
2170243,2.574,10.020,-1.190,0.348,-0.111,-0.188,2514,0
2170263,1.255,9.907,-0.917,0.079,-0.138,-0.068,2516,0
2170284,2.090,9.663,-0.646,-0.046,-0.122,0.025,2517,0
2170304,2.377,9.941,-1.010,0.083,-0.133,-0.042,2518,0
2170323,1.410,10.010,-0.601,0.004,-0.221,0.069,2521,0
2170344,1.709,9.155,-0.630,-0.060,-0.174,0.158,2519,0
2170363,2.461,9.416,-1.393,0.197,-0.085,-0.029,2520,0
