629918,2.607,9.311,-2.200,0.043,-0.034,-0.013,2507,0
629938,2.614,9.215,-2.191,0.050,-0.054,-0.007,2507,0
629958,2.638,9.256,-2.203,0.082,-0.060,-0.001,2509,0
629978,2.600,9.321,-2.215,0.072,-0.051,0.002,2509,0
629998,2.540,9.301,-2.282,0.036,-0.040,0.014,2507,0
630018,2.540,9.201,-2.217,0.006,-0.027,0.007,2509,0
630038,2.574,9.196,-2.164,0.014,-0.028,-0.005,2507,0
630058,2.540,9.225,-2.157,0.032,-0.042,-0.010,2509,0
630078,2.519,9.244,-2.186,0.039,-0.067,-0.004,2508,0
630098,2.588,9.184,-2.251,0.044,-0.069,-0.005,2507,0
630118,2.655,9.105,-2.234,0.034,-0.056,-0.025,2508,0
630138,2.667,9.191,-2.322,0.019,-0.041,-0.038,2508,0
630158,2.614,9.242,-2.346,-0.003,-0.033,-0.042,2509,0
630178,2.660,9.215,-2.289,-0.003,-0.023,-0.038,2509,0
630198,2.653,9.225,-2.270,0.018,-0.009,-0.037,2511,0
630218,2.591,9.203,-2.310,0.005,0.001,-0.039,2510,0
630238,2.523,9.136,-2.207,-0.010,-0.003,-0.032,2511,0
630258,2.531,9.139,-2.030,-0.003,-0.013,-0.030,2510,0
630278,2.629,9.165,-1.935,0.017,-0.029,-0.042,2510,0
630298,2.598,9.294,-1.987,0.037,-0.045,-0.046,2510,0
630318,2.500,9.385,-2.085,0.062,-0.078,-0.028,2510,0
630338,2.500,9.433,-2.184,0.076,-0.106,-0.008,2511,0
630358,2.660,9.378,-2.152,0.091,-0.098,0.004,2510,0
630378,2.691,9.340,-2.172,0.068,-0.058,0.011,2511,0
630398,2.612,9.325,-2.236,0.027,-0.052,0.004,2510,0
630418,2.614,9.196,-2.234,0.016,-0.060,0.005,2510,0
630438,2.655,9.127,-2.284,0.048,-0.053,0.004,2510,0
630458,2.648,9.141,-2.298,0.055,-0.027,-0.015,2511,0
630478,2.571,9.201,-2.346,0.025,-0.015,-0.026,2510,0
630498,2.569,9.287,-2.375,0.000,-0.001,-0.024,2511,0
630518,2.571,9.292,-2.308,-0.018,0.029,-0.025,2513,0
630538,2.547,9.227,-2.210,-0.027,0.047,-0.031,2511,0
630558,2.567,9.155,-2.071,-0.004,0.039,-0.025,2512,0
630578,2.665,9.122,-1.980,0.023,0.011,-0.019,2512,0
630598,2.701,9.165,-1.923,0.036,-0.017,-0.023,2511,0
630618,2.626,9.234,-2.021,0.035,-0.033,-0.018,2512,0
630638,2.574,9.230,-2.095,0.043,-0.038,-0.006,2512,0
630658,2.574,9.206,-2.081,0.058,-0.034,0.009,2512,0
630678,2.612,9.251,-2.064,0.070,-0.048,0.018,2512,0
630698,2.579,9.325,-2.109,0.047,-0.072,0.008,2512,0
630718,2.562,9.364,-2.191,0.027,-0.079,-0.007,2511,0
630738,2.564,9.397,-2.224,0.049,-0.066,-0.005,2512,0
630758,2.550,9.402,-2.164,0.056,-0.051,0.013,2513,0
630778,2.574,9.359,-2.138,0.033,-0.041,0.015,2512,0
630798,2.535,9.299,-2.071,0.002,-0.033,0.004,2512,0
630818,2.538,9.304,-2.035,-0.002,-0.028,-0.001,2513,0
630838,2.504,9.244,-1.973,0.006,-0.040,0.010,2512,0
630858,2.545,9.141,-1.944,0.029,-0.061,0.023,2512,0
630878,2.567,9.105,-2.023,0.037,-0.074,0.018,2512,0
630898,2.526,9.175,-2.102,0.026,-0.076,0.009,2512,0
630918,2.495,9.254,-2.128,0.024,-0.077,0.007,2512,0
630938,2.507,9.213,-2.121,0.032,-0.080,0.010,2513,0
630958,2.538,9.158,-2.143,0.048,-0.081,0.013,2512,0
630978,2.543,9.160,-2.198,0.050,-0.085,0.008,2512,0
630998,2.526,9.187,-2.157,0.054,-0.079,-0.001,2512,0
631018,2.588,9.206,-2.148,0.058,-0.074,-0.012,2512,0
631038,2.600,9.280,-2.200,0.043,-0.069,-0.012,2512,0
631058,2.581,9.275,-2.246,0.020,-0.066,-0.014,2514,0
631078,2.535,9.347,-2.236,0.044,-0.059,-0.005,2512,0
631098,2.509,9.404,-2.227,0.069,-0.048,0.011,2512,0
631118,2.507,9.361,-2.258,0.053,-0.040,0.024,2512,0
631138,2.543,9.309,-2.224,0.027,-0.041,0.025,2513,0
631158,2.579,9.244,-2.131,0.031,-0.037,0.016,2512,0
631178,2.555,9.263,-2.093,0.058,-0.042,0.016,2513,0
631198,2.535,9.232,-2.109,0.064,-0.063,0.023,2513,0
631218,2.538,9.127,-2.152,0.048,-0.076,0.023,2513,0
631238,2.562,9.139,-2.212,0.052,-0.076,0.011,2512,0
631258,2.617,9.249,-2.298,0.070,-0.077,0.001,2513,0
631278,2.619,9.304,-2.318,0.054,-0.064,-0.004,2514,0
631298,2.574,9.275,-2.370,0.032,-0.038,-0.000,2513,0
631318,2.555,9.268,-2.409,0.027,-0.011,-0.002,2513,0
631338,2.598,9.213,-2.361,0.027,0.007,0.005,2513,0
631358,2.682,9.163,-2.236,0.034,0.006,0.006,2512,0
631378,2.682,9.160,-2.212,0.048,0.003,-0.006,2513,0
631398,2.626,9.280,-2.265,0.065,-0.005,-0.010,2515,0
631418,2.583,9.347,-2.246,0.064,-0.014,0.001,2513,0
631438,2.607,9.311,-2.162,0.066,-0.005,0.017,2513,0
631458,2.571,9.304,-2.069,0.054,0.005,0.017,2513,0
631478,2.535,9.325,-2.037,0.044,-0.007,0.014,2515,0
631498,2.535,9.301,-2.023,0.048,-0.019,0.024,2514,0
631518,2.617,9.227,-2.037,0.068,-0.026,0.031,2514,0
631538,2.643,9.146,-2.066,0.071,-0.025,0.018,2515,0
631558,2.626,9.139,-2.102,0.062,-0.036,0.014,2514,0
631578,2.643,9.191,-2.200,0.047,-0.044,0.009,2514,0
631598,2.634,9.227,-2.258,0.015,-0.037,0.001,2514,0
631618,2.624,9.256,-2.217,0.015,-0.026,-0.002,2518,0
631638,2.617,9.275,-2.294,0.034,-0.020,0.003,2516,0
631658,2.638,9.256,-2.263,0.040,-0.019,0.004,2519,0
631678,2.662,9.232,-2.217,0.040,-0.017,0.009,2515,0
631698,2.646,9.275,-2.186,0.042,-0.022,0.014,2514,0
631718,2.662,9.254,-2.193,0.023,-0.040,0.015,2515,0
631738,2.650,9.177,-2.179,0.030,-0.051,0.023,2515,0
631758,2.641,9.160,-2.167,0.061,-0.047,0.020,2514,0
631778,2.643,9.141,-2.152,0.077,-0.047,0.015,2515,0
631798,2.619,9.134,-2.105,0.062,-0.046,-0.001,2516,0
631818,2.619,9.191,-2.150,0.038,-0.052,-0.010,2516,0
631838,2.641,9.275,-2.188,0.032,-0.063,-0.002,2516,0
631858,2.624,9.225,-2.179,0.050,-0.047,0.011,2517,0
631878,2.646,9.146,-2.191,0.060,-0.035,0.017,2515,0
631898,2.708,9.055,-2.219,0.061,-0.038,0.012,2514,0
631918,2.739,9.091,-2.265,0.055,-0.048,-0.007,2517,0
631938,2.689,9.194,-2.258,0.050,-0.038,-0.023,2521,0
631958,2.626,9.215,-2.260,0.048,-0.040,-0.014,2517,0
631978,2.670,9.237,-2.272,0.053,-0.052,-0.005,2517,0
631998,2.710,9.218,-2.270,0.055,-0.038,-0.010,2519,0
632018,2.667,9.234,-2.239,0.063,-0.020,-0.015,2519,0
632038,2.665,9.313,-2.260,0.056,-0.027,-0.017,2518,0
632058,2.686,9.340,-2.207,0.059,-0.023,-0.008,2516,0
632078,2.696,9.342,-2.145,0.078,-0.007,0.006,2518,0
632098,2.670,9.337,-2.121,0.092,-0.009,0.009,2520,0
632118,2.598,9.141,-2.064,0.044,-0.027,0.021,2518,0
632138,2.655,9.064,-2.116,0.043,-0.058,0.021,2519,0
632158,2.708,9.081,-2.222,0.050,-0.070,0.009,2519,0
632178,2.658,9.069,-2.260,0.038,-0.067,0.004,2517,0
632198,2.636,9.146,-2.270,0.052,-0.063,0.006,2518,0
632218,2.634,9.213,-2.306,0.050,-0.050,-0.002,2519,0
632238,2.567,9.294,-2.330,0.034,-0.034,-0.010,2519,0
632258,2.574,9.292,-2.301,0.027,-0.037,-0.001,2519,0
632278,2.648,9.124,-2.224,0.043,-0.039,0.012,2518,0
632298,2.677,8.961,-2.102,0.065,-0.031,0.001,2519,0
632318,2.686,9.021,-2.116,0.052,-0.038,-0.031,2517,0
632338,2.672,9.163,-2.191,0.018,-0.047,-0.048,2520,0
632358,2.646,9.182,-2.184,0.007,-0.054,-0.046,2521,0
632378,2.648,9.225,-2.172,0.039,-0.050,-0.038,2520,0
632398,2.619,9.278,-2.181,0.086,-0.051,-0.031,2519,0
632418,2.607,9.278,-2.231,0.083,-0.060,-0.021,2519,0
632438,2.617,9.234,-2.349,0.064,-0.066,-0.009,2524,0
632458,2.619,9.141,-2.382,0.079,-0.059,-0.005,2521,0
632478,2.641,9.127,-2.382,0.076,-0.050,-0.014,2522,0
632498,2.660,9.206,-2.370,0.040,-0.048,-0.024,2519,0
632518,2.662,9.227,-2.284,-0.002,-0.051,-0.027,2521,0
632538,2.667,9.220,-2.303,0.000,-0.047,-0.026,2520,0
632558,2.629,9.280,-2.320,0.046,-0.039,-0.018,2518,0
632578,2.629,9.347,-2.339,0.063,-0.046,-0.012,2519,0
632598,2.674,9.297,-2.282,0.056,-0.054,-0.002,2521,0
632618,2.686,9.278,-2.260,0.041,-0.049,0.001,2522,0
632638,2.662,9.261,-2.320,0.030,-0.045,-0.004,2522,0
632658,2.617,9.301,-2.375,0.029,-0.044,0.001,2521,0
632678,2.607,9.215,-2.368,0.025,-0.046,0.005,2521,0
632698,2.638,9.163,-2.344,0.059,-0.038,0.009,2522,0
632718,2.624,9.213,-2.310,0.071,-0.027,0.000,2521,0
632738,2.600,9.220,-2.315,0.052,-0.023,-0.005,2522,0
632758,2.610,9.179,-2.301,0.023,-0.019,-0.004,2522,0
632778,2.622,9.230,-2.255,0.027,-0.015,-0.008,2520,0
632798,2.550,9.249,-2.227,0.043,-0.021,-0.003,2520,0
632818,2.519,9.225,-2.207,0.055,-0.039,0.014,2522,0
632838,2.557,9.203,-2.267,0.063,-0.052,0.020,2521,0
632858,2.557,9.177,-2.332,0.060,-0.053,0.015,2521,0
632878,2.593,9.179,-2.361,0.045,-0.054,0.010,2520,0
632898,2.655,9.100,-2.342,0.039,-0.046,-0.004,2522,0
632918,2.648,9.124,-2.318,0.041,-0.027,-0.020,2520,0
632938,2.636,9.201,-2.349,0.043,-0.024,-0.024,2521,0
632958,2.610,9.270,-2.318,0.043,-0.023,-0.011,2521,0
632978,2.595,9.254,-2.251,0.041,-0.017,-0.007,2522,0
632998,2.598,9.254,-2.186,0.047,-0.026,-0.006,2522,0
633018,2.600,9.321,-2.198,0.049,-0.043,0.000,2522,0
633038,2.600,9.306,-2.227,0.045,-0.059,0.014,2522,0
633058,2.612,9.270,-2.301,0.060,-0.069,0.023,2522,0
633078,2.622,9.225,-2.337,0.085,-0.066,0.019,2524,0
633098,2.598,9.227,-2.346,0.068,-0.059,0.020,2522,0
633118,2.591,9.155,-2.322,0.048,-0.056,0.023,2523,0
633138,2.622,9.105,-2.327,0.041,-0.056,0.015,2521,0
633158,2.624,9.124,-2.346,0.039,-0.054,0.003,2523,0
633178,2.588,9.153,-2.325,0.041,-0.052,0.005,2521,0
633198,2.583,9.143,-2.337,0.041,-0.047,0.006,2522,0
633218,2.624,9.081,-2.354,0.044,-0.043,-0.000,2524,0
633238,2.631,9.160,-2.406,0.031,-0.042,-0.013,2524,0
633258,2.614,9.244,-2.447,0.026,-0.039,-0.018,2523,0
633278,2.583,9.273,-2.423,0.043,-0.030,-0.012,2522,0
633298,2.574,9.218,-2.387,0.060,-0.012,-0.005,2524,0
633318,2.643,9.131,-2.294,0.051,-0.007,-0.001,2524,0
633338,2.643,9.072,-2.200,0.033,-0.010,-0.005,2523,0
633358,2.626,9.062,-2.128,0.033,-0.032,-0.010,2524,0
633378,2.619,9.167,-2.138,0.049,-0.064,-0.010,2523,0
633398,2.617,9.268,-2.251,0.055,-0.088,-0.010,2523,0
633418,2.600,9.285,-2.334,0.064,-0.095,0.002,2522,0
633438,2.622,9.246,-2.394,0.065,-0.082,0.008,2523,0
633458,2.677,9.179,-2.423,0.071,-0.072,0.007,2524,0
633478,2.744,9.148,-2.447,0.044,-0.064,-0.013,2524,0
633498,2.732,9.184,-2.478,0.032,-0.056,-0.026,2522,0
633518,2.689,9.266,-2.476,0.045,-0.049,-0.020,2524,0
633538,2.622,9.287,-2.447,0.067,-0.027,-0.003,2524,0
633558,2.600,9.278,-2.406,0.058,-0.014,-0.005,2525,0
633578,2.576,9.254,-2.342,0.025,-0.015,-0.009,2524,0
633598,2.617,9.232,-2.310,0.024,-0.029,0.002,2524,0
633618,2.624,9.261,-2.327,0.047,-0.050,0.011,2524,0
633638,2.619,9.268,-2.342,0.066,-0.056,0.019,2524,0
633658,2.636,9.254,-2.404,0.057,-0.054,0.023,2522,0
633678,2.660,9.194,-2.411,0.042,-0.043,0.023,2526,0
633698,2.643,9.100,-2.363,0.039,-0.033,0.018,2524,0
633718,2.658,9.079,-2.365,0.034,-0.038,0.012,2525,0
633738,2.619,9.155,-2.411,0.032,-0.048,0.010,2522,0
633758,2.579,9.184,-2.356,0.028,-0.054,0.022,2523,0
633778,2.569,9.103,-2.358,0.034,-0.049,0.025,2523,0
633798,2.610,9.019,-2.382,0.048,-0.038,0.007,2524,0
633818,2.622,9.031,-2.454,0.055,-0.035,-0.013,2525,0
633838,2.638,9.105,-2.519,0.046,-0.039,-0.021,2525,0
633858,2.588,9.127,-2.452,0.047,-0.042,-0.016,2525,0
633878,2.586,9.191,-2.444,0.049,-0.029,-0.018,2526,0
633898,2.576,9.254,-2.430,0.051,-0.014,-0.018,2525,0
633918,2.605,9.301,-2.397,0.032,-0.020,-0.013,2524,0
633938,2.648,9.182,-2.330,0.029,-0.029,-0.004,2524,0
633958,2.686,9.088,-2.322,0.050,-0.031,-0.010,2524,0
633978,2.672,9.155,-2.315,0.053,-0.022,-0.024,2524,0
633998,2.598,9.273,-2.251,0.034,-0.023,-0.018,2524,0
634018,2.610,9.251,-2.200,0.014,-0.040,-0.005,2523,0
634038,2.610,9.237,-2.181,0.024,-0.056,0.004,2523,0
634058,2.638,9.141,-2.236,0.047,-0.064,0.003,2524,0
634078,2.674,9.112,-2.351,0.070,-0.082,0.007,2525,0
634098,2.677,9.062,-2.413,0.056,-0.084,0.004,2524,0
634118,2.622,9.048,-2.485,0.039,-0.075,-0.007,2525,0
634138,2.612,9.112,-2.543,0.022,-0.056,-0.026,2523,0
634158,2.619,9.179,-2.552,0.021,-0.036,-0.030,2525,0
634178,2.631,9.263,-2.538,0.034,-0.029,-0.030,2525,0
634198,2.617,9.282,-2.480,0.040,-0.030,-0.025,2523,0
634218,2.653,9.261,-2.346,0.053,-0.027,-0.012,2524,0
634238,2.653,9.258,-2.277,0.064,-0.016,-0.011,2525,0
634258,2.636,9.256,-2.198,0.058,-0.020,-0.007,2524,0
634278,2.595,9.287,-2.172,0.041,-0.038,0.002,2524,0
634298,2.612,9.301,-2.258,0.030,-0.058,0.011,2525,0
634318,2.629,9.237,-2.294,0.038,-0.066,0.019,2525,0
634338,2.636,9.177,-2.370,0.056,-0.077,0.021,2525,0
634358,2.622,9.177,-2.409,0.051,-0.077,0.020,2524,0
634378,2.614,9.163,-2.459,0.036,-0.072,0.012,2526,0
634398,2.612,9.179,-2.545,0.038,-0.057,0.007,2527,0
634418,2.619,9.167,-2.559,0.044,-0.046,0.009,2526,0
634438,2.614,9.151,-2.461,0.049,-0.043,0.008,2526,0
634458,2.619,9.103,-2.377,0.038,-0.038,0.004,2526,0
634478,2.605,9.122,-2.392,0.019,-0.040,-0.004,2526,0
634498,2.579,9.163,-2.456,0.023,-0.040,-0.005,2524,0
634518,2.559,9.165,-2.490,0.049,-0.037,0.008,2525,0
634538,2.555,9.151,-2.459,0.064,-0.038,0.017,2525,0
634558,2.562,9.081,-2.437,0.055,-0.035,0.010,2527,0
634578,2.559,9.093,-2.468,0.036,-0.037,-0.007,2526,0
634598,2.562,9.088,-2.485,0.031,-0.043,-0.014,2527,0
634618,2.653,9.084,-2.480,0.050,-0.047,-0.018,2526,0
634638,2.674,9.117,-2.456,0.063,-0.031,-0.039,2525,0
634658,2.636,9.254,-2.433,0.059,-0.008,-0.046,2526,0
634678,2.641,9.292,-2.368,0.041,-0.002,-0.030,2525,0
634698,2.634,9.263,-2.248,0.020,-0.002,-0.019,2527,0
634718,2.610,9.287,-2.255,0.023,-0.022,-0.012,2526,0
634738,2.591,9.294,-2.325,0.041,-0.050,-0.001,2527,0
634758,2.600,9.266,-2.368,0.063,-0.067,0.023,2527,0
634778,2.622,9.165,-2.392,0.072,-0.069,0.030,2526,0
634798,2.631,9.108,-2.433,0.058,-0.055,0.017,2526,0
634818,2.600,9.110,-2.521,0.038,-0.041,-0.002,2525,0
634838,2.586,9.153,-2.485,0.027,-0.031,-0.009,2527,0
634858,2.619,9.129,-2.428,0.038,-0.028,-0.006,2527,0
634878,2.658,9.153,-2.416,0.050,-0.033,-0.013,2526,0
634898,2.653,9.143,-2.411,0.037,-0.030,-0.018,2525,0
634918,2.624,9.199,-2.430,0.038,-0.026,-0.017,2527,0
634938,2.550,9.220,-2.363,0.049,-0.020,-0.011,2526,0
634958,2.535,9.196,-2.332,0.051,-0.025,0.007,2527,0
634978,2.547,9.129,-2.330,0.027,-0.044,0.009,2526,0
634998,2.567,9.002,-2.351,0.017,-0.059,-0.004,2526,0
635018,2.586,8.985,-2.416,0.051,-0.063,-0.019,2527,0
635038,2.567,9.112,-2.490,0.079,-0.065,-0.029,2526,0
635058,2.595,9.165,-2.512,0.066,-0.060,-0.032,2531,0
635078,2.672,9.234,-2.512,0.047,-0.042,-0.036,2527,0
635098,2.646,9.290,-2.495,0.039,-0.021,-0.040,2526,0
635118,2.591,9.373,-2.485,0.042,-0.014,-0.023,2527,0
635138,2.543,9.333,-2.423,0.038,-0.024,0.003,2526,0
635158,2.591,9.170,-2.334,0.047,-0.031,0.008,2529,0
635178,2.626,9.167,-2.313,0.053,-0.038,-0.007,2528,0
635198,2.543,9.258,-2.454,0.050,-0.049,-0.011,2528,0
635218,2.528,9.268,-2.519,0.048,-0.062,0.007,2527,0
635238,2.593,9.182,-2.545,0.054,-0.058,0.018,2527,0
635258,2.605,9.141,-2.540,0.050,-0.028,0.006,2528,0
635278,2.598,9.141,-2.490,0.031,-0.009,-0.011,2527,0
635298,2.614,9.172,-2.435,0.033,-0.006,-0.013,2527,0
635318,2.617,9.158,-2.342,0.045,-0.014,-0.010,2526,0
635338,2.617,9.199,-2.313,0.047,-0.022,-0.011,2527,0
635358,2.562,9.258,-2.315,0.048,-0.034,-0.007,2527,0
635378,2.567,9.254,-2.322,0.056,-0.043,0.003,2527,0
635398,2.581,9.227,-2.351,0.066,-0.052,0.012,2526,0
635418,2.607,9.208,-2.437,0.048,-0.061,0.012,2526,0
635438,2.600,9.203,-2.480,0.041,-0.062,0.017,2527,0
635458,2.588,9.175,-2.540,0.039,-0.051,0.020,2528,0
635478,2.591,9.110,-2.526,0.035,-0.042,0.018,2527,0
635498,2.593,9.072,-2.485,0.027,-0.031,0.003,2527,0
635518,2.588,9.122,-2.488,0.030,-0.026,-0.009,2527,0
635538,2.636,9.177,-2.516,0.040,-0.033,-0.012,2528,0
635558,2.586,9.254,-2.476,0.048,-0.042,-0.004,2528,0
635578,2.598,9.225,-2.440,0.042,-0.032,0.002,2527,0
635598,2.583,9.206,-2.409,0.032,-0.012,-0.000,2529,0
635618,2.593,9.218,-2.332,0.035,-0.005,0.002,2529,0
635638,2.581,9.179,-2.306,0.036,-0.026,0.007,2528,0
635658,2.614,9.165,-2.394,0.044,-0.055,0.020,2527,0
635678,2.636,9.136,-2.447,0.048,-0.070,0.019,2529,0
635698,2.626,9.155,-2.516,0.059,-0.059,0.015,2529,0
635718,2.591,9.170,-2.540,0.056,-0.049,0.015,2527,0
635738,2.622,9.143,-2.545,0.046,-0.037,0.011,2528,0
635758,2.646,9.110,-2.452,0.049,-0.023,-0.004,2528,0
635778,2.665,9.120,-2.409,0.058,-0.023,-0.016,2529,0
635798,2.674,9.201,-2.392,0.053,-0.032,-0.016,2528,0
635818,2.629,9.275,-2.361,0.045,-0.029,-0.009,2529,0
635838,2.569,9.282,-2.272,0.045,-0.021,0.009,2528,0
635858,2.555,9.242,-2.306,0.041,-0.032,0.026,2529,0
635878,2.588,9.124,-2.387,0.027,-0.058,0.024,2530,0
635898,2.614,9.074,-2.389,0.020,-0.086,0.014,2530,0
635918,2.602,9.088,-2.480,0.054,-0.086,0.006,2529,0
635938,2.602,9.160,-2.557,0.064,-0.080,0.006,2530,0
635958,2.600,9.177,-2.559,0.036,-0.071,0.003,2529,0
635978,2.593,9.163,-2.574,0.014,-0.058,0.002,2529,0
635998,2.605,9.131,-2.555,0.017,-0.052,0.002,2528,0
636018,2.648,9.120,-2.519,0.029,-0.042,-0.001,2528,0
636038,2.631,9.153,-2.452,0.041,-0.041,-0.003,2526,0
636058,2.591,9.196,-2.416,0.019,-0.046,0.002,2526,0
636078,2.600,9.196,-2.392,0.010,-0.058,0.014,2528,0
636098,2.619,9.148,-2.385,0.031,-0.061,0.016,2525,0
636118,2.648,9.117,-2.461,0.055,-0.056,0.006,2526,0
636138,2.686,9.122,-2.562,0.063,-0.052,-0.003,2527,0
636158,2.665,9.134,-2.550,0.059,-0.038,-0.011,2529,0
636178,2.650,9.151,-2.571,0.046,-0.026,-0.013,2528,0
636198,2.667,9.139,-2.531,0.039,-0.022,-0.007,2527,0
636218,2.677,9.148,-2.504,0.031,-0.013,-0.009,2529,0
636238,2.617,9.194,-2.504,0.035,-0.017,-0.009,2528,0
636258,2.550,9.206,-2.497,0.050,-0.031,0.004,2527,0
636278,2.564,9.134,-2.488,0.056,-0.039,0.016,2527,0
636298,2.619,9.074,-2.495,0.064,-0.037,0.008,2527,0
636318,2.591,9.112,-2.557,0.064,-0.027,-0.007,2528,0
636338,2.595,9.196,-2.571,0.052,-0.034,-0.008,2528,0
636358,2.626,9.139,-2.471,0.042,-0.023,-0.002,2526,0
636378,2.660,9.117,-2.442,0.046,-0.019,-0.007,2527,0
636398,2.653,9.165,-2.409,0.050,-0.024,-0.008,2527,0
636418,2.662,9.203,-2.385,0.034,-0.036,-0.004,2528,0
636438,2.626,9.139,-2.344,0.039,-0.032,-0.000,2528,0
636458,2.564,9.093,-2.351,0.044,-0.032,-0.005,2526,0
636478,2.507,9.060,-2.397,0.031,-0.030,-0.006,2528,0
636498,2.473,8.964,-2.416,0.010,-0.029,-0.003,2528,0
636518,2.459,8.916,-2.354,0.015,-0.043,-0.009,2530,0
636538,2.435,8.830,-2.203,0.026,-0.064,-0.020,2530,0
636558,2.344,8.890,-2.016,0.016,-0.121,-0.019,2534,0
636578,2.286,9.225,-1.231,-0.065,-0.330,0.054,2543,0
636598,2.571,9.524,-1.116,-0.149,-0.578,0.131,2584,0
636618,3.089,9.419,-0.917,-0.266,-0.865,0.096,2689,0
636638,3.654,9.201,-0.883,-0.440,-0.984,-0.015,2876,0
636658,4.094,9.459,-1.358,-0.491,-1.113,-0.154,3027,0
636678,4.149,9.704,-1.930,-0.327,-1.211,-0.151,3120,0
636698,4.573,10.147,-3.318,-0.357,-1.223,-0.184,3182,0
636718,4.506,10.104,-3.895,-0.427,-1.383,0.039,3233,0
636738,5.035,10.568,-4.539,-0.248,-1.275,0.180,3262,0
636758,5.298,10.534,-4.420,-0.725,-1.023,0.237,3281,0
636778,3.737,10.364,-4.760,-1.047,-0.446,0.230,3299,0
636798,3.117,10.355,-5.265,-0.303,0.097,0.404,3314,0
636818,1.247,10.688,-6.807,-0.249,0.240,0.543,3306,0
636838,-0.412,10.056,-7.434,-0.371,0.777,0.423,3299,0
636858,-0.232,10.417,-5.253,-0.003,1.249,0.248,3312,0
636878,-1.003,10.017,-4.958,0.045,1.361,0.236,3321,0
636898,-1.025,9.582,-4.987,0.369,1.894,0.267,3322,0
636918,-2.868,9.215,-3.737,0.199,2.280,0.327,3320,0
636938,-2.902,7.989,-3.127,0.236,2.297,0.208,3322,0
636958,-3.524,6.941,-2.071,0.223,2.325,0.067,3318,0
636978,-2.914,6.625,-1.027,0.471,2.362,-0.183,3316,1605
636998,-3.292,7.168,0.919,0.515,2.252,-0.212,3311,1806
637018,-2.167,6.337,2.837,0.665,1.873,-0.310,3309,1871
637038,-0.972,6.400,5.167,0.840,1.400,-0.376,3306,1988
637058,0.472,5.787,6.685,0.991,0.899,-0.709,3305,2120
637078,1.805,7.542,8.191,1.012,0.203,-0.803,3303,2542
637098,3.304,7.374,7.817,0.946,-0.558,-0.984,3301,2699
637118,4.899,9.421,7.192,0.887,-1.255,-0.988,3300,3023
637138,6.354,10.123,5.619,0.506,-1.750,-1.014,3299,3192
637158,7.525,10.757,4.666,0.036,-2.270,-0.949,3297,3319
637178,8.243,11.595,2.076,-0.142,-2.532,-0.956,3300,3607
637198,7.606,14.997,-0.781,-0.168,-2.600,-0.897,3299,3743
637218,6.922,17.901,-4.149,-0.915,-2.520,-0.339,3298,3862
637238,6.050,16.905,-6.108,-1.743,-2.275,0.331,3296,3909
637258,5.224,13.642,-6.981,-1.927,-1.851,0.683,3297,3941
637278,4.171,11.784,-7.293,-1.378,-1.235,0.556,3292,3955
637298,2.638,12.826,-8.171,-0.497,-0.692,0.478,3290,3992
637318,1.391,14.166,-9.704,-0.240,-0.401,0.756,3287,3992
637338,0.290,12.771,-9.668,-0.442,-0.033,1.053,3285,3999
637358,-0.946,11.068,-9.081,-0.432,0.384,1.164,3283,4004
637378,-1.975,9.787,-8.677,0.202,0.725,1.236,3281,3991
637398,-3.139,9.816,-8.399,0.658,1.177,1.186,3279,3991
637418,-3.843,8.969,-6.701,0.827,1.386,1.147,3277,3988
637438,-4.367,7.891,-4.556,0.761,1.686,1.011,3276,3988
637458,-4.803,7.013,-2.780,0.633,1.953,0.841,3276,3986
637478,-4.985,5.746,-0.740,0.905,2.060,0.635,3272,4004
637498,-4.537,5.490,1.446,1.137,2.125,0.208,3271,4013
637518,-3.723,6.565,3.440,1.111,2.018,0.017,3271,4010
637538,-2.682,7.108,5.605,0.667,1.666,-0.074,3271,3997
637558,-1.410,6.223,7.278,0.425,1.211,-0.270,3270,3989
637578,0.005,6.160,8.260,0.657,0.604,-0.544,3269,4000
637598,1.798,7.214,8.394,0.884,-0.047,-0.734,3270,4015
637618,3.809,8.480,8.143,0.751,-0.637,-0.904,3269,4013
637638,6.213,9.299,7.283,0.509,-1.264,-1.018,3267,4017
637658,7.908,10.209,5.904,0.206,-1.814,-1.098,3269,4017
637678,9.359,11.236,3.661,-0.033,-2.235,-1.047,3266,4057
637698,9.699,12.306,0.594,-0.210,-2.475,-0.935,3264,4066
637718,9.244,15.704,-2.828,-0.488,-2.568,-0.589,3263,4080
637738,9.290,16.242,-6.024,-1.236,-2.368,0.083,3263,4081
637758,8.248,13.350,-7.460,-1.479,-1.713,0.396,3262,4071
637778,6.764,11.382,-8.473,-1.050,-1.126,0.433,3263,4077
637798,5.095,12.507,-9.799,-0.831,-0.697,0.600,3261,4081
637818,3.469,12.179,-11.447,-1.033,-0.272,0.702,3262,4088
637838,2.033,11.574,-11.205,-1.226,0.125,0.841,3261,4067
637858,0.294,9.613,-10.472,-0.695,0.730,0.929,3263,4047
637878,-1.044,9.488,-9.728,0.214,1.132,0.974,3262,4033
637898,-3.421,9.110,-8.085,0.674,1.573,0.958,3262,4033
637918,-4.068,9.601,-6.208,0.988,1.644,0.858,3260,4040
637938,-5.478,9.227,-4.262,0.935,1.825,0.775,3259,4018
637958,-5.674,8.935,-1.757,0.796,1.867,0.744,3258,3989
637978,-5.765,6.874,0.340,1.050,1.963,0.621,3259,3974
637998,-5.040,6.048,1.937,1.285,2.016,0.136,3258,3960
638018,-4.587,7.360,3.424,1.189,1.954,-0.135,3255,3958
638038,-3.239,7.128,4.281,0.871,1.672,-0.335,3255,3965
638058,-2.320,7.566,6.172,0.497,1.346,-0.324,3254,3960
638078,-1.295,6.017,7.185,0.651,0.763,-0.605,3255,3952
638098,0.553,7.709,8.143,1.096,0.051,-0.709,3253,3956
638118,2.397,8.921,8.104,1.289,-0.673,-0.954,3253,3946
638138,4.463,11.277,7.925,0.898,-1.361,-0.908,3252,3954
638158,6.242,11.111,6.412,0.274,-1.872,-0.849,3251,3981
638178,7.949,11.463,4.836,-0.226,-2.352,-0.818,3255,3999
638198,9.074,12.251,2.466,-0.488,-2.684,-0.798,3255,4036
638218,9.402,14.099,-0.742,-0.656,-2.717,-0.629,3256,4067
638238,9.153,16.455,-4.008,-1.090,-2.574,-0.204,3254,4078
638258,9.086,15.977,-6.474,-1.610,-2.366,0.351,3252,4051
638278,8.286,12.895,-7.523,-1.749,-1.899,0.614,3252,3981
638298,7.647,11.207,-9.163,-1.225,-1.137,0.659,3253,3915
638318,5.897,10.987,-10.029,-0.576,-0.454,0.771,3252,3862
638338,3.797,11.858,-10.410,-0.590,-0.045,0.960,3253,3833
638358,2.636,11.152,-10.410,-0.980,0.033,1.167,3256,3805
638378,1.216,8.317,-9.194,-0.709,0.312,1.151,3256,3767
638398,-0.206,7.563,-8.636,0.411,0.866,0.951,3257,3715
638418,-1.906,8.693,-7.700,1.302,1.282,0.875,3256,3675
638438,-4.032,10.092,-7.216,1.320,1.487,0.835,3254,3643
638458,-5.215,10.022,-5.595,0.902,1.613,0.928,3255,3645
638478,-5.842,8.571,-4.044,0.555,1.985,0.742,3253,3622
638498,-6.352,6.831,-2.160,1.068,2.379,0.458,3253,3590
638518,-6.299,6.460,-0.105,1.293,2.686,-0.097,3252,3551
638538,-6.364,7.482,1.741,1.226,2.743,-0.487,3253,3474
638558,-5.227,7.432,3.330,0.854,2.534,-0.726,3250,3513
638578,-4.137,6.840,4.966,0.763,2.140,-0.888,3250,3647
638598,-2.861,6.548,6.560,1.026,1.587,-1.043,3251,3665
638618,-1.381,6.972,7.949,1.446,1.058,-1.222,3252,3700
638638,-0.057,8.538,8.961,1.581,0.466,-1.398,3251,3710
638658,1.858,10.070,9.306,1.365,-0.289,-1.446,3252,3729
638678,3.953,11.107,9.210,0.843,-1.156,-1.493,3251,3755
638698,5.646,12.512,8.049,0.266,-1.990,-1.455,3249,3788
638718,6.673,14.322,5.672,-0.413,-2.640,-1.261,3248,3842
638738,8.021,14.456,2.514,-0.862,-3.004,-1.024,3247,3858
638758,8.159,14.200,-0.563,-0.738,-3.123,-0.795,3247,3865
638778,8.066,17.863,-4.096,-0.892,-3.053,-0.329,3247,3895
638798,7.709,18.340,-6.457,-1.514,-2.940,0.463,3244,3888
638818,6.704,14.976,-7.786,-1.699,-2.417,0.870,3245,3830
638838,6.045,12.859,-9.172,-1.025,-1.551,0.956,3246,3724
638858,4.231,13.290,-11.155,-0.520,-0.860,1.204,3247,3657
638878,2.789,12.567,-11.602,-0.618,-0.625,1.311,3247,3518
638898,0.548,10.728,-10.554,-0.873,-0.063,1.460,3248,3339
638918,-0.120,9.009,-10.396,-0.130,0.383,1.547,3252,2852
638938,-1.992,7.798,-9.088,0.550,0.919,1.696,3254,0
638958,-1.772,7.022,-8.444,1.126,1.273,1.391,3254,0
638978,-3.972,6.998,-6.086,1.057,1.955,0.980,3256,0
638998,-4.664,7.329,-2.325,1.131,2.285,0.663,3257,0
639018,-6.797,7.966,1.288,1.041,2.288,0.613,3256,0
639038,-5.277,7.427,4.695,0.655,1.828,0.371,3250,0
639058,-3.955,6.536,6.093,0.274,1.481,0.137,3231,0
639078,-1.930,6.859,7.520,0.294,1.369,-0.116,3181,0
639098,-0.905,7.731,6.845,0.062,0.992,-0.259,3105,0
639118,0.690,8.329,5.897,-0.238,0.024,-0.144,3033,0
639138,3.397,8.298,3.733,-0.194,-0.899,-0.140,2964,0
639158,4.444,8.464,2.203,-0.327,-1.477,-0.033,2872,0
639178,6.381,7.949,-1.176,0.645,-0.353,-0.174,2732,0
639198,6.835,8.466,1.056,0.766,0.122,-0.377,2596,0
639218,5.590,9.364,1.494,0.319,-0.373,-0.408,2489,0
639238,4.932,10.312,0.170,-0.048,-0.461,-0.436,2425,0
639258,4.563,11.502,-0.235,-0.547,-0.581,-0.373,2395,0
639278,4.295,11.131,-0.414,-0.724,-0.869,-0.185,2384,0
639298,4.166,10.472,-0.713,-0.471,-0.892,-0.089,2384,0
639318,3.919,10.384,-1.343,-0.153,-0.763,-0.132,2391,0
639338,3.680,10.690,-1.827,-0.053,-0.694,-0.163,2394,0
639358,3.565,10.738,-1.987,-0.172,-0.718,-0.102,2401,0
639378,3.345,10.317,-1.707,-0.288,-0.644,0.009,2410,0
639398,3.223,9.977,-1.599,-0.181,-0.529,0.100,2416,0
639418,3.139,9.737,-1.846,-0.056,-0.444,0.128,2423,0
639438,2.945,9.622,-1.944,-0.091,-0.310,0.115,2428,0
639458,2.710,9.486,-1.731,-0.170,-0.213,0.100,2432,0
