340474,2.490,7.870,-5.416,0.022,-0.034,0.002,2283,0
340494,2.492,7.853,-5.397,0.038,-0.037,-0.002,2288,0
340514,2.528,7.915,-5.452,0.049,-0.034,-0.008,2287,0
340534,2.514,7.946,-5.440,0.046,-0.032,-0.006,2287,0
340554,2.480,7.908,-5.440,0.035,-0.037,-0.004,2276,0
340574,2.473,7.898,-5.492,0.034,-0.032,-0.009,2287,0
340594,2.507,7.939,-5.519,0.041,-0.021,-0.007,2287,0
340614,2.490,8.011,-5.538,0.038,-0.019,-0.001,2283,0
340634,2.480,8.023,-5.574,0.005,-0.035,0.005,2288,0
340654,2.507,7.944,-5.528,-0.029,-0.043,0.015,2288,0
340674,2.552,7.812,-5.492,0.003,-0.026,0.011,2288,0
340694,2.531,7.915,-5.504,0.048,0.001,-0.002,2288,0
340714,2.497,7.963,-5.543,0.030,0.011,-0.009,2273,0
340734,2.533,7.958,-5.488,0.010,0.015,-0.001,2280,0
340754,2.507,7.977,-5.409,0.006,0.013,0.002,2271,0
340774,2.504,7.987,-5.351,-0.006,-0.000,0.005,2287,0
340794,2.492,7.901,-5.301,0.002,0.002,0.009,2287,0
340814,2.559,7.915,-5.265,0.031,0.010,0.010,2287,0
340834,2.595,7.925,-5.255,0.041,0.000,0.004,2287,0
340854,2.550,7.966,-5.322,0.018,-0.020,-0.001,2287,0
340874,2.464,7.966,-5.310,-0.020,-0.027,-0.002,2287,0
340894,2.526,7.997,-5.339,-0.016,-0.019,0.003,2288,0
340914,2.677,8.023,-5.373,0.036,-0.007,0.013,2255,0
340934,2.737,8.047,-5.464,0.063,-0.003,0.017,2274,0
340954,2.413,7.980,-5.485,0.069,-0.010,0.016,2288,0
340974,2.298,7.977,-5.452,0.033,-0.012,0.000,2288,0
340994,2.626,7.949,-5.370,-0.027,0.013,-0.007,2288,0
341014,2.775,7.994,-5.308,-0.031,0.031,0.005,2288,0
341034,2.772,8.013,-5.382,-0.007,0.003,0.011,2287,0
341054,2.480,7.932,-5.423,0.001,-0.010,0.013,2288,0
341074,2.495,7.863,-5.351,-0.050,0.006,-0.005,2290,0
341094,2.753,7.867,-5.236,-0.114,0.025,-0.021,2272,0
341114,2.705,7.853,-5.059,-0.072,0.021,-0.012,2272,0
341134,2.521,7.908,-5.023,0.015,-0.014,-0.010,2288,0
341154,2.655,7.913,-5.183,0.041,-0.039,-0.020,2288,0
341174,2.777,7.891,-5.296,-0.014,-0.030,-0.041,2288,0
341194,2.907,7.968,-5.119,-0.080,0.021,-0.058,2261,0
341214,2.693,8.171,-5.009,-0.101,0.074,-0.063,2276,0
341234,2.447,8.282,-4.980,-0.128,0.043,-0.050,2288,0
341254,2.497,8.162,-5.088,-0.151,0.001,-0.031,2288,0
341274,2.679,7.970,-5.133,-0.149,-0.003,-0.035,2260,0
341294,2.784,7.970,-5.222,-0.118,0.022,-0.053,2289,0
341314,2.559,8.035,-5.327,-0.116,0.070,-0.074,2289,0
341334,2.385,8.171,-5.205,-0.190,0.109,-0.103,2291,0
341354,2.543,8.236,-5.054,-0.323,0.150,-0.125,2293,0
341374,2.686,8.210,-4.853,-0.422,0.164,-0.149,2293,0
341394,2.598,8.231,-4.566,-0.408,0.178,-0.164,2292,0
341414,2.421,8.375,-4.314,-0.323,0.155,-0.150,2295,0
341434,2.490,8.396,-4.310,-0.243,0.089,-0.118,2293,0
341454,2.722,8.370,-4.482,-0.215,0.022,-0.089,2288,0
341474,2.770,8.234,-4.652,-0.201,0.026,-0.093,2289,0
341494,2.540,8.406,-4.592,-0.171,0.073,-0.116,2294,0
341514,2.461,8.614,-4.518,-0.175,0.096,-0.110,2294,0
341534,2.641,8.782,-4.456,-0.161,0.046,-0.072,2293,0
341554,2.686,8.744,-4.482,-0.107,-0.011,-0.035,2293,0
341574,2.571,8.612,-4.551,-0.050,-0.007,0.005,2294,0
341594,2.466,8.545,-4.633,-0.034,0.016,0.019,2296,0
341614,2.488,8.471,-4.583,-0.058,0.050,0.006,2294,0
341634,2.456,8.480,-4.444,-0.079,0.076,-0.016,2296,0
341654,2.351,8.598,-4.295,-0.122,0.069,-0.022,2295,0
341674,2.351,8.648,-4.264,-0.187,0.038,-0.010,2297,0
341694,2.423,8.600,-4.190,-0.228,0.020,0.012,2295,0
341714,2.619,8.545,-4.199,-0.200,0.024,0.010,2296,0
341734,2.650,8.531,-4.271,-0.147,0.043,-0.007,2297,0
341754,2.658,8.569,-4.401,-0.133,0.063,-0.023,2299,0
341774,2.641,8.566,-4.424,-0.157,0.110,-0.032,2299,0
341794,2.626,8.701,-4.209,-0.167,0.169,-0.044,2299,0
341814,2.490,8.808,-4.013,-0.168,0.183,-0.031,2264,0
341834,2.375,8.832,-3.876,-0.202,0.139,-0.006,2293,0
341854,2.461,8.653,-3.788,-0.241,0.097,0.010,2298,0
341874,2.634,8.626,-3.627,-0.220,0.089,0.004,2299,0
341894,2.667,8.686,-3.438,-0.163,0.096,-0.005,2300,0
341914,2.626,8.758,-3.302,-0.103,0.079,-0.011,2284,0
341934,2.619,8.871,-3.270,-0.056,0.047,-0.010,2298,0
341954,2.576,8.947,-3.326,-0.034,0.021,-0.006,2298,0
341974,2.693,9.019,-3.326,-0.012,-0.005,0.011,2298,0
341994,2.691,8.990,-3.414,0.021,-0.018,0.033,2299,0
342014,2.660,8.897,-3.493,0.055,-0.028,0.043,2298,0
342034,2.605,8.770,-3.610,0.079,-0.041,0.046,2299,0
342054,2.607,8.636,-3.687,0.089,-0.044,0.039,2299,0
342074,2.693,8.595,-3.687,0.099,-0.037,0.030,2300,0
342094,2.746,8.624,-3.735,0.116,-0.032,0.009,2299,0
342114,2.789,8.710,-3.740,0.140,-0.028,-0.002,2299,0
342134,2.746,8.777,-3.749,0.145,-0.019,-0.005,2297,0
342154,2.670,8.789,-3.764,0.125,-0.023,0.006,2300,0
342174,2.696,8.751,-3.742,0.105,-0.025,0.012,2266,0
342194,2.729,8.739,-3.725,0.110,-0.017,0.012,2301,0
342214,2.713,8.751,-3.754,0.115,-0.023,0.007,2302,0
342234,2.684,8.789,-3.737,0.111,-0.031,0.015,2300,0
342254,2.658,8.727,-3.778,0.098,-0.039,0.021,2302,0
342274,2.727,8.650,-3.819,0.091,-0.040,0.015,2302,0
342294,2.796,8.614,-3.833,0.099,-0.026,0.005,2302,0
342314,2.808,8.669,-3.864,0.103,-0.006,-0.009,2303,0
342334,2.753,8.751,-3.907,0.061,-0.008,-0.007,2303,0
342354,2.732,8.717,-3.857,0.037,-0.013,0.002,2304,0
342374,2.713,8.729,-3.857,0.055,-0.009,0.008,2295,0
342394,2.732,8.775,-3.838,0.072,-0.014,0.016,2305,0
342414,2.765,8.796,-3.814,0.071,-0.015,0.022,2305,0
342434,2.801,8.861,-3.668,0.046,0.002,0.030,2305,0
342454,2.806,8.902,-3.409,0.042,0.035,0.044,2289,0
342474,2.720,8.815,-3.369,0.074,0.030,0.066,2308,0
342494,2.717,8.686,-3.579,0.074,-0.055,0.121,2308,0
342514,2.777,8.650,-3.802,0.032,-0.114,0.125,2309,0
342534,2.847,8.483,-3.847,-0.022,-0.114,0.080,2309,0
342554,2.844,8.380,-3.883,-0.042,-0.088,0.041,2298,0
342574,2.816,8.425,-3.977,-0.015,-0.075,0.012,2312,0
342594,2.832,8.535,-4.013,0.024,-0.067,-0.010,2314,0
342614,2.837,8.612,-4.077,0.044,-0.078,-0.021,2313,0
342634,2.875,8.712,-4.034,0.022,-0.076,-0.006,2313,0
342654,2.863,8.712,-4.046,0.002,-0.046,0.000,2317,0
342674,2.794,8.741,-3.960,0.005,-0.013,-0.002,2317,0
342694,2.806,8.842,-3.754,0.008,0.001,0.009,2317,0
342714,2.768,8.835,-3.584,0.002,-0.021,0.023,2319,0
342734,2.741,8.758,-3.563,-0.002,-0.057,0.031,2319,0
342754,2.806,8.622,-3.560,0.014,-0.074,0.032,2319,0
342774,2.897,8.588,-3.663,0.071,-0.071,0.027,2319,0
342794,2.878,8.756,-3.757,0.075,-0.069,0.019,2319,0
342814,2.799,8.662,-3.924,0.037,-0.086,0.011,2320,0
342834,2.863,8.641,-3.926,0.026,-0.075,0.017,2320,0
342854,2.868,8.554,-3.972,0.041,-0.050,0.011,2319,0
342874,2.842,8.645,-3.931,0.075,-0.029,0.006,2320,0
342894,2.842,8.717,-3.891,0.087,-0.024,0.006,2295,0
342914,2.840,8.672,-3.845,0.048,-0.028,0.011,2319,0
342934,2.880,8.588,-3.733,0.016,-0.025,0.014,2319,0
342954,2.921,8.602,-3.584,0.054,-0.023,0.013,2320,0
342974,2.883,8.734,-3.534,0.116,-0.030,0.013,2320,0
342994,2.801,8.866,-3.620,0.115,-0.059,0.003,2320,0
343014,2.737,8.844,-3.694,0.068,-0.094,0.014,2320,0
343034,2.780,8.780,-3.687,0.043,-0.108,0.027,2320,0
343054,2.911,8.717,-3.768,0.072,-0.115,0.031,2315,0
343074,2.909,8.638,-3.922,0.115,-0.116,0.044,2302,0
343094,2.931,8.550,-4.087,0.124,-0.104,0.039,2320,0
343114,2.859,8.547,-4.187,0.074,-0.091,0.024,2321,0
343134,2.875,8.533,-4.180,0.030,-0.079,0.021,2319,0
343154,2.904,8.495,-4.159,0.036,-0.055,0.022,2320,0
343174,2.914,8.526,-4.070,0.077,-0.036,0.019,2313,0
343194,2.902,8.550,-4.025,0.085,-0.017,0.001,2322,0
343214,2.859,8.564,-4.032,0.047,-0.013,-0.006,2321,0
343234,2.883,8.535,-3.953,0.013,-0.014,-0.011,2323,0
343254,2.907,8.526,-3.821,0.031,-0.011,-0.008,2323,0
343274,2.875,8.605,-3.833,0.078,-0.014,-0.010,2322,0
343294,2.856,8.708,-3.879,0.087,-0.022,-0.011,2323,0
343314,2.840,8.753,-3.922,0.048,-0.031,-0.009,2322,0
343334,2.866,8.679,-3.938,0.015,-0.031,-0.001,2322,0
343354,2.897,8.598,-3.855,0.024,-0.019,0.009,2306,0
343374,2.914,8.583,-3.840,0.071,-0.024,0.009,2322,0
343394,2.844,8.636,-3.891,0.089,-0.035,0.005,2323,0
343414,2.837,8.641,-3.955,0.063,-0.045,0.006,2323,0
343434,2.904,8.607,-3.960,0.038,-0.052,0.004,2323,0
343454,2.954,8.583,-3.943,0.038,-0.038,0.006,2322,0
343474,2.923,8.552,-3.943,0.057,-0.030,0.005,2323,0
343494,2.880,8.600,-3.934,0.068,-0.042,-0.000,2323,0
343514,2.856,8.588,-3.967,0.051,-0.051,-0.003,2324,0
343534,2.859,8.562,-3.994,0.032,-0.051,-0.001,2322,0
343554,2.902,8.557,-3.972,0.037,-0.034,0.001,2323,0
343574,2.909,8.626,-3.967,0.067,-0.025,-0.003,2323,0
343594,2.895,8.674,-3.950,0.067,-0.031,0.001,2322,0
343614,2.859,8.605,-3.941,0.044,-0.041,0.006,2323,0
343634,2.844,8.523,-3.931,0.042,-0.042,0.009,2323,0
343654,2.880,8.516,-3.977,0.068,-0.034,0.011,2323,0
343674,2.959,8.507,-4.003,0.128,-0.018,-0.003,2325,0
343694,2.921,8.610,-4.075,0.164,-0.017,-0.000,2324,0
343714,2.895,8.669,-4.116,0.120,-0.025,-0.002,2308,0
343734,2.875,8.607,-4.144,0.042,-0.034,0.006,2323,0
343754,2.907,8.547,-4.156,-0.006,-0.028,0.005,2321,0
343774,2.914,8.492,-4.065,-0.003,-0.011,-0.006,2323,0
343794,2.909,8.478,-4.015,0.043,0.009,-0.010,2323,0
343814,2.911,8.569,-4.044,0.071,0.008,-0.017,2323,0
343834,2.885,8.653,-4.017,0.032,-0.011,-0.014,2324,0
343854,2.880,8.571,-3.974,-0.009,-0.015,-0.001,2324,0
343874,2.890,8.540,-3.946,0.013,-0.005,-0.003,2323,0
343894,2.907,8.633,-3.965,0.062,-0.002,-0.011,2324,0
343914,2.866,8.712,-3.941,0.067,-0.009,-0.006,2324,0
343934,2.866,8.689,-3.905,0.032,-0.023,-0.001,2324,0
343954,2.868,8.614,-3.862,0.009,-0.034,0.004,2324,0
343974,2.923,8.538,-3.828,0.041,-0.031,0.013,2325,0
343994,2.942,8.610,-3.876,0.083,-0.041,0.017,2324,0
344014,2.954,8.677,-3.910,0.076,-0.061,0.025,2324,0
344034,2.976,8.586,-3.960,0.039,-0.071,0.028,2321,0
344054,2.959,8.464,-3.977,0.031,-0.068,0.035,2325,0
344074,2.952,8.435,-4.015,0.068,-0.057,0.022,2323,0
344094,2.916,8.430,-4.037,0.089,-0.053,0.003,2323,0
344114,2.914,8.478,-4.089,0.068,-0.062,-0.005,2323,0
344134,2.931,8.483,-4.111,0.039,-0.066,-0.011,2319,0
344154,2.940,8.497,-4.140,0.050,-0.048,-0.011,2325,0
344174,2.902,8.605,-4.195,0.079,-0.027,-0.010,2323,0
344194,2.856,8.665,-4.164,0.068,-0.021,-0.005,2325,0
344214,2.899,8.643,-4.120,0.035,-0.021,0.007,2325,0
344234,2.964,8.559,-4.070,0.019,-0.022,0.007,2326,0
344254,2.981,8.473,-3.994,0.027,-0.014,0.009,2325,0
344274,2.950,8.452,-4.005,0.046,-0.011,0.002,2320,0
344294,2.923,8.531,-4.029,0.052,-0.019,-0.003,2326,0
344314,2.899,8.583,-4.029,0.042,-0.026,-0.001,2324,0
344334,2.919,8.516,-4.049,0.032,-0.029,0.001,2323,0
344354,2.959,8.499,-4.034,0.056,-0.014,-0.003,2325,0
344374,2.916,8.581,-4.053,0.073,-0.006,-0.009,2323,0
344394,2.902,8.600,-4.065,0.054,-0.021,-0.005,2325,0
344414,2.935,8.569,-4.049,0.037,-0.027,0.003,2324,0
344434,2.935,8.574,-4.029,0.050,-0.027,0.006,2324,0
344454,2.916,8.564,-4.017,0.067,-0.017,0.010,2325,0
344474,2.911,8.605,-4.013,0.063,-0.012,0.013,2324,0
344494,2.962,8.614,-4.013,0.039,-0.026,0.015,2324,0
344514,3.007,8.492,-4.001,0.027,-0.039,0.019,2324,0
344534,2.986,8.411,-4.044,0.046,-0.041,0.017,2325,0
344554,2.988,8.420,-4.068,0.070,-0.038,0.007,2323,0
344574,2.966,8.483,-4.128,0.071,-0.031,-0.001,2323,0
344594,2.978,8.538,-4.207,0.051,-0.032,-0.007,2324,0
344614,2.954,8.562,-4.204,0.035,-0.021,-0.004,2324,0
344634,2.950,8.535,-4.161,0.048,-0.002,0.001,2297,0
344654,2.931,8.543,-4.096,0.073,0.004,0.008,2324,0
344674,2.952,8.538,-4.034,0.070,-0.001,0.012,2324,0
344694,2.969,8.526,-3.989,0.048,-0.012,0.005,2324,0
344714,2.974,8.521,-3.941,0.031,-0.027,0.009,2323,0
344734,3.021,8.509,-3.970,0.049,-0.029,0.016,2325,0
344754,3.060,8.499,-4.008,0.079,-0.025,0.018,2323,0
344774,3.043,8.538,-4.025,0.087,-0.024,0.024,2323,0
344794,3.024,8.521,-4.058,0.064,-0.026,0.020,2324,0
344814,2.978,8.449,-4.104,0.048,-0.037,0.015,2324,0
344834,2.988,8.420,-4.180,0.060,-0.041,0.002,2323,0
344854,2.981,8.418,-4.238,0.074,-0.041,-0.006,2323,0
344874,3.050,8.428,-4.178,0.067,-0.031,-0.011,2324,0
344894,3.010,8.471,-4.168,0.058,-0.021,-0.015,2322,0
344914,2.957,8.545,-4.130,0.059,-0.026,0.000,2325,0
344934,2.931,8.552,-4.125,0.048,-0.037,-0.002,2323,0
344954,2.983,8.519,-4.159,0.029,-0.036,0.003,2315,0
344974,3.079,8.452,-4.142,0.017,-0.019,-0.002,2313,0
344994,3.031,8.449,-4.118,0.029,-0.014,-0.003,2322,0
345014,3.045,8.473,-4.142,0.044,-0.024,-0.005,2324,0
345034,2.978,8.459,-4.166,0.054,-0.034,-0.005,2323,0
345054,3.000,8.473,-4.190,0.040,-0.026,-0.001,2300,0
345074,2.990,8.416,-4.161,0.030,-0.008,-0.007,2324,0
345094,3.014,8.452,-4.135,0.038,-0.004,-0.020,2326,0
345114,3.007,8.490,-4.123,0.043,-0.013,-0.021,2324,0
345134,3.026,8.456,-4.085,0.037,-0.017,-0.014,2323,0
345154,2.986,8.487,-4.096,0.041,-0.015,-0.011,2306,0
345174,2.966,8.521,-4.101,0.049,-0.019,-0.015,2324,0
345194,2.998,8.543,-4.061,0.036,-0.023,-0.018,2323,0
345214,3.033,8.547,-4.068,0.018,-0.026,-0.019,2324,0
345234,3.043,8.526,-4.070,0.011,-0.028,-0.011,2323,0
345254,3.033,8.483,-4.049,0.025,-0.031,-0.006,2324,0
345274,3.041,8.428,-4.118,0.038,-0.028,-0.008,2325,0
345294,3.021,8.408,-4.137,0.045,-0.024,-0.017,2324,0
345314,2.993,8.418,-4.140,0.051,-0.019,-0.025,2323,0
345334,2.974,8.502,-4.149,0.056,-0.019,-0.032,2325,0
345354,2.974,8.576,-4.113,0.038,-0.023,-0.022,2323,0
345374,2.976,8.574,-4.149,0.022,-0.016,-0.015,2325,0
345394,2.957,8.554,-4.096,0.026,-0.011,-0.014,2324,0
345414,2.990,8.571,-4.094,0.038,-0.014,-0.009,2324,0
345434,3.007,8.550,-4.015,0.035,-0.018,-0.003,2324,0
345454,3.005,8.540,-3.974,0.012,-0.024,0.002,2322,0
345474,3.053,8.483,-3.967,0.020,-0.030,0.005,2324,0
345494,3.026,8.437,-4.013,0.052,-0.033,-0.005,2324,0
345514,3.002,8.425,-4.092,0.066,-0.043,-0.020,2324,0
345534,2.976,8.495,-4.125,0.050,-0.039,-0.015,2327,0
345554,2.954,8.480,-4.190,0.026,-0.030,-0.013,2324,0
345574,2.978,8.483,-4.185,0.029,-0.029,-0.010,2323,0
345594,2.988,8.487,-4.171,0.047,-0.021,-0.016,2325,0
345614,2.962,8.502,-4.154,0.047,-0.018,-0.020,2323,0
345634,2.974,8.490,-4.085,0.029,-0.015,-0.007,2325,0
345654,2.971,8.521,-4.017,0.035,-0.014,-0.007,2323,0
345674,2.964,8.581,-4.049,0.058,-0.017,-0.007,2324,0
345694,2.993,8.614,-4.039,0.062,-0.023,-0.005,2324,0
345714,3.012,8.554,-4.020,0.040,-0.027,-0.001,2323,0
345734,3.019,8.514,-4.008,0.021,-0.032,0.002,2323,0
345754,3.007,8.473,-3.998,0.030,-0.037,0.003,2324,0
345774,2.983,8.499,-4.082,0.059,-0.042,0.002,2324,0
345794,2.971,8.528,-4.137,0.079,-0.040,-0.003,2323,0
345814,2.969,8.552,-4.183,0.080,-0.037,-0.001,2323,0
345834,2.978,8.531,-4.199,0.069,-0.029,-0.002,2323,0
345854,3.026,8.464,-4.116,0.053,-0.022,0.005,2323,0
345874,3.014,8.452,-4.085,0.045,-0.027,0.010,2325,0
345894,2.974,8.413,-4.142,0.054,-0.021,0.003,2324,0
345914,2.995,8.487,-4.147,0.050,-0.033,-0.002,2323,0
345934,3.007,8.499,-4.128,0.039,-0.027,-0.002,2323,0
345954,3.067,8.478,-4.161,0.036,-0.017,0.003,2324,0
345974,2.988,8.528,-4.123,0.052,-0.010,-0.002,2325,0
345994,2.959,8.504,-4.089,0.057,-0.021,-0.001,2324,0
346014,2.945,8.480,-4.120,0.051,-0.023,-0.002,2324,0
346034,2.993,8.487,-4.075,0.043,-0.019,0.003,2324,0
346054,3.038,8.504,-4.068,0.050,-0.015,-0.004,2324,0
346074,3.010,8.545,-4.051,0.054,-0.016,-0.001,2325,0
346094,2.971,8.569,-4.058,0.055,-0.031,0.004,2324,0
346114,2.974,8.543,-4.068,0.051,-0.038,0.014,2324,0
346134,3.024,8.523,-4.068,0.060,-0.034,0.022,2326,0
346154,3.079,8.497,-4.082,0.065,-0.030,0.020,2325,0
346174,3.112,8.485,-4.068,0.061,-0.041,0.019,2324,0
346194,3.084,8.413,-4.092,0.055,-0.049,0.022,2319,0
346214,3.026,8.353,-4.128,0.068,-0.044,0.022,2324,0
346234,3.031,8.341,-4.202,0.085,-0.038,0.014,2325,0
346254,3.069,8.370,-4.245,0.103,-0.028,-0.002,2325,0
346274,3.057,8.420,-4.281,0.094,-0.021,-0.011,2325,0
346294,3.043,8.464,-4.278,0.065,-0.022,-0.013,2325,0
346314,3.014,8.456,-4.221,0.044,-0.019,-0.005,2326,0
346334,2.990,8.480,-4.197,0.052,-0.019,0.002,2326,0
346354,2.995,8.497,-4.159,0.068,-0.019,0.004,2325,0
346374,3.050,8.526,-4.164,0.074,-0.014,0.010,2326,0
346394,3.065,8.543,-4.156,0.055,-0.017,0.010,2325,0
346414,3.077,8.490,-4.099,0.027,-0.026,0.018,2325,0
346434,3.108,8.346,-4.104,0.032,-0.035,0.016,2323,0
346454,3.069,8.337,-4.144,0.063,-0.038,0.011,2324,0
346474,3.026,8.396,-4.185,0.086,-0.039,0.007,2323,0
346494,3.041,8.432,-4.235,0.072,-0.043,0.003,2324,0
346514,3.060,8.466,-4.228,0.049,-0.039,0.003,2324,0
346534,3.041,8.435,-4.233,0.042,-0.033,0.009,2324,0
346554,3.033,8.435,-4.209,0.056,-0.035,0.014,2325,0
346574,3.026,8.456,-4.223,0.072,-0.038,0.017,2324,0
346594,3.060,8.473,-4.156,0.062,-0.040,0.019,2326,0
346614,3.084,8.389,-4.154,0.035,-0.043,0.013,2324,0
346634,3.120,8.329,-4.156,0.041,-0.048,0.016,2326,0
346654,3.153,8.341,-4.152,0.065,-0.050,0.015,2325,0
346674,3.100,8.368,-4.211,0.079,-0.054,0.010,2324,0
346694,3.060,8.406,-4.245,0.062,-0.062,0.008,2326,0
346714,3.045,8.349,-4.290,0.042,-0.063,-0.001,2325,0
346734,3.053,8.327,-4.302,0.058,-0.049,-0.002,2324,0
346754,3.055,8.392,-4.393,0.082,-0.035,-0.007,2325,0
346774,3.091,8.452,-4.408,0.068,-0.030,-0.006,2325,0
346794,3.120,8.396,-4.372,0.035,-0.022,-0.003,2325,0
346814,3.077,8.339,-4.281,0.025,-0.026,-0.002,2326,0
346834,3.048,8.341,-4.290,0.044,-0.016,0.001,2325,0
346854,3.103,8.382,-4.207,0.054,-0.010,-0.002,2324,0
346874,3.127,8.401,-4.180,0.048,-0.013,-0.005,2325,0
346894,3.134,8.399,-4.173,0.021,-0.030,-0.006,2325,0
346914,3.110,8.334,-4.156,0.016,-0.039,-0.012,2325,0
346934,3.079,8.317,-4.192,0.043,-0.038,-0.009,2324,0
346954,3.074,8.396,-4.290,0.066,-0.037,-0.010,2325,0
346974,3.069,8.456,-4.334,0.054,-0.036,-0.016,2325,0
346994,3.055,8.428,-4.353,0.018,-0.035,-0.016,2324,0
347014,3.036,8.368,-4.274,0.014,-0.031,-0.012,2324,0
347034,3.057,8.368,-4.302,0.047,-0.021,-0.009,2323,0
347054,3.031,8.466,-4.283,0.062,-0.024,-0.006,2326,0
347074,3.084,8.452,-4.245,0.036,-0.028,-0.003,2324,0
347094,3.105,8.396,-4.209,0.010,-0.030,-0.009,2325,0
347114,3.100,8.375,-4.180,0.009,-0.032,-0.009,2326,0
347134,3.108,8.310,-4.204,0.033,-0.034,-0.006,2325,0
347154,3.105,8.310,-4.250,0.052,-0.033,-0.011,2324,0
347174,3.053,8.396,-4.293,0.042,-0.036,-0.021,2324,0
347194,3.043,8.418,-4.240,0.015,-0.033,-0.023,2324,0
347214,3.017,8.416,-4.300,0.017,-0.033,-0.022,2325,0
347234,3.010,8.452,-4.322,0.039,-0.026,-0.019,2326,0
347254,3.007,8.490,-4.331,0.049,-0.016,-0.011,2326,0
347274,3.038,8.538,-4.276,0.036,-0.011,-0.002,2326,0
347294,3.043,8.492,-4.204,0.014,-0.013,0.003,2325,0
347314,3.081,8.346,-4.108,0.010,-0.024,0.005,2325,0
347334,3.122,8.298,-4.070,0.018,-0.037,-0.006,2327,0
347354,3.110,8.313,-4.096,0.035,-0.041,-0.013,2324,0
347374,3.086,8.423,-4.159,0.042,-0.046,-0.020,2324,0
347394,3.045,8.480,-4.240,0.028,-0.051,-0.022,2324,0
347414,3.024,8.480,-4.259,0.011,-0.057,-0.017,2326,0
347434,3.024,8.418,-4.290,0.016,-0.051,-0.014,2322,0
347454,3.057,8.399,-4.295,0.044,-0.035,-0.005,2323,0
347474,3.050,8.432,-4.293,0.050,-0.029,-0.010,2325,0
347494,3.062,8.413,-4.266,0.022,-0.034,-0.011,2325,0
347514,3.074,8.351,-4.231,0.004,-0.038,-0.014,2325,0
347534,3.033,8.365,-4.223,0.024,-0.028,-0.017,2326,0
347554,3.007,8.447,-4.257,0.051,-0.025,-0.022,2325,0
347574,2.990,8.519,-4.247,0.039,-0.026,-0.020,2325,0
347594,3.019,8.511,-4.195,0.010,-0.029,-0.012,2327,0
347614,3.041,8.502,-4.130,0.004,-0.026,-0.006,2325,0
347634,3.050,8.468,-4.077,0.023,-0.030,0.001,2325,0
347654,3.007,8.535,-3.991,0.046,-0.052,-0.000,2298,0
347674,3.002,8.440,-4.159,0.023,-0.043,-0.003,2326,0
347694,3.062,8.540,-4.068,-0.001,-0.074,0.006,2327,0
347714,3.055,8.440,-4.089,-0.001,-0.078,0.006,2333,0
347734,3.017,8.466,-4.149,0.024,-0.071,0.009,2344,0
347754,3.060,8.485,-4.262,-0.014,-0.104,0.040,2352,0
347774,3.069,8.452,-4.269,-0.042,-0.086,0.030,2359,0
347794,3.053,8.380,-4.197,-0.009,-0.068,0.008,2372,0
347814,3.077,8.478,-4.120,0.001,-0.082,0.014,2389,0
347834,3.093,8.492,-4.104,-0.011,-0.096,0.020,2416,0
347854,3.077,8.425,-4.214,-0.030,-0.078,0.015,2447,0
347874,2.962,8.480,-4.317,-0.068,-0.063,0.009,2490,0
347894,3.050,8.495,-4.307,-0.070,-0.057,0.017,2522,0
347914,3.093,8.521,-4.053,-0.076,-0.092,0.018,2559,0
347934,3.098,8.528,-3.910,-0.092,-0.135,0.056,2638,0
347954,3.148,8.167,-3.924,-0.220,-0.261,0.155,2700,0
347974,2.751,8.686,-4.331,-0.136,-0.113,0.082,2744,0
347994,2.988,8.698,-4.099,-0.159,-0.120,0.062,2799,0
348014,3.091,8.552,-3.797,-0.204,-0.182,0.100,2878,0
348034,3.069,8.334,-3.831,-0.205,-0.213,0.150,2964,0
348054,3.086,8.353,-3.891,-0.114,-0.197,0.126,3025,0
348074,3.124,8.559,-3.867,-0.017,-0.166,0.056,3067,0
348094,3.120,8.720,-3.687,-0.062,-0.208,0.094,3121,0
348114,2.619,8.875,-3.852,-0.156,-0.276,0.151,3163,0
348134,2.729,8.598,-3.706,-0.242,-0.366,0.214,3204,0
348154,3.314,8.643,-3.783,-0.122,-0.348,0.144,3232,0
348174,3.237,8.396,-3.644,-0.010,-0.347,0.138,3258,0
348194,2.942,8.645,-3.948,0.087,-0.225,0.078,3281,0
348214,3.388,8.669,-4.037,-0.015,-0.193,0.076,3291,0
348234,2.533,8.638,-4.027,-0.123,-0.217,0.119,3301,0
348254,3.651,8.394,-3.802,-0.095,-0.235,0.079,3312,0
348274,2.825,8.416,-3.812,-0.006,-0.289,0.164,3354,0
348294,3.055,8.528,-4.104,0.058,-0.207,0.091,3324,0
348314,3.486,8.487,-3.994,0.051,-0.247,0.085,3327,0
348334,2.677,8.703,-3.946,0.022,-0.217,0.125,3330,0
348354,3.668,8.207,-3.965,0.034,-0.104,0.014,3333,0
348374,2.971,8.499,-3.943,0.075,-0.059,0.038,3332,0
348394,2.696,8.796,-3.924,0.001,-0.120,0.063,3334,0
348414,3.689,8.179,-3.869,-0.030,-0.174,0.063,3334,0
348434,2.823,8.669,-3.898,0.062,-0.151,0.105,3329,0
348454,3.326,8.392,-4.116,0.036,-0.058,0.025,3337,0
348474,3.469,8.392,-4.041,0.066,-0.048,0.005,3334,0
348494,2.655,8.854,-3.934,0.002,-0.083,0.074,3334,0
348514,3.496,8.298,-3.883,-0.049,-0.084,0.025,3334,0
348534,3.383,8.296,-3.783,0.019,-0.109,0.071,3331,0
348554,2.677,8.734,-3.907,0.033,-0.081,0.080,3330,0
348574,3.115,8.543,-4.061,0.030,-0.088,0.044,3333,0
348594,3.376,8.423,-4.068,0.035,-0.057,0.004,3330,0
348614,3.168,8.452,-4.128,0.011,0.043,-0.029,3327,0
348634,2.933,8.519,-3.950,-0.051,0.016,0.002,3324,0
348654,3.077,8.633,-3.807,0.027,-0.089,0.086,3318,0
348674,3.369,8.593,-3.941,0.114,-0.097,0.096,3314,0
348694,3.409,8.468,-4.099,0.140,0.009,0.017,3310,0
348714,2.828,8.660,-3.931,0.038,0.007,0.055,3300,0
348734,3.199,8.557,-3.711,0.067,-0.137,0.150,3290,0
348754,3.539,8.253,-3.881,0.220,-0.113,0.117,3279,966
348774,3.543,8.334,-4.142,0.276,0.030,0.005,3263,1194
348794,3.103,8.444,-4.085,0.170,0.107,-0.026,3251,1979
348814,3.194,8.305,-3.840,0.119,-0.064,0.037,3239,1917
348834,3.584,8.059,-3.946,0.288,-0.039,-0.014,3223,2060
348854,3.634,8.076,-4.336,0.469,0.142,-0.151,3211,2150
348874,3.038,8.564,-4.420,0.476,0.258,-0.183,3197,2355
348894,3.010,8.801,-4.271,0.226,0.064,-0.026,3185,2813
348914,3.373,8.339,-4.334,0.122,0.069,0.013,3170,2968
348934,3.472,8.274,-4.413,0.134,0.135,-0.029,3159,3184
348954,3.347,8.262,-4.391,0.140,0.225,-0.048,3151,3287
348974,3.230,8.289,-4.211,0.121,0.181,-0.055,3142,3340
348994,3.256,8.274,-4.125,0.091,0.099,-0.016,3135,3393
349014,3.412,8.104,-4.101,0.111,0.102,-0.027,3126,3424
349034,3.450,8.207,-4.130,0.151,0.132,-0.045,3123,3427
349054,3.407,8.315,-4.175,0.140,0.138,-0.051,3120,3428
349074,3.345,8.471,-4.192,0.066,0.103,-0.037,3114,3426
349094,3.105,8.449,-4.286,-0.029,0.046,-0.016,3111,3421
349114,3.376,8.593,-3.996,0.009,0.056,0.028,3099,3408
349134,2.962,8.248,-4.223,0.043,0.072,-0.019,3107,3399
349154,3.771,7.956,-4.415,0.116,0.023,-0.041,3102,3398
349174,3.067,8.720,-3.639,-0.013,0.002,0.034,3103,3392
349194,3.649,7.836,-4.681,0.063,0.022,-0.068,3102,3385
349214,3.124,8.768,-3.591,-0.051,-0.035,0.029,3101,3365
349234,3.615,7.803,-4.678,0.061,-0.010,-0.063,3100,3295
349254,3.139,8.691,-3.620,-0.025,-0.053,0.034,3097,3196
349274,3.634,7.882,-4.719,0.096,-0.027,-0.064,3085,3022
349294,3.115,8.614,-3.634,-0.035,-0.071,0.035,3095,2898
349314,3.771,7.855,-4.736,0.121,-0.014,-0.074,3093,2898
349334,2.911,8.581,-3.919,-0.018,-0.016,0.003,3092,2890
349354,4.001,8.545,-4.477,0.062,-0.058,-0.044,3092,2856
349374,2.808,8.349,-4.092,-0.040,-0.051,0.008,3091,2798
349394,4.056,8.626,-4.089,0.053,-0.076,-0.013,3090,2764
349414,2.902,8.100,-4.401,0.068,0.013,-0.041,3090,2763
349434,3.486,8.626,-3.893,-0.008,-0.043,0.000,3090,2773
349454,3.235,8.018,-4.530,0.037,-0.019,-0.039,3087,2753
349474,3.184,8.406,-3.795,-0.067,-0.051,0.035,3087,2748
349494,3.931,8.308,-4.489,0.094,-0.016,-0.047,3088,2754
349514,2.909,8.361,-4.104,-0.009,0.006,0.004,3088,2691
349534,3.905,8.571,-4.017,0.056,-0.043,-0.041,3086,2669
349554,2.808,8.198,-4.247,0.002,-0.050,-0.004,3087,2628
349574,3.699,8.423,-4.147,0.051,-0.059,-0.022,3087,2628
349594,3.390,8.322,-4.082,0.023,-0.001,-0.022,3087,2639
349614,3.237,8.437,-4.243,0.012,-0.026,-0.015,3085,2633
349634,3.335,8.399,-4.166,0.015,-0.066,-0.010,3086,2622
349654,3.412,8.270,-4.173,0.033,-0.045,-0.011,3084,2608
349674,3.354,8.325,-4.195,0.048,-0.012,-0.017,3081,2612
349694,3.266,8.423,-4.190,0.031,-0.011,-0.017,3080,2626
349714,3.297,8.404,-4.142,0.020,-0.032,-0.001,3079,2639
349734,3.349,8.404,-4.156,0.025,-0.025,0.002,3073,2642
349754,3.393,8.349,-4.108,0.023,-0.017,-0.002,3070,2639
349774,3.318,8.334,-4.075,0.023,-0.007,0.002,3072,2640
349794,3.342,8.315,-4.027,0.031,-0.021,-0.003,3069,2640
349814,3.340,8.310,-4.063,0.050,-0.048,-0.004,3070,2513
349834,3.364,8.339,-4.116,0.058,-0.058,-0.012,3070,2388
349854,3.354,8.420,-4.132,0.036,-0.034,-0.013,3069,2389
349874,3.371,8.361,-4.149,0.008,-0.024,-0.007,3068,2397
349894,3.335,8.334,-4.099,0.012,-0.026,-0.001,3066,2400
349914,3.354,8.337,-4.128,0.039,-0.022,0.001,3065,2368
349934,3.354,8.346,-4.168,0.050,-0.011,-0.006,3065,2355
349954,3.349,8.368,-4.211,0.021,-0.012,-0.011,3066,2359
349974,3.309,8.270,-4.166,0.004,-0.006,-0.013,3065,2352
349994,3.338,8.289,-4.092,0.027,-0.030,-0.008,3063,2327
350014,3.345,8.377,-4.108,0.050,-0.020,-0.015,3064,2311
350034,3.306,8.478,-4.154,0.036,-0.009,-0.018,3064,2366
350054,3.335,8.452,-4.161,0.019,-0.018,-0.004,3061,2350
350074,3.299,8.358,-4.061,0.023,-0.027,0.012,3058,2332
350094,3.050,8.193,-4.252,0.058,-0.048,0.010,3057,2306
350114,2.909,8.152,-4.276,0.072,-0.009,-0.015,3058,2305
350134,3.263,8.399,-4.314,0.093,0.007,-0.052,3054,2317
350154,3.694,8.624,-3.802,0.015,-0.033,0.001,3056,2311
350174,2.844,8.174,-4.281,0.009,-0.048,0.034,3056,2392
350194,3.972,8.473,-3.929,0.109,-0.054,-0.014,3056,2397
350214,2.887,8.229,-4.288,0.031,-0.026,0.025,3056,2307
350234,3.881,8.540,-4.015,0.116,-0.036,-0.044,3055,2241
350254,2.792,8.327,-4.324,0.042,-0.040,0.008,3055,2213
350274,3.843,8.444,-3.924,0.068,-0.041,-0.017,3056,2243
350294,2.902,8.193,-4.417,0.059,0.023,-0.018,3055,2204
350314,3.553,8.533,-3.948,0.033,-0.005,-0.009,3054,2173
350334,3.158,8.195,-4.300,0.079,-0.014,-0.019,3051,2137
350354,3.275,8.401,-3.970,0.004,-0.036,0.022,3054,2138
350374,3.632,8.329,-4.264,0.097,-0.007,-0.039,3054,2120
350394,2.981,8.282,-4.077,-0.005,-0.010,0.020,3053,2112
350414,3.814,8.487,-4.089,0.088,-0.015,-0.042,3041,2104
350434,2.844,8.207,-4.202,0.003,-0.046,0.027,3053,2001
350454,3.881,8.554,-3.994,0.068,-0.039,-0.014,3054,1905
350474,2.998,8.231,-4.341,0.064,0.002,0.006,3045,1903
350494,3.402,8.507,-3.979,0.006,-0.007,0.013,3053,1918
350514,3.795,8.514,-4.152,0.069,-0.025,-0.028,3052,1920
350534,3.112,8.317,-4.046,-0.026,-0.035,0.043,3045,1946
350554,3.907,8.478,-3.974,0.080,-0.007,-0.009,3052,1924
350574,3.433,8.396,-3.915,0.004,0.006,0.029,3053,1927
350594,3.292,8.291,-4.223,0.052,-0.023,0.011,3053,1958
350614,3.414,8.255,-4.005,0.037,-0.029,-0.005,3052,1949
350634,3.400,8.243,-4.116,0.017,-0.020,-0.009,3051,1948
350654,3.419,8.243,-4.092,0.025,-0.011,-0.012,3053,1922
350674,3.383,8.277,-4.080,0.039,-0.013,-0.014,3052,1705
350694,3.345,8.310,-4.116,0.035,-0.041,-0.016,3052,955
350714,3.323,8.363,-4.116,0.045,-0.046,-0.013,3055,230
350734,3.259,8.411,-4.041,0.057,-0.088,-0.006,3058,0
350754,3.117,8.557,-3.955,0.062,-0.132,0.064,3071,0
350774,3.280,8.471,-3.821,0.015,-0.294,0.133,3107,0
350794,3.745,8.246,-3.958,0.032,-0.255,0.104,3133,0
350814,3.433,8.171,-4.056,0.074,-0.124,0.067,3153,0
350834,3.302,8.370,-4.161,0.048,-0.126,0.052,3175,0
350854,3.191,8.605,-4.156,-0.024,-0.155,0.080,3184,0
350874,3.364,8.495,-4.164,-0.050,-0.223,0.105,3185,0
350894,3.560,8.349,-4.240,0.003,-0.177,0.110,3185,0
350914,3.620,8.183,-4.439,0.051,-0.021,0.107,3170,0
350934,3.342,8.313,-4.470,0.028,0.096,0.046,3146,0
350954,3.438,8.334,-4.434,-0.036,0.112,-0.005,3104,0
350974,3.421,8.124,-4.458,-0.043,0.137,0.004,3055,0
350994,3.512,7.906,-4.199,0.036,0.125,-0.015,3009,0
351014,3.354,8.059,-4.226,0.105,0.064,-0.044,2960,0
351034,3.493,8.267,-4.357,0.121,0.041,-0.066,2909,0
351054,3.747,8.124,-4.171,0.186,0.133,-0.122,2853,0
351074,3.591,8.064,-4.027,0.206,0.210,-0.188,2804,0
351094,3.136,8.346,-4.156,0.153,0.185,-0.174,2765,0
351114,3.388,8.413,-4.168,0.074,0.124,-0.121,2705,0
351134,3.563,8.277,-3.994,0.131,0.120,-0.146,2654,0
351154,3.486,8.327,-3.943,0.195,0.110,-0.159,2619,0
351174,3.220,8.406,-4.130,0.146,0.067,-0.118,2587,0
351194,3.297,8.576,-4.187,0.099,0.042,-0.080,2530,0
351214,3.517,8.511,-4.111,0.127,0.055,-0.081,2485,0
351234,3.500,8.334,-3.994,0.160,0.064,-0.086,2466,0
351254,3.352,8.272,-4.132,0.160,0.059,-0.101,2437,0
351274,3.227,8.262,-4.322,0.106,0.030,-0.080,2446,0
351294,3.366,8.238,-4.374,0.123,0.031,-0.079,2430,0
351314,3.402,8.301,-4.233,0.195,0.062,-0.115,2411,0
351334,3.486,8.215,-4.209,0.212,0.098,-0.122,2399,0
351354,3.323,8.238,-4.403,0.140,0.090,-0.123,2386,0
351374,3.189,8.191,-4.647,0.044,0.106,-0.133,2385,0
351394,3.254,8.124,-4.484,0.095,0.168,-0.185,2386,0
351414,3.371,8.274,-4.094,0.240,0.180,-0.230,2385,0
351434,3.361,8.291,-4.063,0.227,0.099,-0.162,2384,0
351454,3.175,8.188,-4.487,0.111,0.072,-0.108,2384,0
351474,3.168,8.521,-4.556,0.112,0.092,-0.153,2384,0
351494,3.196,8.818,-4.137,0.115,0.045,-0.143,2384,0
351514,3.237,8.420,-3.903,0.014,-0.029,-0.058,2384,0
351534,3.259,8.085,-4.128,0.017,-0.024,-0.056,2384,0
351554,3.163,8.298,-4.424,0.096,-0.001,-0.084,2384,0
351574,3.127,8.552,-4.424,0.187,-0.005,-0.094,2385,0
351594,3.153,8.629,-4.221,0.179,-0.043,-0.052,2387,0
351614,3.199,8.327,-4.266,0.020,-0.079,-0.028,2388,0
351634,3.184,8.035,-4.410,-0.021,-0.050,-0.034,2388,0
351654,3.148,8.231,-4.513,0.066,-0.021,-0.044,2387,0
351674,3.124,8.466,-4.513,0.140,-0.018,-0.052,2386,0
351694,3.136,8.380,-4.583,0.080,-0.018,-0.022,2387,0
351714,3.170,8.303,-4.549,0.002,-0.014,0.008,2385,0
351734,3.163,8.246,-4.501,0.012,0.005,-0.009,2386,0
351754,3.093,8.317,-4.472,0.084,0.030,-0.028,2386,0
351774,3.086,8.339,-4.365,0.067,0.009,-0.008,2385,0
351794,3.201,8.301,-4.310,0.019,-0.015,-0.008,2388,0
351814,3.170,8.243,-4.290,0.011,-0.017,-0.013,2388,0
351834,3.175,8.282,-4.298,0.042,-0.018,-0.015,2389,0
351854,3.136,8.356,-4.298,0.079,-0.034,-0.007,2391,0
351874,3.120,8.399,-4.334,0.075,-0.050,0.008,2392,0
351894,3.100,8.408,-4.338,0.065,-0.069,0.018,2392,0
351914,3.100,8.375,-4.391,0.069,-0.067,0.024,2393,0
351934,3.134,8.317,-4.410,0.078,-0.057,0.025,2394,0
351954,3.179,8.380,-4.374,0.102,-0.058,0.023,2393,0
351974,3.189,8.329,-4.367,0.107,-0.053,0.029,2396,0
351994,3.156,8.315,-4.415,0.090,-0.060,0.028,2396,0
352014,3.139,8.219,-4.458,0.058,-0.066,0.032,2396,0
352034,3.170,8.219,-4.436,0.048,-0.080,0.034,2397,0
352054,3.194,8.155,-4.453,0.054,-0.095,0.022,2399,0
352074,3.148,8.061,-4.465,0.051,-0.082,0.019,2400,0
352094,3.158,8.157,-4.530,0.052,-0.082,0.015,2401,0
352114,3.168,8.224,-4.571,0.046,-0.080,-0.002,2402,0
352134,3.153,8.253,-4.606,0.029,-0.078,0.003,2403,0
352154,3.168,8.212,-4.594,0.027,-0.051,0.003,2404,0
352174,3.148,8.272,-4.568,0.041,-0.037,-0.004,2405,0
352194,3.124,8.317,-4.530,0.056,-0.037,-0.008,2405,0
352214,3.139,8.327,-4.489,0.049,-0.048,-0.007,2409,0
352234,3.156,8.248,-4.470,0.014,-0.051,0.004,2411,0
352254,3.151,8.203,-4.468,0.008,-0.054,0.010,2415,0
352274,3.172,8.188,-4.451,0.038,-0.036,0.007,2417,0
352294,3.170,8.308,-4.477,0.049,-0.040,-0.011,2418,0
352314,3.163,8.416,-4.429,0.013,-0.054,-0.003,2421,0
352334,3.168,8.310,-4.429,-0.039,-0.071,0.012,2428,0
352354,3.151,8.135,-4.494,-0.035,-0.038,0.020,2435,0
352374,3.144,8.320,-4.503,0.005,-0.034,0.024,2438,0
352394,3.187,8.270,-4.432,0.010,-0.052,0.024,2439,0
352414,3.232,8.131,-4.492,-0.022,-0.056,0.018,2439,0
352434,3.177,8.131,-4.642,-0.028,-0.009,-0.005,2438,0
352454,3.096,8.282,-4.503,-0.026,-0.018,-0.013,2441,0
352474,3.179,8.217,-4.362,-0.010,-0.043,-0.007,2438,0
352494,3.206,8.198,-4.319,0.005,-0.046,-0.027,2438,0
352514,3.163,8.329,-4.319,0.004,-0.042,-0.034,2439,0
352534,3.136,8.243,-4.429,0.014,-0.013,-0.025,2448,0
